c [Version] Minimize Makespan Labeling Encoder version 1.0.0.
c [Param] LB is predefined as 57.
c [Param] UB is predefined as 296.
c [Param] Memory limit is set to 30000.
c [Param] Real time limit is set to 1800.
c [Param] Worker count is set to 8.
c [Param] Max CNF size is set to 10.
c [Main] Search strategy: Iterating from upper bound.
c [Main] Search order: 296 295 294 293 292 291 290 289 288 287 286 285 284 283 282 281 280 279 278 277 276 275 274 273 272 271 270 269 268 267 266 265 264 263 262 261 260 259 258 257 256 255 254 253 252 251 250 249 248 247 246 245 244 243 242 241 240 239 238 237 236 235 234 233 232 231 230 229 228 227 226 225 224 223 222 221 220 219 218 217 216 215 214 213 212 211 210 209 208 207 206 205 204 203 202 201 200 199 198 197 196 195 194 193 192 191 190 189 188 187 186 185 184 183 182 181 180 179 178 177 176 175 174 173 172 171 170 169 168 167 166 165 164 163 162 161 160 159 158 157 156 155 154 153 152 151 150 149 148 147 146 145 144 143 142 141 140 139 138 137 136 135 134 133 132 131 130 129 128 127 126 125 124 123 122 121 120 119 118 117 116 115 114 113 112 111 110 109 108 107 106 105 104 103 102 101 100 99 98 97 96 95 94 93 92 91 90 89 88 87 86 85 84 83 82 81 80 79 78 77 76 75 74 73 72 71 70 69 68 67 66 65 64 63 62 61 60 59 58 57.
c [Main] Encoding and solving for graph: T-dwt__592.mtx.rnd.
c [Label = 296] Minimize Makespan Labeling problem (T-dwt__592.mtx.rnd):
c [Label = 295] Minimize Makespan Labeling problem (T-dwt__592.mtx.rnd):
c [Label = 294] Minimize Makespan Labeling problem (T-dwt__592.mtx.rnd):
c [Label = 293] Minimize Makespan Labeling problem (T-dwt__592.mtx.rnd):
c [Label = 292] Minimize Makespan Labeling problem (T-dwt__592.mtx.rnd):
c [Label = 290] Minimize Makespan Labeling problem (T-dwt__592.mtx.rnd):
c [Label = 289] Minimize Makespan Labeling problem (T-dwt__592.mtx.rnd):
c [Label = 291] Minimize Makespan Labeling problem (T-dwt__592.mtx.rnd):
c [Label = 292] Encoding starts with target value = 56:
c [Label = 292] Encoding duration: 5163ms.
c [Label = 292] Number of clauses: 4086122.
c [Label = 292] Number of variables: 552964.
c [Label = 292] Solving duration: 47621 ms.
s [Label = 292] SAT (w = 56).
c [Label = 292]Label assignment: 1 57 224 180 135 24 33 253 292 25 224 42 286 53 84 173 262 3 168 113 49 112 237 106 292 92 58 79 292 282 292 4 48 123 208 1 292 193 1 292 125 56 11 128 244 30 68 213 185 191 245 10 239 286 81 181 212 246 235 168 249 101 124 236 280 175 112 57 158 123 218 169 179 114 212 270 155 170 71 274 105 273 112 287 200 57 36 259 168 111 51 98 236 180 280 242 15 45 95 125 80 156 236 82 168 109 62 44 266 202 172 253 79 39 281 41 19 151 46 62 280 179 55 191 56 229 93 168 1 249 37 248 249 40 168 179 276 160 168 194 224 180 112 74 124 235 57 42 180 230 291 254 286 123 88 134 147 231 38 257 236 68 205 137 237 86 112 43 53 35 27 263 78 112 292 6 34 1 235 15 11 67 112 174 171 135 11 169 13 196 247 168 237 56 292 204 58 246 1 113 260 190 69 168 192 183 291 125 249 180 272 136 135 15 8 226 109 126 112 12 56 103 174 20 129 224 280 143 113 109 291 56 157 47 118 281 179 18 180 112 56 287 237 112 222 252 224 227 236 211 139 118 113 56 50 177 85 197 130 52 41 230 280 173 66 210 138 195 23 280 59 227 91 283 170 169 264 236 282 61 241 11 70 235 168 191 134 168 58 190 141 2 149 19 122 19 168 112 174 166 13 63 192 153 193 127 161 117 186 59 76 116 53 246 250 97 224 182 32 224 204 181 290 285 124 179 104 3 169 144 292 131 56 77 57 76 4 227 168 132 233 289 73 135 174 72 236 148 258 180 65 115 264 223 142 26 14 230 292 224 235 112 9 114 236 128 229 235 7 135 113 265 181 220 112 231 186 189 152 17 107 235 236 180 291 278 175 123 45 164 277 225 289 292 111 75 283 174 168 280 236 292 292 154 140 237 101 100 119 62 292 228 180 44 94 292 180 165 225 163 247 269 184 246 112 224 236 133 168 288 243 179 292 102 56 253 197 168 291 125 268 249 150 112 168 199 56 292 167 234 207 247 87 225 190 278 162 256 56 217 275 106 120 62 236 108 71 188 292 236 6 224 156 251 280 178 176 216 224 114 292 13 214 181 168 168 71 5 60 56 136 190 90 287 15 179 267 209 240 56 180 206 112 112 71 168 78 112 57 168 64 68 280 83 203 124 287 47 179 12 224 174 148 232 14 121 236 56 112 57 236 134 134 181 106 96 21 51 28 68 198 238 69 54 22 118 222 56 262 237 89 219 31 221 112 284 261 201 191 145 271 159 29 22 113 110 8 255 282 13 56 16 136 69 215 146 112 57 279 101 56 228 292 236 58 286 99 236 187 230 23 292 
c [Main] Lowest label SAT is set to 292.
c [Main] Kill higher label pid 293.
c [Main] Kill higher label pid 294.
c [Main] Kill higher label pid 295.
c [Main] Kill higher label pid 296.
c [Label = 295] Encoding starts with target value = 56:
c [Label = 295] Encoding duration: 5220ms.
c [Label = 295] Number of clauses: 4122273.
c [Label = 295] Number of variables: 556711.
c [Signal] Signal interruption. Caught signal: SIGTERM (15).
c [Label = 294] Encoding starts with target value = 56:
c [Label = 294] Encoding duration: 5370ms.
c [Label = 294] Number of clauses: 4110223.
c [Label = 294] Number of variables: 555462.
c [Signal] Signal interruption. Caught signal: SIGTERM (15).
c [Label = 293] Encoding starts with target value = 56:
c [Label = 293] Encoding duration: 5131ms.
c [Label = 293] Number of clauses: 4098172.
c [Label = 293] Number of variables: 554213.
c [Label = 293] Solving duration: 48785 ms.
s [Label = 293] SAT (w = 56).
c [Label = 293]Label assignment: 293 22 293 10 215 26 206 112 192 293 32 285 20 159 293 95 56 37 112 62 112 133 79 180 263 212 191 289 207 29 286 293 13 138 293 5 26 198 195 3 216 24 18 236 69 10 26 293 34 68 293 39 112 193 168 239 289 276 60 212 34 88 19 56 164 207 237 23 235 87 160 12 207 95 122 291 13 207 149 15 249 35 82 222 87 28 1 286 91 237 93 248 26 69 208 83 224 156 41 42 52 57 270 125 261 81 143 93 247 230 194 100 233 173 43 136 90 235 88 67 205 241 220 199 202 26 156 88 21 143 155 271 143 53 56 13 178 168 50 110 175 139 151 156 14 73 181 59 242 79 40 31 12 156 234 215 125 31 84 172 112 107 113 26 237 132 16 112 244 190 50 39 159 151 263 14 127 145 94 112 279 220 39 25 207 72 52 56 11 116 233 83 99 75 28 113 207 159 151 211 230 164 159 287 89 275 194 38 142 207 56 174 108 45 292 263 168 168 238 1 207 167 249 58 215 177 272 56 68 139 4 13 17 283 262 293 38 112 95 166 150 137 158 238 224 174 187 263 293 277 226 18 257 207 77 259 168 156 87 263 102 249 243 95 139 290 56 114 174 289 263 227 69 144 197 118 113 250 144 168 151 147 176 64 95 268 233 28 151 52 281 191 117 181 123 293 85 268 193 109 215 139 87 38 157 112 111 27 251 276 142 151 251 276 224 76 151 152 169 84 56 215 288 209 293 13 250 39 201 232 70 274 197 29 92 111 254 257 105 86 32 195 140 212 135 101 139 237 112 260 94 250 177 47 236 268 96 68 69 148 104 237 56 95 125 280 263 100 2 168 85 245 35 213 151 16 206 19 57 44 196 137 263 181 278 167 97 95 280 6 180 236 12 151 161 124 46 237 196 44 189 195 195 284 56 183 55 237 151 137 135 140 220 281 57 177 253 249 237 252 217 214 168 103 265 168 250 49 112 124 63 194 82 71 207 277 221 65 31 71 179 146 234 141 112 229 154 253 56 252 182 255 188 184 159 48 51 141 207 269 256 134 125 94 126 265 159 203 69 266 81 263 113 282 246 165 78 267 149 263 263 271 56 247 9 57 218 181 129 207 263 271 115 264 7 251 27 66 56 106 125 219 8 151 168 74 168 197 193 61 120 112 28 170 237 195 253 200 39 159 162 250 268 128 263 185 39 112 233 186 251 215 108 228 137 159 153 140 56 168 45 113 103 119 52 247 223 54 181 253 56 199 263 68 240 82 31 55 289 286 216 103 225 293 36 112 193 273 32 204 26 231 33 98 272 163 210 230 258 131 130 138 207 121 26 193 30 85 215 80 171 293 
c [Signal] Signal interruption. Caught signal: SIGTERM (15).
c [Label = 296] Encoding starts with target value = 56:
c [Label = 296] Encoding duration: 5217ms.
c [Label = 296] Number of clauses: 4134324.
c [Label = 296] Number of variables: 557960.
c [Signal] Signal interruption. Caught signal: SIGTERM (15).
c [Label = 288] Minimize Makespan Labeling problem (T-dwt__592.mtx.rnd):
c [Main] Child pid 293 - 781704 terminated by signal 15.
c [Label = 287] Minimize Makespan Labeling problem (T-dwt__592.mtx.rnd):
c [Main] Child pid 296 - 781701 terminated by signal 15.
c [Main] Child pid 295 - 781702 terminated by signal 15.
c [Label = 286] Minimize Makespan Labeling problem (T-dwt__592.mtx.rnd):
c [Label = 285] Minimize Makespan Labeling problem (T-dwt__592.mtx.rnd):
c [Main] Child pid 294 - 781703 terminated by signal 15.
c [Label = 284] Minimize Makespan Labeling problem (T-dwt__592.mtx.rnd):
c [Label = 288] Encoding starts with target value = 56:
c [Label = 288] Encoding duration: 4542ms.
c [Label = 288] Number of clauses: 4037920.
c [Label = 288] Number of variables: 547968.
c [Label = 288] Solving duration: 47256 ms.
s [Label = 288] SAT (w = 56).
c [Label = 288]Label assignment: 40 253 152 16 229 288 250 138 284 15 191 7 256 79 247 98 199 255 79 74 74 203 24 247 126 143 99 15 159 39 191 149 250 130 63 1 33 181 165 119 105 188 144 142 137 9 20 1 54 168 18 14 88 283 71 233 1 70 44 26 224 82 228 65 224 33 287 80 267 255 279 15 31 41 288 155 1 153 112 2 191 3 61 47 25 70 9 135 96 52 269 120 92 18 4 196 33 250 138 32 176 56 194 81 109 135 139 191 65 77 248 145 78 216 7 1 255 116 79 73 247 13 78 27 157 41 82 79 252 232 178 285 117 64 127 17 232 115 58 74 263 78 161 257 231 248 121 176 55 24 144 199 23 70 119 167 177 260 90 202 189 89 199 69 191 251 281 235 127 121 80 218 40 254 273 255 36 136 89 29 88 243 41 139 78 199 70 248 5 40 190 89 264 102 22 255 238 152 126 113 195 126 152 64 168 6 192 185 118 182 57 256 134 30 19 97 239 212 247 10 154 67 191 106 229 183 281 282 78 281 151 73 189 242 195 18 158 184 274 66 251 135 152 114 127 186 133 192 56 14 200 200 192 271 79 50 82 87 83 265 75 209 278 97 90 56 194 24 191 71 103 122 233 22 258 242 231 186 247 35 126 252 174 95 97 26 245 32 273 14 257 256 275 16 185 257 97 135 135 71 40 140 173 227 38 93 123 216 76 105 237 42 107 182 240 68 209 213 175 208 63 230 9 89 238 193 130 212 79 195 287 225 217 215 219 75 17 191 240 61 225 169 224 201 136 111 267 177 190 76 65 187 7 87 193 257 108 79 242 161 76 186 250 182 74 96 272 200 86 246 192 241 49 84 209 280 23 124 175 201 147 249 98 130 163 239 28 70 183 60 14 191 15 210 207 72 10 191 89 114 222 12 132 100 133 164 53 119 161 79 248 262 256 8 66 71 160 193 138 206 286 122 198 214 150 175 65 272 183 135 254 74 134 96 154 138 25 180 195 62 177 232 116 161 63 51 226 161 280 156 46 200 162 186 144 127 69 136 265 179 181 141 74 70 132 152 166 176 233 22 259 153 233 256 247 247 49 171 120 192 217 286 211 129 21 185 205 6 125 217 56 96 119 37 188 266 199 121 261 231 177 45 34 249 152 104 133 204 247 12 221 126 33 144 121 211 146 135 14 110 170 197 23 129 5 244 98 127 239 59 148 270 246 208 135 66 220 264 119 135 131 241 223 236 74 192 183 127 241 105 172 125 91 128 43 136 85 251 14 139 122 178 26 134 105 71 45 200 251 288 248 121 15 96 234 277 94 130 12 77 48 16 19 15 35 253 11 101 22 21 276 268 
c [Main] Lowest label SAT is set to 288.
c [Main] Kill higher label pid 289.
c [Main] Kill higher label pid 290.
c [Main] Kill higher label pid 291.
c [Label = 289] Encoding starts with target value = 56:
c [Label = 289] Encoding duration: 5062ms.
c [Label = 289] Number of clauses: 4049970.
c [Label = 289] Number of variables: 549217.
c [Signal] Signal interruption. Caught signal: SIGTERM (15).
c [Label = 290] Encoding starts with target value = 56:
c [Label = 290] Encoding duration: 5111ms.
c [Label = 290] Number of clauses: 4062021.
c [Label = 290] Number of variables: 550466.
c [Signal] Signal interruption. Caught signal: SIGTERM (15).
c [Label = 283] Minimize Makespan Labeling problem (T-dwt__592.mtx.rnd):
c [Label = 291] Encoding starts with target value = 56:
c [Label = 291] Encoding duration: 5252ms.
c [Label = 291] Number of clauses: 4074071.
c [Label = 291] Number of variables: 551715.
c [Signal] Signal interruption. Caught signal: SIGTERM (15).
c [Main] Child pid 289 - 781708 terminated by signal 15.
c [Label = 282] Minimize Makespan Labeling problem (T-dwt__592.mtx.rnd):
c [Main] Child pid 290 - 781707 terminated by signal 15.
c [Label = 281] Minimize Makespan Labeling problem (T-dwt__592.mtx.rnd):
c [Main] Child pid 291 - 781706 terminated by signal 15.
c [Label = 280] Minimize Makespan Labeling problem (T-dwt__592.mtx.rnd):
c [Label = 286] Encoding starts with target value = 56:
c [Label = 286] Encoding duration: 4522ms.
c [Label = 286] Number of clauses: 4013819.
c [Label = 286] Number of variables: 545470.
c [Label = 286] Solving duration: 51936 ms.
s [Label = 286] SAT (w = 56).
c [Label = 286]Label assignment: 4 158 230 108 231 86 23 129 187 56 19 154 223 168 286 75 129 281 83 239 191 276 276 134 125 186 152 286 243 108 174 261 2 82 100 281 160 142 276 209 231 249 281 15 17 56 137 45 62 175 22 282 111 201 263 112 96 53 119 189 204 245 248 108 174 46 268 152 67 208 172 77 96 102 208 10 222 46 62 183 21 266 198 114 225 271 96 286 52 115 170 60 102 197 168 249 3 129 145 62 56 96 253 129 46 20 77 280 120 56 208 245 118 171 118 1 245 238 229 47 168 137 56 264 181 113 133 249 208 144 208 118 142 152 114 21 152 1 97 106 153 19 169 77 202 138 285 286 258 91 228 189 139 9 286 262 179 220 58 184 112 75 130 203 178 76 225 210 57 278 130 158 61 187 51 152 168 214 40 88 6 170 125 87 246 208 56 247 24 107 114 104 175 126 127 242 181 174 102 151 74 226 236 226 2 276 194 46 254 164 275 236 230 17 189 273 267 280 280 98 243 36 82 174 200 112 113 112 270 215 202 264 224 266 201 73 270 180 101 210 214 214 174 155 62 174 168 19 105 114 244 46 96 46 83 159 17 15 133 220 6 27 112 243 5 68 185 18 174 54 277 154 48 134 182 118 156 139 133 205 108 193 14 258 69 15 168 170 214 110 185 103 218 191 220 73 51 75 83 211 42 81 280 196 46 93 210 243 19 279 259 167 122 112 58 219 282 240 212 282 70 86 33 113 50 247 77 223 270 246 146 231 281 187 1 18 280 78 267 203 102 285 223 168 209 176 132 229 174 19 220 34 156 226 245 72 136 251 251 169 72 79 139 46 135 109 13 65 99 230 41 164 57 11 164 282 19 66 230 71 114 133 44 195 59 274 46 52 207 224 77 16 77 187 284 21 98 78 164 94 7 131 188 256 230 53 148 152 220 257 209 269 158 150 264 56 69 250 17 282 119 152 233 177 41 153 106 230 211 194 166 199 75 231 271 15 241 97 152 198 264 124 230 216 55 56 62 164 29 19 49 192 276 174 62 37 227 123 225 92 147 140 80 217 84 226 260 30 162 131 143 281 34 117 112 116 63 58 112 16 158 286 149 161 250 213 31 278 85 272 224 121 12 113 28 128 141 286 157 38 222 64 286 193 232 108 235 164 138 118 175 224 108 186 112 206 108 193 237 1 211 25 54 90 86 193 35 221 280 264 75 234 170 118 195 39 174 52 212 195 175 40 230 147 56 265 94 224 276 119 8 89 102 133 268 40 286 130 286 186 152 210 73 255 57 286 189 118 145 283 190 230 224 230 95 163 6 43 27 51 52 134 137 153 246 252 114 125 32 26 173 165 
c [Main] Lowest label SAT is set to 286.
c [Main] Kill higher label pid 287.
c [Label = 287] Encoding starts with target value = 56:
c [Label = 287] Encoding duration: 4540ms.
c [Label = 287] Number of clauses: 4025869.
c [Label = 287] Number of variables: 546719.
c [Signal] Signal interruption. Caught signal: SIGTERM (15).
c [Label = 279] Minimize Makespan Labeling problem (T-dwt__592.mtx.rnd):
c [Main] Child pid 287 - 781725 terminated by signal 15.
c [Label = 278] Minimize Makespan Labeling problem (T-dwt__592.mtx.rnd):
c [Label = 285] Encoding starts with target value = 56:
c [Label = 285] Encoding duration: 4530ms.
c [Label = 285] Number of clauses: 4001768.
c [Label = 285] Number of variables: 544221.
c [Label = 285] Solving duration: 135958 ms.
s [Label = 285] SAT (w = 56).
c [Label = 285]Label assignment: 37 149 242 41 61 5 233 229 162 166 280 224 227 173 56 52 213 226 172 229 56 159 41 112 285 56 154 56 165 216 147 30 228 117 76 208 248 96 235 280 253 285 110 62 112 97 111 255 5 285 227 172 131 231 238 35 168 229 67 168 230 112 219 227 185 272 224 153 266 223 99 280 281 104 52 37 116 272 233 69 112 229 177 198 51 56 280 259 21 78 26 204 46 4 40 167 33 56 12 38 186 281 116 168 6 112 111 175 153 112 55 224 125 112 103 16 55 112 168 270 61 124 115 13 162 218 284 51 55 64 168 117 233 281 87 3 134 75 280 203 77 109 160 280 223 61 115 281 71 284 283 223 228 223 217 2 209 215 241 134 168 65 170 206 28 202 250 144 166 42 229 215 151 101 274 223 98 212 56 5 117 111 105 18 224 167 224 285 92 116 168 79 258 24 166 128 81 177 285 88 56 55 178 118 5 161 173 97 246 113 31 285 283 224 56 48 224 285 55 280 220 112 284 207 61 168 194 33 54 142 237 111 233 224 186 229 280 143 276 168 223 205 152 167 44 173 61 280 56 54 285 97 268 277 15 273 168 282 167 102 117 74 4 49 109 78 285 126 172 56 52 112 265 167 112 93 133 61 224 182 25 223 284 66 222 111 112 17 160 173 112 153 155 227 214 56 19 111 284 168 32 111 176 225 174 257 168 218 55 76 267 164 86 284 19 196 140 141 52 184 56 27 7 243 169 285 115 220 55 285 280 229 192 221 36 117 177 261 224 195 72 199 191 168 211 114 112 285 195 56 240 224 168 186 285 112 91 56 232 138 60 171 59 224 59 89 278 56 263 285 275 157 24 53 158 247 279 139 1 55 127 229 224 3 193 107 271 228 163 119 56 168 229 164 181 168 283 168 18 164 187 165 173 73 228 264 239 164 159 130 210 183 156 107 56 284 106 285 112 13 61 112 145 234 85 168 172 56 285 224 203 284 168 208 14 224 168 168 167 152 108 23 224 136 111 190 180 23 22 281 280 224 99 29 173 280 236 168 79 11 83 146 172 229 127 82 147 121 228 280 242 135 224 58 231 91 24 256 260 45 216 121 122 41 5 224 129 100 37 80 120 90 229 197 8 116 167 10 201 107 44 9 229 108 189 87 285 130 123 13 137 57 247 70 41 224 74 110 167 173 51 84 285 167 39 229 47 112 249 111 51 5 112 96 148 168 179 242 20 285 173 108 234 94 224 97 51 224 153 80 283 150 43 112 224 212 269 229 68 285 112 56 56 251 254 244 56 61 55 252 111 285 117 245 285 132 95 285 262 117 188 280 167 112 229 209 200 50 34 63 168 171 
c [Main] Lowest label SAT is set to 285.
c [Label = 277] Minimize Makespan Labeling problem (T-dwt__592.mtx.rnd):
c [Label = 284] Encoding starts with target value = 56:
c [Label = 284] Encoding duration: 4571ms.
c [Label = 284] Number of clauses: 3989718.
c [Label = 284] Number of variables: 542972.
c [Label = 284] Solving duration: 161095 ms.
s [Label = 284] SAT (w = 56).
c [Label = 284]Label assignment: 112 52 200 28 1 51 172 115 29 284 24 283 213 78 280 91 116 117 228 228 174 35 166 231 128 60 37 104 277 260 112 52 196 254 115 40 260 171 147 227 36 215 71 113 228 124 21 11 222 225 114 240 229 170 211 171 30 116 263 80 112 227 255 120 256 91 227 39 168 235 258 20 62 263 42 103 239 35 74 112 248 115 170 34 228 188 284 226 92 85 262 267 263 275 133 137 281 153 284 53 189 270 56 115 35 218 7 242 219 25 192 115 100 139 112 97 175 234 192 84 18 110 110 64 32 260 231 80 197 114 233 131 109 159 56 138 112 56 283 56 111 78 35 284 190 82 238 198 134 99 226 119 172 282 214 168 68 203 209 183 43 87 232 227 155 106 22 228 54 12 57 266 225 80 89 193 46 244 267 6 221 127 91 45 192 137 272 231 111 110 116 89 221 199 24 229 240 109 128 172 1 184 165 247 229 184 26 68 55 180 76 169 185 69 172 91 282 232 111 115 207 171 53 56 278 55 92 83 76 263 269 136 25 283 217 3 46 279 38 226 122 280 49 171 56 54 81 136 10 54 125 72 108 147 56 35 228 230 216 205 225 114 160 203 78 56 228 225 166 169 118 59 124 248 282 110 59 47 136 280 12 195 66 54 221 56 112 276 207 4 2 16 208 171 237 172 148 252 48 226 281 249 189 246 56 113 227 257 81 140 101 266 78 61 112 187 148 149 115 147 10 228 41 73 236 22 250 210 188 13 22 281 145 212 157 57 194 132 283 170 91 147 161 172 243 224 67 70 177 136 124 265 171 147 270 4 282 112 194 264 54 22 172 72 78 109 147 54 281 253 132 181 260 81 148 31 63 251 284 171 56 82 107 250 95 112 32 124 284 17 169 76 158 35 166 102 115 56 91 55 143 19 282 65 224 105 169 171 207 273 253 129 16 112 150 168 86 274 59 284 141 93 169 109 206 55 182 282 168 168 53 138 248 274 163 3 59 167 179 227 98 80 278 32 168 27 200 250 29 154 41 130 90 168 53 170 268 76 204 284 40 269 113 240 78 205 225 226 126 136 123 33 228 284 22 56 203 284 75 135 151 50 224 181 142 227 169 8 96 204 245 53 228 36 226 110 178 9 225 115 64 79 282 252 53 87 228 88 224 42 203 60 261 1 180 192 259 192 184 68 227 156 173 78 283 282 94 112 227 134 134 165 60 277 281 171 256 203 283 284 113 56 278 97 172 186 55 271 12 89 112 168 147 46 283 248 116 116 44 172 83 227 58 241 92 228 162 281 121 23 20 223 152 168 14 15 144 172 5 250 146 77 191 55 202 220 172 201 169 164 168 176 
c [Main] Lowest label SAT is set to 284.
c [Label = 276] Minimize Makespan Labeling problem (T-dwt__592.mtx.rnd):
c [Label = 278] Encoding starts with target value = 56:
c [Label = 278] Encoding duration: 4641ms.
c [Label = 278] Number of clauses: 3826503.
c [Label = 278] Number of variables: 504102.
c [Label = 278] Solving duration: 142849 ms.
s [Label = 278] SAT (w = 56).
c [Label = 278]Label assignment: 130 56 112 58 194 45 173 38 156 141 278 25 132 46 56 80 259 66 29 56 166 161 202 108 157 193 51 56 136 88 176 169 220 97 212 262 56 125 242 56 226 193 38 129 274 278 77 131 49 33 222 219 10 145 13 56 81 278 25 222 254 105 212 253 213 32 56 56 74 222 152 278 278 104 174 166 182 32 37 124 105 278 201 65 235 221 112 110 4 224 1 115 88 117 244 222 129 166 85 135 98 118 233 52 81 103 109 93 137 276 213 260 276 168 109 267 166 158 222 278 259 56 278 41 166 110 110 218 206 256 191 254 265 23 69 155 2 110 119 240 278 78 166 110 190 8 111 59 248 269 164 222 166 220 62 168 222 217 180 166 278 58 257 215 222 89 166 222 165 79 25 222 112 80 44 165 278 112 56 73 57 278 80 30 222 221 222 110 112 236 43 278 13 68 160 81 222 270 123 56 227 106 196 188 102 60 228 275 261 87 278 168 155 83 203 222 7 87 113 154 222 56 278 53 198 221 110 54 221 178 129 78 172 278 222 49 278 234 110 222 222 165 278 57 171 168 15 278 238 99 168 278 277 24 278 122 259 38 166 222 33 222 231 222 56 224 110 112 177 278 110 56 22 162 90 278 268 276 161 225 163 151 82 264 216 53 162 278 162 222 94 57 166 215 184 203 278 56 278 229 140 71 107 210 112 73 222 222 15 2 6 166 96 163 178 207 120 138 204 166 223 56 266 57 31 148 92 222 221 146 134 189 222 192 5 26 230 277 278 200 20 237 222 175 113 19 81 167 220 249 219 141 1 162 145 117 34 222 211 166 278 54 166 278 276 73 278 14 71 161 277 126 54 277 144 166 278 118 150 168 56 35 222 110 84 110 161 278 234 172 246 222 251 160 220 89 112 278 4 63 222 136 137 183 121 128 54 50 166 86 116 120 56 164 247 222 278 162 271 278 255 25 185 252 208 208 243 28 221 165 9 164 137 222 278 49 260 222 166 205 241 263 168 166 278 245 187 110 54 278 38 232 39 222 114 81 209 165 222 166 62 76 54 219 27 222 197 119 21 16 166 153 168 224 237 278 40 166 37 24 222 112 3 113 170 215 239 104 50 222 178 32 74 61 168 81 166 70 17 278 168 67 56 56 186 11 106 47 63 56 166 143 64 224 163 193 105 56 91 133 222 213 137 18 63 112 48 159 57 75 273 179 162 72 56 277 168 222 113 101 89 272 199 50 221 213 166 56 56 110 73 139 95 33 142 137 36 89 99 147 55 195 203 110 222 12 218 250 166 42 80 112 181 214 112 127 258 112 272 71 223 278 149 278 224 132 39 100 130 221 17 31 
c [Label = 279] Encoding starts with target value = 56:
c [Label = 279] Encoding duration: 4439ms.
c [Label = 279] Number of clauses: 3838553.
c [Label = 279] Number of variables: 505351.
c [Signal] Signal interruption. Caught signal: SIGTERM (15).
c [Main] Lowest label SAT is set to 278.
c [Main] Kill higher label pid 279.
c [Main] Kill higher label pid 280.
c [Main] Kill higher label pid 281.
c [Main] Kill higher label pid 282.
c [Main] Kill higher label pid 283.
c [Label = 281] Encoding starts with target value = 56:
c [Label = 281] Encoding duration: 4539ms.
c [Label = 281] Number of clauses: 3858254.
c [Label = 281] Number of variables: 507849.
c [Signal] Signal interruption. Caught signal: SIGTERM (15).
c [Label = 280] Encoding starts with target value = 56:
c [Label = 280] Encoding duration: 4166ms.
c [Label = 280] Number of clauses: 3850604.
c [Label = 280] Number of variables: 506600.
c [Signal] Signal interruption. Caught signal: SIGTERM (15).
c [Label = 283] Encoding starts with target value = 56:
c [Label = 283] Encoding duration: 4439ms.
c [Label = 283] Number of clauses: 3977667.
c [Label = 283] Number of variables: 541723.
c [Signal] Signal interruption. Caught signal: SIGTERM (15).
c [Label = 282] Encoding starts with target value = 56:
c [Label = 282] Encoding duration: 4693ms.
c [Label = 282] Number of clauses: 3965617.
c [Label = 282] Number of variables: 540474.
c [Signal] Signal interruption. Caught signal: SIGTERM (15).
c [Label = 275] Minimize Makespan Labeling problem (T-dwt__592.mtx.rnd):
c [Main] Child pid 279 - 781755 terminated by signal 15.
c [Label = 274] Minimize Makespan Labeling problem (T-dwt__592.mtx.rnd):
c [Main] Child pid 280 - 781754 terminated by signal 15.
c [Main] Child pid 283 - 781751 terminated by signal 15.
c [Label = 273] Minimize Makespan Labeling problem (T-dwt__592.mtx.rnd):
c [Label = 272] Minimize Makespan Labeling problem (T-dwt__592.mtx.rnd):
c [Main] Child pid 281 - 781753 terminated by signal 15.
c [Label = 271] Minimize Makespan Labeling problem (T-dwt__592.mtx.rnd):
c [Main] Child pid 282 - 781752 terminated by signal 15.
c [Label = 270] Minimize Makespan Labeling problem (T-dwt__592.mtx.rnd):
c [Label = 271] Encoding starts with target value = 56:
c [Label = 271] Encoding duration: 3958ms.
c [Label = 271] Number of clauses: 3742149.
c [Label = 271] Number of variables: 495359.
c [Label = 271] Solving duration: 89696 ms.
s [Label = 271] SAT (w = 56).
c [Label = 271]Label assignment: 47 70 194 110 135 187 237 263 226 159 47 224 233 191 43 104 139 15 22 9 215 219 172 73 259 195 112 43 261 103 69 47 221 9 109 269 113 60 169 47 170 184 39 55 150 19 104 145 169 191 147 137 169 214 259 193 123 257 57 159 239 103 164 133 124 9 46 112 192 174 254 9 36 112 100 47 215 43 207 241 85 217 113 103 151 172 146 155 33 251 37 156 99 91 267 206 47 215 78 41 68 159 147 271 113 40 103 68 215 258 168 151 271 99 47 10 249 210 159 28 268 103 271 47 226 103 93 168 168 271 89 263 271 7 45 74 253 41 159 218 231 112 226 95 202 166 75 38 52 56 215 169 215 159 40 118 159 140 185 120 258 108 134 122 103 12 226 97 162 89 147 168 41 103 11 262 252 228 110 206 181 2 105 271 160 206 142 56 56 224 4 11 243 67 224 22 159 256 235 32 203 71 103 132 79 103 223 47 270 62 212 91 213 29 225 170 232 72 167 143 204 25 40 188 112 104 114 43 159 225 215 112 98 224 159 271 48 101 112 87 171 224 262 31 168 104 191 47 148 63 91 54 14 47 30 88 141 263 252 163 172 158 257 170 136 117 93 35 99 262 94 31 271 225 101 224 255 147 224 130 215 262 84 47 168 37 202 46 258 128 48 110 236 211 166 207 11 103 8 104 47 112 56 206 58 200 81 170 48 56 265 260 67 215 165 131 244 240 102 241 131 199 10 115 271 91 18 204 160 80 258 116 169 205 47 147 224 11 225 131 23 151 170 207 229 186 101 206 121 45 159 224 263 241 91 50 183 159 203 226 45 271 215 44 147 175 47 45 168 201 13 222 57 48 248 226 47 75 189 207 129 160 168 91 114 21 205 5 107 135 247 159 250 262 159 35 148 3 27 20 123 262 260 86 159 59 224 271 224 64 230 242 111 168 204 103 11 96 150 26 262 11 111 238 180 103 158 9 103 215 262 65 259 126 47 34 149 111 251 119 215 12 176 226 245 234 159 67 56 48 36 196 21 103 51 17 122 228 170 154 203 100 35 167 127 185 103 56 6 46 215 226 67 244 247 216 11 153 191 45 168 56 261 223 103 87 143 56 179 170 125 182 53 103 190 101 246 76 262 224 214 112 17 112 103 11 70 28 103 56 1 198 90 227 215 202 84 103 103 49 87 168 78 47 208 260 56 197 48 106 47 111 201 168 96 204 138 185 169 82 35 215 112 178 144 173 160 47 103 113 53 66 77 152 167 224 264 24 61 83 9 92 207 177 159 224 220 250 215 209 103 168 135 112 148 263 271 160 266 42 161 47 262 224 157 224 225 112 47 168 268 16 
c [Main] Lowest label SAT is set to 271.
c [Main] Kill higher label pid 272.
c [Main] Kill higher label pid 273.
c [Main] Kill higher label pid 274.
c [Main] Kill higher label pid 275.
c [Main] Kill higher label pid 276.
c [Main] Kill higher label pid 277.
c [Label = 275] Encoding starts with target value = 56:
c [Label = 275] Encoding duration: 4217ms.
c [Label = 275] Number of clauses: 3790351.
c [Label = 275] Number of variables: 500355.
c [Signal] Signal interruption. Caught signal: SIGTERM (15).
c [Label = 273] Encoding starts with target value = 56:
c [Label = 273] Encoding duration: 4272ms.
c [Label = 273] Number of clauses: 3766250.
c [Label = 273] Number of variables: 497857.
c [Signal] Signal interruption. Caught signal: SIGTERM (15).
c [Label = 277] Encoding starts with target value = 56:
c [Label = 277] Encoding duration: 4325ms.
c [Label = 277] Number of clauses: 3814452.
c [Label = 277] Number of variables: 502853.
c [Signal] Signal interruption. Caught signal: SIGTERM (15).
c [Label = 274] Encoding starts with target value = 56:
c [Label = 274] Encoding duration: 4165ms.
c [Label = 274] Number of clauses: 3778301.
c [Label = 274] Number of variables: 499106.
c [Signal] Signal interruption. Caught signal: SIGTERM (15).
c [Label = 276] Encoding starts with target value = 56:
c [Label = 276] Encoding duration: 4301ms.
c [Label = 276] Number of clauses: 3802402.
c [Label = 276] Number of variables: 501604.
c [Signal] Signal interruption. Caught signal: SIGTERM (15).
c [Label = 272] Encoding starts with target value = 56:
c [Label = 272] Encoding duration: 3976ms.
c [Label = 272] Number of clauses: 3754200.
c [Label = 272] Number of variables: 496608.
c [Signal] Signal interruption. Caught signal: SIGTERM (15).
c [Label = 269] Minimize Makespan Labeling problem (T-dwt__592.mtx.rnd):
c [Main] Child pid 277 - 782210 terminated by signal 15.
c [Label = 268] Minimize Makespan Labeling problem (T-dwt__592.mtx.rnd):
c [Main] Child pid 273 - 782231 terminated by signal 15.
c [Label = 267] Minimize Makespan Labeling problem (T-dwt__592.mtx.rnd):
c [Main] Child pid 275 - 782229 terminated by signal 15.
c [Label = 266] Minimize Makespan Labeling problem (T-dwt__592.mtx.rnd):
c [Main] Child pid 276 - 782215 terminated by signal 15.
c [Label = 265] Minimize Makespan Labeling problem (T-dwt__592.mtx.rnd):
c [Main] Child pid 274 - 782230 terminated by signal 15.
c [Label = 264] Minimize Makespan Labeling problem (T-dwt__592.mtx.rnd):
c [Main] Child pid 272 - 782232 terminated by signal 15.
c [Label = 263] Minimize Makespan Labeling problem (T-dwt__592.mtx.rnd):
c [Label = 270] Encoding starts with target value = 56:
c [Label = 270] Encoding duration: 4087ms.
c [Label = 270] Number of clauses: 3730099.
c [Label = 270] Number of variables: 494110.
c [Label = 270] Solving duration: 143693 ms.
s [Label = 270] SAT (w = 56).
c [Label = 270]Label assignment: 214 103 169 113 99 270 159 229 165 204 225 258 176 25 102 102 270 204 249 118 184 171 47 109 196 148 117 112 162 136 56 225 158 234 88 112 115 179 46 148 64 10 215 215 30 249 95 220 270 35 37 56 260 159 265 240 221 260 260 12 141 82 18 56 16 227 147 112 270 21 184 227 226 112 103 210 190 248 41 187 94 263 56 112 19 65 241 168 253 225 242 216 102 102 137 16 211 138 103 212 214 241 37 238 148 233 88 214 188 226 50 16 230 31 106 140 158 219 16 270 158 79 230 215 168 112 102 15 33 156 86 157 157 160 141 102 39 142 241 243 260 88 201 102 17 20 153 159 227 243 167 16 171 46 162 46 54 55 57 16 259 74 270 56 58 221 168 75 162 119 260 17 204 106 255 145 112 182 90 3 270 236 106 222 30 15 55 121 168 251 260 256 143 109 168 204 56 117 183 144 127 123 56 59 214 112 158 247 112 115 9 56 167 176 157 46 260 148 204 232 23 139 245 260 98 56 126 94 15 204 168 106 76 251 26 240 227 61 112 80 16 173 112 163 194 46 8 227 71 111 46 243 261 260 244 107 15 214 158 46 270 37 132 46 73 102 82 192 38 269 77 139 268 162 130 260 31 45 168 87 173 151 133 227 50 229 193 230 168 55 72 129 167 181 56 173 257 72 227 46 204 87 214 17 198 11 52 41 227 227 112 168 105 180 199 63 186 178 91 174 69 269 134 104 266 108 237 16 47 86 168 94 46 32 270 270 158 229 24 56 260 49 46 158 185 257 107 214 16 224 56 175 4 189 94 92 260 37 159 201 224 251 168 254 44 269 224 252 1 168 242 169 260 228 192 200 230 212 218 158 116 23 56 103 120 110 175 270 50 66 157 26 158 168 16 214 195 250 260 148 46 158 167 208 168 168 263 185 169 94 176 172 126 204 29 46 227 81 26 246 156 164 68 112 28 85 62 112 46 171 135 101 163 56 264 214 16 46 170 56 36 138 217 197 260 230 16 102 72 224 223 5 231 48 214 139 70 186 43 207 270 96 251 33 78 48 60 214 6 227 159 189 92 102 154 268 260 202 270 244 34 213 143 186 82 83 67 118 239 56 100 260 158 117 13 111 152 113 124 27 209 73 106 112 87 256 111 256 115 72 204 204 115 112 191 22 112 71 112 213 84 40 56 231 270 168 237 206 146 89 231 56 204 270 112 27 16 53 203 93 214 27 56 267 55 56 195 112 114 102 161 196 111 7 204 168 214 213 111 71 149 83 128 155 56 262 165 125 150 270 103 166 97 56 205 131 225 179 122 214 42 235 168 260 51 177 2 102 204 47 14 270 
c [Main] Lowest label SAT is set to 270.
c [Label = 262] Minimize Makespan Labeling problem (T-dwt__592.mtx.rnd):
c [Label = 268] Encoding starts with target value = 56:
c [Label = 268] Encoding duration: 4224ms.
c [Label = 268] Number of clauses: 3705998.
c [Label = 268] Number of variables: 491612.
c [Label = 268] Solving duration: 77039 ms.
s [Label = 268] SAT (w = 56).
c [Label = 268]Label assignment: 177 83 107 90 56 268 156 211 193 103 248 161 149 268 48 131 268 244 239 33 156 230 4 100 187 144 90 54 187 131 245 184 157 213 263 117 131 200 73 56 74 265 244 183 268 212 97 110 257 266 44 267 32 168 172 256 108 168 17 43 144 119 58 262 256 18 56 87 256 75 218 242 14 141 244 171 112 3 257 220 112 158 56 125 32 31 112 100 250 163 2 105 131 100 115 41 179 181 100 200 212 112 27 212 129 212 131 212 156 168 9 32 200 256 33 152 188 132 42 240 145 53 200 253 190 134 99 37 22 116 235 121 112 32 33 63 188 33 112 189 182 97 196 100 31 1 56 32 209 214 144 43 175 32 56 86 268 112 78 249 170 131 32 79 245 198 195 236 103 56 268 85 200 97 16 187 114 143 132 267 256 212 128 243 31 41 268 100 200 167 205 19 100 137 182 212 31 101 148 39 153 56 44 59 201 87 124 206 112 56 166 80 144 212 123 68 173 50 112 112 69 34 238 268 56 224 130 44 30 212 109 87 100 156 43 255 258 245 141 226 70 143 100 56 100 224 268 241 247 88 88 206 199 256 231 120 267 212 188 75 266 31 156 72 97 244 99 212 229 164 141 21 212 169 99 167 168 6 186 44 145 182 56 202 41 244 107 19 200 234 97 87 231 156 28 155 11 126 243 237 200 97 201 41 212 256 217 75 243 19 138 197 136 155 89 74 194 207 268 231 224 256 160 131 206 62 212 75 20 57 153 54 75 41 7 267 156 225 169 60 5 61 75 156 143 23 91 112 256 209 262 154 168 227 55 88 10 31 156 219 203 212 156 243 268 256 253 243 260 112 225 156 12 243 187 227 253 208 112 155 134 268 65 100 151 35 227 211 245 59 111 44 112 197 259 198 100 232 19 38 75 187 147 180 110 174 160 56 225 112 146 222 87 113 168 255 251 56 43 19 110 36 67 133 75 268 268 44 238 168 123 100 153 44 253 252 40 238 197 46 168 130 132 223 168 176 259 139 44 253 19 44 29 238 200 25 96 169 71 102 4 93 216 264 87 75 67 194 191 243 187 194 224 144 145 189 268 104 268 228 75 185 100 150 64 233 63 56 258 72 60 256 52 127 265 88 197 84 123 178 112 141 26 122 44 19 49 15 87 47 215 112 131 156 150 31 169 113 92 201 246 19 88 210 256 143 13 107 51 95 243 77 112 256 87 168 224 75 112 100 209 168 45 8 261 31 100 51 94 135 76 216 168 254 118 143 244 209 56 56 24 224 153 100 66 159 142 144 187 268 87 111 81 44 98 197 165 106 140 212 82 221 192 168 31 143 162 134 204 26 188 168 
c [Main] Lowest label SAT is set to 268.
c [Main] Kill higher label pid 269.
c [Label = 269] Encoding starts with target value = 56:
c [Label = 269] Encoding duration: 4146ms.
c [Label = 269] Number of clauses: 3718048.
c [Label = 269] Number of variables: 492861.
c [Signal] Signal interruption. Caught signal: SIGTERM (15).
c [Label = 261] Minimize Makespan Labeling problem (T-dwt__592.mtx.rnd):
c [Main] Child pid 269 - 782261 terminated by signal 15.
c [Label = 260] Minimize Makespan Labeling problem (T-dwt__592.mtx.rnd):
c [Label = 264] Encoding starts with target value = 56:
c [Label = 264] Encoding duration: 4154ms.
c [Label = 264] Number of clauses: 3657796.
c [Label = 264] Number of variables: 486616.
c [Label = 264] Solving duration: 77605 ms.
s [Label = 264] SAT (w = 56).
c [Label = 264]Label assignment: 1 152 72 167 137 173 53 103 239 135 73 185 18 213 227 120 244 113 112 254 43 4 240 169 59 39 152 214 246 152 49 8 40 103 54 196 112 10 208 248 208 238 112 16 215 112 133 56 174 193 247 264 228 34 203 140 96 119 78 225 241 168 173 260 11 65 248 152 140 202 23 88 90 132 54 1 56 70 193 12 158 152 95 152 251 240 96 94 96 163 96 110 156 185 247 189 257 38 182 22 41 110 241 103 152 101 132 61 50 152 208 250 151 38 264 215 17 92 225 111 249 180 128 76 261 149 168 200 208 229 264 249 241 231 259 159 166 235 136 178 192 112 264 168 208 215 204 222 93 96 67 225 31 2 262 105 253 211 220 37 154 117 247 84 79 96 264 27 112 197 233 209 41 121 59 264 196 32 152 128 160 123 134 112 200 208 264 168 264 171 137 56 201 115 256 96 264 230 69 208 25 193 89 99 61 192 44 136 207 204 143 137 67 81 40 208 192 204 96 96 208 248 96 193 111 26 141 217 208 264 68 147 157 169 225 112 76 52 125 40 208 21 208 248 118 51 213 56 28 184 137 127 96 60 96 137 224 108 17 212 193 238 5 205 114 54 185 81 26 142 146 248 112 264 182 191 192 242 17 71 56 264 208 124 190 112 82 107 8 2 164 184 13 47 248 38 56 129 96 57 33 116 55 175 46 128 40 183 56 69 209 1 112 58 112 94 40 35 54 40 30 151 218 186 137 159 103 206 208 159 264 137 208 176 85 211 38 88 192 94 81 196 208 45 40 193 144 91 11 88 264 264 177 24 155 168 181 238 47 264 124 106 40 125 255 145 64 126 145 81 88 40 56 60 14 264 73 29 110 42 164 215 199 165 152 245 3 122 56 131 25 225 5 264 9 81 96 113 96 248 207 232 32 240 82 252 179 248 8 168 40 48 184 136 152 19 59 157 244 98 249 208 72 217 243 40 264 234 56 32 201 159 261 83 57 111 246 40 264 75 166 226 110 264 171 161 6 112 219 57 77 225 74 56 41 248 97 32 208 96 153 152 109 249 149 248 89 36 148 56 20 264 40 249 5 195 56 87 187 88 216 33 198 42 157 40 66 193 140 208 113 161 236 152 237 182 258 188 184 192 56 139 248 138 72 56 210 80 152 213 264 58 152 25 56 205 152 144 208 41 40 208 172 62 151 32 69 86 234 130 56 104 63 145 152 152 15 221 115 182 81 192 104 162 7 247 113 227 192 112 223 28 150 213 136 264 102 96 208 152 208 40 40 94 208 194 7 249 17 170 144 112 117 89 96 263 157 113 218 100 208 88 17 168 238 4 168 115 33 212 167 148 
c [Main] Lowest label SAT is set to 264.
c [Main] Kill higher label pid 265.
c [Main] Kill higher label pid 266.
c [Main] Kill higher label pid 267.
c [Label = 265] Encoding starts with target value = 56:
c [Label = 265] Encoding duration: 4058ms.
c [Label = 265] Number of clauses: 3669846.
c [Label = 265] Number of variables: 487865.
c [Signal] Signal interruption. Caught signal: SIGTERM (15).
c [Label = 266] Encoding starts with target value = 56:
c [Label = 266] Encoding duration: 4105ms.
c [Label = 266] Number of clauses: 3681897.
c [Label = 266] Number of variables: 489114.
c [Signal] Signal interruption. Caught signal: SIGTERM (15).
c [Label = 267] Encoding starts with target value = 56:
c [Label = 267] Encoding duration: 4132ms.
c [Label = 267] Number of clauses: 3693947.
c [Label = 267] Number of variables: 490363.
c [Signal] Signal interruption. Caught signal: SIGTERM (15).
c [Label = 259] Minimize Makespan Labeling problem (T-dwt__592.mtx.rnd):
c [Main] Child pid 265 - 782265 terminated by signal 15.
c [Label = 258] Minimize Makespan Labeling problem (T-dwt__592.mtx.rnd):
c [Main] Child pid 266 - 782264 terminated by signal 15.
c [Label = 257] Minimize Makespan Labeling problem (T-dwt__592.mtx.rnd):
c [Main] Child pid 267 - 782263 terminated by signal 15.
c [Label = 256] Minimize Makespan Labeling problem (T-dwt__592.mtx.rnd):
c [Label = 263] Encoding starts with target value = 56:
c [Label = 263] Encoding duration: 4210ms.
c [Label = 263] Number of clauses: 3645745.
c [Label = 263] Number of variables: 485367.
c [Label = 263] Solving duration: 120254 ms.
s [Label = 263] SAT (w = 56).
c [Label = 263]Label assignment: 151 263 95 14 15 187 56 98 56 95 132 151 79 187 263 251 189 150 118 30 53 50 207 247 79 56 8 28 56 251 223 157 56 134 248 78 251 134 195 33 169 207 138 151 190 151 263 93 190 190 191 246 206 62 156 213 96 174 113 188 56 245 182 230 207 133 56 263 229 191 57 133 135 247 226 155 99 112 187 15 263 151 263 1 206 207 95 79 122 151 115 89 247 263 32 205 151 56 263 147 124 97 185 134 263 131 7 95 95 151 207 189 151 207 39 68 76 107 189 151 36 9 151 135 44 224 245 191 215 68 220 75 75 25 13 247 170 13 112 151 151 263 54 10 207 190 39 33 149 142 79 189 56 217 41 262 226 189 160 207 151 263 206 6 218 132 70 219 95 37 189 191 147 247 100 77 80 56 263 233 203 158 224 135 189 207 230 250 141 151 165 126 91 240 49 112 228 78 95 13 52 46 35 237 131 39 45 151 75 39 161 259 95 150 39 186 151 23 95 95 168 263 112 203 246 242 226 263 196 59 87 263 246 151 207 112 135 215 263 207 207 56 85 39 95 207 164 133 246 23 262 151 112 110 135 2 167 133 76 191 203 191 39 168 263 240 246 111 207 168 261 39 169 56 3 151 179 191 76 39 95 76 39 154 168 133 95 96 56 230 246 263 61 56 207 39 112 20 133 207 147 263 131 207 119 214 207 182 146 125 67 56 263 102 69 238 43 59 235 40 227 207 64 234 151 263 120 194 199 246 83 259 183 195 113 166 45 135 151 249 121 201 189 74 56 206 263 113 207 144 246 86 171 38 246 262 204 191 63 56 145 123 62 151 191 207 112 135 207 95 129 90 112 140 56 50 133 124 114 39 222 188 191 6 232 18 50 172 220 236 52 189 75 48 208 132 95 129 106 39 184 56 73 177 92 136 151 39 56 263 84 27 263 95 152 207 126 244 190 103 52 17 35 91 176 231 225 16 246 56 91 248 56 24 105 132 188 207 77 16 153 31 104 44 168 137 212 257 263 116 122 200 117 220 147 263 8 59 191 95 182 5 129 207 14 178 263 131 169 112 72 47 209 55 39 159 127 71 180 130 191 134 95 95 246 246 26 39 210 168 243 203 57 250 216 12 66 19 94 173 95 4 39 256 22 128 29 106 260 11 56 95 247 55 95 202 245 253 23 133 241 198 262 143 193 82 112 112 51 21 139 259 109 207 254 151 207 162 112 258 108 175 259 211 221 207 81 39 39 251 42 126 252 188 95 56 150 109 34 245 39 207 39 58 192 163 56 52 77 180 255 95 243 263 95 60 151 88 65 101 189 112 76 151 191 56 129 239 148 197 181 169 
c [Main] Lowest label SAT is set to 263.
c [Label = 255] Minimize Makespan Labeling problem (T-dwt__592.mtx.rnd):
c [Label = 257] Encoding starts with target value = 56:
c [Label = 257] Encoding duration: 3806ms.
c [Label = 257] Number of clauses: 3573442.
c [Label = 257] Number of variables: 477873.
c [Label = 257] Solving duration: 69164 ms.
s [Label = 257] SAT (w = 56).
c [Label = 257]Label assignment: 104 118 246 111 168 234 230 44 254 251 71 56 21 224 123 136 168 56 56 139 248 249 199 112 254 224 143 129 24 138 195 89 231 56 194 22 138 93 201 123 201 201 38 109 168 34 145 257 234 234 168 152 201 257 63 223 227 40 56 183 54 127 197 168 185 61 112 143 226 209 2 56 69 143 171 89 235 73 234 216 133 56 178 120 150 170 240 241 56 45 49 229 135 97 19 203 103 256 113 107 91 240 174 55 145 89 127 92 233 40 201 183 45 185 112 33 239 244 189 54 33 129 73 71 257 145 127 201 230 33 201 33 33 95 135 112 49 123 250 72 66 146 257 94 211 201 99 105 89 85 241 183 257 185 105 178 173 193 157 168 43 141 168 161 195 56 257 201 256 114 201 204 122 145 56 15 25 255 142 222 234 40 145 70 201 215 185 111 93 66 40 82 47 140 257 56 170 51 226 145 257 96 172 159 89 114 257 54 33 96 89 145 241 89 257 201 56 98 257 250 225 112 64 234 178 187 145 112 190 257 17 144 145 56 213 55 74 201 143 194 201 6 33 111 257 210 212 62 187 129 145 54 62 82 89 117 168 38 239 191 234 201 16 201 149 188 111 89 185 42 148 112 48 257 114 81 49 175 257 145 226 3 102 73 201 38 243 23 5 155 100 110 18 224 169 245 71 127 68 176 110 134 91 214 122 225 200 198 78 87 37 24 125 241 257 178 250 250 182 224 187 234 28 105 40 112 56 225 174 112 13 177 201 225 58 201 257 62 55 178 56 181 198 239 255 234 142 243 185 86 170 29 75 221 145 94 253 201 231 257 73 50 230 55 168 236 80 56 237 241 58 232 89 77 257 254 71 112 250 239 94 201 201 106 114 116 252 40 201 154 33 192 33 24 185 89 250 56 53 124 196 24 257 93 241 89 56 105 4 145 255 220 114 256 56 185 56 145 167 20 52 112 166 46 164 179 175 129 200 257 36 119 1 160 87 55 183 200 11 151 39 35 247 257 56 41 218 140 101 80 84 183 76 195 121 112 158 2 194 257 234 145 30 170 145 168 180 122 43 89 14 254 170 33 32 79 60 257 219 58 205 122 26 226 145 168 166 105 217 201 163 242 131 128 208 129 8 90 31 55 238 147 137 145 162 65 99 53 126 129 257 241 112 257 235 202 109 130 112 108 194 207 112 88 234 7 87 243 131 153 83 178 241 234 145 56 186 165 250 112 89 49 178 228 185 199 256 129 110 145 115 98 132 201 256 257 38 56 104 112 112 168 224 241 184 56 257 33 12 234 118 10 156 178 257 24 73 9 27 89 198 57 257 67 198 6 56 127 118 206 59 42 
c [Main] Lowest label SAT is set to 257.
c [Main] Kill higher label pid 258.
c [Main] Kill higher label pid 259.
c [Main] Kill higher label pid 260.
c [Main] Kill higher label pid 261.
c [Main] Kill higher label pid 262.
c [Label = 259] Encoding starts with target value = 56:
c [Label = 259] Encoding duration: 3887ms.
c [Label = 259] Number of clauses: 3597543.
c [Label = 259] Number of variables: 480371.
c [Signal] Signal interruption. Caught signal: SIGTERM (15).
c [Label = 258] Encoding starts with target value = 56:
c [Label = 258] Encoding duration: 3836ms.
c [Label = 258] Number of clauses: 3585493.
c [Label = 258] Number of variables: 479122.
c [Signal] Signal interruption. Caught signal: SIGTERM (15).
c [Label = 260] Encoding starts with target value = 56:
c [Label = 260] Encoding duration: 4001ms.
c [Label = 260] Number of clauses: 3609594.
c [Label = 260] Number of variables: 481620.
c [Signal] Signal interruption. Caught signal: SIGTERM (15).
c [Label = 261] Encoding starts with target value = 56:
c [Label = 261] Encoding duration: 4046ms.
c [Label = 261] Number of clauses: 3621644.
c [Label = 261] Number of variables: 482869.
c [Signal] Signal interruption. Caught signal: SIGTERM (15).
c [Label = 262] Encoding starts with target value = 56:
c [Label = 262] Encoding duration: 3934ms.
c [Label = 262] Number of clauses: 3633695.
c [Label = 262] Number of variables: 484118.
c [Signal] Signal interruption. Caught signal: SIGTERM (15).
c [Label = 254] Minimize Makespan Labeling problem (T-dwt__592.mtx.rnd):
c [Main] Child pid 262 - 782284 terminated by signal 15.
c [Label = 253] Minimize Makespan Labeling problem (T-dwt__592.mtx.rnd):
c [Main] Child pid 258 - 782301 terminated by signal 15.
c [Label = 252] Minimize Makespan Labeling problem (T-dwt__592.mtx.rnd):
c [Main] Child pid 260 - 782299 terminated by signal 15.
c [Main] Child pid 261 - 782298 terminated by signal 15.
c [Label = 251] Minimize Makespan Labeling problem (T-dwt__592.mtx.rnd):
c [Label = 250] Minimize Makespan Labeling problem (T-dwt__592.mtx.rnd):
c [Main] Child pid 259 - 782300 terminated by signal 15.
c [Label = 249] Minimize Makespan Labeling problem (T-dwt__592.mtx.rnd):
c [Label = 256] Encoding starts with target value = 56:
c [Label = 256] Encoding duration: 3795ms.
c [Label = 256] Number of clauses: 3561392.
c [Label = 256] Number of variables: 476624.
c [Label = 256] Solving duration: 85138 ms.
s [Label = 256] SAT (w = 56).
c [Label = 256]Label assignment: 231 256 56 32 32 176 79 212 151 256 201 174 81 144 225 64 160 248 195 194 70 151 126 14 88 104 256 225 120 95 56 251 70 190 120 111 120 224 15 230 15 129 198 20 146 238 32 24 144 156 144 144 192 81 139 175 32 200 71 141 132 1 208 150 112 8 232 256 166 145 199 200 232 64 107 222 102 8 144 173 16 149 32 127 142 144 49 10 39 178 56 40 64 13 90 144 252 81 17 226 213 46 135 202 144 200 1 202 97 152 144 142 176 68 211 133 85 91 144 212 88 253 184 201 151 95 256 145 144 101 93 88 88 228 200 256 176 227 42 124 162 32 151 254 144 114 33 240 208 200 64 142 72 144 232 76 164 207 236 92 169 64 168 54 60 212 183 92 20 41 187 176 244 32 39 63 106 67 33 219 156 200 64 196 144 119 120 11 232 137 176 55 114 95 88 243 144 88 88 214 103 1 44 22 200 32 56 218 111 6 158 47 56 19 86 207 155 6 30 50 205 221 200 188 32 118 127 210 141 215 64 256 242 165 140 200 232 83 63 109 145 72 106 241 30 81 114 201 147 256 75 206 200 8 193 153 156 225 86 208 159 137 58 208 32 120 12 247 81 174 33 237 238 74 1 138 176 134 85 52 88 88 35 186 176 198 56 39 120 118 25 12 120 70 156 81 39 25 200 86 244 256 232 176 20 189 88 207 200 4 112 125 127 64 27 45 183 183 112 181 145 170 108 113 206 14 200 204 136 15 88 26 239 176 71 159 58 197 172 45 88 15 233 86 69 219 256 89 96 200 150 88 201 179 15 30 219 144 57 183 185 200 59 200 127 188 8 200 216 36 200 99 71 200 151 167 201 245 64 81 95 144 176 1 143 230 151 200 88 2 84 141 88 120 122 212 37 200 39 230 239 120 56 21 25 235 171 246 120 256 88 180 6 30 161 113 39 12 144 39 82 217 76 100 239 118 163 193 98 78 132 256 88 50 232 200 137 87 89 55 168 101 64 183 174 148 121 111 234 8 233 142 7 80 224 230 51 57 239 32 189 23 191 150 9 239 76 232 233 232 57 177 105 132 58 116 71 28 146 200 176 226 110 94 256 111 77 38 168 239 32 188 8 127 130 256 89 38 133 174 94 61 220 32 53 43 256 39 16 242 209 62 95 131 94 144 95 18 256 226 115 137 48 200 168 73 5 62 1 32 232 44 57 170 256 167 117 239 62 3 215 168 26 168 113 144 30 230 38 127 8 249 64 144 31 66 224 215 232 44 229 93 100 34 255 144 88 103 81 157 1 25 2 32 29 123 182 250 112 170 223 200 89 169 144 65 154 95 20 128 203 206 
c [Main] Lowest label SAT is set to 256.
c [Label = 248] Minimize Makespan Labeling problem (T-dwt__592.mtx.rnd):
c [Label = 249] Encoding starts with target value = 56:
c [Label = 249] Encoding duration: 3722ms.
c [Label = 249] Number of clauses: 3477038.
c [Label = 249] Number of variables: 467881.
c [Label = 249] Solving duration: 48346 ms.
s [Label = 249] SAT (w = 56).
c [Label = 249]Label assignment: 131 162 205 146 162 26 228 81 218 168 56 55 213 31 136 137 249 73 91 112 210 218 25 152 193 193 156 127 193 153 249 151 249 119 249 239 178 102 62 112 65 249 81 153 25 81 137 174 50 30 33 249 3 203 52 50 192 57 125 249 245 137 25 9 25 81 112 162 75 244 8 81 56 137 224 131 200 81 27 249 137 37 162 186 249 25 192 191 97 78 121 168 137 171 216 249 132 193 147 109 103 168 35 81 182 104 117 88 193 70 25 249 81 249 101 227 193 193 249 81 217 137 81 60 218 153 137 249 25 218 230 218 218 112 110 175 51 116 190 56 56 137 209 137 25 39 137 107 81 100 193 249 203 249 112 165 249 25 56 249 71 157 14 158 242 85 234 230 177 137 3 249 108 137 97 193 243 218 112 96 50 56 137 69 25 249 249 154 106 56 62 122 245 162 193 73 249 243 193 118 196 134 187 159 93 137 231 79 218 137 62 140 193 84 206 18 44 127 193 190 2 112 90 28 162 249 178 126 25 249 194 143 169 56 249 81 56 237 137 249 249 218 243 133 167 249 32 81 249 137 140 81 106 81 89 185 25 61 193 25 28 10 225 25 139 240 137 84 249 63 115 118 81 193 137 56 56 56 193 207 193 193 137 81 249 56 193 112 193 1 137 137 193 218 11 197 97 112 81 233 131 137 83 25 109 75 230 25 77 81 215 195 178 193 172 166 233 247 249 233 7 50 204 177 81 156 94 25 25 141 201 162 41 25 121 25 232 81 62 151 123 59 43 193 218 28 137 193 13 76 12 218 71 229 150 135 53 25 231 234 57 98 226 81 38 75 81 57 74 198 81 202 122 81 211 235 56 92 184 193 168 38 249 170 181 111 218 56 236 144 218 25 218 193 1 87 174 90 99 121 47 218 193 152 193 106 55 112 193 137 212 238 137 177 56 249 103 160 25 112 221 112 209 243 54 249 25 112 233 218 17 176 199 187 56 81 5 249 179 162 56 223 180 234 56 66 23 178 137 81 58 4 81 233 106 118 148 194 41 174 34 145 114 15 137 40 189 82 81 81 193 234 248 221 219 56 120 174 24 81 249 106 19 193 163 249 208 137 46 41 161 52 128 177 1 113 173 137 16 56 193 137 121 137 188 109 137 105 162 138 241 193 155 196 193 20 162 137 137 106 246 32 129 86 25 193 68 183 127 142 81 164 193 52 147 56 22 42 193 147 84 56 165 21 6 25 174 137 137 178 124 91 137 29 177 218 72 81 137 137 112 230 193 193 64 45 218 220 193 36 137 193 149 187 174 218 80 168 214 95 48 81 193 56 1 222 49 162 130 34 67 71 
c [Label = 251] Encoding starts with target value = 56:
c [Label = 251] Encoding duration: 3618ms.
c [Label = 251] Number of clauses: 3501139.
c [Label = 251] Number of variables: 470379.
c [Signal] Signal interruption. Caught signal: SIGTERM (15).
c [Main] Lowest label SAT is set to 249.
c [Main] Kill higher label pid 250.
c [Main] Kill higher label pid 251.
c [Main] Kill higher label pid 252.
c [Main] Kill higher label pid 253.
c [Main] Kill higher label pid 254.
c [Main] Kill higher label pid 255.
c [Label = 250] Encoding starts with target value = 56:
c [Label = 250] Encoding duration: 3717ms.
c [Label = 250] Number of clauses: 3489089.
c [Label = 250] Number of variables: 469130.
c [Signal] Signal interruption. Caught signal: SIGTERM (15).
c [Label = 253] Encoding starts with target value = 56:
c [Label = 253] Encoding duration: 3749ms.
c [Label = 253] Number of clauses: 3525240.
c [Label = 253] Number of variables: 472877.
c [Signal] Signal interruption. Caught signal: SIGTERM (15).
c [Label = 255] Encoding starts with target value = 56:
c [Label = 255] Encoding duration: 3952ms.
c [Label = 255] Number of clauses: 3549341.
c [Label = 255] Number of variables: 475375.
c [Signal] Signal interruption. Caught signal: SIGTERM (15).
c [Label = 254] Encoding starts with target value = 56:
c [Label = 254] Encoding duration: 3822ms.
c [Label = 254] Number of clauses: 3537291.
c [Label = 254] Number of variables: 474126.
c [Signal] Signal interruption. Caught signal: SIGTERM (15).
c [Label = 252] Encoding starts with target value = 56:
c [Label = 252] Encoding duration: 3783ms.
c [Label = 252] Number of clauses: 3513190.
c [Label = 252] Number of variables: 471628.
c [Signal] Signal interruption. Caught signal: SIGTERM (15).
c [Label = 247] Minimize Makespan Labeling problem (T-dwt__592.mtx.rnd):
c [Main] Child pid 255 - 782315 terminated by signal 15.
c [Label = 246] Minimize Makespan Labeling problem (T-dwt__592.mtx.rnd):
c [Main] Child pid 251 - 782325 terminated by signal 15.
c [Label = 245] Minimize Makespan Labeling problem (T-dwt__592.mtx.rnd):
c [Main] Child pid 250 - 782326 terminated by signal 15.
c [Label = 244] Minimize Makespan Labeling problem (T-dwt__592.mtx.rnd):
c [Main] Child pid 253 - 782323 terminated by signal 15.
c [Label = 243] Minimize Makespan Labeling problem (T-dwt__592.mtx.rnd):
c [Main] Child pid 254 - 782322 terminated by signal 15.
c [Label = 242] Minimize Makespan Labeling problem (T-dwt__592.mtx.rnd):
c [Main] Child pid 252 - 782324 terminated by signal 15.
c [Label = 241] Minimize Makespan Labeling problem (T-dwt__592.mtx.rnd):
c [Label = 246] Encoding starts with target value = 56:
c [Label = 246] Encoding duration: 3678ms.
c [Label = 246] Number of clauses: 3440887.
c [Label = 246] Number of variables: 464134.
c [Label = 246] Solving duration: 78655 ms.
s [Label = 246] SAT (w = 56).
c [Label = 246]Label assignment: 246 146 216 147 134 71 188 246 190 243 20 41 190 76 166 131 78 8 14 179 190 190 78 134 223 190 134 162 201 133 117 9 193 18 111 186 133 246 78 173 77 83 246 246 59 31 145 233 57 60 77 98 64 188 53 56 225 42 8 76 190 138 63 100 90 3 178 134 78 67 196 20 11 134 102 246 213 246 71 184 134 52 134 133 61 94 236 237 245 29 245 217 133 130 168 67 246 202 132 246 246 235 74 246 134 246 123 246 212 48 78 78 34 106 172 168 201 231 76 22 190 152 26 11 190 134 134 81 78 183 108 190 190 158 181 134 45 182 234 50 39 141 190 134 78 76 156 158 22 20 214 67 192 97 177 134 93 77 71 103 36 134 66 118 109 246 190 115 229 156 63 78 246 143 19 200 190 210 134 56 56 38 134 244 86 67 95 134 246 50 37 17 190 119 206 6 97 190 210 171 190 154 134 112 246 154 190 22 190 156 50 134 216 246 190 77 43 176 230 238 75 168 20 56 134 107 135 162 92 190 214 142 132 48 67 20 19 125 134 104 78 204 190 174 228 110 56 25 100 155 120 20 22 246 2 133 69 22 190 73 56 75 190 78 137 101 134 246 106 51 134 182 23 211 159 54 52 74 210 134 212 201 157 24 78 11 226 246 190 113 134 149 190 190 91 190 1 145 11 99 246 144 15 78 246 65 109 75 11 10 183 190 134 210 242 112 189 189 108 190 100 56 161 133 42 134 246 75 88 133 201 124 77 75 21 70 190 24 48 127 16 75 73 190 205 63 145 234 104 27 98 199 44 192 126 134 75 76 190 191 26 13 190 35 78 62 19 33 65 221 32 208 8 11 189 189 11 239 234 190 127 57 78 134 140 165 190 41 109 112 185 76 190 190 82 246 238 20 246 172 63 197 215 246 222 246 53 164 190 132 210 190 154 228 46 96 246 132 78 15 190 169 121 190 68 111 100 175 116 207 187 134 201 134 20 12 78 110 201 112 46 168 218 191 51 47 84 133 160 7 4 67 246 112 246 160 105 220 57 241 49 132 18 79 145 73 131 246 44 19 188 189 102 190 190 53 7 238 56 30 77 246 190 210 134 108 122 156 56 76 127 56 178 133 80 153 194 151 190 55 212 134 173 150 134 246 170 2 148 156 198 232 129 190 212 85 133 154 153 246 112 76 134 22 56 212 246 232 167 139 19 114 227 78 136 52 87 71 234 133 246 52 128 49 101 78 224 163 154 134 160 239 134 56 229 203 5 246 160 134 180 112 190 219 77 53 190 190 201 56 145 229 134 134 236 195 28 240 183 246 72 22 209 40 89 192 58 134 9 78 44 44 
c [Main] Lowest label SAT is set to 246.
c [Main] Kill higher label pid 247.
c [Main] Kill higher label pid 248.
c [Label = 248] Encoding starts with target value = 56:
c [Label = 248] Encoding duration: 3973ms.
c [Label = 248] Number of clauses: 3464988.
c [Label = 248] Number of variables: 466632.
c [Signal] Signal interruption. Caught signal: SIGTERM (15).
c [Label = 247] Encoding starts with target value = 56:
c [Label = 247] Encoding duration: 3748ms.
c [Label = 247] Number of clauses: 3452937.
c [Label = 247] Number of variables: 465383.
c [Signal] Signal interruption. Caught signal: SIGTERM (15).
c [Label = 240] Minimize Makespan Labeling problem (T-dwt__592.mtx.rnd):
c [Main] Child pid 248 - 782332 terminated by signal 15.
c [Label = 239] Minimize Makespan Labeling problem (T-dwt__592.mtx.rnd):
c [Main] Child pid 247 - 782344 terminated by signal 15.
c [Label = 238] Minimize Makespan Labeling problem (T-dwt__592.mtx.rnd):
c [Label = 244] Encoding starts with target value = 56:
c [Label = 244] Encoding duration: 3640ms.
c [Label = 244] Number of clauses: 3416786.
c [Label = 244] Number of variables: 461636.
c [Label = 244] Solving duration: 79776 ms.
s [Label = 244] SAT (w = 56).
c [Label = 244]Label assignment: 228 82 188 76 127 84 221 168 188 205 144 169 204 51 64 76 56 188 146 80 217 188 20 91 188 244 76 56 196 73 7 241 222 166 244 47 61 228 244 64 241 20 157 228 49 127 82 228 76 71 34 242 56 216 149 114 208 126 128 31 20 88 5 238 244 132 63 76 111 20 185 147 132 76 4 241 163 132 69 199 88 172 152 62 43 20 208 188 129 131 122 188 76 102 13 25 228 219 90 208 201 192 33 168 71 176 96 183 183 112 19 41 112 244 93 40 212 182 30 132 13 76 131 152 192 73 97 26 20 28 40 12 20 76 93 109 132 105 194 121 135 78 188 99 23 48 50 72 152 133 188 27 213 244 76 132 239 244 11 244 112 76 56 170 22 168 188 46 208 51 56 244 188 82 132 210 53 205 76 110 76 130 76 159 26 24 243 98 228 132 112 132 40 71 208 168 244 20 188 116 244 55 152 141 183 71 233 127 40 70 172 127 187 174 237 17 150 54 177 208 20 113 142 56 140 244 68 56 26 183 191 77 119 169 30 154 138 37 76 38 20 205 40 76 225 6 59 138 238 74 112 132 138 132 143 66 56 171 213 244 71 29 244 17 89 10 95 188 244 112 76 96 107 214 76 137 132 35 214 185 183 211 50 134 20 155 168 123 194 240 112 76 188 227 15 224 129 87 156 37 208 82 197 20 188 111 57 9 138 132 40 188 71 186 225 160 185 178 6 179 238 96 44 58 126 107 165 244 26 112 209 127 244 20 124 56 234 149 152 152 127 8 244 229 194 56 82 182 243 138 239 207 126 188 112 115 76 26 223 185 132 161 220 132 42 96 132 132 96 168 149 190 129 145 188 188 152 216 188 227 67 51 20 103 53 113 168 127 37 125 239 32 239 205 18 183 226 148 112 76 15 208 206 232 188 235 169 76 188 100 189 180 76 208 152 244 127 108 39 132 14 96 172 20 2 6 238 65 20 214 40 109 195 172 149 153 39 6 208 172 132 28 198 188 121 123 3 76 56 132 132 36 112 20 188 94 158 208 244 231 96 85 164 244 81 244 152 208 106 138 215 188 20 244 239 138 127 230 69 138 6 208 53 188 117 20 173 51 104 1 140 76 70 56 20 76 208 71 54 132 182 60 79 82 167 132 52 112 83 75 185 182 56 244 183 21 56 82 56 200 20 16 112 151 96 208 132 182 56 92 152 132 184 96 86 152 244 244 188 90 183 136 132 101 240 19 225 56 71 71 70 226 56 51 194 207 171 181 56 112 96 40 244 187 244 149 236 244 218 84 82 193 127 152 228 188 132 194 45 175 244 139 203 120 20 202 162 71 208 20 126 118 
c [Main] Lowest label SAT is set to 244.
c [Main] Kill higher label pid 245.
c [Label = 245] Encoding starts with target value = 56:
c [Label = 245] Encoding duration: 3680ms.
c [Label = 245] Number of clauses: 3428836.
c [Label = 245] Number of variables: 462885.
c [Signal] Signal interruption. Caught signal: SIGTERM (15).
c [Label = 237] Minimize Makespan Labeling problem (T-dwt__592.mtx.rnd):
c [Main] Child pid 245 - 782346 terminated by signal 15.
c [Label = 236] Minimize Makespan Labeling problem (T-dwt__592.mtx.rnd):
c [Label = 243] Encoding starts with target value = 56:
c [Label = 243] Encoding duration: 3646ms.
c [Label = 243] Number of clauses: 3404735.
c [Label = 243] Number of variables: 460387.
c [Label = 243] Solving duration: 80549 ms.
s [Label = 243] SAT (w = 56).
c [Label = 243]Label assignment: 187 243 82 243 224 99 42 183 78 50 186 187 45 108 2 19 131 202 158 237 41 94 120 228 75 75 232 243 87 35 107 206 60 186 122 62 37 174 154 243 156 131 197 206 110 206 243 61 112 112 97 130 137 44 180 118 56 186 225 113 71 243 145 136 138 223 242 232 131 132 96 169 205 32 116 187 84 219 102 86 229 186 230 40 141 131 55 65 220 194 225 57 36 229 59 131 206 57 217 187 171 55 98 171 38 179 1 171 85 186 120 130 194 121 243 57 57 80 113 187 46 7 204 188 90 34 242 130 120 43 130 46 43 243 237 243 186 243 55 181 186 19 91 18 131 127 24 243 201 176 75 130 44 131 242 243 150 151 160 134 186 20 140 230 106 166 91 130 67 28 127 148 183 18 206 75 56 64 18 150 112 187 31 175 131 131 131 228 174 182 187 210 75 21 74 187 131 56 72 242 56 243 243 243 164 4 59 191 43 5 186 243 75 200 53 162 187 11 56 55 144 242 168 127 230 130 38 9 113 95 82 6 241 186 114 170 205 124 18 113 130 56 56 241 56 124 115 187 136 17 15 187 176 218 157 39 127 188 74 150 112 100 54 147 12 130 239 184 126 187 18 242 209 56 8 180 178 116 57 19 74 57 24 194 149 186 74 217 93 130 1 243 92 49 131 52 221 1 173 131 187 8 159 133 187 150 114 146 187 205 43 75 29 59 56 243 94 105 111 94 136 112 38 38 192 236 180 142 120 239 75 224 150 143 225 112 56 184 185 230 222 151 150 74 56 128 243 80 130 187 135 63 192 89 240 18 131 109 56 94 194 172 41 190 116 131 205 189 131 64 187 75 212 195 94 83 188 174 66 57 30 123 149 228 38 243 95 187 117 241 53 113 48 88 138 168 55 165 207 243 152 77 75 225 70 174 186 234 92 231 56 104 3 57 186 130 208 235 114 217 56 242 19 56 161 129 153 238 123 53 75 242 75 243 205 169 113 130 74 230 177 59 74 94 186 196 138 27 17 205 204 132 216 123 168 243 225 64 156 58 113 215 172 131 19 150 14 155 211 205 58 94 119 71 52 163 213 74 115 187 149 168 75 75 239 111 38 23 118 150 227 127 5 38 131 16 76 19 94 185 80 25 11 18 19 208 243 214 240 26 94 69 33 71 79 131 27 243 3 168 125 101 15 193 99 75 205 67 10 6 199 241 56 131 226 167 138 150 66 224 168 167 243 103 130 112 57 243 19 35 13 169 36 109 66 64 205 183 7 243 242 111 71 73 169 179 53 56 57 115 243 68 233 243 55 81 203 51 47 183 139 187 74 187 131 45 187 22 187 112 192 198 
c [Main] Lowest label SAT is set to 243.
c [Label = 235] Minimize Makespan Labeling problem (T-dwt__592.mtx.rnd):
c [Label = 241] Encoding starts with target value = 56:
c [Label = 241] Encoding duration: 3938ms.
c [Label = 241] Number of clauses: 3380634.
c [Label = 241] Number of variables: 457889.
c [Label = 241] Solving duration: 122567 ms.
s [Label = 241] SAT (w = 56).
c [Label = 241]Label assignment: 139 40 112 25 241 181 82 146 108 128 154 185 96 181 56 50 208 148 142 72 81 106 224 24 112 92 40 56 110 47 4 136 69 125 225 62 40 125 220 56 231 229 153 133 190 154 42 126 185 185 198 234 204 83 184 188 127 178 164 212 83 27 230 225 241 162 57 40 200 225 106 152 167 45 241 144 98 166 181 93 27 185 9 33 209 224 115 129 162 172 162 112 47 13 52 216 136 84 26 135 108 113 198 134 35 125 40 108 88 185 214 211 185 241 56 67 95 98 212 153 52 56 185 156 107 47 34 224 225 52 3 56 65 56 57 13 169 57 113 185 184 44 103 37 227 181 40 56 171 154 112 219 86 240 56 19 210 218 205 241 185 51 206 5 240 129 101 1 128 25 204 229 139 43 164 100 76 97 42 189 199 183 47 152 226 225 239 13 130 185 177 164 77 45 99 148 227 72 103 60 79 57 20 237 112 42 69 161 68 49 182 21 116 145 73 230 184 49 120 129 227 66 152 203 241 236 47 56 210 91 112 42 237 185 212 140 167 241 48 241 223 96 74 57 112 241 181 156 225 56 19 159 154 168 152 28 202 152 97 222 191 208 52 232 44 225 22 143 241 174 44 58 154 97 49 185 169 194 96 18 105 98 42 168 224 155 117 149 103 234 29 40 106 69 210 78 159 39 152 241 139 42 125 228 139 192 241 224 160 173 63 111 35 114 113 237 104 89 241 93 225 187 53 33 161 8 125 233 225 17 101 17 220 227 162 197 69 154 185 237 147 213 221 94 97 201 44 96 241 171 217 98 169 92 16 36 195 208 69 103 173 137 79 168 193 195 168 168 195 112 161 89 164 169 106 106 156 125 113 90 36 181 226 13 50 56 102 171 241 237 73 209 56 103 241 129 129 142 162 56 220 109 112 131 112 132 180 56 106 27 97 93 41 112 185 241 164 241 198 149 73 70 19 76 218 241 210 72 240 86 77 12 100 15 168 151 207 241 100 6 185 52 113 103 176 185 224 38 56 168 165 215 162 241 135 56 238 105 222 122 181 27 138 217 45 218 10 124 154 168 96 103 241 75 52 184 157 118 164 170 224 129 80 96 237 241 7 42 186 225 237 195 40 45 227 56 100 31 75 185 98 48 71 41 20 163 56 162 25 56 108 105 37 87 98 227 36 40 55 129 241 212 31 158 181 112 168 113 54 42 171 20 121 196 30 185 235 221 113 23 135 185 14 179 241 210 129 56 32 35 42 123 46 185 119 98 150 141 56 23 59 2 85 112 218 185 64 79 96 181 41 128 237 11 129 112 168 128 61 125 219 156 98 185 229 96 175 45 139 210 169 169 
c [Main] Lowest label SAT is set to 241.
c [Main] Kill higher label pid 242.
c [Label = 242] Encoding starts with target value = 56:
c [Label = 242] Encoding duration: 3598ms.
c [Label = 242] Number of clauses: 3392685.
c [Label = 242] Number of variables: 459138.
c [Signal] Signal interruption. Caught signal: SIGTERM (15).
c [Label = 234] Minimize Makespan Labeling problem (T-dwt__592.mtx.rnd):
c [Main] Child pid 242 - 782349 terminated by signal 15.
c [Label = 233] Minimize Makespan Labeling problem (T-dwt__592.mtx.rnd):
c [Label = 240] Encoding starts with target value = 56:
c [Label = 240] Encoding duration: 3800ms.
c [Label = 240] Number of clauses: 3368584.
c [Label = 240] Number of variables: 456640.
c [Label = 240] Solving duration: 78174 ms.
s [Label = 240] SAT (w = 56).
c [Label = 240]Label assignment: 217 111 240 113 139 90 223 184 240 16 184 195 238 72 112 112 67 184 166 128 238 4 46 112 232 240 111 126 240 128 56 209 224 168 56 41 124 225 41 112 57 57 170 212 63 169 115 20 91 83 54 44 72 222 200 105 13 168 169 56 36 112 56 43 56 184 112 112 97 56 1 168 184 126 56 221 224 189 82 25 112 192 157 118 56 48 16 238 185 182 187 240 128 109 29 59 215 224 106 210 203 240 50 183 97 184 120 200 225 182 56 56 182 54 135 46 240 231 56 169 22 116 182 176 225 113 112 56 49 32 76 26 30 128 144 112 184 145 240 168 184 112 1 112 43 56 112 121 171 173 238 56 234 54 128 149 41 72 81 56 182 112 66 169 72 184 1 79 16 99 72 72 208 113 169 2 41 229 128 87 93 172 113 164 54 59 54 112 218 168 168 185 40 117 238 184 57 35 225 135 15 110 152 146 198 113 240 169 41 107 202 140 238 197 240 70 194 112 240 16 56 136 168 84 148 56 113 112 56 225 240 112 128 193 52 168 184 88 128 74 56 227 34 128 17 56 72 182 56 112 141 169 168 184 166 97 69 184 240 64 84 50 16 57 103 56 112 199 56 171 128 130 155 238 104 184 184 53 240 153 225 240 112 183 56 184 239 193 14 56 128 113 16 239 57 240 185 122 178 78 220 115 205 45 205 95 80 56 171 184 41 240 113 228 21 160 3 6 56 9 56 98 57 131 165 125 181 56 54 127 227 140 57 56 185 71 240 168 200 158 153 41 68 240 230 85 113 240 56 171 41 233 184 9 128 123 92 51 237 1 172 168 234 169 55 96 169 172 94 238 168 1 169 171 5 11 180 216 240 240 137 56 70 111 113 138 16 169 77 143 12 56 16 240 56 196 9 168 185 128 57 226 228 207 239 225 201 128 240 108 230 10 112 16 191 56 174 128 56 193 27 133 156 37 75 56 43 112 72 224 38 112 238 161 182 168 56 56 240 162 184 33 240 1 168 182 60 129 126 169 184 56 188 72 211 134 169 227 61 19 102 110 167 41 115 65 163 214 168 169 235 1 72 24 16 184 169 23 86 171 70 213 39 225 128 72 151 99 101 57 147 93 112 128 58 114 240 113 31 184 227 128 128 126 159 185 112 186 112 119 225 227 128 16 225 56 129 112 113 206 72 54 128 171 100 239 184 240 112 113 169 149 224 96 110 190 56 65 240 110 196 184 150 113 56 46 18 112 113 113 112 225 128 72 240 225 179 184 112 128 132 65 7 238 62 200 240 28 236 89 110 240 142 154 8 240 177 240 42 184 73 169 240 182 48 229 204 113 219 47 175 168 
c [Main] Lowest label SAT is set to 240.
c [Label = 232] Minimize Makespan Labeling problem (T-dwt__592.mtx.rnd):
c [Label = 239] Encoding starts with target value = 56:
c [Label = 239] Encoding duration: 3696ms.
c [Label = 239] Number of clauses: 3356533.
c [Label = 239] Number of variables: 455391.
c [Label = 239] Solving duration: 87674 ms.
s [Label = 239] SAT (w = 56).
c [Label = 239]Label assignment: 49 127 203 143 127 232 181 56 183 218 56 101 199 15 152 127 239 58 63 149 183 183 14 127 198 183 140 153 190 124 22 34 168 56 45 165 125 49 9 167 6 15 41 29 239 85 127 231 239 239 239 30 1 187 103 230 239 94 66 239 162 127 239 30 27 56 169 135 232 239 183 71 56 127 56 49 207 63 239 168 127 112 112 125 224 15 224 201 56 76 56 239 119 110 183 239 34 183 125 49 56 236 237 56 133 71 112 71 208 88 13 224 87 24 163 161 168 211 239 82 183 139 83 56 190 121 112 239 13 176 51 183 168 183 160 112 112 171 225 81 96 127 183 98 3 239 146 168 68 74 204 224 188 28 170 106 25 239 239 20 97 126 239 105 35 56 183 45 219 137 239 239 49 127 65 178 173 196 119 202 232 86 134 61 13 239 30 127 52 82 96 56 161 127 183 56 27 176 198 169 169 152 105 112 71 142 183 86 168 150 107 112 210 57 175 7 100 157 223 238 7 170 72 232 112 42 127 144 8 192 195 127 127 111 239 71 63 46 126 55 239 186 168 168 227 26 15 71 32 148 120 77 70 64 75 136 239 56 168 239 232 5 191 7 123 43 127 56 26 100 112 182 81 183 140 93 109 224 183 105 206 183 151 74 15 42 221 56 183 38 112 141 168 183 26 183 56 112 62 44 39 122 56 2 50 217 45 7 60 56 161 183 127 210 227 105 183 181 53 183 33 234 148 125 94 117 56 239 13 112 186 116 239 11 69 233 183 69 111 105 73 10 239 168 197 232 127 215 31 71 23 196 102 168 113 112 220 6 168 183 78 56 175 83 239 217 71 84 212 214 71 209 71 59 183 168 56 49 226 168 112 239 7 112 125 166 177 86 44 127 174 15 183 190 21 56 238 63 56 167 239 184 198 19 209 48 101 168 183 118 200 182 139 223 112 40 71 127 239 56 176 168 90 161 239 47 24 138 40 185 153 112 183 112 71 56 239 40 180 108 112 168 224 183 103 80 17 112 145 70 56 224 56 36 49 167 92 196 239 228 217 131 54 20 130 239 95 49 90 71 179 181 56 176 194 91 71 228 239 71 239 56 161 203 127 56 90 150 222 239 112 218 158 127 12 140 183 152 146 111 207 112 152 127 105 56 156 56 128 139 189 213 112 182 206 4 112 127 142 56 55 16 126 69 232 195 70 216 159 129 67 105 213 232 132 112 20 239 225 119 56 112 115 217 38 18 227 164 147 127 155 34 112 239 223 196 56 56 154 112 168 55 172 203 239 104 183 168 183 232 127 208 127 112 229 182 79 205 161 71 235 69 183 96 15 193 114 127 37 14 99 89 
c [Main] Lowest label SAT is set to 239.
c [Label = 231] Minimize Makespan Labeling problem (T-dwt__592.mtx.rnd):
c [Label = 236] Encoding starts with target value = 56:
c [Label = 236] Encoding duration: 3828ms.
c [Label = 236] Number of clauses: 3320382.
c [Label = 236] Number of variables: 451644.
c [Label = 236] Solving duration: 154417 ms.
s [Label = 236] SAT (w = 56).
c [Label = 236]Label assignment: 100 42 211 43 44 168 225 89 185 180 94 67 232 157 12 16 133 69 101 2 215 188 157 43 211 191 52 21 196 12 125 112 225 105 136 224 236 112 112 12 112 154 81 112 147 100 29 177 156 156 157 143 133 223 56 163 189 80 56 151 213 33 129 148 155 76 14 45 162 150 168 101 85 17 142 106 216 74 168 170 43 63 44 224 138 155 187 190 68 89 56 198 18 50 231 149 100 213 45 100 112 199 169 91 233 98 37 108 215 77 164 139 89 133 236 235 207 210 157 99 224 40 99 93 185 6 27 152 164 224 121 224 224 19 236 44 86 236 192 66 68 28 186 25 152 161 24 30 96 108 211 149 223 146 24 33 156 132 114 145 80 16 127 56 116 89 174 122 180 36 133 141 89 28 62 209 219 214 28 168 156 88 16 102 152 153 144 35 100 68 88 62 212 5 208 77 146 212 211 3 201 23 32 54 101 31 218 92 224 24 60 21 211 77 212 130 68 24 192 187 135 7 101 145 44 136 236 21 157 173 215 40 48 63 160 99 84 112 22 124 150 222 220 12 180 124 164 96 148 32 21 99 101 73 108 229 145 77 205 132 144 164 228 129 28 147 33 77 134 80 26 7 92 215 34 68 80 165 213 46 204 208 36 96 140 83 204 56 197 136 21 43 197 213 158 213 68 37 99 124 100 36 112 140 89 168 123 128 92 78 225 194 230 202 168 55 180 168 136 180 136 156 1 236 92 33 100 137 157 33 208 32 118 140 56 145 227 101 68 45 53 115 120 195 220 145 39 204 145 96 148 220 80 180 32 15 157 167 224 180 97 101 225 90 157 156 72 90 168 201 99 215 56 95 188 176 93 111 204 201 236 156 140 45 234 236 188 87 112 52 212 157 213 196 155 100 183 101 64 12 117 196 213 110 192 103 56 19 198 43 221 171 34 184 65 136 61 33 155 58 212 9 44 212 112 136 148 10 124 223 224 49 208 41 84 89 145 136 206 44 75 226 203 180 80 77 159 4 33 72 82 149 76 124 88 7 57 213 124 179 169 52 109 155 40 124 44 107 92 84 217 180 131 201 220 59 56 178 168 96 141 100 224 216 40 131 51 36 168 124 47 156 24 236 152 34 206 35 224 70 204 17 12 28 44 61 24 64 43 43 175 204 8 191 216 152 8 38 31 100 126 168 11 96 168 220 79 192 13 40 84 32 200 156 45 63 155 124 192 45 88 75 32 172 144 164 180 24 36 236 32 113 20 156 192 220 71 89 32 21 7 119 201 201 112 56 212 201 217 168 40 192 45 44 181 193 99 182 236 104 120 96 208 80 155 224 56 5 101 166 91 80 
c [Main] Lowest label SAT is set to 236.
c [Main] Kill higher label pid 237.
c [Main] Kill higher label pid 238.
c [Label = 237] Encoding starts with target value = 56:
c [Label = 237] Encoding duration: 3905ms.
c [Label = 237] Number of clauses: 3332432.
c [Label = 237] Number of variables: 452893.
c [Signal] Signal interruption. Caught signal: SIGTERM (15).
c [Label = 238] Encoding starts with target value = 56:
c [Label = 238] Encoding duration: 3691ms.
c [Label = 238] Number of clauses: 3344483.
c [Label = 238] Number of variables: 454142.
c [Signal] Signal interruption. Caught signal: SIGTERM (15).
c [Label = 230] Minimize Makespan Labeling problem (T-dwt__592.mtx.rnd):
c [Main] Child pid 238 - 782380 terminated by signal 15.
c [Label = 229] Minimize Makespan Labeling problem (T-dwt__592.mtx.rnd):
c [Main] Child pid 237 - 782381 terminated by signal 15.
c [Label = 228] Minimize Makespan Labeling problem (T-dwt__592.mtx.rnd):
c [Label = 234] Encoding starts with target value = 56:
c [Label = 234] Encoding duration: 3780ms.
c [Label = 234] Number of clauses: 3296281.
c [Label = 234] Number of variables: 449146.
c [Label = 234] Solving duration: 145172 ms.
s [Label = 234] SAT (w = 56).
c [Label = 234]Label assignment: 144 112 56 109 96 219 48 152 48 70 162 191 45 208 125 104 205 142 169 126 40 55 224 103 56 27 103 122 48 104 14 137 38 150 10 41 105 163 228 128 228 214 155 141 213 174 103 71 209 209 217 234 198 48 183 209 74 177 171 218 23 103 226 1 234 168 128 103 200 222 56 162 166 104 20 144 61 168 217 56 104 188 97 112 211 232 76 66 168 168 168 78 111 104 42 220 141 40 113 147 162 76 226 157 112 148 100 155 60 178 224 210 168 10 126 56 41 68 222 165 40 102 168 156 38 104 97 224 224 47 10 39 41 134 126 94 193 127 71 186 186 112 48 98 224 206 123 135 165 159 46 219 48 224 132 79 2 224 233 234 178 104 202 107 14 152 48 12 70 118 199 232 138 112 160 44 31 56 110 197 204 168 104 166 224 215 234 101 153 188 175 168 26 104 50 143 234 32 56 131 27 112 82 106 152 112 29 172 41 114 187 83 56 138 35 224 191 121 64 73 226 131 168 196 97 7 111 122 225 50 46 111 90 192 222 159 166 6 112 14 222 50 31 129 70 10 211 168 11 112 82 168 168 160 165 112 208 149 41 224 203 225 34 216 112 16 96 139 10 178 110 136 180 47 112 182 188 216 47 81 56 47 124 158 226 154 63 168 48 234 93 109 54 39 231 37 170 106 160 13 138 103 160 226 136 197 14 216 164 168 51 48 112 56 62 112 56 56 10 55 9 209 58 112 178 95 151 226 225 93 46 91 226 226 168 205 28 169 192 107 168 228 227 33 47 195 102 67 234 158 234 47 187 46 91 89 192 225 38 55 158 160 48 168 216 201 160 168 197 56 168 53 167 159 48 55 163 168 75 37 112 207 224 104 112 127 52 176 5 99 32 218 31 48 224 152 75 161 168 127 226 48 46 140 66 153 183 132 54 104 43 56 112 71 188 7 160 92 215 168 35 132 85 26 225 7 3 130 13 47 24 94 46 87 168 159 215 8 44 97 190 47 72 48 184 178 224 112 112 160 166 212 168 4 147 135 117 54 226 71 229 109 160 231 102 233 80 163 181 168 44 49 13 18 34 192 168 69 218 168 226 153 22 53 90 17 77 122 219 226 104 194 131 112 222 102 44 116 19 185 66 112 126 106 85 168 119 168 106 112 50 57 112 21 59 224 111 106 112 153 15 223 84 167 219 45 169 65 122 108 168 82 56 203 109 192 234 224 66 105 147 188 91 229 234 221 70 120 115 106 133 173 112 208 71 47 145 149 112 86 132 16 30 56 224 182 36 25 44 225 110 66 96 88 73 48 168 70 51 146 230 167 50 185 224 47 184 104 136 225 189 179 
c [Main] Lowest label SAT is set to 234.
c [Main] Kill higher label pid 235.
c [Label = 235] Encoding starts with target value = 56:
c [Label = 235] Encoding duration: 3769ms.
c [Label = 235] Number of clauses: 3308331.
c [Label = 235] Number of variables: 450395.
c [Signal] Signal interruption. Caught signal: SIGTERM (15).
c [Label = 227] Minimize Makespan Labeling problem (T-dwt__592.mtx.rnd):
c [Main] Child pid 235 - 782383 terminated by signal 15.
c [Label = 226] Minimize Makespan Labeling problem (T-dwt__592.mtx.rnd):
c [Label = 232] Encoding starts with target value = 56:
c [Label = 232] Encoding duration: 4001ms.
c [Label = 232] Number of clauses: 3272180.
c [Label = 232] Number of variables: 446648.
c [Label = 232] Solving duration: 317444 ms.
s [Label = 232] SAT (w = 56).
c [Label = 232]Label assignment: 57 40 152 48 231 175 136 72 155 131 88 68 152 175 22 35 184 64 80 17 136 156 216 24 154 128 40 24 152 40 193 51 128 64 189 111 44 52 223 15 218 208 80 57 184 96 35 128 178 175 192 208 176 144 67 172 124 88 106 200 115 24 211 200 208 99 15 40 169 207 161 88 94 40 183 52 144 96 175 165 29 73 232 48 192 216 125 142 104 88 104 127 40 16 118 207 57 136 24 59 56 127 192 72 49 56 31 61 152 84 209 192 88 199 11 114 144 138 205 104 119 34 90 87 155 40 24 208 210 119 185 119 119 7 11 8 71 10 127 79 72 32 160 24 203 176 25 15 91 96 152 200 144 210 15 229 208 219 222 204 82 35 184 228 187 64 162 186 130 32 176 213 54 36 98 151 109 159 38 169 174 96 40 86 209 207 208 16 57 79 88 100 121 43 152 64 216 118 160 10 120 32 1 231 56 40 120 96 116 32 66 232 152 56 120 216 68 24 135 126 211 14 88 172 6 196 42 28 208 162 146 33 232 70 201 80 96 179 40 188 208 152 113 8 124 191 173 95 194 34 232 103 96 96 88 47 184 72 144 216 174 200 117 216 27 190 16 56 198 83 37 13 88 152 40 74 71 184 144 227 152 151 24 90 212 80 140 102 152 200 16 47 157 128 216 128 104 32 86 182 57 35 63 203 55 169 187 211 91 97 114 155 43 152 123 2 160 163 183 158 195 176 110 45 88 8 64 211 215 8 147 232 218 208 104 176 120 96 69 2 106 218 220 136 160 168 35 137 200 91 208 153 76 163 4 16 171 200 128 160 90 72 136 96 184 177 96 96 170 144 96 160 103 91 160 163 88 58 132 136 46 176 208 16 46 11 163 96 180 5 118 200 119 152 208 62 132 80 100 11 219 147 152 50 141 53 67 9 155 30 160 164 40 125 68 197 99 232 192 104 118 11 1 115 221 191 200 23 187 144 113 8 152 228 96 80 192 191 150 228 66 117 134 160 77 85 202 44 32 91 93 200 101 187 59 12 226 152 216 130 170 32 72 216 35 217 1 58 81 92 143 160 181 112 117 75 103 122 175 96 214 62 113 160 232 184 225 32 167 216 231 171 19 48 206 34 149 40 113 71 144 41 15 32 1 105 26 107 32 34 162 144 44 120 152 208 44 32 40 62 184 208 8 90 172 148 96 139 20 34 89 230 144 177 32 69 208 219 133 24 60 65 3 166 200 216 126 21 40 47 18 52 43 176 128 153 72 64 32 8 12 188 128 144 224 67 120 116 145 175 39 135 231 1 129 155 90 135 108 56 219 96 152 78 210 152 66 42 57 208 75 81 
c [Main] Lowest label SAT is set to 232.
c [Main] Kill higher label pid 233.
c [Label = 233] Encoding starts with target value = 56:
c [Label = 233] Encoding duration: 3804ms.
c [Label = 233] Number of clauses: 3284230.
c [Label = 233] Number of variables: 447897.
c [Signal] Signal interruption. Caught signal: SIGTERM (15).
c [Label = 225] Minimize Makespan Labeling problem (T-dwt__592.mtx.rnd):
c [Main] Child pid 233 - 782397 terminated by signal 15.
c [Label = 224] Minimize Makespan Labeling problem (T-dwt__592.mtx.rnd):
c [Label = 224] Encoding starts with target value = 56:
c [Label = 224] Encoding duration: 3439ms.
c [Label = 224] Number of clauses: 3085456.
c [Label = 224] Number of variables: 405280.
c [Label = 224] Solving duration: 10989 ms.
s [Label = 224] UNSAT (w = 56).
c [Main] Highest label UNSAT is set to 224
c [Label = 231] Encoding starts with target value = 56:
c [Label = 231] Encoding duration: 4190ms.
c [Label = 231] Number of clauses: 3260129.
c [Label = 231] Number of variables: 445399.
c [Label = 231] Solving duration: 525257 ms.
s [Label = 231] SAT (w = 56).
c [Label = 231]Label assignment: 231 38 84 32 52 175 107 219 99 68 213 190 101 171 17 42 163 226 219 11 101 102 150 40 87 107 38 20 98 46 125 231 109 224 138 120 50 4 169 17 167 146 218 7 164 205 34 77 171 170 159 143 169 101 184 176 82 199 230 157 116 38 155 137 141 220 23 38 175 154 111 213 213 45 138 231 81 214 171 112 38 189 59 55 162 150 83 74 221 196 224 82 45 48 114 153 231 101 45 231 2 81 163 220 55 227 36 227 88 192 157 162 197 130 10 123 99 75 151 206 115 27 203 211 102 46 43 150 157 119 133 114 115 26 9 49 194 14 79 186 185 38 102 43 150 168 18 19 206 213 87 155 100 143 19 57 144 160 168 134 192 42 169 65 126 220 106 133 66 25 168 157 231 38 218 92 117 94 38 181 171 199 42 214 150 148 143 45 1 188 199 225 114 43 94 226 143 115 87 14 108 24 58 58 227 31 108 204 119 24 189 52 85 229 107 158 185 24 73 79 158 17 212 171 58 136 50 17 152 113 86 38 54 192 155 213 213 128 41 135 150 94 119 23 72 129 171 206 131 29 54 206 213 214 219 56 163 219 99 158 170 157 112 158 37 131 45 227 132 192 38 21 200 94 31 185 194 166 94 60 87 94 19 201 157 218 80 228 101 136 44 31 101 101 149 101 221 38 213 129 231 35 231 154 229 175 133 158 209 213 122 101 50 87 71 64 109 112 138 109 137 175 124 53 199 45 220 157 150 45 94 52 162 154 225 164 110 208 191 63 225 169 162 106 94 173 33 75 136 206 143 101 194 109 51 50 172 156 105 106 202 220 103 206 161 175 214 206 175 80 206 93 225 207 102 106 211 5 75 100 53 164 157 47 55 15 104 199 128 55 108 157 108 101 143 226 77 215 221 16 162 98 90 6 76 5 189 22 101 39 94 112 31 73 195 136 218 52 157 228 114 20 63 115 168 135 137 13 129 96 119 52 94 61 213 213 157 129 94 63 197 121 75 106 192 192 142 50 22 217 213 155 216 127 227 17 67 94 165 77 180 45 222 147 31 165 56 3 193 213 97 106 139 113 115 183 225 70 171 206 157 231 118 91 52 139 62 25 179 162 59 174 19 50 145 31 94 30 119 191 81 38 10 38 58 223 24 221 38 28 111 80 46 112 87 150 46 38 31 227 135 157 51 213 178 89 214 80 23 38 210 57 80 175 44 195 140 165 79 44 226 197 58 182 136 150 73 17 31 50 12 8 45 164 73 94 225 220 24 51 20 133 107 78 168 184 108 113 95 177 38 73 59 58 77 101 198 69 123 227 162 213 94 192 150 100 189 43 231 156 187 193 
c [Main] Lowest label SAT is set to 231.
c [Label = 230] Encoding starts with target value = 56:
c [Label = 230] Encoding duration: 3815ms.
c [Label = 230] Number of clauses: 3248079.
c [Label = 230] Number of variables: 444150.
c [Label = 230] Solving duration: 903280 ms.
s [Label = 230] SAT (w = 56).
c [Label = 230]Label assignment: 55 80 181 74 108 168 209 39 190 159 28 211 198 164 53 78 157 45 35 47 208 200 136 90 186 213 80 58 195 82 109 55 214 45 115 223 76 49 129 53 133 130 33 56 157 12 80 156 168 167 152 120 163 204 215 167 161 5 15 146 229 90 131 123 122 26 53 80 168 142 194 29 25 81 109 55 183 22 169 205 87 211 106 82 151 130 160 170 26 7 26 165 82 96 225 142 56 208 92 55 54 165 152 39 71 51 86 51 185 1 139 151 7 113 41 218 202 177 143 18 225 68 10 28 193 78 90 142 141 224 99 225 224 48 41 101 227 36 165 226 221 77 194 89 136 163 65 53 18 24 180 146 204 124 53 111 126 142 149 119 2 75 157 105 103 45 188 94 159 68 163 141 55 80 19 198 224 192 83 172 168 6 81 33 136 142 122 96 50 227 4 20 229 73 198 45 124 224 186 38 219 62 112 110 51 68 219 12 223 64 212 107 178 51 219 138 215 62 171 159 137 37 30 167 110 115 77 57 142 187 184 80 107 211 145 34 25 98 81 99 142 198 224 47 153 109 163 24 121 66 107 18 24 22 30 69 157 39 202 138 167 148 220 137 77 115 95 51 114 3 81 42 11 198 74 221 227 158 202 111 180 198 65 12 137 33 176 32 196 118 95 74 197 213 130 213 20 86 31 97 56 80 54 135 55 172 93 134 24 25 218 193 72 180 154 106 200 200 109 200 121 167 217 88 8 101 45 137 136 101 192 111 132 134 21 163 219 24 215 106 13 128 138 207 192 169 74 177 119 18 124 197 3 200 107 95 173 147 214 194 12 40 208 12 157 173 22 12 174 175 18 186 17 24 194 194 28 50 171 207 88 163 140 96 77 37 198 6 97 107 225 146 225 196 124 51 155 34 26 47 132 191 186 54 171 50 210 47 199 89 192 206 74 159 217 115 16 107 152 32 224 43 112 229 144 109 124 53 103 203 230 102 192 111 24 34 151 109 199 106 221 222 171 190 227 1 127 76 63 19 25 146 27 103 55 41 100 192 138 150 162 86 40 130 74 144 117 50 9 21 202 194 104 225 220 221 14 152 169 18 140 50 229 186 107 103 116 67 162 134 110 173 59 82 130 68 199 70 228 221 180 81 47 84 112 20 61 26 86 66 189 179 82 219 182 136 82 85 68 52 103 142 101 23 162 186 25 177 59 79 18 111 178 168 86 216 125 144 171 91 51 221 112 161 119 136 155 59 68 73 59 44 85 163 165 198 39 45 63 101 43 99 213 175 138 215 219 223 201 166 80 165 107 111 155 193 10 165 218 46 138 24 199 227 130 198 210 75 60 142 3 6 
c [Main] Lowest label SAT is set to 230.
c [Label = 225] Encoding starts with target value = 56:
c [Label = 225] Encoding duration: 3545ms.
c [Label = 225] Number of clauses: 3092514.
c [Label = 225] Number of variables: 406529.
c [Signal] Signal interruption. Caught signal: SIGTERM (15).
c [Label = 227] Encoding starts with target value = 56:
c [Label = 227] Encoding duration: 3718ms.
c [Label = 227] Number of clauses: 3211927.
c [Label = 227] Number of variables: 440403.
c [Signal] Signal interruption. Caught signal: SIGTERM (15).
c [Label = 229] Encoding starts with target value = 56:
c [Label = 229] Encoding duration: 3835ms.
c [Label = 229] Number of clauses: 3236028.
c [Label = 229] Number of variables: 442901.
c [Signal] Signal interruption. Caught signal: SIGTERM (15).
c [Label = 226] Encoding starts with target value = 56:
c [Label = 226] Encoding duration: 3687ms.
c [Label = 226] Number of clauses: 3199877.
c [Label = 226] Number of variables: 439154.
c [Signal] Signal interruption. Caught signal: SIGTERM (15).
c [Label = 228] Encoding starts with target value = 56:
c [Label = 228] Encoding duration: 3663ms.
c [Label = 228] Number of clauses: 3223978.
c [Label = 228] Number of variables: 441652.
c [Signal] Signal interruption. Caught signal: SIGTERM (15).
c [Main] Lim pid ends with result: 254.
c [Main] All children have completed.
r [Main] 
r [Main] Final results: 
r [Main] Lowest label SAT:  	230.
r [Main] Highest label UNSAT:	224.
r [Main] Total real time: 1811933 ms.
r [Main] Total memory consumed: 10655.1 MB.
r [Main] 
