c [Version] Minimize Makespan Labeling Encoder version 1.0.0.
c [Param] LB is predefined as 165.
c [Param] UB is predefined as 337.
c [Param] Memory limit is set to 30000.
c [Param] Real time limit is set to 1800.
c [Param] Worker count is set to 8.
c [Param] Max CNF size is set to 10.
c [Main] Search strategy: Iterating from upper bound.
c [Main] Search order: 337 336 335 334 333 332 331 330 329 328 327 326 325 324 323 322 321 320 319 318 317 316 315 314 313 312 311 310 309 308 307 306 305 304 303 302 301 300 299 298 297 296 295 294 293 292 291 290 289 288 287 286 285 284 283 282 281 280 279 278 277 276 275 274 273 272 271 270 269 268 267 266 265 264 263 262 261 260 259 258 257 256 255 254 253 252 251 250 249 248 247 246 245 244 243 242 241 240 239 238 237 236 235 234 233 232 231 230 229 228 227 226 225 224 223 222 221 220 219 218 217 216 215 214 213 212 211 210 209 208 207 206 205 204 203 202 201 200 199 198 197 196 195 194 193 192 191 190 189 188 187 186 185 184 183 182 181 180 179 178 177 176 175 174 173 172 171 170 169 168 167 166 165.
c [Main] Encoding and solving for graph: V-nos6.mtx.rnd.
c [Label = 337] Minimize Makespan Labeling problem (V-nos6.mtx.rnd):
c [Label = 334] Minimize Makespan Labeling problem (V-nos6.mtx.rnd):
c [Label = 333] Minimize Makespan Labeling problem (V-nos6.mtx.rnd):
c [Label = 336] Minimize Makespan Labeling problem (V-nos6.mtx.rnd):
c [Label = 335] Minimize Makespan Labeling problem (V-nos6.mtx.rnd):
c [Label = 330] Minimize Makespan Labeling problem (V-nos6.mtx.rnd):
c [Label = 332] Minimize Makespan Labeling problem (V-nos6.mtx.rnd):
c [Label = 331] Minimize Makespan Labeling problem (V-nos6.mtx.rnd):
c [Label = 337] Encoding starts with target value = 164:
c [Label = 337] Encoding duration: 5491ms.
c [Label = 337] Number of clauses: 3980253.
c [Label = 337] Number of variables: 805913.
c [Label = 337] Solving duration: 1609239 ms.
s [Label = 337] SAT (w = 164).
c [Label = 337]Label assignment: 9 99 325 168 88 182 210 42 18 134 232 318 232 242 164 53 179 87 131 73 312 214 75 154 79 298 174 262 9 182 320 41 138 120 137 323 147 36 335 214 329 207 284 191 283 48 117 84 32 209 317 309 41 200 191 191 205 320 223 259 26 147 232 92 320 272 108 256 249 43 80 322 307 191 232 67 308 51 155 34 290 138 241 174 311 250 129 156 200 295 50 270 218 50 117 163 18 55 306 41 147 36 290 280 41 330 315 138 337 32 13 337 69 23 32 273 329 209 232 107 194 328 246 251 18 321 6 223 154 206 68 76 22 232 38 153 167 59 320 196 250 64 24 209 124 126 311 46 240 328 214 58 214 41 205 225 336 329 37 205 156 221 255 160 291 311 165 77 326 248 203 147 96 156 169 77 320 27 18 16 276 254 134 264 41 171 156 129 77 149 182 125 182 23 223 259 147 101 27 302 177 128 193 144 44 209 178 163 247 138 232 138 138 228 151 97 102 68 173 41 286 181 188 288 59 164 173 164 32 311 68 196 223 189 227 50 250 327 174 3 9 36 83 78 187 337 60 191 173 5 129 175 320 90 61 93 323 301 45 68 111 7 112 68 237 50 41 18 313 9 214 166 196 337 164 82 328 310 132 173 52 214 147 67 268 191 159 164 195 11 70 105 19 225 301 173 156 170 269 125 23 50 271 320 214 128 202 5 191 95 320 74 223 333 316 223 147 233 222 14 182 223 215 9 336 156 18 226 287 86 59 12 274 136 99 329 320 300 182 214 293 173 299 45 23 198 103 327 157 50 156 332 98 217 164 305 45 298 289 320 138 145 297 281 329 173 296 33 208 106 4 265 182 62 77 20 328 223 65 331 59 311 224 281 320 328 8 41 110 196 278 9 1 205 115 267 185 293 72 192 183 311 328 258 8 290 257 156 184 27 182 329 283 74 223 261 27 214 66 254 147 59 29 337 178 156 328 32 114 36 302 130 332 292 121 77 15 104 59 123 337 172 117 332 54 247 303 1 137 197 100 216 165 205 83 63 68 10 289 165 302 126 159 205 135 187 178 200 205 277 220 23 31 49 310 305 293 232 157 294 140 122 1 2 275 199 334 229 147 91 81 196 248 161 17 59 14 263 56 329 156 219 57 150 165 187 164 50 266 302 152 118 213 94 298 311 50 32 200 230 85 332 176 141 299 180 311 148 240 126 9 157 158 125 201 222 164 182 28 253 154 49 59 119 231 196 168 116 9 318 165 139 39 50 60 9 319 238 327 156 302 190 14 212 90 135 119 228 30 245 241 336 252 241 86 337 27 156 164 25 290 205 332 282 113 232 329 250 94 336 292 59 324 196 299 54 191 241 235 165 21 320 18 337 214 172 164 162 260 41 23 241 218 50 47 155 126 86 18 164 241 84 187 59 68 89 257 211 143 238 279 142 264 173 27 32 223 311 127 159 159 187 234 129 337 337 109 146 204 18 205 200 120 236 40 35 186 14 304 164 164 138 314 243 239 244 285 330 163 71 133 329 32 68 75 
c [Main] Lowest label SAT is set to 337.
c [Label = 329] Minimize Makespan Labeling problem (V-nos6.mtx.rnd):
c [Label = 330] Encoding starts with target value = 164:
c [Label = 330] Encoding duration: 5530ms.
c [Label = 330] Number of clauses: 3919980.
c [Label = 330] Number of variables: 795945.
c [Signal] Signal interruption. Caught signal: SIGTERM (15).
c [Label = 331] Encoding starts with target value = 164:
c [Label = 331] Encoding duration: 5390ms.
c [Label = 331] Number of clauses: 3928590.
c [Label = 331] Number of variables: 797369.
c [Signal] Signal interruption. Caught signal: SIGTERM (15).
c [Label = 332] Encoding starts with target value = 164:
c [Label = 332] Encoding duration: 5381ms.
c [Label = 332] Number of clauses: 3937201.
c [Label = 332] Number of variables: 798793.
c [Signal] Signal interruption. Caught signal: SIGTERM (15).
c [Label = 335] Encoding starts with target value = 164:
c [Label = 335] Encoding duration: 5723ms.
c [Label = 335] Number of clauses: 3963032.
c [Label = 335] Number of variables: 803065.
c [Label = 335] Solving duration: 1805194 ms.
s [Label = 335] SAT (w = 164).
c [Label = 335]Label assignment: 63 309 84 239 317 227 201 37 46 298 172 106 178 156 241 26 223 320 255 333 120 189 333 271 326 134 234 151 51 226 91 21 255 276 262 108 255 35 70 186 86 208 112 211 112 32 297 327 28 203 84 98 22 215 220 210 195 93 179 159 39 285 172 327 98 143 297 157 164 37 319 70 129 220 174 7 124 27 264 42 138 276 171 232 122 163 276 274 213 91 18 105 197 17 303 248 56 12 77 21 248 35 119 119 21 96 70 294 66 30 53 70 334 35 28 147 77 204 176 290 206 71 149 155 45 103 70 181 272 208 1 335 48 173 38 248 227 8 99 199 164 5 49 202 255 283 91 31 171 94 187 12 185 22 192 190 83 76 37 194 256 182 156 227 112 121 234 335 77 162 201 269 310 255 220 334 104 40 55 56 112 156 299 142 24 234 241 283 333 241 216 304 227 35 181 159 262 321 50 118 222 269 212 255 34 208 213 265 162 292 175 262 282 176 234 315 318 7 230 23 98 224 218 91 8 255 231 249 29 84 1 199 180 220 177 15 164 100 227 56 63 44 328 320 206 64 13 220 234 49 262 221 115 327 19 324 80 98 32 5 283 63 276 3 169 15 25 56 77 62 186 260 199 70 261 313 77 91 296 234 19 188 281 4 151 220 250 252 213 52 333 276 49 183 98 233 263 241 144 300 35 16 148 84 185 269 206 49 220 322 116 333 180 56 91 179 287 184 183 42 227 179 202 63 95 257 56 190 140 329 9 49 150 269 311 109 77 105 225 186 105 234 125 33 35 213 314 101 242 17 258 74 319 197 248 127 32 132 139 110 288 277 84 133 84 228 137 43 200 269 57 156 227 6 332 47 91 179 5 63 8 123 191 126 114 85 59 22 283 199 105 61 70 193 262 154 213 112 326 213 220 105 87 160 58 132 161 280 216 49 227 97 112 335 178 146 49 185 4 152 275 10 42 65 213 262 84 28 269 44 105 301 73 105 305 335 53 312 11 308 89 241 290 81 26 164 130 67 262 213 315 198 237 192 326 5 2 56 136 240 112 296 245 192 289 206 213 214 192 119 190 35 42 19 91 128 98 172 273 141 248 262 63 68 126 207 77 176 286 325 320 199 164 248 54 8 42 145 12 70 248 196 11 278 246 206 259 15 153 98 255 283 189 323 135 111 14 28 205 175 331 79 220 293 119 227 117 284 171 290 60 267 234 306 206 183 254 217 42 149 270 18 10 276 175 199 238 307 63 107 241 291 31 14 20 63 84 169 102 268 91 219 42 203 316 295 276 176 35 155 169 90 149 169 330 82 49 279 236 49 126 193 75 119 283 173 88 164 324 77 105 11 63 199 131 26 210 167 163 253 42 92 56 77 186 229 235 241 158 21 35 166 197 15 25 248 302 330 56 243 165 328 206 9 2 322 160 196 262 168 98 241 155 234 41 28 182 98 276 244 251 206 170 269 70 69 290 255 209 46 192 206 269 169 38 36 217 42 84 241 247 269 113 162 169 162 105 78 266 327 248 72 28 5 335 
c [Signal] Signal interruption. Caught signal: SIGTERM (15).
c [Label = 333] Encoding starts with target value = 164:
c [Label = 333] Encoding duration: 5385ms.
c [Label = 333] Number of clauses: 3945811.
c [Label = 333] Number of variables: 800217.
c [Signal] Signal interruption. Caught signal: SIGTERM (15).
c [Label = 336] Encoding starts with target value = 164:
c [Label = 336] Encoding duration: 5598ms.
c [Label = 336] Number of clauses: 3971643.
c [Label = 336] Number of variables: 804489.
c [Signal] Signal interruption. Caught signal: SIGTERM (15).
c [Label = 334] Encoding starts with target value = 164:
c [Label = 334] Encoding duration: 5410ms.
c [Label = 334] Number of clauses: 3954422.
c [Label = 334] Number of variables: 801641.
c [Signal] Signal interruption. Caught signal: SIGTERM (15).
c [Main] Lim pid ends with result: 254.
c [Main] All children have completed.
r [Main] 
r [Main] Final results: 
r [Main] Lowest label SAT:  	337.
r [Main] Highest label UNSAT:	-.
r [Main] Total real time: 1812190 ms.
r [Main] Total memory consumed: 12842 MB.
r [Main] 
c [Label = 329] Encoding starts with target value = 164:
c [Label = 329] Encoding duration: 5046ms.
c [Label = 329] Number of clauses: 3583994.
c [Label = 329] Number of variables: 685846.
c [Signal] Signal interruption. Caught signal: SIGTERM (15).
