c [Version] Minimize Makespan Labeling Encoder version 1.0.0.
c [Param] Target value is set to 195.
c [Param] LB is predefined as 196.
c [Param] UB is predefined as 409.
c [Param] Target value is set to Antibandwidth.
c [Param] Vertices mode is set to Has hole.
c [Param] Result verification is ON.
c [Param] Memory limit is set to 30000.
c [Param] Real time limit is set to 1800.
c [Param] Worker count is set to 8.
c [Param] Max CNF size is set to 10.
c [Main] Search strategy: Iterating Breadth First Search (Reverse).
c [Main] Search order: 302 356 248 383 329 275 221 396 369 342 315 288 261 234 208 403 389 376 362 349 335 322 308 295 281 268 254 241 227 214 201 406 399 392 386 379 372 365 359 352 345 338 332 325 318 311 305 298 291 284 278 271 264 257 251 244 237 230 224 217 211 204 198 408 404 401 397 394 390 387 384 381 377 374 370 367 363 360 357 354 350 347 343 340 336 333 330 327 323 320 316 313 309 306 303 300 296 293 289 286 282 279 276 273 269 266 262 259 255 252 249 246 242 239 235 232 228 225 222 219 215 212 209 206 202 199 196 409 407 405 402 400 398 395 393 391 388 385 382 380 378 375 373 371 368 366 364 361 358 355 353 351 348 346 344 341 339 337 334 331 328 326 324 321 319 317 314 312 310 307 304 301 299 297 294 292 290 287 285 283 280 277 274 272 270 267 265 263 260 258 256 253 250 247 245 243 240 238 236 233 231 229 226 223 220 218 216 213 210 207 205 203 200 197.
c [Main] Encoding and solving for graph: S-sherman4.mtx.rnd.
c [Label = 302] Minimize Makespan Labeling problem (S-sherman4.mtx.rnd):
c [Label = 356] Minimize Makespan Labeling problem (S-sherman4.mtx.rnd):
c [Label = 248] Minimize Makespan Labeling problem (S-sherman4.mtx.rnd):
c [Label = 383] Minimize Makespan Labeling problem (S-sherman4.mtx.rnd):
c [Label = 329] Minimize Makespan Labeling problem (S-sherman4.mtx.rnd):
c [Label = 275] Minimize Makespan Labeling problem (S-sherman4.mtx.rnd):
c [Label = 396] Minimize Makespan Labeling problem (S-sherman4.mtx.rnd):
c [Label = 221] Minimize Makespan Labeling problem (S-sherman4.mtx.rnd):
c [Label = 221] Encoding starts with target value = 195:
c [Label = 221] Encoding duration: 1461ms.
c [Label = 221] Number of clauses: 634621.
c [Label = 221] Number of variables: 240360.
c [Label = 221] Solving duration: 6 ms.
s [Label = 221] SAT (w = 195).
c [Label = 221] Label assignment: 26 26 221 221 221 26 26 26 26 26 221 26 26 221 26 26 26 221 221 221 26 221 221 26 221 221 26 26 26 221 221 221 221 221 26 26 221 26 221 26 26 221 26 221 221 221 221 221 221 221 221 221 26 26 221 26 26 221 221 221 221 221 221 221 221 26 221 26 221 26 221 26 26 26 26 26 26 221 26 26 221 221 26 221 26 26 221 26 26 26 26 26 221 221 26 221 26 221 221 221 221 26 26 221 221 221 221 26 221 26 221 26 26 26 26 221 221 221 221 221 26 221 221 221 221 221 221 26 221 221 26 221 221 221 221 26 26 221 26 221 221 221 26 26 26 26 26 26 221 26 26 221 26 26 221 221 221 221 26 26 26 26 221 26 221 221 26 221 26 26 26 26 221 221 26 221 221 221 26 26 26 26 26 26 26 221 221 221 221 26 26 221 26 221 221 221 26 26 26 221 26 26 26 221 221 221 26 26 221 26 26 221 26 221 26 26 221 26 221 221 221 221 26 26 26 221 26 221 221 26 221 26 26 221 221 221 221 26 26 26 221 221 26 26 221 221 221 221 26 26 26 26 221 221 221 221 26 221 221 26 26 221 26 26 221 221 221 221 221 221 26 221 221 26 26 26 221 26 221 221 221 26 221 26 221 221 26 221 221 26 26 221 221 221 221 221 26 26 221 221 26 26 26 26 26 221 26 26 26 26 221 221 26 221 26 221 26 26 221 26 221 221 26 26 221 26 26 221 221 26 26 26 221 221 221 221 221 221 26 26 221 221 26 221 221 26 221 26 221 26 26 26 221 26 221 26 26 26 26 26 26 26 26 221 26 221 221 221 221 26 221 26 26 26 26 221 26 26 221 26 26 26 221 221 221 26 221 26 26 26 26 221 26 221 221 221 26 26 26 221 221 221 26 26 221 26 221 26 26 221 26 221 221 221 221 26 26 26 221 26 26 26 26 221 221 221 26 26 26 26 221 26 26 221 221 221 221 26 221 221 26 26 221 26 26 26 221 26 26 221 26 221 221 221 221 26 26 26 26 26 221 221 26 26 221 26 221 221 221 221 26 221 221 26 26 221 26 221 26 221 221 26 26 221 26 26 26 26 221 26 26 26 26 221 26 221 26 221 26 26 221 26 221 221 221 221 221 221 26 221 221 221 221 221 221 221 26 221 26 221 26 26 26 221 26 26 221 221 221 26 221 26 26 221 221 26 26 26 221 26 26 26 26 1 221 221 
c [Label = 275] Encoding starts with target value = 195:
c [Signal] Signal interruption. Caught signal: SIGTERM (15).
c [Label = 329] Encoding starts with target value = 195:
c [Signal] Signal interruption. Caught signal: SIGTERM (15).
c [Label = 383] Encoding starts with target value = 195:
c [Signal] Signal interruption. Caught signal: SIGTERM (15).
c [Label = 248] Encoding starts with target value = 195:
c [Label = 248] Encoding duration: 1668ms.
c [Label = 248] Number of clauses: 853173.
c [Label = 248] Number of variables: 269844.
c [Label = 248] Solving duration: 13 ms.
s [Label = 248] SAT (w = 195).
c [Label = 248] Label assignment: 53 53 248 248 248 53 53 53 53 53 248 53 53 248 53 53 53 248 248 248 53 248 248 53 248 248 53 53 53 248 248 248 248 248 53 53 248 53 248 53 53 248 53 248 248 248 248 248 248 248 248 248 53 53 248 53 53 248 248 248 248 248 248 248 248 53 248 53 248 53 248 53 53 53 53 53 53 248 53 53 248 248 53 248 53 53 248 53 53 53 53 53 248 248 53 248 53 248 248 248 248 53 53 248 248 248 248 53 248 53 248 53 53 53 53 248 248 248 248 248 53 248 248 248 248 248 248 53 248 248 53 248 248 248 248 53 53 248 53 248 248 248 53 53 53 53 53 53 248 53 53 248 53 53 248 248 248 248 53 53 53 53 248 53 248 248 53 248 53 53 53 53 248 248 53 248 248 248 53 53 53 53 53 53 53 248 248 248 248 53 53 248 53 248 248 248 53 53 53 248 53 53 53 248 248 248 53 53 248 53 53 248 53 248 53 53 248 53 248 248 248 248 53 53 53 248 53 248 248 53 248 53 53 248 248 248 248 53 53 53 248 248 53 53 248 248 248 248 53 53 53 53 248 248 248 248 53 248 248 53 53 248 53 53 248 248 248 248 248 248 53 248 248 53 53 53 248 53 248 248 248 53 248 53 248 248 53 248 248 53 53 248 248 248 248 248 53 53 248 248 53 53 53 53 53 248 53 53 53 53 248 248 53 248 53 248 53 53 248 53 248 248 53 53 248 53 53 248 248 53 53 53 248 248 248 248 248 248 53 53 248 248 53 248 248 53 248 53 248 53 53 53 248 53 248 53 53 53 53 53 53 53 53 248 53 248 248 248 248 53 248 53 53 53 53 248 53 53 248 53 53 53 248 248 248 53 248 53 53 53 53 248 53 248 248 248 53 53 53 248 248 248 53 53 248 53 248 53 53 248 53 248 248 248 248 53 53 53 248 53 53 53 53 248 248 248 53 53 53 53 248 53 53 248 248 248 248 53 248 248 53 53 248 53 53 53 248 53 53 248 53 248 248 248 248 53 53 53 53 53 248 248 53 53 248 53 248 248 248 248 53 248 248 53 53 248 53 248 53 248 248 53 53 248 53 53 53 53 248 53 53 53 53 248 53 248 53 248 53 53 248 53 248 248 248 248 248 248 53 248 248 248 248 248 248 248 53 248 53 248 53 53 53 248 53 53 248 248 248 53 248 53 53 248 248 53 53 53 248 53 53 53 53 1 248 248 
c [Signal] Signal interruption. Caught signal: SIGTERM (15).
c [Label = 356] Encoding starts with target value = 195:
c [Signal] Signal interruption. Caught signal: SIGTERM (15).
c [Main] Lowest label SAT is set to 221.
c [Main] Kill higher label pid 275.
c [Main] Kill higher label pid 329.
c [Main] Kill higher label pid 396.
c [Main] Kill higher label pid 383.
c [Main] Kill higher label pid 248.
c [Main] Kill higher label pid 356.
c [Main] Kill higher label pid 302.
c [Label = 302] Encoding starts with target value = 195:
c [Signal] Signal interruption. Caught signal: SIGTERM (15).
c [Label = 396] Encoding starts with target value = 195:
c [Signal] Signal interruption. Caught signal: SIGTERM (15).
c [Label = 208] Minimize Makespan Labeling problem (S-sherman4.mtx.rnd):
c [Main] Child pid 248 - 22206 terminated by signal 15.
c [Main] Child pid 383 - 22207 terminated by signal 15.
c [Main] Child pid 275 - 22209 terminated by signal 15.
c [Label = 217] Minimize Makespan Labeling problem (S-sherman4.mtx.rnd):
c [Label = 214] Minimize Makespan Labeling problem (S-sherman4.mtx.rnd):
c [Label = 201] Minimize Makespan Labeling problem (S-sherman4.mtx.rnd):
c [Main] Child pid 302 - 22204 terminated by signal 15.
c [Label = 211] Minimize Makespan Labeling problem (S-sherman4.mtx.rnd):
c [Main] Child pid 396 - 22211 terminated by signal 15.
c [Main] Child pid 356 - 22205 terminated by signal 15.
c [Main] Child pid 329 - 22208 terminated by signal 15.
c [Label = 204] Minimize Makespan Labeling problem (S-sherman4.mtx.rnd):
c [Label = 198] Minimize Makespan Labeling problem (S-sherman4.mtx.rnd):
c [Label = 219] Minimize Makespan Labeling problem (S-sherman4.mtx.rnd):
c [Label = 198] Encoding starts with target value = 195:
c [Label = 198] Encoding duration: 990ms.
c [Label = 198] Number of clauses: 448448.
c [Label = 198] Number of variables: 215244.
c [Label = 198] Solving duration: 1 ms.
s [Label = 198] SAT (w = 195).
c [Label = 198] Label assignment: 3 3 198 198 198 3 3 3 3 3 198 3 3 198 3 3 3 198 198 198 3 198 198 3 198 198 3 3 3 198 198 198 198 198 3 3 198 3 198 3 3 198 3 198 198 198 198 198 198 198 198 198 3 3 198 3 3 198 198 198 198 198 198 198 198 3 198 3 198 3 198 3 3 3 3 3 3 198 3 3 198 198 3 198 3 3 198 3 3 3 3 3 198 198 3 198 3 198 198 198 198 3 3 198 198 198 198 3 198 3 198 3 3 3 3 198 198 198 198 198 3 198 198 198 198 198 198 3 198 198 3 198 198 198 198 3 3 198 3 198 198 198 3 3 3 3 3 3 198 3 3 198 3 3 198 198 198 198 3 3 3 3 198 3 198 198 3 198 3 3 3 3 198 198 3 198 198 198 3 3 3 3 3 3 3 198 198 198 198 3 3 198 3 198 198 198 3 3 3 198 3 3 3 198 198 198 3 3 198 3 3 198 3 198 3 3 198 3 198 198 198 198 3 3 3 198 3 198 198 3 198 3 3 198 198 198 198 3 3 3 198 198 3 3 198 198 198 198 3 3 3 3 198 198 198 198 3 198 198 3 3 198 3 3 198 198 198 198 198 198 3 198 198 3 3 3 198 3 198 198 198 3 198 3 198 198 3 198 198 3 3 198 198 198 198 198 3 3 198 198 3 3 3 3 3 198 3 3 3 3 198 198 3 198 3 198 3 3 198 3 198 198 3 3 198 3 3 198 198 3 3 3 198 198 198 198 198 198 3 3 198 198 3 198 198 3 198 3 198 3 3 3 198 3 198 3 3 3 3 3 3 3 3 198 3 198 198 198 198 3 198 3 3 3 3 198 3 3 198 3 3 3 198 198 198 3 198 3 3 3 3 198 3 198 198 198 3 3 3 198 198 198 3 3 198 3 198 3 3 198 3 198 198 198 198 3 3 3 198 3 3 3 3 198 198 198 3 3 3 3 198 3 3 198 198 198 198 3 198 198 3 3 198 3 3 3 198 3 3 198 3 198 198 198 198 3 3 3 3 3 198 198 3 3 198 3 198 198 198 198 3 198 198 3 3 198 3 198 3 198 198 3 3 198 3 3 3 3 198 3 3 3 3 198 3 198 3 198 3 3 198 3 198 198 198 198 198 198 3 198 198 198 198 198 198 198 3 198 3 198 3 3 3 198 3 3 198 198 198 3 198 3 3 198 198 3 3 3 198 3 3 3 3 1 198 198 
c [Label = 219] Encoding starts with target value = 195:
c [Signal] Signal interruption. Caught signal: SIGTERM (15).
c [Label = 211] Encoding starts with target value = 195:
c [Label = 211] Encoding duration: 1145ms.
c [Label = 211] Number of clauses: 553676.
c [Label = 211] Number of variables: 229440.
c [Label = 211] Solving duration: 4 ms.
s [Label = 211] SAT (w = 195).
c [Label = 211] Label assignment: 16 16 211 211 211 16 16 16 16 16 211 16 16 211 16 16 16 211 211 211 16 211 211 16 211 211 16 16 16 211 211 211 211 211 16 16 211 16 211 16 16 211 16 211 211 211 211 211 211 211 211 211 16 16 211 16 16 211 211 211 211 211 211 211 211 16 211 16 211 16 211 16 16 16 16 16 16 211 16 16 211 211 16 211 16 16 211 16 16 16 16 16 211 211 16 211 16 211 211 211 211 16 16 211 211 211 211 16 211 16 211 16 16 16 16 211 211 211 211 211 16 211 211 211 211 211 211 16 211 211 16 211 211 211 211 16 16 211 16 211 211 211 16 16 16 16 16 16 211 16 16 211 16 16 211 211 211 211 16 16 16 16 211 16 211 211 16 211 16 16 16 16 211 211 16 211 211 211 16 16 16 16 16 16 16 211 211 211 211 16 16 211 16 211 211 211 16 16 16 211 16 16 16 211 211 211 16 16 211 16 16 211 16 211 16 16 211 16 211 211 211 211 16 16 16 211 16 211 211 16 211 16 16 211 211 211 211 16 16 16 211 211 16 16 211 211 211 211 16 16 16 16 211 211 211 211 16 211 211 16 16 211 16 16 211 211 211 211 211 211 16 211 211 16 16 16 211 16 211 211 211 16 211 16 211 211 16 211 211 16 16 211 211 211 211 211 16 16 211 211 16 16 16 16 16 211 16 16 16 16 211 211 16 211 16 211 16 16 211 16 211 211 16 16 211 16 16 211 211 16 16 16 211 211 211 211 211 211 16 16 211 211 16 211 211 16 211 16 211 16 16 16 211 16 211 16 16 16 16 16 16 16 16 211 16 211 211 211 211 16 211 16 16 16 16 211 16 16 211 16 16 16 211 211 211 16 211 16 16 16 16 211 16 211 211 211 16 16 16 211 211 211 16 16 211 16 211 16 16 211 16 211 211 211 211 16 16 16 211 16 16 16 16 211 211 211 16 16 16 16 211 16 16 211 211 211 211 16 211 211 16 16 211 16 16 16 211 16 16 211 16 211 211 211 211 16 16 16 16 16 211 211 16 16 211 16 211 211 211 211 16 211 211 16 16 211 16 211 16 211 211 16 16 211 16 16 16 16 211 16 16 16 16 211 16 211 16 211 16 16 211 16 211 211 211 211 211 211 16 211 211 211 211 211 211 211 16 211 16 211 16 16 16 211 16 16 211 211 211 16 211 16 16 211 211 16 16 16 211 16 16 16 16 1 211 211 
c [Signal] Signal interruption. Caught signal: SIGTERM (15).
c [Label = 204] Encoding starts with target value = 195:
c [Label = 204] Encoding duration: 1047ms.
c [Label = 204] Number of clauses: 497015.
c [Label = 204] Number of variables: 221796.
c [Label = 204] Solving duration: 3 ms.
s [Label = 204] SAT (w = 195).
c [Label = 204] Label assignment: 9 9 204 204 204 9 9 9 9 9 204 9 9 204 9 9 9 204 204 204 9 204 204 9 204 204 9 9 9 204 204 204 204 204 9 9 204 9 204 9 9 204 9 204 204 204 204 204 204 204 204 204 9 9 204 9 9 204 204 204 204 204 204 204 204 9 204 9 204 9 204 9 9 9 9 9 9 204 9 9 204 204 9 204 9 9 204 9 9 9 9 9 204 204 9 204 9 204 204 204 204 9 9 204 204 204 204 9 204 9 204 9 9 9 9 204 204 204 204 204 9 204 204 204 204 204 204 9 204 204 9 204 204 204 204 9 9 204 9 204 204 204 9 9 9 9 9 9 204 9 9 204 9 9 204 204 204 204 9 9 9 9 204 9 204 204 9 204 9 9 9 9 204 204 9 204 204 204 9 9 9 9 9 9 9 204 204 204 204 9 9 204 9 204 204 204 9 9 9 204 9 9 9 204 204 204 9 9 204 9 9 204 9 204 9 9 204 9 204 204 204 204 9 9 9 204 9 204 204 9 204 9 9 204 204 204 204 9 9 9 204 204 9 9 204 204 204 204 9 9 9 9 204 204 204 204 9 204 204 9 9 204 9 9 204 204 204 204 204 204 9 204 204 9 9 9 204 9 204 204 204 9 204 9 204 204 9 204 204 9 9 204 204 204 204 204 9 9 204 204 9 9 9 9 9 204 9 9 9 9 204 204 9 204 9 204 9 9 204 9 204 204 9 9 204 9 9 204 204 9 9 9 204 204 204 204 204 204 9 9 204 204 9 204 204 9 204 9 204 9 9 9 204 9 204 9 9 9 9 9 9 9 9 204 9 204 204 204 204 9 204 9 9 9 9 204 9 9 204 9 9 9 204 204 204 9 204 9 9 9 9 204 9 204 204 204 9 9 9 204 204 204 9 9 204 9 204 9 9 204 9 204 204 204 204 9 9 9 204 9 9 9 9 204 204 204 9 9 9 9 204 9 9 204 204 204 204 9 204 204 9 9 204 9 9 9 204 9 9 204 9 204 204 204 204 9 9 9 9 9 204 204 9 9 204 9 204 204 204 204 9 204 204 9 9 204 9 204 9 204 204 9 9 204 9 9 9 9 204 9 9 9 9 204 9 204 9 204 9 9 204 9 204 204 204 204 204 204 9 204 204 204 204 204 204 204 9 204 9 204 9 9 9 204 9 9 204 204 204 9 204 9 9 204 204 9 9 9 204 9 9 9 9 1 204 204 
c [Signal] Signal interruption. Caught signal: SIGTERM (15).
c [Label = 217] Encoding starts with target value = 195:
c [Signal] Signal interruption. Caught signal: SIGTERM (15).
c [Label = 208] Encoding starts with target value = 195:
c [Label = 208] Encoding duration: 1133ms.
c [Label = 208] Number of clauses: 529393.
c [Label = 208] Number of variables: 226164.
c [Label = 208] Solving duration: 3 ms.
s [Label = 208] SAT (w = 195).
c [Label = 208] Label assignment: 13 13 208 208 208 13 13 13 13 13 208 13 13 208 13 13 13 208 208 208 13 208 208 13 208 208 13 13 13 208 208 208 208 208 13 13 208 13 208 13 13 208 13 208 208 208 208 208 208 208 208 208 13 13 208 13 13 208 208 208 208 208 208 208 208 13 208 13 208 13 208 13 13 13 13 13 13 208 13 13 208 208 13 208 13 13 208 13 13 13 13 13 208 208 13 208 13 208 208 208 208 13 13 208 208 208 208 13 208 13 208 13 13 13 13 208 208 208 208 208 13 208 208 208 208 208 208 13 208 208 13 208 208 208 208 13 13 208 13 208 208 208 13 13 13 13 13 13 208 13 13 208 13 13 208 208 208 208 13 13 13 13 208 13 208 208 13 208 13 13 13 13 208 208 13 208 208 208 13 13 13 13 13 13 13 208 208 208 208 13 13 208 13 208 208 208 13 13 13 208 13 13 13 208 208 208 13 13 208 13 13 208 13 208 13 13 208 13 208 208 208 208 13 13 13 208 13 208 208 13 208 13 13 208 208 208 208 13 13 13 208 208 13 13 208 208 208 208 13 13 13 13 208 208 208 208 13 208 208 13 13 208 13 13 208 208 208 208 208 208 13 208 208 13 13 13 208 13 208 208 208 13 208 13 208 208 13 208 208 13 13 208 208 208 208 208 13 13 208 208 13 13 13 13 13 208 13 13 13 13 208 208 13 208 13 208 13 13 208 13 208 208 13 13 208 13 13 208 208 13 13 13 208 208 208 208 208 208 13 13 208 208 13 208 208 13 208 13 208 13 13 13 208 13 208 13 13 13 13 13 13 13 13 208 13 208 208 208 208 13 208 13 13 13 13 208 13 13 208 13 13 13 208 208 208 13 208 13 13 13 13 208 13 208 208 208 13 13 13 208 208 208 13 13 208 13 208 13 13 208 13 208 208 208 208 13 13 13 208 13 13 13 13 208 208 208 13 13 13 13 208 13 13 208 208 208 208 13 208 208 13 13 208 13 13 13 208 13 13 208 13 208 208 208 208 13 13 13 13 13 208 208 13 13 208 13 208 208 208 208 13 208 208 13 13 208 13 208 13 208 208 13 13 208 13 13 13 13 208 13 13 13 13 208 13 208 13 208 13 13 208 13 208 208 208 208 208 208 13 208 208 208 208 208 208 208 13 208 13 208 13 13 13 208 13 13 208 208 208 13 208 13 13 208 208 13 13 13 208 13 13 13 13 1 208 208 
c [Signal] Signal interruption. Caught signal: SIGTERM (15).
c [Main] Lowest label SAT is set to 198.
c [Main] Kill higher label pid 219.
c [Main] Kill higher label pid 211.
c [Main] Kill higher label pid 204.
c [Main] Kill higher label pid 217.
c [Main] Kill higher label pid 208.
c [Main] Kill higher label pid 201.
c [Main] Kill higher label pid 214.
c [Label = 201] Encoding starts with target value = 195:
c [Label = 201] Encoding duration: 1021ms.
c [Label = 201] Number of clauses: 472731.
c [Label = 201] Number of variables: 218520.
c [Label = 201] Solving duration: 2 ms.
s [Label = 201] SAT (w = 195).
c [Label = 201] Label assignment: 6 6 201 201 201 6 6 6 6 6 201 6 6 201 6 6 6 201 201 201 6 201 201 6 201 201 6 6 6 201 201 201 201 201 6 6 201 6 201 6 6 201 6 201 201 201 201 201 201 201 201 201 6 6 201 6 6 201 201 201 201 201 201 201 201 6 201 6 201 6 201 6 6 6 6 6 6 201 6 6 201 201 6 201 6 6 201 6 6 6 6 6 201 201 6 201 6 201 201 201 201 6 6 201 201 201 201 6 201 6 201 6 6 6 6 201 201 201 201 201 6 201 201 201 201 201 201 6 201 201 6 201 201 201 201 6 6 201 6 201 201 201 6 6 6 6 6 6 201 6 6 201 6 6 201 201 201 201 6 6 6 6 201 6 201 201 6 201 6 6 6 6 201 201 6 201 201 201 6 6 6 6 6 6 6 201 201 201 201 6 6 201 6 201 201 201 6 6 6 201 6 6 6 201 201 201 6 6 201 6 6 201 6 201 6 6 201 6 201 201 201 201 6 6 6 201 6 201 201 6 201 6 6 201 201 201 201 6 6 6 201 201 6 6 201 201 201 201 6 6 6 6 201 201 201 201 6 201 201 6 6 201 6 6 201 201 201 201 201 201 6 201 201 6 6 6 201 6 201 201 201 6 201 6 201 201 6 201 201 6 6 201 201 201 201 201 6 6 201 201 6 6 6 6 6 201 6 6 6 6 201 201 6 201 6 201 6 6 201 6 201 201 6 6 201 6 6 201 201 6 6 6 201 201 201 201 201 201 6 6 201 201 6 201 201 6 201 6 201 6 6 6 201 6 201 6 6 6 6 6 6 6 6 201 6 201 201 201 201 6 201 6 6 6 6 201 6 6 201 6 6 6 201 201 201 6 201 6 6 6 6 201 6 201 201 201 6 6 6 201 201 201 6 6 201 6 201 6 6 201 6 201 201 201 201 6 6 6 201 6 6 6 6 201 201 201 6 6 6 6 201 6 6 201 201 201 201 6 201 201 6 6 201 6 6 6 201 6 6 201 6 201 201 201 201 6 6 6 6 6 201 201 6 6 201 6 201 201 201 201 6 201 201 6 6 201 6 201 6 201 201 6 6 201 6 6 6 6 201 6 6 6 6 201 6 201 6 201 6 6 201 6 201 201 201 201 201 201 6 201 201 201 201 201 201 201 6 201 6 201 6 6 6 201 6 6 201 201 201 6 201 6 6 201 201 6 6 6 201 6 6 6 6 1 201 201 
c [Signal] Signal interruption. Caught signal: SIGTERM (15).
c [Label = 214] Encoding starts with target value = 195:
c [Label = 214] Encoding duration: 1193ms.
c [Label = 214] Number of clauses: 577960.
c [Label = 214] Number of variables: 232716.
c [Label = 214] Solving duration: 6 ms.
s [Label = 214] SAT (w = 195).
c [Signal] Signal interruption. Caught signal: SIGTERM (15).
c [Label = 196] Minimize Makespan Labeling problem (S-sherman4.mtx.rnd):
c [Main] Child pid 204 - 22217 terminated by signal 15.
c [Main] Child pid 201 - 22214 terminated by signal 15.
c [Label = 197] Minimize Makespan Labeling problem (S-sherman4.mtx.rnd):
c [Main] Child pid 208 - 22212 terminated by signal 15.
c [Main] Child pid 211 - 22216 terminated by signal 15.
c [Main] Child pid 214 - 22213 terminated by signal 15.
c [Main] Child pid 219 - 22219 terminated by signal 15.
c [Main] Child pid 217 - 22215 terminated by signal 15.
c [Label = 196] Encoding starts with target value = 195:
c [Label = 196] Encoding duration: 636ms.
c [Label = 196] Number of clauses: 432259.
c [Label = 196] Number of variables: 213060.
c [Label = 196] Solving duration: 7 ms.
s [Label = 196] SAT (w = 195).
c [Label = 196] Label assignment: 1 1 196 196 196 1 1 1 1 1 196 1 1 196 1 1 1 196 196 196 1 196 196 1 196 196 1 1 1 196 196 196 196 196 1 1 196 1 196 1 1 196 1 196 196 196 196 196 196 196 196 196 1 1 196 1 1 196 196 196 196 196 196 196 196 1 196 1 196 1 196 1 1 1 1 1 1 196 1 1 196 196 1 196 1 1 196 1 1 1 1 1 196 196 1 196 1 196 196 196 196 1 1 196 196 196 196 1 196 1 196 1 1 1 1 196 196 196 196 196 1 196 196 196 196 196 196 1 196 196 1 196 196 196 196 1 1 196 1 196 196 196 1 1 1 1 1 1 196 1 1 196 1 1 196 196 196 196 1 1 1 1 196 1 196 196 1 196 1 1 1 1 196 196 1 196 196 196 1 1 1 1 1 1 1 196 196 196 196 1 1 196 1 196 196 196 1 1 1 196 1 1 1 196 196 196 1 1 196 1 1 196 1 196 1 1 196 1 196 196 196 196 1 1 1 196 1 196 196 1 196 1 1 196 196 196 196 1 1 1 196 196 1 1 196 196 196 196 1 1 1 1 196 196 196 196 1 196 196 1 1 196 1 1 196 196 196 196 196 196 1 196 196 1 1 1 196 1 196 196 196 1 196 1 196 196 1 196 196 1 1 196 196 196 196 196 1 1 196 196 1 1 1 1 1 196 1 1 1 1 196 196 1 196 1 196 1 1 196 1 196 196 1 1 196 1 1 196 196 1 1 1 196 196 196 196 196 196 1 1 196 196 1 196 196 1 196 1 196 1 1 1 196 1 196 1 1 1 1 1 1 1 1 196 1 196 196 196 196 1 196 1 1 1 1 196 1 1 196 1 1 1 196 196 196 1 196 1 1 1 1 196 1 196 196 196 1 1 1 196 196 196 1 1 196 1 196 1 1 196 1 196 196 196 196 1 1 1 196 1 1 1 1 196 196 196 1 1 1 1 196 1 1 196 196 196 196 1 196 196 1 1 196 1 1 1 196 1 1 196 1 196 196 196 196 1 1 1 1 1 196 196 1 1 196 1 196 196 196 196 1 196 196 1 1 196 1 196 1 196 196 1 1 196 1 1 1 1 196 1 1 1 1 196 1 196 1 196 1 1 196 1 196 196 196 196 196 196 1 196 196 196 196 196 196 196 1 196 1 196 1 1 1 196 1 1 196 196 196 1 196 1 1 196 196 1 1 1 196 1 1 1 1 1 196 196 
c [Main] Lowest label SAT is set to 196.
c [Main] Kill higher label pid 197.
c [Label = 197] Encoding starts with target value = 195:
c [Label = 197] Encoding duration: 629ms.
c [Label = 197] Number of clauses: 440353.
c [Label = 197] Number of variables: 214152.
c [Label = 197] Solving duration: 0 ms.
s [Label = 197] SAT (w = 195).
c [Label = 197] Label assignment: 2 2 197 197 197 2 2 2 2 2 197 2 2 197 2 2 2 197 197 197 2 197 197 2 197 197 2 2 2 197 197 197 197 197 2 2 197 2 197 2 2 197 2 197 197 197 197 197 197 197 197 197 2 2 197 2 2 197 197 197 197 197 197 197 197 2 197 2 197 2 197 2 2 2 2 2 2 197 2 2 197 197 2 197 2 2 197 2 2 2 2 2 197 197 2 197 2 197 197 197 197 2 2 197 197 197 197 2 197 2 197 2 2 2 2 197 197 197 197 197 2 197 197 197 197 197 197 2 197 197 2 197 197 197 197 2 2 197 2 197 197 197 2 2 2 2 2 2 197 2 2 197 2 2 197 197 197 197 2 2 2 2 197 2 197 197 2 197 2 2 2 2 197 197 2 197 197 197 2 2 2 2 2 2 2 197 197 197 197 2 2 197 2 197 197 197 2 2 2 197 2 2 2 197 197 197 2 2 197 2 2 197 2 197 2 2 197 2 197 197 197 197 2 2 2 197 2 197 197 2 197 2 2 197 197 197 197 2 2 2 197 197 2 2 197 197 197 197 2 2 2 2 197 197 197 197 2 197 197 2 2 197 2 2 197 197 197 197 197 197 2 197 197 2 2 2 197 2 197 197 197 2 197 2 197 197 2 197 197 2 2 197 197 197 197 197 2 2 197 197 2 2 2 2 2 197 2 2 2 2 197 197 2 197 2 197 2 2 197 2 197 197 2 2 197 2 2 197 197 2 2 2 197 197 197 197 197 197 2 2 197 197 2 197 197 2 197 2 197 2 2 2 197 2 197 2 2 2 2 2 2 2 2 197 2 197 197 197 197 2 197 2 2 2 2 197 2 2 197 2 2 2 197 197 197 2 197 2 2 2 2 197 2 197 197 197 2 2 2 197 197 197 2 2 197 2 197 2 2 197 2 197 197 197 197 2 2 2 197 2 2 2 2 197 197 197 2 2 2 2 197 2 2 197 197 197 197 2 197 197 2 2 197 2 2 2 197 2 2 197 2 197 197 197 197 2 2 2 2 2 197 197 2 2 197 2 197 197 197 197 2 197 197 2 2 197 2 197 2 197 197 2 2 197 2 2 2 2 197 2 2 2 2 197 2 197 2 197 2 2 197 2 197 197 197 197 197 197 2 197 197 197 197 197 197 197 2 197 2 197 2 2 2 197 2 2 197 197 197 2 197 2 2 197 197 2 2 2 197 2 2 2 2 1 197 197 
c [Signal] Signal interruption. Caught signal: SIGTERM (15).
c [Main] Child pid 197 - 22221 terminated by signal 15.
c [Signal] Signal interruption. Caught signal: SIGTERM (15).
c [Main] All children have completed.
r [Main] 
r [Main] Final results: 
r [Main] Lowest label SAT:  	196.
r [Main] Highest label UNSAT:	-.
r [Main] Total real time: 3777 ms.
r [Main] Total memory consumed: 2165.5 MB.
r [Main] 
