c [Version] Minimize Makespan Labeling Encoder version 1.0.0.
c [Param] Target value is set to 17.
c [Param] LB is predefined as 18.
c [Param] UB is predefined as 210.
c [Param] Target value is set to Antibandwidth.
c [Param] Vertices mode is set to Has hole.
c [Param] Result verification is ON.
c [Param] Memory limit is set to 30000.
c [Param] Real time limit is set to 1800.
c [Param] Worker count is set to 8.
c [Param] Max CNF size is set to 10.
c [Main] Search strategy: Iterating from upper bound.
c [Main] Search order: 210 209 208 207 206 205 204 203 202 201 200 199 198 197 196 195 194 193 192 191 190 189 188 187 186 185 184 183 182 181 180 179 178 177 176 175 174 173 172 171 170 169 168 167 166 165 164 163 162 161 160 159 158 157 156 155 154 153 152 151 150 149 148 147 146 145 144 143 142 141 140 139 138 137 136 135 134 133 132 131 130 129 128 127 126 125 124 123 122 121 120 119 118 117 116 115 114 113 112 111 110 109 108 107 106 105 104 103 102 101 100 99 98 97 96 95 94 93 92 91 90 89 88 87 86 85 84 83 82 81 80 79 78 77 76 75 74 73 72 71 70 69 68 67 66 65 64 63 62 61 60 59 58 57 56 55 54 53 52 51 50 49 48 47 46 45 44 43 42 41 40 39 38 37 36 35 34 33 32 31 30 29 28 27 26 25 24 23 22 21 20 19 18.
c [Main] Encoding and solving for graph: N-bcsstk07.mtx.rnd.
c [Label = 208] Minimize Makespan Labeling problem (N-bcsstk07.mtx.rnd):
c [Label = 209] Minimize Makespan Labeling problem (N-bcsstk07.mtx.rnd):
c [Label = 210] Minimize Makespan Labeling problem (N-bcsstk07.mtx.rnd):
c [Label = 205] Minimize Makespan Labeling problem (N-bcsstk07.mtx.rnd):
c [Label = 206] Minimize Makespan Labeling problem (N-bcsstk07.mtx.rnd):
c [Label = 207] Minimize Makespan Labeling problem (N-bcsstk07.mtx.rnd):
c [Label = 203] Minimize Makespan Labeling problem (N-bcsstk07.mtx.rnd):
c [Label = 204] Minimize Makespan Labeling problem (N-bcsstk07.mtx.rnd):
c [Label = 210] Encoding starts with target value = 17:
c [Label = 210] Encoding duration: 5324ms.
c [Label = 210] Number of clauses: 3415759.
c [Label = 210] Number of variables: 240752.
c [Label = 210] Solving duration: 12082 ms.
s [Label = 210] SAT (w = 17).
c [Label = 210] Label assignment: 209 209 209 209 192 209 209 209 209 209 209 209 209 192 209 209 209 209 209 104 192 22 192 192 192 209 209 192 209 175 192 158 192 175 175 192 209 192 141 192 175 209 192 158 175 192 175 209 192 209 192 209 175 192 175 175 209 175 175 158 158 158 158 175 209 158 192 141 141 192 158 175 192 158 192 124 192 192 175 192 209 158 175 209 192 141 158 124 192 158 158 141 158 192 192 141 158 158 209 209 124 158 141 175 209 175 192 124 124 209 209 158 192 192 209 124 158 87 107 158 209 56 107 141 141 209 158 141 141 141 141 175 22 141 175 141 209 158 141 209 158 124 141 124 175 124 124 192 192 158 192 175 124 2 158 124 192 158 141 158 141 192 107 107 124 107 107 175 107 90 175 158 209 124 90 70 107 175 175 192 141 209 107 141 124 124 90 209 141 175 192 175 107 124 73 107 192 175 107 175 90 107 141 192 209 56 90 141 124 158 107 107 90 73 209 70 175 141 90 124 73 90 175 56 124 107 107 141 56 107 90 56 209 124 73 90 124 39 209 90 107 124 141 124 209 175 70 73 158 73 124 107 158 124 107 175 209 90 107 53 90 22 90 73 192 39 56 192 2 209 73 124 158 209 73 175 209 73 36 36 73 141 39 209 90 158 107 73 124 73 90 90 19 22 56 36 124 158 56 19 73 107 19 19 107 56 90 192 56 73 2 39 2 158 39 107 192 90 73 141 22 36 124 90 90 73 107 90 90 73 209 22 53 107 90 124 107 73 175 39 73 56 56 107 90 192 73 158 141 175 2 39 124 56 36 209 56 175 90 56 90 56 141 39 158 192 73 56 107 2 22 19 2 53 53 90 209 124 56 107 22 39 22 56 192 56 2 73 209 209 39 209 90 39 2 2 209 39 192 56 39 175 175 73 141 39 22 73 141 39 39 73 1 39 210 39 1 22 22 1 
c [Main] Lowest label SAT is set to 210.
c [Label = 202] Minimize Makespan Labeling problem (N-bcsstk07.mtx.rnd):
c [Label = 209] Encoding starts with target value = 17:
c [Label = 209] Encoding duration: 5250ms.
c [Label = 209] Number of clauses: 3398778.
c [Label = 209] Number of variables: 239912.
c [Label = 209] Solving duration: 15644 ms.
s [Label = 209] SAT (w = 17).
c [Label = 209] Label assignment: 208 208 208 208 191 208 208 208 208 208 208 208 208 191 208 208 208 208 208 104 191 208 191 208 191 208 208 191 208 174 208 191 191 174 174 191 208 191 106 191 174 208 191 157 174 191 174 208 191 208 191 208 174 191 174 174 208 174 174 157 157 157 157 174 208 157 191 140 140 191 157 174 191 157 208 123 191 191 174 191 208 191 174 208 191 140 157 174 191 157 157 140 157 191 191 140 157 157 208 208 123 157 140 174 208 174 191 123 123 208 208 157 191 191 208 123 157 87 106 157 208 123 106 140 140 208 157 140 140 140 140 174 140 140 174 157 191 157 140 208 157 123 140 123 174 123 123 191 191 157 191 174 123 157 157 123 191 157 106 157 140 191 106 72 123 106 157 174 106 106 89 157 208 123 89 70 106 174 174 191 140 208 106 140 123 123 191 72 140 174 38 174 106 123 72 106 191 174 106 174 106 106 140 191 208 55 89 140 123 157 72 106 72 72 208 70 174 140 72 123 55 89 174 89 123 140 106 140 123 106 89 55 208 123 72 89 123 55 208 89 106 123 140 123 208 174 70 72 157 2 123 106 157 157 106 174 208 89 106 53 55 89 89 89 191 38 38 191 2 208 72 123 157 208 2 174 208 72 36 36 72 140 38 208 89 157 106 72 123 72 89 89 53 21 89 36 123 38 55 55 72 106 19 19 106 55 89 191 38 72 89 21 53 55 38 106 191 106 72 140 89 36 123 36 89 123 21 89 89 72 208 89 2 106 89 123 106 140 174 55 72 2 55 106 89 191 72 157 140 174 55 38 123 55 36 208 89 174 2 38 89 72 140 21 157 191 72 72 106 38 2 55 2 2 53 89 2 55 38 106 55 19 21 2 191 38 2 123 208 208 21 208 89 2 2 2 21 21 191 55 38 174 174 72 140 38 55 72 72 1 55 72 89 123 209 55 21 157 1 21 
c [Label = 207] Encoding starts with target value = 17:
c [Label = 207] Encoding duration: 5265ms.
c [Label = 207] Number of clauses: 3364817.
c [Label = 207] Number of variables: 238232.
c [Label = 207] Solving duration: 15632 ms.
s [Label = 207] SAT (w = 17).
c [Label = 207] Label assignment: 206 206 206 172 189 206 206 206 206 206 206 206 206 189 206 206 206 206 206 101 189 206 189 121 189 155 206 189 206 172 87 189 189 70 172 189 206 189 155 189 155 206 189 155 155 189 172 206 189 206 189 206 172 189 172 172 206 172 172 155 155 172 155 172 206 155 189 138 138 189 155 172 189 138 155 104 189 189 172 155 206 189 155 206 189 138 155 172 189 138 121 138 155 189 189 138 155 138 206 206 121 155 138 172 138 172 189 121 121 206 206 36 189 189 206 121 155 84 104 155 206 19 104 172 138 206 155 138 138 138 121 172 138 138 19 138 189 155 172 206 155 121 138 121 172 121 2 189 189 155 189 172 121 2 172 121 189 138 189 155 138 189 104 53 104 104 155 172 104 87 118 155 206 121 87 67 121 172 138 189 121 206 104 138 121 121 189 206 70 172 36 172 104 121 70 104 189 172 87 172 36 87 121 189 206 53 53 138 36 155 87 104 87 84 206 155 172 138 53 121 70 87 67 87 104 121 104 121 104 138 70 67 206 121 53 87 121 70 206 87 87 121 138 87 206 172 50 70 172 155 121 104 172 121 104 155 206 87 36 50 70 36 104 70 189 138 104 189 19 206 70 121 155 206 53 172 206 70 33 33 70 138 19 206 87 121 104 87 70 53 36 87 87 50 104 53 104 36 53 2 70 104 2 2 104 70 33 189 2 53 2 19 138 172 36 87 189 206 70 138 121 155 87 104 87 104 70 87 104 53 206 2 36 87 36 121 206 87 172 19 70 53 70 104 87 189 53 155 36 155 19 36 121 53 19 206 36 172 104 87 2 2 138 70 172 189 53 53 104 172 36 19 138 50 155 87 206 84 53 104 121 87 19 70 189 172 2 2 206 206 53 206 87 36 33 67 19 36 189 36 19 172 19 121 138 53 19 53 101 101 36 70 36 19 207 53 121 1 19 1 
c [Main] Lowest label SAT is set to 209.
c [Label = 201] Minimize Makespan Labeling problem (N-bcsstk07.mtx.rnd):
c [Main] Lowest label SAT is set to 207.
c [Main] Kill higher label pid 208.
c [Label = 200] Minimize Makespan Labeling problem (N-bcsstk07.mtx.rnd):
c [Label = 208] Encoding starts with target value = 17:
c [Label = 208] Encoding duration: 5252ms.
c [Label = 208] Number of clauses: 3381798.
c [Label = 208] Number of variables: 239072.
c [Signal] Signal interruption. Caught signal: SIGTERM (15).
c [Main] Child pid 208 - 51617 terminated by signal 15.
c [Label = 199] Minimize Makespan Labeling problem (N-bcsstk07.mtx.rnd):
c [Label = 203] Encoding starts with target value = 17:
c [Label = 203] Encoding duration: 5158ms.
c [Label = 203] Number of clauses: 3284955.
c [Label = 203] Number of variables: 228992.
c [Label = 203] Solving duration: 16111 ms.
s [Label = 203] SAT (w = 17).
c [Label = 203] Label assignment: 2 169 202 100 185 203 202 202 202 202 203 185 202 185 203 202 202 202 203 100 168 202 185 169 186 168 118 185 117 185 168 151 185 168 168 185 202 168 83 185 151 203 186 151 169 186 169 202 186 203 134 134 168 185 168 2 202 202 135 151 152 152 152 168 202 151 185 134 134 185 152 185 185 152 168 117 185 202 202 134 202 83 117 202 169 117 100 32 185 151 151 135 151 117 185 135 151 151 202 202 83 101 84 168 202 168 185 83 100 101 202 100 185 185 169 84 152 66 66 151 168 49 2 168 134 202 117 134 134 117 117 135 134 135 151 117 185 117 66 202 151 67 134 100 135 117 32 185 185 100 185 168 2 168 152 117 83 152 151 151 134 185 66 66 100 151 168 168 49 2 100 151 117 83 2 49 151 168 134 186 83 202 66 117 100 100 185 66 203 66 117 168 50 117 66 83 100 83 67 202 49 169 84 185 202 83 32 134 100 151 66 100 83 83 202 49 135 100 49 66 185 83 83 32 101 66 66 118 100 134 101 100 202 49 83 32 117 185 202 101 66 117 134 117 202 117 2 66 202 186 117 67 152 168 100 134 49 66 117 117 185 49 66 83 185 32 168 186 2 185 2 100 66 202 202 117 202 49 2 83 49 135 2 202 66 151 151 50 117 2 169 202 32 32 49 49 101 32 202 32 66 49 32 32 83 49 203 185 32 33 168 2 101 151 32 169 185 2 134 134 134 49 117 49 100 117 151 32 84 83 202 134 118 50 66 66 49 83 134 66 66 151 66 100 33 185 32 151 185 100 168 32 100 2 2 168 32 32 66 168 186 32 134 2 202 185 83 83 100 32 134 32 49 118 186 117 49 168 2 49 151 32 83 2 185 83 134 32 202 202 134 202 66 32 203 186 66 134 185 1 202 168 134 83 168 67 49 32 49 1 49 1 100 100 49 203 1 168 49 1 
c [Main] Lowest label SAT is set to 203.
c [Main] Kill higher label pid 204.
c [Main] Kill higher label pid 205.
c [Main] Kill higher label pid 206.
c [Label = 204] Encoding starts with target value = 17:
c [Label = 204] Encoding duration: 5090ms.
c [Label = 204] Number of clauses: 3290356.
c [Label = 204] Number of variables: 229832.
c [Label = 204] Solving duration: 16655 ms.
s [Label = 204] SAT (w = 17).
c [Label = 204] Label assignment: 203 203 203 203 186 203 203 203 203 203 203 203 203 186 203 203 203 203 203 101 152 204 186 135 186 203 203 186 203 169 203 152 186 118 169 186 203 152 84 186 169 203 186 135 118 186 169 203 186 203 186 169 169 186 169 135 203 169 152 152 169 152 169 169 203 152 186 135 118 186 152 169 186 169 203 101 186 186 169 135 186 84 135 203 186 118 84 33 186 152 152 135 152 186 186 135 152 152 203 203 101 152 135 169 203 169 186 67 101 203 203 101 186 186 203 118 152 169 101 135 203 2 84 118 135 203 152 135 118 186 135 152 135 135 169 186 186 118 152 203 152 101 135 101 118 118 84 186 186 152 186 169 118 186 152 118 186 169 152 152 135 186 67 67 118 152 101 169 84 169 101 152 203 118 2 118 169 169 169 186 135 203 101 186 118 101 186 67 67 169 118 169 118 84 203 84 186 169 101 169 84 135 118 186 203 50 67 169 118 152 169 101 67 84 203 33 152 135 50 169 118 67 118 33 135 67 101 118 101 101 84 50 203 84 67 169 101 50 203 135 101 118 135 118 203 169 50 50 152 203 118 101 152 101 101 169 203 84 101 50 169 33 1 84 169 67 2 186 33 203 67 135 152 203 67 186 203 186 33 84 2 84 2 203 84 152 101 67 118 67 84 67 1 203 33 50 101 84 50 2 118 101 101 1 101 50 84 186 33 84 33 33 84 152 33 135 186 135 84 67 135 50 118 84 84 118 50 67 84 67 203 1 33 118 2 135 101 118 135 2 50 50 50 135 67 186 67 152 33 135 118 33 118 33 50 203 33 152 2 33 135 33 135 50 152 186 33 101 118 2 50 84 50 50 67 84 101 152 33 101 50 67 67 33 186 101 33 33 203 203 50 203 118 2 33 67 67 50 186 33 67 169 118 152 118 50 67 67 1 1 1 33 84 1 204 152 135 101 1 135 
c [Signal] Signal interruption. Caught signal: SIGTERM (15).
c [Label = 205] Encoding starts with target value = 17:
c [Label = 205] Encoding duration: 5135ms.
c [Label = 205] Number of clauses: 3330856.
c [Label = 205] Number of variables: 236552.
c [Signal] Signal interruption. Caught signal: SIGTERM (15).
c [Label = 206] Encoding starts with target value = 17:
c [Label = 206] Encoding duration: 5287ms.
c [Label = 206] Number of clauses: 3347837.
c [Label = 206] Number of variables: 237392.
c [Signal] Signal interruption. Caught signal: SIGTERM (15).
c [Label = 198] Minimize Makespan Labeling problem (N-bcsstk07.mtx.rnd):
c [Main] Child pid 205 - 51620 terminated by signal 15.
c [Label = 197] Minimize Makespan Labeling problem (N-bcsstk07.mtx.rnd):
c [Main] Child pid 204 - 51621 terminated by signal 15.
c [Label = 196] Minimize Makespan Labeling problem (N-bcsstk07.mtx.rnd):
c [Main] Child pid 206 - 51619 terminated by signal 15.
c [Label = 195] Minimize Makespan Labeling problem (N-bcsstk07.mtx.rnd):
c [Label = 202] Encoding starts with target value = 17:
c [Label = 202] Encoding duration: 5026ms.
c [Label = 202] Number of clauses: 3267975.
c [Label = 202] Number of variables: 228152.
c [Label = 202] Solving duration: 15207 ms.
s [Label = 202] SAT (w = 17).
c [Label = 202] Label assignment: 202 201 202 133 185 201 201 65 201 201 201 184 201 184 201 201 201 201 201 99 168 2 184 185 184 151 201 184 201 185 202 150 184 31 167 184 201 167 82 185 151 201 184 150 167 184 167 201 184 201 133 201 167 184 167 168 201 167 167 151 150 150 150 167 201 150 184 133 133 184 150 184 150 150 151 116 184 201 2 133 185 82 167 201 167 116 99 31 184 150 117 133 150 116 184 116 150 150 167 201 167 150 133 167 202 150 184 133 99 201 201 99 184 184 201 116 150 65 65 133 133 185 82 133 99 202 117 65 167 184 116 167 133 133 151 117 184 116 82 201 99 116 133 116 167 116 31 184 184 185 184 167 82 168 150 99 184 150 150 201 133 184 168 65 99 150 82 167 99 2 99 116 150 116 82 48 150 82 116 184 48 201 116 150 116 99 185 65 133 31 116 167 99 82 48 82 184 167 65 167 65 116 133 184 201 133 82 2 134 150 65 82 202 116 201 48 167 65 202 116 185 2 133 167 116 65 99 133 168 133 99 31 201 48 82 99 116 48 201 65 99 116 150 134 201 65 2 48 150 151 133 82 150 99 116 167 201 65 82 133 82 31 65 100 168 31 168 184 2 184 82 82 99 201 2 185 201 48 82 2 65 116 82 201 31 134 82 65 184 133 65 65 31 133 31 48 116 2 31 31 65 82 31 31 31 31 201 184 31 82 202 2 99 99 65 99 184 48 82 133 133 48 117 99 99 116 48 31 82 48 201 31 2 99 65 116 48 116 82 65 133 65 31 116 65 184 48 150 2 167 133 2 48 2 48 201 99 167 82 31 99 31 133 48 150 184 65 201 99 134 133 31 48 2 184 116 48 168 2 82 151 48 2 2 184 82 48 31 201 201 2 201 99 65 82 184 65 48 184 48 65 167 99 82 133 31 48 99 134 48 116 48 99 167 65 202 167 99 116 1 
c [Main] Lowest label SAT is set to 202.
c [Label = 194] Minimize Makespan Labeling problem (N-bcsstk07.mtx.rnd):
c [Label = 196] Encoding starts with target value = 17:
c [Label = 196] Encoding duration: 4724ms.
c [Label = 196] Number of clauses: 3166092.
c [Label = 196] Number of variables: 223112.
c [Label = 196] Solving duration: 18388 ms.
s [Label = 196] SAT (w = 17).
c [Label = 196] Label assignment: 195 195 195 195 178 195 195 195 161 195 195 195 195 161 195 195 195 195 195 93 178 195 178 178 178 161 195 178 195 161 161 161 178 144 161 178 195 178 76 144 161 195 178 144 161 178 161 195 178 195 178 195 161 178 161 195 195 161 161 144 144 144 127 161 195 144 178 161 127 178 144 161 178 144 161 127 178 178 178 144 195 195 161 195 161 127 144 110 178 144 144 110 144 178 178 127 144 127 161 195 110 144 127 161 195 161 178 76 110 195 195 144 178 178 195 76 93 59 59 144 161 178 93 25 127 195 144 127 127 127 101 161 127 127 178 144 178 110 59 195 144 110 127 110 161 110 110 178 178 76 178 161 144 25 144 110 178 144 161 144 127 178 93 76 42 93 144 161 93 161 93 144 195 127 42 110 93 84 127 178 101 195 110 127 110 110 76 2 93 76 144 161 93 110 59 93 178 161 59 195 59 127 110 178 195 42 178 127 110 144 59 76 42 59 195 110 161 127 178 110 76 42 144 25 127 93 59 110 110 127 42 25 195 110 93 25 110 2 195 2 42 110 127 110 195 76 76 59 144 42 110 93 178 93 93 161 195 67 25 76 59 127 42 59 178 2 93 178 76 195 93 110 144 195 42 178 195 59 144 42 93 42 2 195 59 144 93 59 195 42 59 76 127 161 2 76 59 25 2 2 59 93 59 2 93 25 2 178 25 59 42 2 2 84 76 127 178 76 59 127 25 76 110 59 76 110 76 42 93 42 195 93 25 76 42 110 76 42 127 2 76 76 59 93 76 178 2 144 25 59 127 2 42 25 76 195 25 161 93 42 2 42 127 42 144 178 25 59 93 25 76 2 127 25 42 42 195 59 25 93 25 2 127 25 178 127 161 42 195 195 2 195 76 59 25 25 2 76 178 42 1 161 93 110 127 1 1 42 161 76 1 25 25 110 196 59 110 93 1 25 
c [Label = 198] Encoding starts with target value = 17:
c [Label = 198] Encoding duration: 5339ms.
c [Label = 198] Number of clauses: 3200053.
c [Label = 198] Number of variables: 224792.
c [Signal] Signal interruption. Caught signal: SIGTERM (15).
c [Label = 197] Encoding starts with target value = 17:
c [Label = 197] Encoding duration: 4921ms.
c [Label = 197] Number of clauses: 3183072.
c [Label = 197] Number of variables: 223952.
c [Signal] Signal interruption. Caught signal: SIGTERM (15).
c [Main] Lowest label SAT is set to 196.
c [Main] Kill higher label pid 197.
c [Main] Kill higher label pid 198.
c [Main] Kill higher label pid 199.
c [Main] Kill higher label pid 200.
c [Main] Kill higher label pid 201.
c [Label = 200] Encoding starts with target value = 17:
c [Label = 200] Encoding duration: 5196ms.
c [Label = 200] Number of clauses: 3234014.
c [Label = 200] Number of variables: 226472.
c [Label = 200] Solving duration: 18816 ms.
s [Label = 200] SAT (w = 17).
c [Label = 200] Label assignment: 29 199 199 114 182 148 199 199 199 199 199 182 199 165 200 199 199 199 200 86 182 199 182 199 182 148 183 182 200 165 148 2 182 148 165 182 199 182 97 29 165 165 182 114 165 115 166 199 80 148 131 148 165 182 165 165 199 165 199 148 35 199 148 165 199 148 165 97 131 182 182 165 182 131 148 131 97 199 165 182 199 148 165 199 166 131 114 80 182 80 114 132 148 131 182 120 148 148 199 199 80 115 98 165 199 148 182 69 80 165 199 114 182 182 199 80 149 52 52 131 131 114 97 46 114 148 114 131 182 131 114 148 199 132 165 182 182 114 97 199 114 63 131 131 200 80 80 182 182 114 182 165 69 46 46 114 182 165 97 148 148 182 97 63 29 97 46 165 29 2 182 131 115 80 97 35 80 165 165 182 46 182 114 148 114 97 199 63 1 97 131 165 81 46 2 80 131 165 50 165 63 52 114 182 199 103 46 97 63 148 63 63 148 63 199 103 148 52 63 1 63 46 69 80 97 97 165 114 131 148 98 46 199 18 80 131 115 148 199 97 63 131 199 63 199 148 35 29 114 29 131 63 183 80 97 148 114 97 35 1 165 114 165 46 182 80 46 80 69 182 1 97 98 199 165 131 199 29 18 35 97 114 182 199 29 114 81 46 114 2 199 29 183 2 46 18 97 29 199 46 63 63 131 137 80 80 199 182 2 46 29 2 97 97 114 131 182 80 64 63 182 29 63 131 114 114 97 46 80 46 199 86 182 46 63 131 80 199 165 148 131 63 29 131 47 182 63 148 199 165 46 2 29 2 148 182 29 131 131 2 86 29 80 2 199 182 64 97 98 46 63 46 29 1 1 46 80 182 2 97 2 18 63 2 182 131 148 46 199 199 2 199 114 63 103 18 2 29 182 1 199 165 80 18 114 30 29 97 63 165 63 1 148 114 200 165 46 80 114 182 
c [Signal] Signal interruption. Caught signal: SIGTERM (15).
c [Label = 199] Encoding starts with target value = 17:
c [Label = 199] Encoding duration: 5031ms.
c [Label = 199] Number of clauses: 3217033.
c [Label = 199] Number of variables: 225632.
c [Label = 199] Solving duration: 19080 ms.
s [Label = 199] SAT (w = 17).
c [Label = 199] Label assignment: 164 198 198 148 182 147 198 199 198 198 198 181 198 164 199 198 198 198 199 86 181 165 181 131 181 148 198 182 113 164 199 96 181 165 164 181 198 181 28 199 164 198 181 113 164 96 164 198 79 198 131 147 164 181 113 165 198 164 130 148 62 130 148 164 198 147 164 96 130 181 181 164 148 147 148 130 181 198 165 181 182 165 96 198 35 130 113 79 181 130 114 130 147 130 181 147 147 148 198 198 181 147 97 164 80 147 181 69 79 198 198 113 181 181 198 79 147 52 52 130 130 130 96 113 113 147 148 131 181 130 96 164 199 130 131 182 181 114 96 198 113 62 130 79 45 96 79 181 181 113 181 164 130 45 130 114 181 147 96 113 147 182 97 62 79 96 45 164 198 148 182 130 164 96 164 35 79 113 165 181 96 198 86 147 113 96 62 2 28 113 113 164 80 45 62 79 181 164 50 164 28 164 79 181 198 113 79 79 114 147 2 28 147 199 198 1 164 45 28 79 62 45 165 2 113 97 96 130 79 147 33 45 198 130 79 33 63 147 198 165 96 130 198 45 198 147 199 28 130 62 130 147 182 79 96 164 198 62 198 69 164 114 96 45 165 28 45 45 1 2 28 96 62 198 62 130 198 28 130 103 50 18 182 198 2 114 96 62 45 79 28 28 113 2 45 2 113 28 28 62 62 45 147 18 79 28 198 181 2 114 28 2 113 62 45 96 181 28 130 130 181 45 45 28 79 113 96 45 113 79 198 62 181 96 62 147 97 198 131 147 130 2 62 96 46 181 130 147 45 147 113 45 2 2 2 198 45 113 131 2 86 2 113 96 130 181 45 198 113 45 62 28 28 1 69 45 80 148 2 96 28 96 2 2 181 182 164 45 198 198 165 198 113 28 1 165 2 28 181 1 62 164 199 130 113 29 62 79 1 131 62 1 62 113 79 28 199 79 113 45 
c [Signal] Signal interruption. Caught signal: SIGTERM (15).
c [Label = 201] Encoding starts with target value = 17:
c [Label = 201] Encoding duration: 5167ms.
c [Label = 201] Number of clauses: 3250994.
c [Label = 201] Number of variables: 227312.
c [Signal] Signal interruption. Caught signal: SIGTERM (15).
c [Label = 193] Minimize Makespan Labeling problem (N-bcsstk07.mtx.rnd):
c [Main] Child pid 197 - 52066 terminated by signal 15.
c [Label = 192] Minimize Makespan Labeling problem (N-bcsstk07.mtx.rnd):
c [Main] Child pid 200 - 52063 terminated by signal 15.
c [Label = 191] Minimize Makespan Labeling problem (N-bcsstk07.mtx.rnd):
c [Main] Child pid 198 - 52065 terminated by signal 15.
c [Label = 190] Minimize Makespan Labeling problem (N-bcsstk07.mtx.rnd):
c [Main] Child pid 201 - 52062 terminated by signal 15.
c [Main] Child pid 199 - 52064 terminated by signal 15.
c [Label = 189] Minimize Makespan Labeling problem (N-bcsstk07.mtx.rnd):
c [Label = 188] Minimize Makespan Labeling problem (N-bcsstk07.mtx.rnd):
c [Label = 195] Encoding starts with target value = 17:
c [Label = 195] Encoding duration: 4781ms.
c [Label = 195] Number of clauses: 3149111.
c [Label = 195] Number of variables: 222272.
c [Label = 195] Solving duration: 18611 ms.
s [Label = 195] SAT (w = 17).
c [Label = 195] Label assignment: 177 194 194 194 177 194 2 194 194 194 194 194 194 177 195 194 194 194 195 92 109 177 178 194 177 194 143 177 194 160 194 160 177 143 160 177 194 143 92 41 160 194 177 143 160 177 160 139 177 194 177 194 160 177 160 160 194 160 160 143 143 143 143 160 67 143 177 160 126 177 143 160 177 143 194 126 177 177 177 143 177 177 160 194 160 126 92 109 177 143 143 126 143 177 177 109 143 143 194 194 109 92 126 160 126 41 177 75 75 194 19 143 177 177 194 109 143 126 58 109 194 126 92 126 126 177 143 126 194 177 126 160 194 126 160 143 177 143 126 194 143 109 126 109 160 109 109 177 177 41 177 160 75 143 143 109 177 143 41 143 126 177 92 160 109 58 143 160 92 2 24 143 194 109 75 41 92 160 160 177 92 194 109 177 109 92 75 58 195 75 75 160 75 109 58 75 126 160 92 160 41 109 75 177 194 41 75 75 109 143 41 58 58 194 194 41 160 126 58 109 41 58 24 24 109 177 126 75 126 92 75 24 194 75 41 92 109 2 194 92 126 109 126 109 194 160 41 41 143 41 109 92 143 109 92 160 75 75 24 24 58 109 58 41 160 126 24 177 2 194 41 109 143 194 58 126 194 177 2 2 58 109 160 194 41 143 92 58 126 109 92 2 92 2 75 24 109 92 24 2 41 75 92 58 92 58 2 177 24 58 41 1 126 75 41 126 177 92 92 126 75 58 109 58 75 92 160 58 75 24 194 92 2 58 92 109 58 194 126 2 75 41 58 92 58 177 41 143 24 41 2 2 41 24 41 194 24 160 126 24 178 24 126 2 143 177 24 21 75 75 41 2 92 24 177 58 58 24 1 92 2 75 2 24 177 75 160 109 194 194 58 194 75 160 2 178 2 1 177 41 92 160 24 24 126 24 126 75 1 126 195 41 195 1 58 92 109 24 126 143 
c [Main] Lowest label SAT is set to 195.
c [Label = 187] Minimize Makespan Labeling problem (N-bcsstk07.mtx.rnd):
c [Label = 194] Encoding starts with target value = 17:
c [Label = 194] Encoding duration: 4321ms.
c [Label = 194] Number of clauses: 3132131.
c [Label = 194] Number of variables: 221432.
c [Label = 194] Solving duration: 13030 ms.
s [Label = 194] SAT (w = 17).
c [Label = 194] Label assignment: 159 193 2 193 176 193 159 74 193 193 193 193 193 142 193 193 160 193 125 91 176 193 176 193 176 193 193 176 193 74 193 125 176 142 193 176 193 177 91 176 159 193 176 193 125 176 159 193 176 193 176 193 159 176 159 159 193 159 159 142 142 142 142 159 193 142 176 159 125 176 142 143 176 142 193 108 176 176 159 193 176 125 159 193 176 125 193 108 176 142 142 125 142 91 176 159 142 142 193 193 108 142 125 159 193 159 176 74 108 193 193 142 176 176 193 108 142 57 57 23 125 74 91 125 108 74 142 125 125 176 125 159 193 125 159 142 176 142 176 193 108 108 125 108 159 91 108 176 176 125 176 159 108 176 142 108 176 142 159 142 125 176 91 125 108 91 142 159 91 23 40 142 193 108 74 40 91 159 159 176 91 193 159 125 108 108 176 57 125 74 142 159 91 108 57 91 176 159 62 159 57 91 125 176 193 40 176 23 108 142 57 74 125 57 193 40 159 159 74 108 57 23 125 40 108 91 91 125 108 91 91 40 193 108 74 91 108 23 160 57 91 108 108 108 193 74 74 57 142 91 125 74 142 40 91 159 193 74 74 23 91 176 57 57 159 2 193 176 23 193 74 91 142 193 2 176 193 159 125 74 57 2 23 193 57 142 91 57 108 23 23 159 23 193 23 40 108 142 40 2 74 74 23 2 40 57 2 176 40 74 74 23 2 74 2 91 176 2 74 125 40 57 108 57 74 108 159 57 74 40 177 91 108 91 23 108 125 57 125 57 142 40 57 91 57 176 40 142 125 2 23 23 108 40 40 193 40 159 91 40 91 74 125 91 142 176 40 193 91 40 142 2 2 108 23 74 2 57 23 91 40 2 23 40 176 125 193 40 193 193 23 193 74 57 40 193 2 1 193 40 1 159 74 74 125 23 1 194 74 23 1 57 108 108 57 1 74 40 194 23 
c [Main] Lowest label SAT is set to 194.
c [Label = 186] Minimize Makespan Labeling problem (N-bcsstk07.mtx.rnd):
c [Label = 192] Encoding starts with target value = 17:
c [Label = 192] Encoding duration: 4385ms.
c [Label = 192] Number of clauses: 3098170.
c [Label = 192] Number of variables: 219752.
c [Label = 192] Solving duration: 17864 ms.
s [Label = 192] SAT (w = 17).
c [Label = 192] Label assignment: 191 191 192 191 174 72 192 2 191 191 191 174 191 55 191 191 191 191 18 86 175 191 175 174 174 191 191 174 18 158 191 106 174 140 107 174 191 106 38 174 39 191 174 141 157 106 157 191 174 191 123 191 157 174 157 157 191 158 106 140 72 140 140 157 191 141 174 123 124 174 140 174 174 140 191 89 174 191 157 107 174 106 157 191 154 124 141 72 174 106 140 123 140 175 174 120 140 140 191 157 106 140 158 157 191 157 174 69 90 191 191 141 174 174 191 89 140 52 52 123 191 174 73 123 123 192 140 123 55 55 106 157 123 123 157 140 174 140 124 191 106 106 123 89 55 106 107 174 174 106 174 141 1 157 106 106 174 140 2 140 140 174 89 175 89 89 140 158 72 191 89 106 106 89 55 18 157 72 157 174 123 191 50 55 38 2 174 2 21 157 140 157 89 72 38 19 123 157 61 157 72 123 55 174 191 18 175 123 106 124 21 89 158 55 191 35 157 123 38 106 192 107 69 21 123 38 123 106 89 123 2 38 191 103 55 123 106 2 191 157 72 123 123 106 191 38 1 2 21 55 106 72 137 89 89 157 191 55 35 103 39 72 140 72 157 106 90 174 1 174 21 72 72 191 55 158 191 53 1 69 191 106 21 191 72 140 89 21 106 38 89 55 174 191 72 2 89 21 21 38 38 55 89 191 89 21 191 174 19 123 72 19 157 89 140 123 174 21 72 123 73 21 106 191 72 106 21 72 89 38 191 89 38 72 72 89 89 124 123 2 123 2 55 89 55 55 38 38 140 157 123 2 2 89 2 191 72 89 21 19 86 55 106 2 140 174 38 21 89 123 36 38 56 35 174 140 2 89 21 89 38 52 2 2 174 106 140 72 191 191 2 191 106 38 35 174 21 140 174 38 1 157 157 106 123 21 1 55 123 1 158 55 55 141 192 38 157 89 157 72 
c [Label = 193] Encoding starts with target value = 17:
c [Label = 193] Encoding duration: 4350ms.
c [Label = 193] Number of clauses: 3115150.
c [Label = 193] Number of variables: 220592.
c [Label = 193] Solving duration: 17976 ms.
s [Label = 193] SAT (w = 17).
c [Label = 193] Label assignment: 193 192 193 159 176 192 39 125 192 192 192 175 192 124 192 192 39 192 192 90 176 91 176 73 175 125 192 175 192 39 193 108 175 74 142 175 192 176 125 159 39 192 175 141 158 175 158 176 175 192 124 192 158 175 158 159 192 159 158 74 141 141 141 158 192 125 159 40 2 175 141 158 175 141 125 91 175 192 176 101 176 108 158 192 158 124 141 74 175 141 108 124 141 176 175 107 141 141 192 192 107 141 159 158 142 142 175 124 107 192 176 142 175 175 192 107 90 2 141 56 124 142 90 124 107 176 108 36 124 124 107 158 91 124 176 142 175 108 2 192 107 107 142 107 158 90 107 175 175 142 175 142 73 159 141 108 175 141 39 141 124 175 91 124 90 176 73 158 90 39 57 141 141 107 73 39 176 158 107 175 39 192 107 124 22 22 159 125 124 158 2 158 90 107 56 90 175 124 56 158 2 107 124 159 192 39 159 40 125 125 39 73 73 2 192 39 158 2 23 90 22 56 73 56 107 91 90 124 159 73 73 19 192 56 73 22 107 176 159 22 90 107 192 74 192 73 124 22 141 193 124 90 141 142 90 158 192 56 124 124 22 56 22 2 159 22 90 175 73 175 73 90 90 192 22 73 192 22 73 56 39 107 142 192 2 108 56 56 90 22 56 73 22 125 193 39 107 56 22 2 73 73 2 22 56 2 192 175 159 56 193 159 90 125 39 90 175 39 56 73 56 22 74 107 90 108 22 141 73 39 176 22 56 90 56 107 57 2 142 73 73 2 73 90 73 141 39 124 124 158 39 22 73 107 73 192 2 158 91 56 2 74 124 39 141 159 39 56 90 2 2 2 193 56 175 2 57 193 39 56 19 56 2 39 175 57 90 2 192 192 22 192 22 193 39 175 125 1 192 39 142 158 91 39 124 22 22 22 125 142 193 39 74 159 193 176 193 142 193 90 
c [Main] Lowest label SAT is set to 192.
c [Main] Kill higher label pid 193.
c [Label = 185] Minimize Makespan Labeling problem (N-bcsstk07.mtx.rnd):
c [Label = 184] Minimize Makespan Labeling problem (N-bcsstk07.mtx.rnd):
c [Label = 190] Encoding starts with target value = 17:
c [Label = 190] Encoding duration: 4283ms.
c [Label = 190] Number of clauses: 3064209.
c [Label = 190] Number of variables: 218072.
c [Label = 190] Solving duration: 26862 ms.
s [Label = 190] SAT (w = 17).
c [Label = 190] Label assignment: 1 169 189 190 173 122 189 189 189 189 190 172 189 172 190 189 2 190 35 87 36 189 172 70 122 139 190 172 70 155 1 155 156 138 155 172 189 172 121 172 155 173 173 138 156 187 87 189 173 173 121 122 2 173 53 190 189 189 121 138 139 139 138 155 189 138 172 155 121 172 138 155 172 139 1 104 172 189 155 121 189 1 105 189 104 1 138 104 172 88 122 104 138 87 172 121 138 138 189 189 104 138 121 155 70 155 172 69 104 190 189 138 2 172 189 121 18 52 52 104 121 18 87 156 104 190 138 35 121 70 104 156 138 121 155 138 172 138 172 189 138 104 121 71 121 87 104 172 172 121 172 155 1 172 105 69 139 139 155 138 122 172 18 87 87 87 138 155 54 35 70 87 189 87 190 104 69 155 155 186 36 2 53 121 87 87 173 87 69 53 53 139 87 104 18 70 173 70 19 155 18 52 70 172 156 35 36 52 121 138 87 70 70 121 189 190 2 88 87 53 1 70 1 70 87 87 87 70 18 121 70 103 189 189 105 139 104 189 189 155 53 2 104 105 189 155 155 19 156 155 121 2 138 104 87 122 35 70 71 156 1 104 156 70 172 37 18 35 1 172 104 104 2 189 35 172 2 121 1 70 18 121 52 189 2 138 101 53 104 53 190 53 156 1 53 1 87 19 139 18 19 36 18 18 87 19 70 172 53 36 86 35 87 1 1 52 172 189 36 121 52 35 121 18 54 155 190 53 70 36 2 190 190 87 18 105 35 70 155 172 36 173 71 87 53 172 53 138 88 190 1 53 36 36 1 137 1 52 18 70 139 104 101 36 155 172 19 70 87 53 18 173 121 35 172 70 190 121 53 19 87 105 36 1 172 52 122 104 2 189 35 2 36 19 35 173 35 189 172 19 156 139 172 104 88 70 1 190 18 18 1 53 1 138 53 121 70 104 138 53 
c [Main] Lowest label SAT is set to 190.
c [Main] Kill higher label pid 191.
c [Label = 191] Encoding starts with target value = 17:
c [Label = 191] Encoding duration: 4223ms.
c [Label = 191] Number of clauses: 3081189.
c [Label = 191] Number of variables: 218912.
c [Signal] Signal interruption. Caught signal: SIGTERM (15).
c [Label = 183] Minimize Makespan Labeling problem (N-bcsstk07.mtx.rnd):
c [Main] Child pid 191 - 52078 terminated by signal 15.
c [Label = 182] Minimize Makespan Labeling problem (N-bcsstk07.mtx.rnd):
c [Label = 189] Encoding starts with target value = 17:
c [Label = 189] Encoding duration: 4052ms.
c [Label = 189] Number of clauses: 3047228.
c [Label = 189] Number of variables: 217232.
c [Label = 189] Solving duration: 31316 ms.
s [Label = 189] SAT (w = 17).
c [Label = 189] Label assignment: 86 188 52 1 120 1 69 35 35 46 19 188 1 18 1 1 1 155 69 1 172 120 1 138 1 1 34 103 189 103 1 120 188 137 189 1 1 188 52 1 155 155 189 155 171 1 155 1 69 1 171 1 1 189 69 189 1 171 69 1 138 154 120 37 1 154 155 18 104 1 154 171 120 121 1 35 188 34 155 1 171 52 172 1 172 69 1 1 188 138 137 137 188 87 63 35 1 87 18 188 189 155 137 172 189 137 189 138 1 1 103 172 1 1 189 103 86 103 18 69 86 138 189 155 20 52 18 189 189 35 1 172 18 138 52 189 188 103 70 189 172 120 52 121 172 103 1 1 188 1 188 171 137 189 138 86 103 155 69 51 120 103 69 35 120 138 18 188 86 86 172 103 188 120 35 172 189 137 18 171 154 1 103 120 102 103 52 69 86 52 103 171 103 86 69 18 103 137 52 188 69 18 189 188 1 52 155 154 35 154 69 69 121 35 1 189 188 103 86 120 52 137 69 137 138 86 35 87 18 103 69 137 1 138 189 35 120 35 1 155 104 103 154 103 1 52 52 35 52 35 120 52 18 138 155 172 1 86 69 120 121 103 121 103 188 138 138 52 18 155 172 69 171 1 155 155 1 35 189 52 86 69 172 1 171 138 86 18 189 52 36 172 120 18 189 86 104 18 52 18 52 86 35 86 1 69 35 172 86 52 103 18 104 1 104 138 154 120 86 171 189 70 103 35 20 188 121 137 103 138 1 86 155 86 121 121 171 86 154 18 120 18 68 137 1 154 52 86 155 1 189 189 18 86 189 1 103 86 69 86 35 137 138 120 155 1 137 69 103 172 120 36 104 52 121 52 120 155 86 121 86 137 18 53 188 172 172 35 1 1 69 1 120 35 155 155 69 35 18 69 52 18 1 52 138 18 18 137 18 52 121 68 138 172 35 155 86 138 154 172 
c [Main] Lowest label SAT is set to 189.
c [Label = 181] Minimize Makespan Labeling problem (N-bcsstk07.mtx.rnd):
c [Label = 188] Encoding starts with target value = 17:
c [Label = 188] Encoding duration: 4205ms.
c [Label = 188] Number of clauses: 3030248.
c [Label = 188] Number of variables: 216392.
c [Label = 188] Solving duration: 31496 ms.
s [Label = 188] SAT (w = 17).
c [Label = 188] Label assignment: 1 1 120 35 137 86 69 86 1 1 18 1 1 1 137 1 103 103 35 86 137 103 1 69 86 35 1 1 120 69 35 18 154 171 174 1 1 35 137 35 154 171 120 18 35 172 52 1 69 120 52 86 172 35 188 69 1 171 86 18 18 154 103 69 171 154 1 69 52 1 120 52 52 69 18 188 137 172 86 137 1 137 171 1 1 52 35 35 154 52 18 155 171 52 172 103 155 18 35 171 171 103 137 104 52 35 1 35 35 86 103 171 1 1 1 86 103 18 1 137 18 103 171 154 86 120 52 69 52 18 103 120 69 120 154 188 1 188 120 1 188 155 120 188 86 103 35 1 172 137 172 155 120 188 154 188 35 69 1 171 52 188 1 52 154 188 69 137 137 1 86 137 120 69 120 120 154 120 120 172 69 171 188 69 52 86 154 52 120 86 171 137 86 103 69 18 86 137 69 154 137 52 137 172 154 1 18 86 103 120 52 188 18 171 1 171 171 18 52 171 1 188 35 35 1 1 18 154 35 69 138 52 1 69 35 137 103 120 1 52 52 154 137 52 1 154 52 120 52 18 121 103 188 103 69 69 154 18 69 154 18 171 103 171 154 103 137 69 52 1 35 171 18 1 154 86 1 86 154 69 18 171 120 1 35 188 86 69 103 154 188 120 18 103 69 154 188 35 103 18 1 52 171 137 69 86 35 172 103 52 35 103 188 171 18 52 171 137 69 120 188 103 35 103 35 86 154 188 86 52 1 137 1 52 171 120 154 154 137 154 18 154 120 171 52 154 52 52 1 86 18 138 103 171 137 173 103 86 120 137 188 188 137 188 154 1 137 69 86 103 1 1 69 69 171 86 137 120 137 188 18 188 1 137 154 86 171 171 1 1 69 1 86 120 154 52 1 120 18 18 1 18 86 35 18 35 154 86 103 137 86 69 18 187 18 120 69 103 154 103 
c [Main] Lowest label SAT is set to 188.
c [Label = 180] Minimize Makespan Labeling problem (N-bcsstk07.mtx.rnd):
c [Label = 181] Encoding starts with target value = 17:
c [Label = 181] Encoding duration: 4049ms.
c [Label = 181] Number of clauses: 2899864.
c [Label = 181] Number of variables: 204632.
c [Signal] Signal interruption. Caught signal: SIGTERM (15).
c [Label = 182] Encoding starts with target value = 17:
c [Label = 182] Encoding duration: 3992ms.
c [Label = 182] Number of clauses: 2916845.
c [Label = 182] Number of variables: 205472.
c [Signal] Signal interruption. Caught signal: SIGTERM (15).
c [Label = 183] Encoding starts with target value = 17:
c [Label = 183] Encoding duration: 4036ms.
c [Label = 183] Number of clauses: 2933825.
c [Label = 183] Number of variables: 206312.
c [Signal] Signal interruption. Caught signal: SIGTERM (15).
c [Label = 185] Encoding starts with target value = 17:
c [Label = 185] Encoding duration: 3967ms.
c [Label = 185] Number of clauses: 2967786.
c [Label = 185] Number of variables: 207992.
c [Signal] Signal interruption. Caught signal: SIGTERM (15).
c [Label = 187] Encoding starts with target value = 17:
c [Label = 187] Encoding duration: 4075ms.
c [Label = 187] Number of clauses: 2990167.
c [Label = 187] Number of variables: 209672.
c [Signal] Signal interruption. Caught signal: SIGTERM (15).
c [Label = 186] Encoding starts with target value = 17:
c [Label = 186] Encoding duration: 4058ms.
c [Label = 186] Number of clauses: 2984767.
c [Label = 186] Number of variables: 208832.
c [Signal] Signal interruption. Caught signal: SIGTERM (15).
c [Main] Lim pid ends with result: 254.
c [Main] All children have completed.
r [Main] 
r [Main] Final results: 
r [Main] Lowest label SAT:  	188.
r [Main] Highest label UNSAT:	-.
r [Main] Total real time: 1814080 ms.
r [Main] Total memory consumed: 6557.6 MB.
r [Main] 
c [Label = 180] Encoding starts with target value = 17:
c [Label = 180] Encoding duration: 3928ms.
c [Label = 180] Number of clauses: 2882884.
c [Label = 180] Number of variables: 203792.
c [Signal] Signal interruption. Caught signal: SIGTERM (15).
c [Label = 184] Encoding starts with target value = 17:
c [Label = 184] Encoding duration: 3957ms.
c [Label = 184] Number of clauses: 2950806.
c [Label = 184] Number of variables: 207152.
c [Signal] Signal interruption. Caught signal: SIGTERM (15).
