c [Version] Minimize Makespan Labeling Encoder version 1.0.0.
c [Param] Target value is set to 60.
c [Param] LB is predefined as 61.
c [Param] UB is predefined as 212.
c [Param] Target value is set to Antibandwidth.
c [Param] Vertices mode is set to Has hole.
c [Param] Result verification is ON.
c [Param] Memory limit is set to 30000.
c [Param] Real time limit is set to 1800.
c [Param] Worker count is set to 8.
c [Param] Max CNF size is set to 10.
c [Main] Search strategy: Iterating from upper bound.
c [Main] Search order: 212 211 210 209 208 207 206 205 204 203 202 201 200 199 198 197 196 195 194 193 192 191 190 189 188 187 186 185 184 183 182 181 180 179 178 177 176 175 174 173 172 171 170 169 168 167 166 165 164 163 162 161 160 159 158 157 156 155 154 153 152 151 150 149 148 147 146 145 144 143 142 141 140 139 138 137 136 135 134 133 132 131 130 129 128 127 126 125 124 123 122 121 120 119 118 117 116 115 114 113 112 111 110 109 108 107 106 105 104 103 102 101 100 99 98 97 96 95 94 93 92 91 90 89 88 87 86 85 84 83 82 81 80 79 78 77 76 75 74 73 72 71 70 69 68 67 66 65 64 63 62 61.
c [Main] Encoding and solving for graph: O-impcol_d.mtx.rnd.
c [Label = 206] Minimize Makespan Labeling problem (O-impcol_d.mtx.rnd):
c [Label = 208] Minimize Makespan Labeling problem (O-impcol_d.mtx.rnd):
c [Label = 209] Minimize Makespan Labeling problem (O-impcol_d.mtx.rnd):
c [Label = 211] Minimize Makespan Labeling problem (O-impcol_d.mtx.rnd):
c [Label = 205] Minimize Makespan Labeling problem (O-impcol_d.mtx.rnd):
c [Label = 210] Minimize Makespan Labeling problem (O-impcol_d.mtx.rnd):
c [Label = 212] Minimize Makespan Labeling problem (O-impcol_d.mtx.rnd):
c [Label = 207] Minimize Makespan Labeling problem (O-impcol_d.mtx.rnd):
c [Label = 207] Encoding starts with target value = 60:
c [Label = 207] Encoding duration: 2369ms.
c [Label = 207] Number of clauses: 1299010.
c [Label = 207] Number of variables: 223644.
c [Label = 207] Solving duration: 8309 ms.
s [Label = 207] SAT (w = 60).
c [Label = 207] Label assignment: 1 1 1 1 1 1 1 1 1 1 1 1 1 61 1 1 1 1 1 61 1 1 1 86 1 1 61 61 1 1 61 61 206 1 61 1 1 1 61 1 1 1 1 1 61 1 1 61 1 121 1 1 1 61 1 206 61 61 61 1 121 1 1 61 1 61 146 121 121 61 1 61 1 1 1 1 1 206 1 1 146 86 1 146 1 61 1 1 1 86 1 61 61 1 121 1 61 61 1 1 61 86 61 121 61 61 123 121 121 121 121 207 146 121 61 1 1 1 1 207 1 1 1 1 61 207 61 1 121 61 1 86 1 61 207 61 181 181 206 207 61 206 86 61 1 1 1 61 207 61 207 207 61 1 121 1 1 61 61 1 1 121 121 61 61 121 86 1 121 61 61 61 121 1 207 206 121 61 121 61 61 61 1 1 146 61 206 207 86 207 146 121 147 61 181 207 207 61 61 207 207 61 61 121 207 61 207 121 207 1 207 121 1 121 1 61 61 207 121 121 121 207 192 121 1 1 1 121 121 61 1 61 121 206 1 1 1 1 206 1 146 147 61 1 1 1 61 1 61 1 1 192 61 121 1 61 121 146 121 207 61 131 61 1 63 121 121 1 1 63 206 61 61 146 61 86 86 206 206 68 121 207 121 207 61 121 61 62 146 207 207 86 61 61 1 181 121 121 206 61 207 61 146 1 61 61 1 1 61 121 1 1 206 61 146 1 1 86 146 207 207 181 207 1 146 121 121 146 1 207 146 207 207 1 61 131 61 207 121 121 121 181 146 146 1 67 1 1 61 61 86 61 132 207 61 192 61 207 1 1 206 206 181 1 207 121 1 61 206 61 61 61 206 26 121 147 1 206 121 1 61 121 121 206 122 131 206 1 206 1 121 61 146 61 181 122 181 121 121 146 206 121 121 206 121 181 61 86 121 61 1 207 181 63 206 146 122 1 121 63 146 181 146 1 1 
c [Label = 208] Encoding starts with target value = 60:
c [Label = 208] Encoding duration: 2342ms.
c [Label = 208] Number of clauses: 1306204.
c [Label = 208] Number of variables: 224494.
c [Label = 208] Solving duration: 8378 ms.
s [Label = 208] SAT (w = 60).
c [Label = 208] Label assignment: 1 1 1 1 1 1 1 1 1 1 1 1 1 61 1 1 1 1 1 61 1 1 1 87 1 1 61 61 1 1 61 61 207 1 61 1 1 1 61 1 1 1 1 1 61 1 1 61 1 121 1 1 1 61 1 207 61 61 61 1 121 1 1 61 1 61 147 121 121 61 1 61 1 1 1 1 1 207 1 1 147 87 1 147 1 61 1 1 1 87 1 61 61 1 121 1 61 61 1 1 61 87 61 121 61 61 123 121 121 121 121 208 147 121 61 1 1 1 1 208 1 1 1 1 61 208 61 1 121 61 1 87 1 61 208 61 181 181 207 208 61 207 87 61 1 1 1 61 208 61 208 208 61 1 121 1 1 61 61 1 1 121 121 61 61 121 87 1 121 61 61 61 121 1 208 207 121 61 121 61 61 61 1 1 147 61 207 208 87 208 147 121 148 61 181 208 208 61 61 208 208 61 61 121 208 61 208 121 208 1 208 121 1 121 1 61 61 208 121 121 121 208 192 121 1 1 1 121 121 61 1 61 121 207 1 1 1 1 207 1 147 148 61 1 1 1 61 1 61 1 1 192 61 121 1 61 121 147 121 208 61 131 61 1 63 121 121 1 1 63 207 61 61 147 61 87 87 207 207 68 121 208 121 208 61 121 61 62 147 208 208 87 61 61 1 181 121 121 207 61 208 61 147 1 61 61 1 1 61 121 1 1 207 61 147 1 1 87 147 208 208 181 208 1 147 121 121 147 1 208 147 208 208 1 61 131 61 208 121 121 121 181 147 147 1 67 1 1 61 61 87 61 132 208 61 192 61 208 1 1 207 207 181 1 208 121 1 61 207 61 61 61 207 27 121 148 1 207 121 1 61 121 121 207 122 131 207 1 207 1 121 61 147 61 181 122 181 121 121 147 207 121 121 207 121 181 61 87 121 61 1 208 181 63 207 147 122 1 121 63 147 181 147 1 1 
c [Label = 210] Encoding starts with target value = 60:
c [Label = 210] Encoding duration: 2435ms.
c [Label = 210] Number of clauses: 1320591.
c [Label = 210] Number of variables: 226194.
c [Label = 210] Solving duration: 8330 ms.
s [Label = 210] SAT (w = 60).
c [Label = 210] Label assignment: 1 1 1 1 1 1 1 1 1 1 1 1 1 61 1 1 1 1 1 61 1 1 1 89 1 1 61 61 1 1 61 61 209 1 61 1 1 1 61 1 1 1 1 1 61 1 1 61 1 121 1 1 1 61 1 209 61 61 61 1 121 1 1 61 1 61 149 121 121 61 1 61 1 1 1 1 1 209 1 1 149 89 1 149 1 61 1 1 1 89 1 61 61 1 121 1 61 61 1 1 61 89 61 121 61 61 123 121 121 121 121 210 149 121 61 1 1 1 1 210 1 1 1 1 61 210 61 1 121 61 1 89 1 61 210 61 181 181 209 210 61 209 89 61 1 1 1 61 210 61 210 210 61 1 121 1 1 61 61 1 1 121 121 61 61 121 89 1 121 61 61 61 121 1 210 209 121 61 121 61 61 61 1 1 149 61 209 210 89 210 149 121 150 61 181 210 210 61 61 210 210 61 61 121 210 61 210 121 210 1 210 121 1 121 1 61 61 210 121 121 121 210 192 121 1 1 1 121 121 61 1 61 121 209 1 1 1 1 209 1 149 150 61 1 1 1 61 1 61 1 1 192 61 121 1 61 121 149 121 210 61 131 61 1 63 121 121 1 1 63 209 61 61 149 61 89 89 209 209 68 121 210 121 210 61 121 61 62 149 210 210 89 61 61 1 181 121 121 209 61 210 61 149 1 61 61 1 1 61 121 1 1 209 61 149 1 1 89 149 210 210 181 210 1 149 121 121 149 1 210 149 210 210 1 61 131 61 210 121 121 121 181 149 149 1 67 1 1 61 61 89 61 132 210 61 192 61 210 1 1 209 209 181 1 210 121 1 61 209 61 61 61 209 29 121 150 1 209 121 1 61 121 121 209 122 131 209 1 209 1 121 61 149 61 181 122 181 121 121 149 209 121 121 209 121 181 61 89 121 61 1 210 181 63 209 149 122 1 121 63 149 181 149 1 1 
c [Signal] Signal interruption. Caught signal: SIGTERM (15).
c [Label = 209] Encoding starts with target value = 60:
c [Label = 209] Encoding duration: 2348ms.
c [Label = 209] Number of clauses: 1313397.
c [Label = 209] Number of variables: 225344.
c [Label = 209] Solving duration: 8414 ms.
s [Label = 209] SAT (w = 60).
c [Label = 209] Label assignment: 1 1 1 1 1 1 1 1 1 1 1 1 1 61 1 1 1 1 1 61 1 1 1 88 1 1 61 61 1 1 61 61 208 1 61 1 1 1 61 1 1 1 1 1 61 1 1 61 1 121 1 1 1 61 1 208 61 61 61 1 121 1 1 61 1 61 148 121 121 61 1 61 1 1 1 1 1 208 1 1 148 88 1 148 1 61 1 1 1 88 1 61 61 1 121 1 61 61 1 1 61 88 61 121 61 61 123 121 121 121 121 209 148 121 61 1 1 1 1 209 1 1 1 1 61 209 61 1 121 61 1 88 1 61 209 61 181 181 208 209 61 208 88 61 1 1 1 61 209 61 209 209 61 1 121 1 1 61 61 1 1 121 121 61 61 121 88 1 121 61 61 61 121 1 209 208 121 61 121 61 61 61 1 1 148 61 208 209 88 209 148 121 149 61 181 209 209 61 61 209 209 61 61 121 209 61 209 121 209 1 209 121 1 121 1 61 61 209 121 121 121 209 192 121 1 1 1 121 121 61 1 61 121 208 1 1 1 1 208 1 148 149 61 1 1 1 61 1 61 1 1 192 61 121 1 61 121 148 121 209 61 131 61 1 63 121 121 1 1 63 208 61 61 148 61 88 88 208 208 68 121 209 121 209 61 121 61 62 148 209 209 88 61 61 1 181 121 121 208 61 209 61 148 1 61 61 1 1 61 121 1 1 208 61 148 1 1 88 148 209 209 181 209 1 148 121 121 148 1 209 148 209 209 1 61 131 61 209 121 121 121 181 148 148 1 67 1 1 61 61 88 61 132 209 61 192 61 209 1 1 208 208 181 1 209 121 1 61 208 61 61 61 208 28 121 149 1 208 121 1 61 121 121 208 122 131 208 1 208 1 121 61 148 61 181 122 181 121 121 148 208 121 121 208 121 181 61 88 121 61 1 209 181 63 208 148 122 1 121 63 148 181 148 1 1 
c [Signal] Signal interruption. Caught signal: SIGTERM (15).
c [Main] Lowest label SAT is set to 208.
c [Main] Kill higher label pid 209.
c [Main] Kill higher label pid 210.
c [Main] Kill higher label pid 211.
c [Main] Kill higher label pid 212.
c [Label = 211] Encoding starts with target value = 60:
c [Label = 211] Encoding duration: 2333ms.
c [Label = 211] Number of clauses: 1327784.
c [Label = 211] Number of variables: 227044.
c [Label = 211] Solving duration: 8634 ms.
s [Label = 211] SAT (w = 60).
c [Label = 211] Label assignment: 1 1 1 1 1 1 1 1 1 1 1 1 1 61 1 1 1 1 1 61 1 1 1 90 1 1 61 61 1 1 61 61 210 1 61 1 1 1 61 1 1 1 1 1 61 1 1 61 1 121 1 1 1 61 1 210 61 61 61 1 121 1 1 61 1 61 150 121 121 61 1 61 1 1 1 1 1 210 1 1 150 90 1 150 1 61 1 1 1 90 1 61 61 1 121 1 61 61 1 1 61 90 61 121 61 61 123 121 121 121 121 211 150 121 61 1 1 1 1 211 1 1 1 1 61 211 61 1 121 61 1 90 1 61 211 61 181 181 210 211 61 210 90 61 1 1 1 61 211 61 211 211 61 1 121 1 1 61 61 1 1 121 121 61 61 121 90 1 121 61 61 61 121 1 211 210 121 61 121 61 61 61 1 1 150 61 210 211 90 211 150 121 151 61 181 211 211 61 61 211 211 61 61 121 211 61 211 121 211 1 211 121 1 121 1 61 61 211 121 121 121 211 192 121 1 1 1 121 121 61 1 61 121 210 1 1 1 1 210 1 150 151 61 1 1 1 61 1 61 1 1 192 61 121 1 61 121 150 121 211 61 131 61 1 63 121 121 1 1 63 210 61 61 150 61 90 90 210 210 68 121 211 121 211 61 121 61 62 150 211 211 90 61 61 1 181 121 121 210 61 211 61 150 1 61 61 1 1 61 121 1 1 210 61 150 1 1 90 150 211 211 181 211 1 150 121 121 150 1 211 150 211 211 1 61 131 61 211 121 121 121 181 150 150 1 67 1 1 61 61 90 61 132 211 61 192 61 211 1 1 210 210 181 1 211 121 1 61 210 61 61 61 210 30 121 151 1 210 121 1 61 121 121 210 122 131 210 1 210 1 121 61 150 61 181 122 181 121 121 150 210 121 121 210 121 181 61 90 121 61 1 211 181 63 210 150 122 1 121 63 150 181 150 1 1 
c [Signal] Signal interruption. Caught signal: SIGTERM (15).
c [Label = 212] Encoding starts with target value = 60:
c [Label = 212] Encoding duration: 2424ms.
c [Label = 212] Number of clauses: 1334978.
c [Label = 212] Number of variables: 227894.
c [Label = 212] Solving duration: 8554 ms.
s [Label = 212] SAT (w = 60).
c [Label = 212] Label assignment: 1 1 1 1 1 1 1 1 1 1 1 1 1 61 1 1 1 1 1 61 1 1 1 91 1 1 61 61 1 1 61 61 211 1 61 1 1 1 61 1 1 1 1 1 61 1 1 61 1 121 1 1 1 61 1 211 61 61 61 1 121 1 1 61 1 61 151 121 121 61 1 61 1 1 1 1 1 211 1 1 151 91 1 151 1 61 1 1 1 91 1 61 61 1 121 1 61 61 1 1 61 91 61 121 61 61 123 121 121 121 121 212 151 121 61 1 1 1 1 212 1 1 1 1 61 212 61 1 121 61 1 91 1 61 212 61 181 181 211 212 61 211 91 61 1 1 1 61 212 61 212 212 61 1 121 1 1 61 61 1 1 121 121 61 61 121 91 1 121 61 61 61 121 1 212 211 121 61 121 61 61 61 1 1 151 61 211 212 91 212 151 121 152 61 181 212 212 61 61 212 212 61 61 121 212 61 212 121 212 1 212 121 1 121 1 61 61 212 121 121 121 212 192 121 1 1 1 121 121 61 1 61 121 211 1 1 1 1 211 1 151 152 61 1 1 1 61 1 61 1 1 192 61 121 1 61 121 151 121 212 61 131 61 1 63 121 121 1 1 63 211 61 61 151 61 91 91 211 211 68 121 212 121 212 61 121 61 62 151 212 212 91 61 61 1 181 121 121 211 61 212 61 151 1 61 61 1 1 61 121 1 1 211 61 151 1 1 91 151 212 212 181 212 1 151 121 121 151 1 212 151 212 212 1 61 131 61 212 121 121 121 181 151 151 1 67 1 1 61 61 91 61 132 212 61 192 61 212 1 1 211 211 181 1 212 121 1 61 211 61 61 61 211 31 121 152 1 211 121 1 61 121 121 211 122 131 211 1 211 1 121 61 151 61 181 122 181 121 121 151 211 121 121 211 121 181 61 91 121 61 1 212 181 63 211 151 122 1 121 63 151 181 151 1 1 
c [Signal] Signal interruption. Caught signal: SIGTERM (15).
c [Label = 204] Minimize Makespan Labeling problem (O-impcol_d.mtx.rnd):
c [Main] Lowest label SAT is set to 207.
c [Main] Kill higher label pid 209.
c [Main] Kill higher label pid 210.
c [Main] Kill higher label pid 211.
c [Main] Kill higher label pid 212.
c [Label = 203] Minimize Makespan Labeling problem (O-impcol_d.mtx.rnd):
c [Main] Child pid 210 - 53496 terminated by signal 15.
c [Main] Child pid 211 - 53495 terminated by signal 15.
c [Label = 202] Minimize Makespan Labeling problem (O-impcol_d.mtx.rnd):
c [Main] Child pid 212 - 53494 terminated by signal 15.
c [Main] Child pid 209 - 53497 terminated by signal 15.
c [Label = 199] Minimize Makespan Labeling problem (O-impcol_d.mtx.rnd):
c [Label = 201] Minimize Makespan Labeling problem (O-impcol_d.mtx.rnd):
c [Label = 200] Minimize Makespan Labeling problem (O-impcol_d.mtx.rnd):
c [Label = 205] Encoding starts with target value = 60:
c [Label = 205] Encoding duration: 2471ms.
c [Label = 205] Number of clauses: 1284623.
c [Label = 205] Number of variables: 221944.
c [Label = 205] Solving duration: 8405 ms.
s [Label = 205] SAT (w = 60).
c [Label = 205] Label assignment: 1 1 1 1 1 1 1 1 1 1 1 1 1 61 1 1 1 1 1 61 1 1 1 84 1 1 61 61 1 1 61 61 204 1 61 1 1 1 61 1 1 1 1 1 61 1 1 61 1 121 1 1 1 61 1 204 61 61 61 1 121 1 1 61 1 61 144 121 121 61 1 61 1 1 1 1 1 204 1 1 144 84 1 144 1 61 1 1 1 84 1 61 61 1 121 1 61 61 1 1 61 84 61 121 61 61 123 121 121 121 121 205 144 121 61 1 1 1 1 205 1 1 1 1 61 205 61 1 121 61 1 84 1 61 205 61 181 181 204 205 61 204 84 61 1 1 1 61 205 61 205 205 61 1 121 1 1 61 61 1 1 121 121 61 61 121 84 1 121 61 61 61 121 1 205 204 121 61 121 61 61 61 1 1 144 61 204 205 84 205 144 121 145 61 181 205 205 61 61 205 205 61 61 121 205 61 205 121 205 1 205 121 1 121 1 61 61 205 121 121 121 205 192 121 1 1 1 121 121 61 1 61 121 204 1 1 1 1 204 1 144 145 61 1 1 1 61 1 61 1 1 192 61 121 1 61 121 144 121 205 61 131 61 1 63 121 121 1 1 63 204 61 61 144 61 84 84 204 204 68 121 205 121 205 61 121 61 62 144 205 205 84 61 61 1 181 121 121 204 61 205 61 144 1 61 61 1 1 61 121 1 1 204 61 144 1 1 84 144 205 205 181 205 1 144 121 121 144 1 205 144 205 205 1 61 131 61 205 121 121 121 181 144 144 1 67 1 1 61 61 84 61 132 205 61 192 61 205 1 1 204 204 181 1 205 121 1 61 204 61 61 61 204 24 121 145 1 204 121 1 61 121 121 204 122 131 204 1 204 1 121 61 144 61 181 122 181 121 121 144 204 121 121 204 121 181 61 84 121 61 1 205 181 63 204 144 122 1 121 63 144 181 144 1 1 
c [Main] Lowest label SAT is set to 205.
c [Main] Kill higher label pid 206.
c [Label = 206] Encoding starts with target value = 60:
c [Label = 206] Encoding duration: 2399ms.
c [Label = 206] Number of clauses: 1291817.
c [Label = 206] Number of variables: 222794.
c [Label = 206] Solving duration: 8918 ms.
s [Label = 206] SAT (w = 60).
c [Label = 206] Label assignment: 1 1 1 1 1 1 1 1 1 1 1 1 1 61 1 1 1 1 1 61 1 1 1 85 1 1 61 61 1 1 61 61 205 1 61 1 1 1 61 1 1 1 1 1 61 1 1 61 1 121 1 1 1 61 1 205 61 61 61 1 121 1 1 61 1 61 145 121 121 61 1 61 1 1 1 1 1 205 1 1 145 85 1 145 1 61 1 1 1 85 1 61 61 1 121 1 61 61 1 1 61 85 61 121 61 61 123 121 121 121 121 206 145 121 61 1 1 1 1 206 1 1 1 1 61 206 61 1 121 61 1 85 1 61 206 61 181 181 205 206 61 205 85 61 1 1 1 61 206 61 206 206 61 1 121 1 1 61 61 1 1 121 121 61 61 121 85 1 121 61 61 61 121 1 206 205 121 61 121 61 61 61 1 1 145 61 205 206 85 206 145 121 146 61 181 206 206 61 61 206 206 61 61 121 206 61 206 121 206 1 206 121 1 121 1 61 61 206 121 121 121 206 192 121 1 1 1 121 121 61 1 61 121 205 1 1 1 1 205 1 145 146 61 1 1 1 61 1 61 1 1 192 61 121 1 61 121 145 121 206 61 131 61 1 63 121 121 1 1 63 205 61 61 145 61 85 85 205 205 68 121 206 121 206 61 121 61 62 145 206 206 85 61 61 1 181 121 121 205 61 206 61 145 1 61 61 1 1 61 121 1 1 205 61 145 1 1 85 145 206 206 181 206 1 145 121 121 145 1 206 145 206 206 1 61 131 61 206 121 121 121 181 145 145 1 67 1 1 61 61 85 61 132 206 61 192 61 206 1 1 205 205 181 1 206 121 1 61 205 61 61 61 205 25 121 146 1 205 121 1 61 121 121 205 122 131 205 1 205 1 121 61 145 61 181 122 181 121 121 145 205 121 121 205 121 181 61 85 121 61 1 206 181 63 205 145 122 1 121 63 145 181 145 1 1 
c [Signal] Signal interruption. Caught signal: SIGTERM (15).
c [Label = 198] Minimize Makespan Labeling problem (O-impcol_d.mtx.rnd):
c [Main] Child pid 206 - 53500 terminated by signal 15.
c [Label = 197] Minimize Makespan Labeling problem (O-impcol_d.mtx.rnd):
c [Label = 197] Encoding starts with target value = 60:
c [Label = 197] Encoding duration: 2121ms.
c [Label = 197] Number of clauses: 1227075.
c [Label = 197] Number of variables: 215144.
c [Label = 197] Solving duration: 7676 ms.
s [Label = 197] SAT (w = 60).
c [Label = 197] Label assignment: 1 1 1 1 1 1 1 1 1 1 1 1 1 61 1 1 1 1 1 61 1 1 1 76 1 1 61 61 1 1 61 61 196 1 61 1 1 1 61 1 1 1 1 1 61 1 1 61 1 121 1 1 1 61 1 196 61 61 61 1 121 1 1 61 1 61 136 121 121 61 1 61 1 1 1 1 1 196 1 1 136 76 1 136 1 61 1 1 1 76 1 61 61 1 121 1 61 61 1 1 61 76 61 121 61 61 123 121 121 121 121 197 136 121 61 1 1 1 1 197 1 1 1 1 61 197 61 1 121 61 1 76 1 61 197 61 181 181 196 197 61 196 76 61 1 1 1 61 197 61 197 197 61 1 121 1 1 61 61 1 1 121 121 61 61 121 76 1 121 61 61 61 121 1 197 196 121 61 121 61 61 61 1 1 136 61 196 197 76 197 136 121 137 61 181 197 197 61 61 197 197 61 61 121 197 61 197 121 197 1 197 121 1 121 1 61 61 197 121 121 121 197 192 121 1 1 1 121 121 61 1 61 121 196 1 1 1 1 196 1 136 137 61 1 1 1 61 1 61 1 1 192 61 121 1 61 121 136 121 197 61 131 61 1 63 121 121 1 1 63 196 61 61 136 61 76 76 196 196 68 121 197 121 197 61 121 61 62 136 197 197 76 61 61 1 181 121 121 196 61 197 61 136 1 61 61 1 1 61 121 1 1 196 61 136 1 1 76 136 197 197 181 197 1 136 121 121 136 1 197 136 197 197 1 61 131 61 197 121 121 121 181 136 136 1 67 1 1 61 61 76 61 132 197 61 192 61 197 1 1 196 196 181 1 197 121 1 61 196 61 61 61 196 16 121 137 1 196 121 1 61 121 121 196 122 131 196 1 196 1 121 61 136 61 181 122 181 121 121 136 196 121 121 196 121 181 61 76 121 61 1 197 181 63 196 136 122 1 121 63 136 181 136 1 1 
c [Label = 201] Encoding starts with target value = 60:
c [Label = 201] Encoding duration: 2205ms.
c [Label = 201] Number of clauses: 1255849.
c [Label = 201] Number of variables: 218544.
c [Label = 201] Solving duration: 7717 ms.
s [Label = 201] SAT (w = 60).
c [Label = 201] Label assignment: 1 1 1 1 1 1 1 1 1 1 1 1 1 61 1 1 1 1 1 61 1 1 1 80 1 1 61 61 1 1 61 61 200 1 61 1 1 1 61 1 1 1 1 1 61 1 1 61 1 121 1 1 1 61 1 200 61 61 61 1 121 1 1 61 1 61 140 121 121 61 1 61 1 1 1 1 1 200 1 1 140 80 1 140 1 61 1 1 1 80 1 61 61 1 121 1 61 61 1 1 61 80 61 121 61 61 123 121 121 121 121 201 140 121 61 1 1 1 1 201 1 1 1 1 61 201 61 1 121 61 1 80 1 61 201 61 181 181 200 201 61 200 80 61 1 1 1 61 201 61 201 201 61 1 121 1 1 61 61 1 1 121 121 61 61 121 80 1 121 61 61 61 121 1 201 200 121 61 121 61 61 61 1 1 140 61 200 201 80 201 140 121 141 61 181 201 201 61 61 201 201 61 61 121 201 61 201 121 201 1 201 121 1 121 1 61 61 201 121 121 121 201 192 121 1 1 1 121 121 61 1 61 121 200 1 1 1 1 200 1 140 141 61 1 1 1 61 1 61 1 1 192 61 121 1 61 121 140 121 201 61 131 61 1 63 121 121 1 1 63 200 61 61 140 61 80 80 200 200 68 121 201 121 201 61 121 61 62 140 201 201 80 61 61 1 181 121 121 200 61 201 61 140 1 61 61 1 1 61 121 1 1 200 61 140 1 1 80 140 201 201 181 201 1 140 121 121 140 1 201 140 201 201 1 61 131 61 201 121 121 121 181 140 140 1 67 1 1 61 61 80 61 132 201 61 192 61 201 1 1 200 200 181 1 201 121 1 61 200 61 61 61 200 20 121 141 1 200 121 1 61 121 121 200 122 131 200 1 200 1 121 61 140 61 181 122 181 121 121 140 200 121 121 200 121 181 61 80 121 61 1 201 181 63 200 140 122 1 121 63 140 181 140 1 1 
c [Label = 198] Encoding starts with target value = 60:
c [Label = 198] Encoding duration: 2490ms.
c [Label = 198] Number of clauses: 1234269.
c [Label = 198] Number of variables: 215994.
c [Signal] Signal interruption. Caught signal: SIGTERM (15).
c [Label = 199] Encoding starts with target value = 60:
c [Label = 199] Encoding duration: 2284ms.
c [Label = 199] Number of clauses: 1241462.
c [Label = 199] Number of variables: 216844.
c [Label = 199] Solving duration: 7911 ms.
s [Label = 199] SAT (w = 60).
c [Label = 199] Label assignment: 1 1 1 1 1 1 1 1 1 1 1 1 1 61 1 1 1 1 1 61 1 1 1 78 1 1 61 61 1 1 61 61 198 1 61 1 1 1 61 1 1 1 1 1 61 1 1 61 1 121 1 1 1 61 1 198 61 61 61 1 121 1 1 61 1 61 138 121 121 61 1 61 1 1 1 1 1 198 1 1 138 78 1 138 1 61 1 1 1 78 1 61 61 1 121 1 61 61 1 1 61 78 61 121 61 61 123 121 121 121 121 199 138 121 61 1 1 1 1 199 1 1 1 1 61 199 61 1 121 61 1 78 1 61 199 61 181 181 198 199 61 198 78 61 1 1 1 61 199 61 199 199 61 1 121 1 1 61 61 1 1 121 121 61 61 121 78 1 121 61 61 61 121 1 199 198 121 61 121 61 61 61 1 1 138 61 198 199 78 199 138 121 139 61 181 199 199 61 61 199 199 61 61 121 199 61 199 121 199 1 199 121 1 121 1 61 61 199 121 121 121 199 192 121 1 1 1 121 121 61 1 61 121 198 1 1 1 1 198 1 138 139 61 1 1 1 61 1 61 1 1 192 61 121 1 61 121 138 121 199 61 131 61 1 63 121 121 1 1 63 198 61 61 138 61 78 78 198 198 68 121 199 121 199 61 121 61 62 138 199 199 78 61 61 1 181 121 121 198 61 199 61 138 1 61 61 1 1 61 121 1 1 198 61 138 1 1 78 138 199 199 181 199 1 138 121 121 138 1 199 138 199 199 1 61 131 61 199 121 121 121 181 138 138 1 67 1 1 61 61 78 61 132 199 61 192 61 199 1 1 198 198 181 1 199 121 1 61 198 61 61 61 198 18 121 139 1 198 121 1 61 121 121 198 122 131 198 1 198 1 121 61 138 61 181 122 181 121 121 138 198 121 121 198 121 181 61 78 121 61 1 199 181 63 198 138 122 1 121 63 138 181 138 1 1 
c [Signal] Signal interruption. Caught signal: SIGTERM (15).
c [Label = 200] Encoding starts with target value = 60:
c [Label = 200] Encoding duration: 2483ms.
c [Label = 200] Number of clauses: 1248656.
c [Label = 200] Number of variables: 217694.
c [Signal] Signal interruption. Caught signal: SIGTERM (15).
c [Label = 202] Encoding starts with target value = 60:
c [Label = 202] Encoding duration: 2141ms.
c [Label = 202] Number of clauses: 1263043.
c [Label = 202] Number of variables: 219394.
c [Label = 202] Solving duration: 7954 ms.
s [Label = 202] SAT (w = 60).
c [Label = 202] Label assignment: 1 1 1 1 1 1 1 1 1 1 1 1 1 61 1 1 1 1 1 61 1 1 1 81 1 1 61 61 1 1 61 61 201 1 61 1 1 1 61 1 1 1 1 1 61 1 1 61 1 121 1 1 1 61 1 201 61 61 61 1 121 1 1 61 1 61 141 121 121 61 1 61 1 1 1 1 1 201 1 1 141 81 1 141 1 61 1 1 1 81 1 61 61 1 121 1 61 61 1 1 61 81 61 121 61 61 123 121 121 121 121 202 141 121 61 1 1 1 1 202 1 1 1 1 61 202 61 1 121 61 1 81 1 61 202 61 181 181 201 202 61 201 81 61 1 1 1 61 202 61 202 202 61 1 121 1 1 61 61 1 1 121 121 61 61 121 81 1 121 61 61 61 121 1 202 201 121 61 121 61 61 61 1 1 141 61 201 202 81 202 141 121 142 61 181 202 202 61 61 202 202 61 61 121 202 61 202 121 202 1 202 121 1 121 1 61 61 202 121 121 121 202 192 121 1 1 1 121 121 61 1 61 121 201 1 1 1 1 201 1 141 142 61 1 1 1 61 1 61 1 1 192 61 121 1 61 121 141 121 202 61 131 61 1 63 121 121 1 1 63 201 61 61 141 61 81 81 201 201 68 121 202 121 202 61 121 61 62 141 202 202 81 61 61 1 181 121 121 201 61 202 61 141 1 61 61 1 1 61 121 1 1 201 61 141 1 1 81 141 202 202 181 202 1 141 121 121 141 1 202 141 202 202 1 61 131 61 202 121 121 121 181 141 141 1 67 1 1 61 61 81 61 132 202 61 192 61 202 1 1 201 201 181 1 202 121 1 61 201 61 61 61 201 21 121 142 1 201 121 1 61 121 121 201 122 131 201 1 201 1 121 61 141 61 181 122 181 121 121 141 201 121 121 201 121 181 61 81 121 61 1 202 181 63 201 141 122 1 121 63 141 181 141 1 1 
c [Signal] Signal interruption. Caught signal: SIGTERM (15).
c [Main] Lowest label SAT is set to 197.
c [Main] Kill higher label pid 198.
c [Main] Kill higher label pid 199.
c [Main] Kill higher label pid 200.
c [Main] Kill higher label pid 201.
c [Main] Kill higher label pid 202.
c [Main] Kill higher label pid 203.
c [Main] Kill higher label pid 204.
c [Label = 203] Encoding starts with target value = 60:
c [Label = 203] Encoding duration: 2426ms.
c [Label = 203] Number of clauses: 1270236.
c [Label = 203] Number of variables: 220244.
c [Label = 203] Solving duration: 7938 ms.
s [Label = 203] SAT (w = 60).
c [Label = 203] Label assignment: 1 1 1 1 1 1 1 1 1 1 1 1 1 61 1 1 1 1 1 61 1 1 1 82 1 1 61 61 1 1 61 61 202 1 61 1 1 1 61 1 1 1 1 1 61 1 1 61 1 121 1 1 1 61 1 202 61 61 61 1 121 1 1 61 1 61 142 121 121 61 1 61 1 1 1 1 1 202 1 1 142 82 1 142 1 61 1 1 1 82 1 61 61 1 121 1 61 61 1 1 61 82 61 121 61 61 123 121 121 121 121 203 142 121 61 1 1 1 1 203 1 1 1 1 61 203 61 1 121 61 1 82 1 61 203 61 181 181 202 203 61 202 82 61 1 1 1 61 203 61 203 203 61 1 121 1 1 61 61 1 1 121 121 61 61 121 82 1 121 61 61 61 121 1 203 202 121 61 121 61 61 61 1 1 142 61 202 203 82 203 142 121 143 61 181 203 203 61 61 203 203 61 61 121 203 61 203 121 203 1 203 121 1 121 1 61 61 203 121 121 121 203 192 121 1 1 1 121 121 61 1 61 121 202 1 1 1 1 202 1 142 143 61 1 1 1 61 1 61 1 1 192 61 121 1 61 121 142 121 203 61 131 61 1 63 121 121 1 1 63 202 61 61 142 61 82 82 202 202 68 121 203 121 203 61 121 61 62 142 203 203 82 61 61 1 181 121 121 202 61 203 61 142 1 61 61 1 1 61 121 1 1 202 61 142 1 1 82 142 203 203 181 203 1 142 121 121 142 1 203 142 203 203 1 61 131 61 203 121 121 121 181 142 142 1 67 1 1 61 61 82 61 132 203 61 192 61 203 1 1 202 202 181 1 203 121 1 61 202 61 61 61 202 22 121 143 1 202 121 1 61 121 121 202 122 131 202 1 202 1 121 61 142 61 181 122 181 121 121 142 202 121 121 202 121 181 61 82 121 61 1 203 181 63 202 142 122 1 121 63 142 181 142 1 1 
c [Signal] Signal interruption. Caught signal: SIGTERM (15).
c [Label = 204] Encoding starts with target value = 60:
c [Label = 204] Encoding duration: 2220ms.
c [Label = 204] Number of clauses: 1277430.
c [Label = 204] Number of variables: 221094.
c [Label = 204] Solving duration: 8111 ms.
s [Label = 204] SAT (w = 60).
c [Label = 204] Label assignment: 1 1 1 1 1 1 1 1 1 1 1 1 1 61 1 1 1 1 1 61 1 1 1 83 1 1 61 61 1 1 61 61 203 1 61 1 1 1 61 1 1 1 1 1 61 1 1 61 1 121 1 1 1 61 1 203 61 61 61 1 121 1 1 61 1 61 143 121 121 61 1 61 1 1 1 1 1 203 1 1 143 83 1 143 1 61 1 1 1 83 1 61 61 1 121 1 61 61 1 1 61 83 61 121 61 61 123 121 121 121 121 204 143 121 61 1 1 1 1 204 1 1 1 1 61 204 61 1 121 61 1 83 1 61 204 61 181 181 203 204 61 203 83 61 1 1 1 61 204 61 204 204 61 1 121 1 1 61 61 1 1 121 121 61 61 121 83 1 121 61 61 61 121 1 204 203 121 61 121 61 61 61 1 1 143 61 203 204 83 204 143 121 144 61 181 204 204 61 61 204 204 61 61 121 204 61 204 121 204 1 204 121 1 121 1 61 61 204 121 121 121 204 192 121 1 1 1 121 121 61 1 61 121 203 1 1 1 1 203 1 143 144 61 1 1 1 61 1 61 1 1 192 61 121 1 61 121 143 121 204 61 131 61 1 63 121 121 1 1 63 203 61 61 143 61 83 83 203 203 68 121 204 121 204 61 121 61 62 143 204 204 83 61 61 1 181 121 121 203 61 204 61 143 1 61 61 1 1 61 121 1 1 203 61 143 1 1 83 143 204 204 181 204 1 143 121 121 143 1 204 143 204 204 1 61 131 61 204 121 121 121 181 143 143 1 67 1 1 61 61 83 61 132 204 61 192 61 204 1 1 203 203 181 1 204 121 1 61 203 61 61 61 203 23 121 144 1 203 121 1 61 121 121 203 122 131 203 1 203 1 121 61 143 61 181 122 181 121 121 143 203 121 121 203 121 181 61 83 121 61 1 204 181 63 203 143 122 1 121 63 143 181 143 1 1 
c [Signal] Signal interruption. Caught signal: SIGTERM (15).
c [Label = 196] Minimize Makespan Labeling problem (O-impcol_d.mtx.rnd):
c [Main] Kill higher label pid 202.
c [Main] Kill higher label pid 203.
c [Main] Kill higher label pid 204.
c [Label = 195] Minimize Makespan Labeling problem (O-impcol_d.mtx.rnd):
c [Main] Child pid 202 - 53934 terminated by signal 15.
c [Main] Child pid 200 - 53936 terminated by signal 15.
c [Label = 194] Minimize Makespan Labeling problem (O-impcol_d.mtx.rnd):
c [Main] Child pid 199 - 53937 terminated by signal 15.
c [Main] Child pid 198 - 53938 terminated by signal 15.
c [Label = 192] Minimize Makespan Labeling problem (O-impcol_d.mtx.rnd):
c [Label = 191] Minimize Makespan Labeling problem (O-impcol_d.mtx.rnd):
c [Label = 193] Minimize Makespan Labeling problem (O-impcol_d.mtx.rnd):
c [Main] Child pid 204 - 53932 terminated by signal 15.
c [Label = 190] Minimize Makespan Labeling problem (O-impcol_d.mtx.rnd):
c [Main] Child pid 203 - 53933 terminated by signal 15.
c [Label = 189] Minimize Makespan Labeling problem (O-impcol_d.mtx.rnd):
c [Label = 191] Encoding starts with target value = 60:
c [Label = 191] Encoding duration: 1865ms.
c [Label = 191] Number of clauses: 1183914.
c [Label = 191] Number of variables: 210044.
c [Label = 191] Solving duration: 6906 ms.
s [Label = 191] SAT (w = 60).
c [Label = 191] Label assignment: 1 1 1 1 1 1 1 1 1 1 1 1 1 61 1 1 1 1 1 61 1 1 1 70 1 1 61 61 1 1 61 61 190 1 61 1 1 1 61 1 1 1 1 1 61 1 1 61 1 121 1 1 1 61 1 190 61 61 61 1 121 1 1 61 1 61 130 121 121 61 1 61 1 1 1 1 1 190 1 1 130 70 1 130 1 61 1 1 1 70 1 61 61 1 121 1 61 61 1 1 61 70 61 121 61 61 123 121 121 121 121 191 130 121 61 1 1 1 1 191 1 1 1 1 61 191 61 1 121 61 1 70 1 61 191 61 181 181 190 191 61 190 70 61 1 1 1 61 191 61 191 191 61 1 121 1 1 61 61 1 1 121 121 61 61 121 70 1 121 61 61 61 121 1 191 190 121 61 121 61 61 61 1 1 130 61 190 191 70 191 130 121 131 61 181 191 191 61 61 191 191 61 61 121 191 61 191 121 191 1 191 121 1 121 1 61 61 191 121 121 121 191 190 121 1 1 1 121 121 61 1 61 121 190 1 1 1 1 190 1 130 131 61 1 1 1 61 1 61 1 1 190 61 121 1 61 121 130 121 191 61 130 61 1 63 121 121 1 1 63 190 61 61 130 61 70 70 190 190 68 121 191 121 191 61 121 61 62 130 191 191 70 61 61 1 181 121 121 190 61 191 61 130 1 61 61 1 1 61 121 1 1 190 61 130 1 1 70 130 191 191 181 191 1 130 121 121 130 1 191 130 191 191 1 61 130 61 191 121 121 121 181 130 130 1 67 1 1 61 61 70 61 130 191 61 190 61 191 1 1 190 190 181 1 191 121 1 61 190 61 61 61 190 10 121 131 1 190 121 1 61 121 121 190 122 130 190 1 190 1 121 61 130 61 181 122 181 121 121 130 190 121 121 190 121 181 61 70 121 61 1 191 181 63 190 130 122 1 121 63 130 181 130 1 1 
c [Label = 190] Encoding starts with target value = 60:
c [Label = 190] Encoding duration: 1861ms.
c [Label = 190] Number of clauses: 1176721.
c [Label = 190] Number of variables: 209194.
c [Label = 190] Solving duration: 6930 ms.
s [Label = 190] SAT (w = 60).
c [Label = 190] Label assignment: 1 1 1 1 1 1 1 1 1 1 1 1 1 61 1 1 1 1 1 61 1 1 1 69 1 1 61 61 1 1 61 61 189 1 61 1 1 1 61 1 1 1 1 1 61 1 1 61 1 121 1 1 1 61 1 189 61 61 61 1 121 1 1 61 1 61 129 121 121 61 1 61 1 1 1 1 1 189 1 1 129 69 1 129 1 61 1 1 1 69 1 61 61 1 121 1 61 61 1 1 61 69 61 121 61 61 123 121 121 121 121 190 129 121 61 1 1 1 1 190 1 1 1 1 61 190 61 1 121 61 1 69 1 61 190 61 181 181 189 190 61 189 69 61 1 1 1 61 190 61 190 190 61 1 121 1 1 61 61 1 1 121 121 61 61 121 69 1 121 61 61 61 121 1 190 189 121 61 121 61 61 61 1 1 129 61 189 190 69 190 129 121 130 61 181 190 190 61 61 190 190 61 61 121 190 61 190 121 190 1 190 121 1 121 1 61 61 190 121 121 121 190 189 121 1 1 1 121 121 61 1 61 121 189 1 1 1 1 189 1 129 130 61 1 1 1 61 1 61 1 1 189 61 121 1 61 121 129 121 190 61 129 61 1 63 121 121 1 1 63 189 61 61 129 61 69 69 189 189 68 121 190 121 190 61 121 61 62 129 190 190 69 61 61 1 181 121 121 189 61 190 61 129 1 61 61 1 1 61 121 1 1 189 61 129 1 1 69 129 190 190 181 190 1 129 121 121 129 1 190 129 190 190 1 61 129 61 190 121 121 121 181 129 129 1 67 1 1 61 61 69 61 129 190 61 189 61 190 1 1 189 189 181 1 190 121 1 61 189 61 61 61 189 9 121 130 1 189 121 1 61 121 121 189 122 129 189 1 189 1 121 61 129 61 181 122 181 121 121 129 189 121 121 189 121 181 61 69 121 61 1 190 181 63 189 129 122 1 121 63 129 181 129 1 1 
c [Label = 192] Encoding starts with target value = 60:
c [Label = 192] Encoding duration: 1894ms.
c [Label = 192] Number of clauses: 1191108.
c [Label = 192] Number of variables: 210894.
c [Label = 192] Solving duration: 7082 ms.
s [Label = 192] SAT (w = 60).
c [Label = 192] Label assignment: 1 1 1 1 1 1 1 1 1 1 1 1 1 61 1 1 1 1 1 61 1 1 1 71 1 1 61 61 1 1 61 61 191 1 61 1 1 1 61 1 1 1 1 1 61 1 1 61 1 121 1 1 1 61 1 191 61 61 61 1 121 1 1 61 1 61 131 121 121 61 1 61 1 1 1 1 1 191 1 1 131 71 1 131 1 61 1 1 1 71 1 61 61 1 121 1 61 61 1 1 61 71 61 121 61 61 123 121 121 121 121 192 131 121 61 1 1 1 1 192 1 1 1 1 61 192 61 1 121 61 1 71 1 61 192 61 181 181 191 192 61 191 71 61 1 1 1 61 192 61 192 192 61 1 121 1 1 61 61 1 1 121 121 61 61 121 71 1 121 61 61 61 121 1 192 191 121 61 121 61 61 61 1 1 131 61 191 192 71 192 131 121 132 61 181 192 192 61 61 192 192 61 61 121 192 61 192 121 192 1 192 121 1 121 1 61 61 192 121 121 121 192 191 121 1 1 1 121 121 61 1 61 121 191 1 1 1 1 191 1 131 132 61 1 1 1 61 1 61 1 1 191 61 121 1 61 121 131 121 192 61 131 61 1 63 121 121 1 1 63 191 61 61 131 61 71 71 191 191 68 121 192 121 192 61 121 61 62 131 192 192 71 61 61 1 181 121 121 191 61 192 61 131 1 61 61 1 1 61 121 1 1 191 61 131 1 1 71 131 192 192 181 192 1 131 121 121 131 1 192 131 192 192 1 61 131 61 192 121 121 121 181 131 131 1 67 1 1 61 61 71 61 131 192 61 191 61 192 1 1 191 191 181 1 192 121 1 61 191 61 61 61 191 11 121 132 1 191 121 1 61 121 121 191 122 131 191 1 191 1 121 61 131 61 181 122 181 121 121 131 191 121 121 191 121 181 61 71 121 61 1 192 181 63 191 131 122 1 121 63 131 181 131 1 1 
c [Signal] Signal interruption. Caught signal: SIGTERM (15).
c [Label = 193] Encoding starts with target value = 60:
c [Label = 193] Encoding duration: 1872ms.
c [Label = 193] Number of clauses: 1198301.
c [Label = 193] Number of variables: 211744.
c [Label = 193] Solving duration: 7106 ms.
s [Label = 193] SAT (w = 60).
c [Label = 193] Label assignment: 1 1 1 1 1 1 1 1 1 1 1 1 1 61 1 1 1 1 1 61 1 1 1 72 1 1 61 61 1 1 61 61 192 1 61 1 1 1 61 1 1 1 1 1 61 1 1 61 1 121 1 1 1 61 1 192 61 61 61 1 121 1 1 61 1 61 132 121 121 61 1 61 1 1 1 1 1 192 1 1 132 72 1 132 1 61 1 1 1 72 1 61 61 1 121 1 61 61 1 1 61 72 61 121 61 61 123 121 121 121 121 193 132 121 61 1 1 1 1 193 1 1 1 1 61 193 61 1 121 61 1 72 1 61 193 61 181 181 192 193 61 192 72 61 1 1 1 61 193 61 193 193 61 1 121 1 1 61 61 1 1 121 121 61 61 121 72 1 121 61 61 61 121 1 193 192 121 61 121 61 61 61 1 1 132 61 192 193 72 193 132 121 133 61 181 193 193 61 61 193 193 61 61 121 193 61 193 121 193 1 193 121 1 121 1 61 61 193 121 121 121 193 192 121 1 1 1 121 121 61 1 61 121 192 1 1 1 1 192 1 132 133 61 1 1 1 61 1 61 1 1 192 61 121 1 61 121 132 121 193 61 131 61 1 63 121 121 1 1 63 192 61 61 132 61 72 72 192 192 68 121 193 121 193 61 121 61 62 132 193 193 72 61 61 1 181 121 121 192 61 193 61 132 1 61 61 1 1 61 121 1 1 192 61 132 1 1 72 132 193 193 181 193 1 132 121 121 132 1 193 132 193 193 1 61 131 61 193 121 121 121 181 132 132 1 67 1 1 61 61 72 61 132 193 61 192 61 193 1 1 192 192 181 1 193 121 1 61 192 61 61 61 192 12 121 133 1 192 121 1 61 121 121 192 122 131 192 1 192 1 121 61 132 61 181 122 181 121 121 132 192 121 121 192 121 181 61 72 121 61 1 193 181 63 192 132 122 1 121 63 132 181 132 1 1 
c [Signal] Signal interruption. Caught signal: SIGTERM (15).
c [Main] Lowest label SAT is set to 191.
c [Main] Kill higher label pid 192.
c [Main] Kill higher label pid 193.
c [Main] Kill higher label pid 194.
c [Main] Kill higher label pid 195.
c [Main] Kill higher label pid 196.
c [Label = 194] Encoding starts with target value = 60:
c [Label = 194] Encoding duration: 1878ms.
c [Label = 194] Number of clauses: 1205495.
c [Label = 194] Number of variables: 212594.
c [Label = 194] Solving duration: 7130 ms.
s [Label = 194] SAT (w = 60).
c [Label = 194] Label assignment: 1 1 1 1 1 1 1 1 1 1 1 1 1 61 1 1 1 1 1 61 1 1 1 73 1 1 61 61 1 1 61 61 193 1 61 1 1 1 61 1 1 1 1 1 61 1 1 61 1 121 1 1 1 61 1 193 61 61 61 1 121 1 1 61 1 61 133 121 121 61 1 61 1 1 1 1 1 193 1 1 133 73 1 133 1 61 1 1 1 73 1 61 61 1 121 1 61 61 1 1 61 73 61 121 61 61 123 121 121 121 121 194 133 121 61 1 1 1 1 194 1 1 1 1 61 194 61 1 121 61 1 73 1 61 194 61 181 181 193 194 61 193 73 61 1 1 1 61 194 61 194 194 61 1 121 1 1 61 61 1 1 121 121 61 61 121 73 1 121 61 61 61 121 1 194 193 121 61 121 61 61 61 1 1 133 61 193 194 73 194 133 121 134 61 181 194 194 61 61 194 194 61 61 121 194 61 194 121 194 1 194 121 1 121 1 61 61 194 121 121 121 194 192 121 1 1 1 121 121 61 1 61 121 193 1 1 1 1 193 1 133 134 61 1 1 1 61 1 61 1 1 192 61 121 1 61 121 133 121 194 61 131 61 1 63 121 121 1 1 63 193 61 61 133 61 73 73 193 193 68 121 194 121 194 61 121 61 62 133 194 194 73 61 61 1 181 121 121 193 61 194 61 133 1 61 61 1 1 61 121 1 1 193 61 133 1 1 73 133 194 194 181 194 1 133 121 121 133 1 194 133 194 194 1 61 131 61 194 121 121 121 181 133 133 1 67 1 1 61 61 73 61 132 194 61 192 61 194 1 1 193 193 181 1 194 121 1 61 193 61 61 61 193 13 121 134 1 193 121 1 61 121 121 193 122 131 193 1 193 1 121 61 133 61 181 122 181 121 121 133 193 121 121 193 121 181 61 73 121 61 1 194 181 63 193 133 122 1 121 63 133 181 133 1 1 
c [Signal] Signal interruption. Caught signal: SIGTERM (15).
c [Label = 195] Encoding starts with target value = 60:
c [Label = 195] Encoding duration: 1906ms.
c [Label = 195] Number of clauses: 1212688.
c [Label = 195] Number of variables: 213444.
c [Label = 195] Solving duration: 7091 ms.
s [Label = 195] SAT (w = 60).
c [Label = 195] Label assignment: 1 1 1 1 1 1 1 1 1 1 1 1 1 61 1 1 1 1 1 61 1 1 1 74 1 1 61 61 1 1 61 61 194 1 61 1 1 1 61 1 1 1 1 1 61 1 1 61 1 121 1 1 1 61 1 194 61 61 61 1 121 1 1 61 1 61 134 121 121 61 1 61 1 1 1 1 1 194 1 1 134 74 1 134 1 61 1 1 1 74 1 61 61 1 121 1 61 61 1 1 61 74 61 121 61 61 123 121 121 121 121 195 134 121 61 1 1 1 1 195 1 1 1 1 61 195 61 1 121 61 1 74 1 61 195 61 181 181 194 195 61 194 74 61 1 1 1 61 195 61 195 195 61 1 121 1 1 61 61 1 1 121 121 61 61 121 74 1 121 61 61 61 121 1 195 194 121 61 121 61 61 61 1 1 134 61 194 195 74 195 134 121 135 61 181 195 195 61 61 195 195 61 61 121 195 61 195 121 195 1 195 121 1 121 1 61 61 195 121 121 121 195 192 121 1 1 1 121 121 61 1 61 121 194 1 1 1 1 194 1 134 135 61 1 1 1 61 1 61 1 1 192 61 121 1 61 121 134 121 195 61 131 61 1 63 121 121 1 1 63 194 61 61 134 61 74 74 194 194 68 121 195 121 195 61 121 61 62 134 195 195 74 61 61 1 181 121 121 194 61 195 61 134 1 61 61 1 1 61 121 1 1 194 61 134 1 1 74 134 195 195 181 195 1 134 121 121 134 1 195 134 195 195 1 61 131 61 195 121 121 121 181 134 134 1 67 1 1 61 61 74 61 132 195 61 192 61 195 1 1 194 194 181 1 195 121 1 61 194 61 61 61 194 14 121 135 1 194 121 1 61 121 121 194 122 131 194 1 194 1 121 61 134 61 181 122 181 121 121 134 194 121 121 194 121 181 61 74 121 61 1 195 181 63 194 134 122 1 121 63 134 181 134 1 1 
c [Signal] Signal interruption. Caught signal: SIGTERM (15).
c [Label = 196] Encoding starts with target value = 60:
c [Label = 196] Encoding duration: 1960ms.
c [Label = 196] Number of clauses: 1219882.
c [Label = 196] Number of variables: 214294.
c [Label = 196] Solving duration: 7092 ms.
s [Label = 196] SAT (w = 60).
c [Label = 196] Label assignment: 1 1 1 1 1 1 1 1 1 1 1 1 1 61 1 1 1 1 1 61 1 1 1 75 1 1 61 61 1 1 61 61 195 1 61 1 1 1 61 1 1 1 1 1 61 1 1 61 1 121 1 1 1 61 1 195 61 61 61 1 121 1 1 61 1 61 135 121 121 61 1 61 1 1 1 1 1 195 1 1 135 75 1 135 1 61 1 1 1 75 1 61 61 1 121 1 61 61 1 1 61 75 61 121 61 61 123 121 121 121 121 196 135 121 61 1 1 1 1 196 1 1 1 1 61 196 61 1 121 61 1 75 1 61 196 61 181 181 195 196 61 195 75 61 1 1 1 61 196 61 196 196 61 1 121 1 1 61 61 1 1 121 121 61 61 121 75 1 121 61 61 61 121 1 196 195 121 61 121 61 61 61 1 1 135 61 195 196 75 196 135 121 136 61 181 196 196 61 61 196 196 61 61 121 196 61 196 121 196 1 196 121 1 121 1 61 61 196 121 121 121 196 192 121 1 1 1 121 121 61 1 61 121 195 1 1 1 1 195 1 135 136 61 1 1 1 61 1 61 1 1 192 61 121 1 61 121 135 121 196 61 131 61 1 63 121 121 1 1 63 195 61 61 135 61 75 75 195 195 68 121 196 121 196 61 121 61 62 135 196 196 75 61 61 1 181 121 121 195 61 196 61 135 1 61 61 1 1 61 121 1 1 195 61 135 1 1 75 135 196 196 181 196 1 135 121 121 135 1 196 135 196 196 1 61 131 61 196 121 121 121 181 135 135 1 67 1 1 61 61 75 61 132 196 61 192 61 196 1 1 195 195 181 1 196 121 1 61 195 61 61 61 195 15 121 136 1 195 121 1 61 121 121 195 122 131 195 1 195 1 121 61 135 61 181 122 181 121 121 135 195 121 121 195 121 181 61 75 121 61 1 196 181 63 195 135 122 1 121 63 135 181 135 1 1 
c [Signal] Signal interruption. Caught signal: SIGTERM (15).
c [Label = 188] Minimize Makespan Labeling problem (O-impcol_d.mtx.rnd):
c [Main] Lowest label SAT is set to 190.
c [Main] Kill higher label pid 192.
c [Main] Kill higher label pid 193.
c [Main] Kill higher label pid 194.
c [Main] Kill higher label pid 195.
c [Main] Kill higher label pid 196.
c [Label = 187] Minimize Makespan Labeling problem (O-impcol_d.mtx.rnd):
c [Main] Child pid 193 - 53947 terminated by signal 15.
c [Label = 186] Minimize Makespan Labeling problem (O-impcol_d.mtx.rnd):
c [Main] Child pid 196 - 53944 terminated by signal 15.
c [Label = 185] Minimize Makespan Labeling problem (O-impcol_d.mtx.rnd):
c [Main] Child pid 194 - 53946 terminated by signal 15.
c [Main] Child pid 195 - 53945 terminated by signal 15.
c [Main] Child pid 192 - 53948 terminated by signal 15.
c [Label = 183] Minimize Makespan Labeling problem (O-impcol_d.mtx.rnd):
c [Label = 184] Minimize Makespan Labeling problem (O-impcol_d.mtx.rnd):
c [Label = 182] Minimize Makespan Labeling problem (O-impcol_d.mtx.rnd):
c [Label = 189] Encoding starts with target value = 60:
c [Label = 189] Encoding duration: 1865ms.
c [Label = 189] Number of clauses: 1169527.
c [Label = 189] Number of variables: 208344.
c [Label = 189] Solving duration: 7047 ms.
s [Label = 189] SAT (w = 60).
c [Label = 189] Label assignment: 1 1 1 1 1 1 1 1 1 1 1 1 1 61 1 1 1 1 1 61 1 1 1 68 1 1 61 61 1 1 61 61 188 1 61 1 1 1 61 1 1 1 1 1 61 1 1 61 1 121 1 1 1 61 1 188 61 61 61 1 121 1 1 61 1 61 128 121 121 61 1 61 1 1 1 1 1 188 1 1 128 68 1 128 1 61 1 1 1 68 1 61 61 1 121 1 61 61 1 1 61 68 61 121 61 61 123 121 121 121 121 189 128 121 61 1 1 1 1 189 1 1 1 1 61 189 61 1 121 61 1 68 1 61 189 61 181 181 188 189 61 188 68 61 1 1 1 61 189 61 189 189 61 1 121 1 1 61 61 1 1 121 121 61 61 121 68 1 121 61 61 61 121 1 189 188 121 61 121 61 61 61 1 1 128 61 188 189 68 189 128 121 129 61 181 189 189 61 61 189 189 61 61 121 189 61 189 121 189 1 189 121 1 121 1 61 61 189 121 121 121 189 188 121 1 1 1 121 121 61 1 61 121 188 1 1 1 1 188 1 128 129 61 1 1 1 61 1 61 1 1 188 61 121 1 61 121 128 121 189 61 128 61 1 63 121 121 1 1 63 188 61 61 128 61 68 68 188 188 68 121 189 121 189 61 121 61 62 128 189 189 68 61 61 1 181 121 121 188 61 189 61 128 1 61 61 1 1 61 121 1 1 188 61 128 1 1 68 128 189 189 181 189 1 128 121 121 128 1 189 128 189 189 1 61 128 61 189 121 121 121 181 128 128 1 67 1 1 61 61 68 61 128 189 61 188 61 189 1 1 188 188 181 1 189 121 1 61 188 61 61 61 188 8 121 129 1 188 121 1 61 121 121 188 122 128 188 1 188 1 121 61 128 61 181 122 181 121 121 128 188 121 121 188 121 181 61 68 121 61 1 189 181 63 188 128 122 1 121 63 128 181 128 1 1 
c [Main] Lowest label SAT is set to 189.
c [Label = 181] Minimize Makespan Labeling problem (O-impcol_d.mtx.rnd):
c [Label = 184] Encoding starts with target value = 60:
c [Label = 184] Encoding duration: 1754ms.
c [Label = 184] Number of clauses: 1133560.
c [Label = 184] Number of variables: 204094.
c [Label = 184] Solving duration: 6791 ms.
s [Label = 184] SAT (w = 60).
c [Label = 184] Label assignment: 1 1 1 1 1 1 1 1 1 1 1 1 1 61 1 1 1 1 1 61 1 1 1 63 1 1 61 61 1 1 61 61 183 1 61 1 1 1 61 1 1 1 1 1 61 1 1 61 1 121 1 1 1 61 1 183 61 61 61 1 121 1 1 61 1 61 123 121 121 61 1 61 1 1 1 1 1 183 1 1 123 63 1 123 1 61 1 1 1 63 1 61 61 1 121 1 61 61 1 1 61 63 61 121 61 61 123 121 121 121 121 184 123 121 61 1 1 1 1 184 1 1 1 1 61 184 61 1 121 61 1 63 1 61 184 61 181 181 183 184 61 183 63 61 1 1 1 61 184 61 184 184 61 1 121 1 1 61 61 1 1 121 121 61 61 121 63 1 121 61 61 61 121 1 184 183 121 61 121 61 61 61 1 1 123 61 183 184 63 184 123 121 124 61 181 184 184 61 61 184 184 61 61 121 184 61 184 121 184 1 184 121 1 121 1 61 61 184 121 121 121 184 183 121 1 1 1 121 121 61 1 61 121 183 1 1 1 1 183 1 123 124 61 1 1 1 61 1 61 1 1 183 61 121 1 61 121 123 121 184 61 123 61 1 63 121 121 1 1 63 183 61 61 123 61 63 63 183 183 63 121 184 121 184 61 121 61 62 123 184 184 63 61 61 1 181 121 121 183 61 184 61 123 1 61 61 1 1 61 121 1 1 183 61 123 1 1 63 123 184 184 181 184 1 123 121 121 123 1 184 123 184 184 1 61 123 61 184 121 121 121 181 123 123 1 63 1 1 61 61 63 61 123 184 61 183 61 184 1 1 183 183 181 1 184 121 1 61 183 61 61 61 183 3 121 124 1 183 121 1 61 121 121 183 122 123 183 1 183 1 121 61 123 61 181 122 181 121 121 123 183 121 121 183 121 181 61 63 121 61 1 184 181 63 183 123 122 1 121 63 123 181 123 1 1 
c [Label = 185] Encoding starts with target value = 60:
c [Label = 185] Encoding duration: 1773ms.
c [Label = 185] Number of clauses: 1140753.
c [Label = 185] Number of variables: 204944.
c [Label = 185] Solving duration: 7046 ms.
s [Label = 185] SAT (w = 60).
c [Label = 185] Label assignment: 1 1 1 1 1 1 1 1 1 1 1 1 1 61 1 1 1 1 1 61 1 1 1 64 1 1 61 61 1 1 61 61 184 1 61 1 1 1 61 1 1 1 1 1 61 1 1 61 1 121 1 1 1 61 1 184 61 61 61 1 121 1 1 61 1 61 124 121 121 61 1 61 1 1 1 1 1 184 1 1 124 64 1 124 1 61 1 1 1 64 1 61 61 1 121 1 61 61 1 1 61 64 61 121 61 61 123 121 121 121 121 185 124 121 61 1 1 1 1 185 1 1 1 1 61 185 61 1 121 61 1 64 1 61 185 61 181 181 184 185 61 184 64 61 1 1 1 61 185 61 185 185 61 1 121 1 1 61 61 1 1 121 121 61 61 121 64 1 121 61 61 61 121 1 185 184 121 61 121 61 61 61 1 1 124 61 184 185 64 185 124 121 125 61 181 185 185 61 61 185 185 61 61 121 185 61 185 121 185 1 185 121 1 121 1 61 61 185 121 121 121 185 184 121 1 1 1 121 121 61 1 61 121 184 1 1 1 1 184 1 124 125 61 1 1 1 61 1 61 1 1 184 61 121 1 61 121 124 121 185 61 124 61 1 63 121 121 1 1 63 184 61 61 124 61 64 64 184 184 64 121 185 121 185 61 121 61 62 124 185 185 64 61 61 1 181 121 121 184 61 185 61 124 1 61 61 1 1 61 121 1 1 184 61 124 1 1 64 124 185 185 181 185 1 124 121 121 124 1 185 124 185 185 1 61 124 61 185 121 121 121 181 124 124 1 64 1 1 61 61 64 61 124 185 61 184 61 185 1 1 184 184 181 1 185 121 1 61 184 61 61 61 184 4 121 125 1 184 121 1 61 121 121 184 122 124 184 1 184 1 121 61 124 61 181 122 181 121 121 124 184 121 121 184 121 181 61 64 121 61 1 185 181 63 184 124 122 1 121 63 124 181 124 1 1 
c [Signal] Signal interruption. Caught signal: SIGTERM (15).
c [Main] Lowest label SAT is set to 184.
c [Main] Kill higher label pid 185.
c [Main] Kill higher label pid 186.
c [Main] Kill higher label pid 187.
c [Main] Kill higher label pid 188.
c [Label = 186] Encoding starts with target value = 60:
c [Label = 186] Encoding duration: 1786ms.
c [Label = 186] Number of clauses: 1147947.
c [Label = 186] Number of variables: 205794.
c [Label = 186] Solving duration: 6894 ms.
s [Label = 186] SAT (w = 60).
c [Label = 186] Label assignment: 1 1 1 1 1 1 1 1 1 1 1 1 1 61 1 1 1 1 1 61 1 1 1 65 1 1 61 61 1 1 61 61 185 1 61 1 1 1 61 1 1 1 1 1 61 1 1 61 1 121 1 1 1 61 1 185 61 61 61 1 121 1 1 61 1 61 125 121 121 61 1 61 1 1 1 1 1 185 1 1 125 65 1 125 1 61 1 1 1 65 1 61 61 1 121 1 61 61 1 1 61 65 61 121 61 61 123 121 121 121 121 186 125 121 61 1 1 1 1 186 1 1 1 1 61 186 61 1 121 61 1 65 1 61 186 61 181 181 185 186 61 185 65 61 1 1 1 61 186 61 186 186 61 1 121 1 1 61 61 1 1 121 121 61 61 121 65 1 121 61 61 61 121 1 186 185 121 61 121 61 61 61 1 1 125 61 185 186 65 186 125 121 126 61 181 186 186 61 61 186 186 61 61 121 186 61 186 121 186 1 186 121 1 121 1 61 61 186 121 121 121 186 185 121 1 1 1 121 121 61 1 61 121 185 1 1 1 1 185 1 125 126 61 1 1 1 61 1 61 1 1 185 61 121 1 61 121 125 121 186 61 125 61 1 63 121 121 1 1 63 185 61 61 125 61 65 65 185 185 65 121 186 121 186 61 121 61 62 125 186 186 65 61 61 1 181 121 121 185 61 186 61 125 1 61 61 1 1 61 121 1 1 185 61 125 1 1 65 125 186 186 181 186 1 125 121 121 125 1 186 125 186 186 1 61 125 61 186 121 121 121 181 125 125 1 65 1 1 61 61 65 61 125 186 61 185 61 186 1 1 185 185 181 1 186 121 1 61 185 61 61 61 185 5 121 126 1 185 121 1 61 121 121 185 122 125 185 1 185 1 121 61 125 61 181 122 181 121 121 125 185 121 121 185 121 181 61 65 121 61 1 186 181 63 185 125 122 1 121 63 125 181 125 1 1 
c [Signal] Signal interruption. Caught signal: SIGTERM (15).
c [Label = 187] Encoding starts with target value = 60:
c [Label = 187] Encoding duration: 1816ms.
c [Label = 187] Number of clauses: 1155140.
c [Label = 187] Number of variables: 206644.
c [Signal] Signal interruption. Caught signal: SIGTERM (15).
c [Label = 188] Encoding starts with target value = 60:
c [Label = 188] Encoding duration: 1831ms.
c [Label = 188] Number of clauses: 1162334.
c [Label = 188] Number of variables: 207494.
c [Signal] Signal interruption. Caught signal: SIGTERM (15).
c [Label = 180] Minimize Makespan Labeling problem (O-impcol_d.mtx.rnd):
c [Label = 181] Encoding starts with target value = 60:
c [Label = 181] Encoding duration: 1755ms.
c [Label = 181] Number of clauses: 1111979.
c [Label = 181] Number of variables: 201544.
c [Label = 181] Solving duration: 6792 ms.
s [Label = 181] SAT (w = 60).
c [Label = 181] Label assignment: 1 1 1 1 1 1 1 1 1 1 1 1 1 61 1 1 1 1 1 61 1 1 1 61 1 1 61 61 1 1 61 61 181 1 61 1 1 1 61 1 1 1 1 1 61 1 1 61 1 121 1 1 1 61 1 181 61 61 61 1 121 1 1 61 1 61 180 121 121 61 1 61 1 1 1 1 1 181 1 1 181 61 1 181 1 61 1 1 121 121 1 61 61 1 121 1 61 61 1 1 61 61 61 121 61 61 121 121 121 121 121 181 181 121 61 1 1 1 1 181 1 1 1 1 61 181 61 1 121 181 1 61 1 61 181 61 181 181 121 61 61 121 61 61 1 1 1 61 181 61 181 181 61 1 121 1 1 61 61 1 1 121 1 61 61 121 60 1 181 61 61 61 121 1 181 181 121 61 121 61 61 61 1 1 121 61 181 61 61 181 181 121 121 61 181 181 181 61 61 181 121 61 61 121 61 61 181 121 181 1 181 61 1 121 1 61 61 181 121 121 121 181 1 1 1 181 1 121 121 61 1 61 121 121 1 1 181 1 121 1 1 121 61 1 1 1 61 1 61 1 1 61 61 121 1 61 121 121 121 181 61 121 61 1 61 121 61 1 181 1 61 61 121 181 61 61 61 61 181 181 121 181 121 181 61 121 61 61 121 61 181 61 61 61 1 181 121 121 121 61 181 61 181 1 61 61 1 1 181 121 1 1 121 61 121 1 1 61 181 181 181 181 181 1 1 121 121 61 1 181 1 181 181 1 61 121 61 61 121 121 121 121 121 181 1 1 1 1 61 61 61 61 121 181 61 61 61 181 1 1 61 121 181 1 181 121 1 61 121 61 61 1 181 60 121 121 1 121 121 181 61 121 121 121 121 121 121 1 181 181 121 61 181 181 121 121 181 121 181 121 61 121 121 181 121 181 61 61 121 61 1 1 181 61 121 121 181 1 121 61 121 181 1 1 1 
c [Main] Child pid 186 - 53954 terminated by signal 15.
c [Label = 179] Minimize Makespan Labeling problem (O-impcol_d.mtx.rnd):
c [Main] Child pid 188 - 53952 terminated by signal 15.
c [Label = 178] Minimize Makespan Labeling problem (O-impcol_d.mtx.rnd):
c [Main] Child pid 187 - 53953 terminated by signal 15.
c [Label = 177] Minimize Makespan Labeling problem (O-impcol_d.mtx.rnd):
c [Main] Child pid 185 - 53955 terminated by signal 15.
c [Label = 176] Minimize Makespan Labeling problem (O-impcol_d.mtx.rnd):
c [Main] Lowest label SAT is set to 181.
c [Main] Kill higher label pid 182.
c [Main] Kill higher label pid 183.
c [Label = 182] Encoding starts with target value = 60:
c [Label = 182] Encoding duration: 1771ms.
c [Label = 182] Number of clauses: 1119173.
c [Label = 182] Number of variables: 202394.
c [Label = 182] Solving duration: 6902 ms.
s [Label = 182] SAT (w = 60).
c [Label = 182] Label assignment: 1 1 1 1 1 1 1 1 1 1 1 1 1 61 1 1 1 1 1 61 1 1 1 62 1 1 61 61 1 1 61 61 182 1 61 1 1 1 61 1 1 1 1 1 61 1 1 61 1 121 1 1 1 61 1 182 61 61 61 1 121 1 1 61 1 61 122 121 121 61 1 61 1 1 1 1 1 182 1 1 122 62 1 122 1 61 1 1 1 62 1 61 61 1 121 1 61 61 1 1 61 62 61 121 61 61 122 121 121 121 121 181 122 121 61 1 1 1 1 181 1 1 1 1 61 181 61 1 121 61 1 62 1 61 181 61 182 182 182 181 61 182 62 61 1 1 1 61 182 61 181 181 61 1 121 1 1 61 61 1 1 121 121 61 61 121 62 1 121 61 61 61 121 1 181 182 121 61 121 61 61 61 1 1 122 61 182 182 62 182 122 121 121 61 182 181 181 61 61 182 182 61 61 121 181 61 182 121 181 1 181 121 1 121 1 61 61 181 121 121 121 181 182 121 1 1 1 121 121 61 1 61 121 182 1 1 1 1 62 1 122 122 61 1 1 1 61 1 61 1 1 182 61 121 1 61 121 122 121 181 61 122 61 1 62 121 121 1 1 62 61 61 61 121 61 61 62 182 182 62 121 181 121 182 61 121 61 61 121 182 181 62 61 61 1 182 121 121 182 61 181 61 122 1 61 61 1 1 61 121 1 1 182 61 122 1 1 62 122 181 181 182 182 1 122 121 121 122 1 181 122 181 181 1 61 122 61 181 121 121 121 181 122 122 1 62 1 1 61 61 61 61 122 181 61 182 61 182 1 1 182 182 182 1 182 121 1 61 182 61 61 61 182 2 121 122 1 182 121 1 61 121 121 182 121 122 182 1 182 1 121 61 122 61 182 121 182 121 121 122 182 121 121 182 121 182 61 62 121 61 1 182 181 62 182 121 122 1 121 61 121 181 122 1 1 
c [Signal] Signal interruption. Caught signal: SIGTERM (15).
c [Label = 183] Encoding starts with target value = 60:
c [Label = 183] Encoding duration: 1757ms.
c [Label = 183] Number of clauses: 1126366.
c [Label = 183] Number of variables: 203244.
c [Label = 183] Solving duration: 6890 ms.
s [Label = 183] SAT (w = 60).
c [Label = 183] Label assignment: 1 1 1 1 1 1 1 1 1 1 1 1 1 61 1 1 1 1 1 61 1 1 1 62 1 1 61 61 1 1 61 61 182 1 61 1 1 1 61 1 1 1 1 1 61 1 1 61 1 121 1 1 1 61 1 182 61 61 61 1 121 1 1 61 1 61 122 121 121 61 1 61 1 1 1 1 1 182 1 1 122 62 1 122 1 61 1 1 1 62 1 61 61 1 121 1 61 61 1 1 61 62 61 121 61 61 122 121 121 121 121 183 122 121 61 1 1 1 1 183 1 1 1 1 61 183 61 1 121 61 1 62 1 61 183 61 181 181 182 183 61 182 62 61 1 1 1 61 183 61 183 183 61 1 121 1 1 61 61 1 1 121 121 61 61 121 62 1 121 61 61 61 121 1 183 182 121 61 121 61 61 61 1 1 122 61 182 183 62 183 122 121 123 61 181 183 183 61 61 183 183 61 61 121 183 61 183 121 183 1 183 121 1 121 1 61 61 183 121 121 121 183 182 121 1 1 1 121 121 61 1 61 121 182 1 1 1 1 182 1 122 123 61 1 1 1 61 1 61 1 1 182 61 121 1 61 121 122 121 183 61 122 61 1 62 121 121 1 1 62 182 61 61 122 61 62 62 182 182 62 121 183 121 183 61 121 61 62 122 183 183 62 61 61 1 181 121 121 182 61 183 61 122 1 61 61 1 1 61 121 1 1 182 61 122 1 1 62 122 183 183 181 183 1 122 121 121 122 1 183 122 183 183 1 61 122 61 183 121 121 121 181 122 122 1 62 1 1 61 61 62 61 122 183 61 182 61 183 1 1 182 182 181 1 183 121 1 61 182 61 61 61 182 2 121 123 1 182 121 1 61 121 121 182 122 122 182 1 182 1 121 61 122 61 181 122 181 121 121 122 182 121 121 182 121 181 61 62 121 61 1 183 181 62 182 122 122 1 121 62 122 181 122 1 1 
c [Signal] Signal interruption. Caught signal: SIGTERM (15).
c [Label = 175] Minimize Makespan Labeling problem (O-impcol_d.mtx.rnd):
c [Main] Child pid 182 - 53958 terminated by signal 15.
c [Label = 174] Minimize Makespan Labeling problem (O-impcol_d.mtx.rnd):
c [Main] Child pid 183 - 53957 terminated by signal 15.
c [Label = 173] Minimize Makespan Labeling problem (O-impcol_d.mtx.rnd):
c [Label = 178] Encoding starts with target value = 60:
c [Label = 178] Encoding duration: 1558ms.
c [Label = 178] Number of clauses: 1019825.
c [Label = 178] Number of variables: 174769.
c [Label = 178] Solving duration: 3924 ms.
s [Label = 178] UNSAT (w = 60).
c [Label = 179] Encoding starts with target value = 60:
c [Label = 179] Encoding duration: 1576ms.
c [Label = 179] Number of clauses: 1027018.
c [Label = 179] Number of variables: 175619.
c [Label = 179] Solving duration: 3906 ms.
s [Label = 179] UNSAT (w = 60).
c [Label = 180] Encoding starts with target value = 60:
c [Label = 180] Encoding duration: 1601ms.
c [Label = 180] Number of clauses: 1029986.
c [Label = 180] Number of variables: 176469.
c [Label = 180] Solving duration: 3939 ms.
s [Label = 180] UNSAT (w = 60).
c [Label = 173] Encoding starts with target value = 60:
c [Label = 173] Encoding duration: 1503ms.
c [Label = 173] Number of clauses: 983857.
c [Label = 173] Number of variables: 170519.
c [Signal] Signal interruption. Caught signal: SIGTERM (15).
c [Label = 174] Encoding starts with target value = 60:
c [Label = 174] Encoding duration: 1518ms.
c [Label = 174] Number of clauses: 991051.
c [Label = 174] Number of variables: 171369.
c [Signal] Signal interruption. Caught signal: SIGTERM (15).
c [Label = 175] Encoding starts with target value = 60:
c [Label = 175] Encoding duration: 1539ms.
c [Label = 175] Number of clauses: 998244.
c [Label = 175] Number of variables: 172219.
c [Signal] Signal interruption. Caught signal: SIGTERM (15).
c [Main] Highest label UNSAT is set to 178
c [Main] Kill lower label pid 173.
c [Main] Kill lower label pid 174.
c [Main] Kill lower label pid 175.
c [Main] Kill lower label pid 176.
c [Main] Kill lower label pid 177.
c [Label = 176] Encoding starts with target value = 60:
c [Label = 176] Encoding duration: 1549ms.
c [Label = 176] Number of clauses: 1005438.
c [Label = 176] Number of variables: 173069.
c [Signal] Signal interruption. Caught signal: SIGTERM (15).
c [Label = 177] Encoding starts with target value = 60:
c [Label = 177] Encoding duration: 1550ms.
c [Label = 177] Number of clauses: 1012631.
c [Label = 177] Number of variables: 173919.
c [Signal] Signal interruption. Caught signal: SIGTERM (15).
c [Main] Highest label UNSAT is set to 179
c [Main] Kill lower label pid 173.
c [Main] Kill lower label pid 174.
c [Main] Kill lower label pid 175.
c [Main] Kill lower label pid 176.
c [Main] Kill lower label pid 177.
c [Main] Highest label UNSAT is set to 180
c [Main] Kill lower label pid 173.
c [Main] Kill lower label pid 174.
c [Main] Kill lower label pid 175.
c [Main] Kill lower label pid 176.
c [Main] Kill lower label pid 177.
c [Main] Child pid 173 - 53969 terminated by signal 15.
c [Main] Child pid 177 - 53965 terminated by signal 15.
c [Main] Child pid 175 - 53967 terminated by signal 15.
c [Main] Child pid 174 - 53968 terminated by signal 15.
c [Main] Child pid 176 - 53966 terminated by signal 15.
c [Signal] Signal interruption. Caught signal: SIGTERM (15).
c [Main] All children have completed.
r [Main] 
r [Main] Final results: 
r [Main] Lowest label SAT:  	181.
r [Main] Highest label UNSAT:	180.
r [Main] Total real time: 45823 ms.
r [Main] Total memory consumed: 3457.6 MB.
r [Main] 
