c [Version] Minimize Makespan Labeling Encoder version 1.0.0.
c [Param] Target value is set to 45.
c [Param] LB is predefined as 46.
c [Param] UB is predefined as 222.
c [Param] Target value is set to Antibandwidth.
c [Param] Vertices mode is set to Has hole.
c [Param] Result verification is ON.
c [Param] Memory limit is set to 30000.
c [Param] Real time limit is set to 1800.
c [Param] Worker count is set to 8.
c [Param] Max CNF size is set to 10.
c [Main] Search strategy: Iterating from upper bound.
c [Main] Search order: 222 221 220 219 218 217 216 215 214 213 212 211 210 209 208 207 206 205 204 203 202 201 200 199 198 197 196 195 194 193 192 191 190 189 188 187 186 185 184 183 182 181 180 179 178 177 176 175 174 173 172 171 170 169 168 167 166 165 164 163 162 161 160 159 158 157 156 155 154 153 152 151 150 149 148 147 146 145 144 143 142 141 140 139 138 137 136 135 134 133 132 131 130 129 128 127 126 125 124 123 122 121 120 119 118 117 116 115 114 113 112 111 110 109 108 107 106 105 104 103 102 101 100 99 98 97 96 95 94 93 92 91 90 89 88 87 86 85 84 83 82 81 80 79 78 77 76 75 74 73 72 71 70 69 68 67 66 65 64 63 62 61 60 59 58 57 56 55 54 53 52 51 50 49 48 47 46.
c [Main] Encoding and solving for graph: P-can__445.mtx.rnd.
c [Label = 222] Minimize Makespan Labeling problem (P-can__445.mtx.rnd):
c [Label = 221] Minimize Makespan Labeling problem (P-can__445.mtx.rnd):
c [Label = 220] Minimize Makespan Labeling problem (P-can__445.mtx.rnd):
c [Label = 217] Minimize Makespan Labeling problem (P-can__445.mtx.rnd):
c [Label = 216] Minimize Makespan Labeling problem (P-can__445.mtx.rnd):
c [Label = 219] Minimize Makespan Labeling problem (P-can__445.mtx.rnd):
c [Label = 218] Minimize Makespan Labeling problem (P-can__445.mtx.rnd):
c [Label = 215] Minimize Makespan Labeling problem (P-can__445.mtx.rnd):
c [Label = 216] Encoding starts with target value = 45:
c [Label = 216] Encoding duration: 2619ms.
c [Label = 216] Number of clauses: 1768695.
c [Label = 216] Number of variables: 247518.
c [Label = 216] Solving duration: 6874 ms.
s [Label = 216] SAT (w = 45).
c [Label = 216] Label assignment: 1 1 1 1 1 1 1 1 1 1 1 1 46 1 1 1 1 46 1 1 1 1 1 46 1 1 1 1 1 46 1 1 1 46 91 1 1 46 1 1 91 46 1 1 1 46 1 46 46 1 46 1 1 1 1 1 46 1 46 46 46 46 1 1 1 46 46 91 1 1 1 46 1 46 46 46 91 46 91 91 91 91 1 46 91 46 1 46 46 215 91 170 91 46 46 46 46 46 1 46 46 46 46 91 136 1 91 46 91 1 1 46 91 1 46 91 1 46 46 91 215 46 136 91 136 136 46 46 91 1 46 46 46 1 1 216 91 46 136 46 91 91 125 1 46 215 1 171 46 136 170 170 136 96 91 1 136 170 216 215 136 46 91 1 170 46 1 170 91 170 46 170 1 216 125 136 91 91 181 170 46 46 1 170 1 170 46 170 216 215 91 216 215 143 215 91 170 170 136 216 215 91 215 215 216 46 91 170 1 80 1 170 215 215 170 91 1 91 216 142 136 125 216 170 170 136 91 91 125 126 46 91 46 1 46 170 95 215 136 46 170 46 216 91 215 170 136 215 215 91 216 91 136 215 125 125 125 216 103 216 136 141 181 140 46 106 215 95 46 216 91 80 216 170 91 136 142 91 216 216 216 215 216 125 46 125 215 215 46 46 136 136 91 98 1 46 136 1 1 91 136 93 215 125 170 140 215 1 170 125 91 136 46 80 215 152 170 125 136 104 46 91 80 91 215 46 170 125 215 136 215 216 91 171 215 1 136 91 170 197 170 170 125 91 170 1 1 1 215 215 215 46 186 215 215 46 143 191 93 1 215 170 125 215 138 170 188 48 215 1 46 91 215 215 46 181 215 215 1 215 170 125 215 215 126 91 170 215 1 46 215 215 170 215 46 125 1 170 216 136 216 91 170 91 91 91 46 170 46 216 181 170 215 170 170 125 136 136 46 1 91 170 125 136 91 98 97 170 215 215 46 91 80 181 181 91 91 170 146 215 125 181 46 125 170 
c [Label = 215] Encoding starts with target value = 45:
c [Label = 215] Encoding duration: 2631ms.
c [Label = 215] Number of clauses: 1759741.
c [Label = 215] Number of variables: 246628.
c [Label = 215] Solving duration: 6887 ms.
s [Label = 215] SAT (w = 45).
c [Label = 215] Label assignment: 1 1 1 1 1 1 1 1 1 1 1 1 46 1 1 1 1 46 1 1 1 1 1 46 1 1 1 1 1 46 1 1 1 46 91 1 1 46 1 1 91 46 1 1 1 46 1 46 46 1 46 1 1 1 1 1 46 1 46 46 46 46 1 1 1 46 46 91 1 1 1 46 1 46 46 46 91 46 91 91 91 91 1 46 91 46 1 46 46 214 91 169 91 46 46 46 46 46 1 46 46 46 46 91 136 1 91 46 91 1 1 46 91 1 46 91 1 46 46 91 214 46 136 91 136 136 46 46 91 1 46 46 46 1 1 215 91 46 136 46 91 91 124 1 46 214 1 170 46 136 169 169 136 96 91 1 136 169 215 214 136 46 91 1 169 46 1 169 91 169 46 169 1 215 124 136 91 91 181 169 46 46 1 169 1 169 46 169 215 214 91 215 214 143 214 91 169 169 136 215 214 91 214 214 215 46 91 169 1 79 1 169 214 214 169 91 1 91 215 142 136 124 215 169 169 136 91 91 124 125 46 91 46 1 46 169 95 214 136 46 169 46 215 91 214 169 136 214 214 91 215 91 136 214 124 124 124 215 103 215 136 141 181 140 46 106 214 95 46 215 91 79 215 169 91 136 142 91 215 215 215 214 215 124 46 124 214 214 46 46 136 136 91 98 1 46 136 1 1 91 136 93 214 124 169 140 214 1 169 124 91 136 46 79 214 152 169 124 136 104 46 91 79 91 214 46 169 124 214 136 214 215 91 170 214 1 136 91 169 197 169 169 124 91 169 1 1 1 214 214 214 46 186 214 214 46 143 191 93 1 214 169 124 214 138 169 188 48 214 1 46 91 214 214 46 181 214 214 1 214 169 124 214 214 125 91 169 214 1 46 214 214 169 214 46 124 1 169 215 136 215 91 169 91 91 91 46 169 46 215 181 169 214 169 169 124 136 136 46 1 91 169 124 136 91 98 97 169 214 214 46 91 79 181 181 91 91 169 146 214 124 181 46 124 169 
c [Label = 217] Encoding starts with target value = 45:
c [Label = 217] Encoding duration: 2638ms.
c [Label = 217] Number of clauses: 1777648.
c [Label = 217] Number of variables: 248408.
c [Label = 217] Solving duration: 7010 ms.
s [Label = 217] SAT (w = 45).
c [Label = 217] Label assignment: 1 1 1 1 1 1 1 1 1 1 1 1 46 1 1 1 1 46 1 1 1 1 1 46 1 1 1 1 1 46 1 1 1 46 91 1 1 46 1 1 91 46 1 1 1 46 1 46 46 1 46 1 1 1 1 1 46 1 46 46 46 46 1 1 1 46 46 91 1 1 1 46 1 46 46 46 91 46 91 91 91 91 1 46 91 46 1 46 46 216 91 171 91 46 46 46 46 46 1 46 46 46 46 91 136 1 91 46 91 1 1 46 91 1 46 91 1 46 46 91 216 46 136 91 136 136 46 46 91 1 46 46 46 1 1 217 91 46 136 46 91 91 126 1 46 216 1 172 46 136 171 171 136 96 91 1 136 171 217 216 136 46 91 1 171 46 1 171 91 171 46 171 1 217 126 136 91 91 181 171 46 46 1 171 1 171 46 171 217 216 91 217 216 143 216 91 171 171 136 217 216 91 216 216 217 46 91 171 1 81 1 171 216 216 171 91 1 91 217 142 136 126 217 171 171 136 91 91 126 127 46 91 46 1 46 171 95 216 136 46 171 46 217 91 216 171 136 216 216 91 217 91 136 216 126 126 126 217 103 217 136 141 181 140 46 106 216 95 46 217 91 81 217 171 91 136 142 91 217 217 217 216 217 126 46 126 216 216 46 46 136 136 91 98 1 46 136 1 1 91 136 93 216 126 171 140 216 1 171 126 91 136 46 81 216 152 171 126 136 104 46 91 81 91 216 46 171 126 216 136 216 217 91 172 216 1 136 91 171 197 171 171 126 91 171 1 1 1 216 216 216 46 186 216 216 46 143 191 93 1 216 171 126 216 138 171 188 48 216 1 46 91 216 216 46 181 216 216 1 216 171 126 216 216 127 91 171 216 1 46 216 216 171 216 46 126 1 171 217 136 217 91 171 91 91 91 46 171 46 217 181 171 216 171 171 126 136 136 46 1 91 171 126 136 91 98 97 171 216 216 46 91 81 181 181 91 91 171 146 216 126 181 46 126 171 
c [Signal] Signal interruption. Caught signal: SIGTERM (15).
c [Label = 218] Encoding starts with target value = 45:
c [Label = 218] Encoding duration: 2636ms.
c [Label = 218] Number of clauses: 1786602.
c [Label = 218] Number of variables: 249298.
c [Label = 218] Solving duration: 7006 ms.
s [Label = 218] SAT (w = 45).
c [Label = 218] Label assignment: 1 1 1 1 1 1 1 1 1 1 1 1 46 1 1 1 1 46 1 1 1 1 1 46 1 1 1 1 1 46 1 1 1 46 91 1 1 46 1 1 91 46 1 1 1 46 1 46 46 1 46 1 1 1 1 1 46 1 46 46 46 46 1 1 1 46 46 91 1 1 1 46 1 46 46 46 91 46 91 91 91 91 1 46 91 46 1 46 46 217 91 172 91 46 46 46 46 46 1 46 46 46 46 91 136 1 91 46 91 1 1 46 91 1 46 91 1 46 46 91 217 46 136 91 136 136 46 46 91 1 46 46 46 1 1 218 91 46 136 46 91 91 127 1 46 217 1 173 46 136 172 172 136 96 91 1 136 172 218 217 136 46 91 1 172 46 1 172 91 172 46 172 1 218 127 136 91 91 181 172 46 46 1 172 1 172 46 172 218 217 91 218 217 143 217 91 172 172 136 218 217 91 217 217 218 46 91 172 1 82 1 172 217 217 172 91 1 91 218 142 136 127 218 172 172 136 91 91 127 128 46 91 46 1 46 172 95 217 136 46 172 46 218 91 217 172 136 217 217 91 218 91 136 217 127 127 127 218 103 218 136 141 181 140 46 106 217 95 46 218 91 82 218 172 91 136 142 91 218 218 218 217 218 127 46 127 217 217 46 46 136 136 91 98 1 46 136 1 1 91 136 93 217 127 172 140 217 1 172 127 91 136 46 82 217 152 172 127 136 104 46 91 82 91 217 46 172 127 217 136 217 218 91 173 217 1 136 91 172 197 172 172 127 91 172 1 1 1 217 217 217 46 186 217 217 46 143 191 93 1 217 172 127 217 138 172 188 48 217 1 46 91 217 217 46 181 217 217 1 217 172 127 217 217 128 91 172 217 1 46 217 217 172 217 46 127 1 172 218 136 218 91 172 91 91 91 46 172 46 218 181 172 217 172 172 127 136 136 46 1 91 172 127 136 91 98 97 172 217 217 46 91 82 181 181 91 91 172 146 217 127 181 46 127 172 
c [Signal] Signal interruption. Caught signal: SIGTERM (15).
c [Label = 219] Encoding starts with target value = 45:
c [Label = 219] Encoding duration: 2666ms.
c [Label = 219] Number of clauses: 1795555.
c [Label = 219] Number of variables: 250188.
c [Label = 219] Solving duration: 6955 ms.
s [Label = 219] SAT (w = 45).
c [Label = 219] Label assignment: 1 1 1 1 1 1 1 1 1 1 1 1 46 1 1 1 1 46 1 1 1 1 1 46 1 1 1 1 1 46 1 1 1 46 91 1 1 46 1 1 91 46 1 1 1 46 1 46 46 1 46 1 1 1 1 1 46 1 46 46 46 46 1 1 1 46 46 91 1 1 1 46 1 46 46 46 91 46 91 91 91 91 1 46 91 46 1 46 46 218 91 173 91 46 46 46 46 46 1 46 46 46 46 91 136 1 91 46 91 1 1 46 91 1 46 91 1 46 46 91 218 46 136 91 136 136 46 46 91 1 46 46 46 1 1 219 91 46 136 46 91 91 128 1 46 218 1 174 46 136 173 173 136 96 91 1 136 173 219 218 136 46 91 1 173 46 1 173 91 173 46 173 1 219 128 136 91 91 181 173 46 46 1 173 1 173 46 173 219 218 91 219 218 143 218 91 173 173 136 219 218 91 218 218 219 46 91 173 1 83 1 173 218 218 173 91 1 91 219 142 136 128 219 173 173 136 91 91 128 129 46 91 46 1 46 173 95 218 136 46 173 46 219 91 218 173 136 218 218 91 219 91 136 218 128 128 128 219 103 219 136 141 181 140 46 106 218 95 46 219 91 83 219 173 91 136 142 91 219 219 219 218 219 128 46 128 218 218 46 46 136 136 91 98 1 46 136 1 1 91 136 93 218 128 173 140 218 1 173 128 91 136 46 83 218 152 173 128 136 104 46 91 83 91 218 46 173 128 218 136 218 219 91 174 218 1 136 91 173 197 173 173 128 91 173 1 1 1 218 218 218 46 186 218 218 46 143 191 93 1 218 173 128 218 138 173 188 48 218 1 46 91 218 218 46 181 218 218 1 218 173 128 218 218 129 91 173 218 1 46 218 218 173 218 46 128 1 173 219 136 219 91 173 91 91 91 46 173 46 219 181 173 218 173 173 128 136 136 46 1 91 173 128 136 91 98 97 173 218 218 46 91 83 181 181 91 91 173 146 218 128 181 46 128 173 
c [Signal] Signal interruption. Caught signal: SIGTERM (15).
c [Label = 220] Encoding starts with target value = 45:
c [Label = 220] Encoding duration: 2686ms.
c [Label = 220] Number of clauses: 1804509.
c [Label = 220] Number of variables: 251078.
c [Label = 220] Solving duration: 6900 ms.
s [Label = 220] SAT (w = 45).
c [Label = 220] Label assignment: 1 1 1 1 1 1 1 1 1 1 1 1 46 1 1 1 1 46 1 1 1 1 1 46 1 1 1 1 1 46 1 1 1 46 91 1 1 46 1 1 91 46 1 1 1 46 1 46 46 1 46 1 1 1 1 1 46 1 46 46 46 46 1 1 1 46 46 91 1 1 1 46 1 46 46 46 91 46 91 91 91 91 1 46 91 46 1 46 46 219 91 174 91 46 46 46 46 46 1 46 46 46 46 91 136 1 91 46 91 1 1 46 91 1 46 91 1 46 46 91 219 46 136 91 136 136 46 46 91 1 46 46 46 1 1 220 91 46 136 46 91 91 129 1 46 219 1 175 46 136 174 174 136 96 91 1 136 174 220 219 136 46 91 1 174 46 1 174 91 174 46 174 1 220 129 136 91 91 181 174 46 46 1 174 1 174 46 174 220 219 91 220 219 143 219 91 174 174 136 220 219 91 219 219 220 46 91 174 1 84 1 174 219 219 174 91 1 91 220 142 136 129 220 174 174 136 91 91 129 130 46 91 46 1 46 174 95 219 136 46 174 46 220 91 219 174 136 219 219 91 220 91 136 219 129 129 129 220 103 220 136 141 181 140 46 106 219 95 46 220 91 84 220 174 91 136 142 91 220 220 220 219 220 129 46 129 219 219 46 46 136 136 91 98 1 46 136 1 1 91 136 93 219 129 174 140 219 1 174 129 91 136 46 84 219 152 174 129 136 104 46 91 84 91 219 46 174 129 219 136 219 220 91 175 219 1 136 91 174 197 174 174 129 91 174 1 1 1 219 219 219 46 186 219 219 46 143 191 93 1 219 174 129 219 138 174 188 48 219 1 46 91 219 219 46 181 219 219 1 219 174 129 219 219 130 91 174 219 1 46 219 219 174 219 46 129 1 174 220 136 220 91 174 91 91 91 46 174 46 220 181 174 219 174 174 129 136 136 46 1 91 174 129 136 91 98 97 174 219 219 46 91 84 181 181 91 91 174 146 219 129 181 46 129 174 
c [Signal] Signal interruption. Caught signal: SIGTERM (15).
c [Main] Lowest label SAT is set to 216.
c [Main] Kill higher label pid 217.
c [Main] Kill higher label pid 218.
c [Main] Kill higher label pid 219.
c [Main] Kill higher label pid 220.
c [Main] Kill higher label pid 221.
c [Main] Kill higher label pid 222.
c [Label = 221] Encoding starts with target value = 45:
c [Label = 221] Encoding duration: 2675ms.
c [Label = 221] Number of clauses: 1813462.
c [Label = 221] Number of variables: 251968.
c [Label = 221] Solving duration: 6961 ms.
s [Label = 221] SAT (w = 45).
c [Label = 221] Label assignment: 1 1 1 1 1 1 1 1 1 1 1 1 46 1 1 1 1 46 1 1 1 1 1 46 1 1 1 1 1 46 1 1 1 46 91 1 1 46 1 1 91 46 1 1 1 46 1 46 46 1 46 1 1 1 1 1 46 1 46 46 46 46 1 1 1 46 46 91 1 1 1 46 1 46 46 46 91 46 91 91 91 91 1 46 91 46 1 46 46 220 91 175 91 46 46 46 46 46 1 46 46 46 46 91 136 1 91 46 91 1 1 46 91 1 46 91 1 46 46 91 220 46 136 91 136 136 46 46 91 1 46 46 46 1 1 221 91 46 136 46 91 91 130 1 46 220 1 176 46 136 175 175 136 96 91 1 136 175 221 220 136 46 91 1 175 46 1 175 91 175 46 175 1 221 130 136 91 91 181 175 46 46 1 175 1 175 46 175 221 220 91 221 220 143 220 91 175 175 136 221 220 91 220 220 221 46 91 175 1 85 1 175 220 220 175 91 1 91 221 142 136 130 221 175 175 136 91 91 130 131 46 91 46 1 46 175 95 220 136 46 175 46 221 91 220 175 136 220 220 91 221 91 136 220 130 130 130 221 103 221 136 141 181 140 46 106 220 95 46 221 91 85 221 175 91 136 142 91 221 221 221 220 221 130 46 130 220 220 46 46 136 136 91 98 1 46 136 1 1 91 136 93 220 130 175 140 220 1 175 130 91 136 46 85 220 152 175 130 136 104 46 91 85 91 220 46 175 130 220 136 220 221 91 176 220 1 136 91 175 197 175 175 130 91 175 1 1 1 220 220 220 46 186 220 220 46 143 191 93 1 220 175 130 220 138 175 188 48 220 1 46 91 220 220 46 181 220 220 1 220 175 130 220 220 131 91 175 220 1 46 220 220 175 220 46 130 1 175 221 136 221 91 175 91 91 91 46 175 46 221 181 175 220 175 175 130 136 136 46 1 91 175 130 136 91 98 97 175 220 220 46 91 85 181 181 91 91 175 146 220 130 181 46 130 175 
c [Signal] Signal interruption. Caught signal: SIGTERM (15).
c [Label = 222] Encoding starts with target value = 45:
c [Label = 222] Encoding duration: 2686ms.
c [Label = 222] Number of clauses: 1822416.
c [Label = 222] Number of variables: 252858.
c [Label = 222] Solving duration: 6980 ms.
s [Label = 222] SAT (w = 45).
c [Label = 222] Label assignment: 1 1 1 1 1 1 1 1 1 1 1 1 46 1 1 1 1 46 1 1 1 1 1 46 1 1 1 1 1 46 1 1 1 46 91 1 1 46 1 1 91 46 1 1 1 46 1 46 46 1 46 1 1 1 1 1 46 1 46 46 46 46 1 1 1 46 46 91 1 1 1 46 1 46 46 46 91 46 91 91 91 91 1 46 91 46 1 46 46 221 91 176 91 46 46 46 46 46 1 46 46 46 46 91 136 1 91 46 91 1 1 46 91 1 46 91 1 46 46 91 221 46 136 91 136 136 46 46 91 1 46 46 46 1 1 222 91 46 136 46 91 91 131 1 46 221 1 177 46 136 176 176 136 96 91 1 136 176 222 221 136 46 91 1 176 46 1 176 91 176 46 176 1 222 131 136 91 91 181 176 46 46 1 176 1 176 46 176 222 221 91 222 221 143 221 91 176 176 136 222 221 91 221 221 222 46 91 176 1 86 1 176 221 221 176 91 1 91 222 142 136 131 222 176 176 136 91 91 131 132 46 91 46 1 46 176 95 221 136 46 176 46 222 91 221 176 136 221 221 91 222 91 136 221 131 131 131 222 103 222 136 141 181 140 46 106 221 95 46 222 91 86 222 176 91 136 142 91 222 222 222 221 222 131 46 131 221 221 46 46 136 136 91 98 1 46 136 1 1 91 136 93 221 131 176 140 221 1 176 131 91 136 46 86 221 152 176 131 136 104 46 91 86 91 221 46 176 131 221 136 221 222 91 177 221 1 136 91 176 197 176 176 131 91 176 1 1 1 221 221 221 46 186 221 221 46 143 191 93 1 221 176 131 221 138 176 188 48 221 1 46 91 221 221 46 181 221 221 1 221 176 131 221 221 132 91 176 221 1 46 221 221 176 221 46 131 1 176 222 136 222 91 176 91 91 91 46 176 46 222 181 176 221 176 176 131 136 136 46 1 91 176 131 136 91 98 97 176 221 221 46 91 86 181 181 91 91 176 146 221 131 181 46 131 176 
c [Signal] Signal interruption. Caught signal: SIGTERM (15).
c [Label = 214] Minimize Makespan Labeling problem (P-can__445.mtx.rnd):
c [Main] Lowest label SAT is set to 215.
c [Main] Kill higher label pid 217.
c [Main] Kill higher label pid 218.
c [Main] Kill higher label pid 219.
c [Main] Kill higher label pid 220.
c [Main] Kill higher label pid 221.
c [Main] Kill higher label pid 222.
c [Label = 213] Minimize Makespan Labeling problem (P-can__445.mtx.rnd):
c [Main] Child pid 221 - 53975 terminated by signal 15.
c [Label = 212] Minimize Makespan Labeling problem (P-can__445.mtx.rnd):
c [Main] Child pid 218 - 53978 terminated by signal 15.
c [Main] Child pid 219 - 53977 terminated by signal 15.
c [Main] Child pid 220 - 53976 terminated by signal 15.
c [Main] Child pid 217 - 53979 terminated by signal 15.
c [Label = 209] Minimize Makespan Labeling problem (P-can__445.mtx.rnd):
c [Label = 210] Minimize Makespan Labeling problem (P-can__445.mtx.rnd):
c [Label = 211] Minimize Makespan Labeling problem (P-can__445.mtx.rnd):
c [Label = 208] Minimize Makespan Labeling problem (P-can__445.mtx.rnd):
c [Main] Child pid 222 - 53974 terminated by signal 15.
c [Label = 207] Minimize Makespan Labeling problem (P-can__445.mtx.rnd):
c [Label = 211] Encoding starts with target value = 45:
c [Label = 211] Encoding duration: 2525ms.
c [Label = 211] Number of clauses: 1723927.
c [Label = 211] Number of variables: 243068.
c [Label = 211] Solving duration: 6756 ms.
s [Label = 211] SAT (w = 45).
c [Label = 211] Label assignment: 1 1 1 1 1 1 1 1 1 1 1 1 46 1 1 1 1 46 1 1 1 1 1 46 1 1 1 1 1 46 1 1 1 46 91 1 1 46 1 1 91 46 1 1 1 46 1 46 46 1 46 1 1 1 1 1 46 1 46 46 46 46 1 1 1 46 46 91 1 1 1 46 1 46 46 46 91 46 91 91 91 91 1 46 91 46 1 46 46 210 91 165 91 46 46 46 46 46 1 46 46 46 46 91 136 1 91 46 91 1 1 46 91 1 46 91 1 46 46 91 210 46 136 91 136 136 46 46 91 1 46 46 46 1 1 211 91 46 136 46 91 91 120 1 46 210 1 166 46 136 165 165 136 96 91 1 136 165 211 210 136 46 91 1 165 46 1 165 91 165 46 165 1 211 120 136 91 91 181 165 46 46 1 165 1 165 46 165 211 210 91 211 210 143 210 91 165 165 136 211 210 91 210 210 211 46 91 165 1 75 1 165 210 210 165 91 1 91 211 142 136 120 211 165 165 136 91 91 120 121 46 91 46 1 46 165 95 210 136 46 165 46 211 91 210 165 136 210 210 91 211 91 136 210 120 120 120 211 103 211 136 141 181 140 46 106 210 95 46 211 91 75 211 165 91 136 142 91 211 211 211 210 211 120 46 120 210 210 46 46 136 136 91 98 1 46 136 1 1 91 136 93 210 120 165 140 210 1 165 120 91 136 46 75 210 152 165 120 136 104 46 91 75 91 210 46 165 120 210 136 210 211 91 166 210 1 136 91 165 197 165 165 120 91 165 1 1 1 210 210 210 46 186 210 210 46 143 191 93 1 210 165 120 210 138 165 188 48 210 1 46 91 210 210 46 181 210 210 1 210 165 120 210 210 121 91 165 210 1 46 210 210 165 210 46 120 1 165 211 136 211 91 165 91 91 91 46 165 46 211 181 165 210 165 165 120 136 136 46 1 91 165 120 136 91 98 97 165 210 210 46 91 75 181 181 91 91 165 146 210 120 181 46 120 165 
c [Label = 208] Encoding starts with target value = 45:
c [Label = 208] Encoding duration: 2564ms.
c [Label = 208] Number of clauses: 1697067.
c [Label = 208] Number of variables: 240398.
c [Label = 208] Solving duration: 6750 ms.
s [Label = 208] SAT (w = 45).
c [Label = 208] Label assignment: 1 1 1 1 1 1 1 1 1 1 1 1 46 1 1 1 1 46 1 1 1 1 1 46 1 1 1 1 1 46 1 1 1 46 91 1 1 46 1 1 91 46 1 1 1 46 1 46 46 1 46 1 1 1 1 1 46 1 46 46 46 46 1 1 1 46 46 91 1 1 1 46 1 46 46 46 91 46 91 91 91 91 1 46 91 46 1 46 46 207 91 162 91 46 46 46 46 46 1 46 46 46 46 91 136 1 91 46 91 1 1 46 91 1 46 91 1 46 46 91 207 46 136 91 136 136 46 46 91 1 46 46 46 1 1 208 91 46 136 46 91 91 117 1 46 207 1 163 46 136 162 162 136 96 91 1 136 162 208 207 136 46 91 1 162 46 1 162 91 162 46 162 1 208 117 136 91 91 181 162 46 46 1 162 1 162 46 162 208 207 91 208 207 143 207 91 162 162 136 208 207 91 207 207 208 46 91 162 1 72 1 162 207 207 162 91 1 91 208 142 136 117 208 162 162 136 91 91 117 118 46 91 46 1 46 162 95 207 136 46 162 46 208 91 207 162 136 207 207 91 208 91 136 207 117 117 117 208 103 208 136 141 181 140 46 106 207 95 46 208 91 72 208 162 91 136 142 91 208 208 208 207 208 117 46 117 207 207 46 46 136 136 91 98 1 46 136 1 1 91 136 93 207 117 162 140 207 1 162 117 91 136 46 72 207 152 162 117 136 104 46 91 72 91 207 46 162 117 207 136 207 208 91 163 207 1 136 91 162 197 162 162 117 91 162 1 1 1 207 207 207 46 186 207 207 46 143 191 93 1 207 162 117 207 138 162 188 48 207 1 46 91 207 207 46 181 207 207 1 207 162 117 207 207 118 91 162 207 1 46 207 207 162 207 46 117 1 162 208 136 208 91 162 91 91 91 46 162 46 208 181 162 207 162 162 117 136 136 46 1 91 162 117 136 91 98 97 162 207 207 46 91 72 181 181 91 91 162 146 207 117 181 46 117 162 
c [Main] Lowest label SAT is set to 211.
c [Main] Kill higher label pid 212.
c [Main] Kill higher label pid 213.
c [Main] Kill higher label pid 214.
c [Label = 212] Encoding starts with target value = 45:
c [Label = 212] Encoding duration: 2581ms.
c [Label = 212] Number of clauses: 1732881.
c [Label = 212] Number of variables: 243958.
c [Label = 212] Solving duration: 7223 ms.
s [Label = 212] SAT (w = 45).
c [Label = 212] Label assignment: 1 1 1 1 1 1 1 1 1 1 1 1 46 1 1 1 1 46 1 1 1 1 1 46 1 1 1 1 1 46 1 1 1 46 91 1 1 46 1 1 91 46 1 1 1 46 1 46 46 1 46 1 1 1 1 1 46 1 46 46 46 46 1 1 1 46 46 91 1 1 1 46 1 46 46 46 91 46 91 91 91 91 1 46 91 46 1 46 46 211 91 166 91 46 46 46 46 46 1 46 46 46 46 91 136 1 91 46 91 1 1 46 91 1 46 91 1 46 46 91 211 46 136 91 136 136 46 46 91 1 46 46 46 1 1 212 91 46 136 46 91 91 121 1 46 211 1 167 46 136 166 166 136 96 91 1 136 166 212 211 136 46 91 1 166 46 1 166 91 166 46 166 1 212 121 136 91 91 181 166 46 46 1 166 1 166 46 166 212 211 91 212 211 143 211 91 166 166 136 212 211 91 211 211 212 46 91 166 1 76 1 166 211 211 166 91 1 91 212 142 136 121 212 166 166 136 91 91 121 122 46 91 46 1 46 166 95 211 136 46 166 46 212 91 211 166 136 211 211 91 212 91 136 211 121 121 121 212 103 212 136 141 181 140 46 106 211 95 46 212 91 76 212 166 91 136 142 91 212 212 212 211 212 121 46 121 211 211 46 46 136 136 91 98 1 46 136 1 1 91 136 93 211 121 166 140 211 1 166 121 91 136 46 76 211 152 166 121 136 104 46 91 76 91 211 46 166 121 211 136 211 212 91 167 211 1 136 91 166 197 166 166 121 91 166 1 1 1 211 211 211 46 186 211 211 46 143 191 93 1 211 166 121 211 138 166 188 48 211 1 46 91 211 211 46 181 211 211 1 211 166 121 211 211 122 91 166 211 1 46 211 211 166 211 46 121 1 166 212 136 212 91 166 91 91 91 46 166 46 212 181 166 211 166 166 121 136 136 46 1 91 166 121 136 91 98 97 166 211 211 46 91 76 181 181 91 91 166 146 211 121 181 46 121 166 
c [Signal] Signal interruption. Caught signal: SIGTERM (15).
c [Label = 213] Encoding starts with target value = 45:
c [Label = 213] Encoding duration: 2590ms.
c [Label = 213] Number of clauses: 1741834.
c [Label = 213] Number of variables: 244848.
c [Label = 213] Solving duration: 6792 ms.
s [Label = 213] SAT (w = 45).
c [Label = 213] Label assignment: 1 1 1 1 1 1 1 1 1 1 1 1 46 1 1 1 1 46 1 1 1 1 1 46 1 1 1 1 1 46 1 1 1 46 91 1 1 46 1 1 91 46 1 1 1 46 1 46 46 1 46 1 1 1 1 1 46 1 46 46 46 46 1 1 1 46 46 91 1 1 1 46 1 46 46 46 91 46 91 91 91 91 1 46 91 46 1 46 46 212 91 167 91 46 46 46 46 46 1 46 46 46 46 91 136 1 91 46 91 1 1 46 91 1 46 91 1 46 46 91 212 46 136 91 136 136 46 46 91 1 46 46 46 1 1 213 91 46 136 46 91 91 122 1 46 212 1 168 46 136 167 167 136 96 91 1 136 167 213 212 136 46 91 1 167 46 1 167 91 167 46 167 1 213 122 136 91 91 181 167 46 46 1 167 1 167 46 167 213 212 91 213 212 143 212 91 167 167 136 213 212 91 212 212 213 46 91 167 1 77 1 167 212 212 167 91 1 91 213 142 136 122 213 167 167 136 91 91 122 123 46 91 46 1 46 167 95 212 136 46 167 46 213 91 212 167 136 212 212 91 213 91 136 212 122 122 122 213 103 213 136 141 181 140 46 106 212 95 46 213 91 77 213 167 91 136 142 91 213 213 213 212 213 122 46 122 212 212 46 46 136 136 91 98 1 46 136 1 1 91 136 93 212 122 167 140 212 1 167 122 91 136 46 77 212 152 167 122 136 104 46 91 77 91 212 46 167 122 212 136 212 213 91 168 212 1 136 91 167 197 167 167 122 91 167 1 1 1 212 212 212 46 186 212 212 46 143 191 93 1 212 167 122 212 138 167 188 48 212 1 46 91 212 212 46 181 212 212 1 212 167 122 212 212 123 91 167 212 1 46 212 212 167 212 46 122 1 167 213 136 213 91 167 91 91 91 46 167 46 213 181 167 212 167 167 122 136 136 46 1 91 167 122 136 91 98 97 167 212 212 46 91 77 181 181 91 91 167 146 212 122 181 46 122 167 
c [Signal] Signal interruption. Caught signal: SIGTERM (15).
c [Label = 214] Encoding starts with target value = 45:
c [Label = 214] Encoding duration: 2631ms.
c [Label = 214] Number of clauses: 1750788.
c [Label = 214] Number of variables: 245738.
c [Label = 214] Solving duration: 6960 ms.
s [Label = 214] SAT (w = 45).
c [Label = 214] Label assignment: 1 1 1 1 1 1 1 1 1 1 1 1 46 1 1 1 1 46 1 1 1 1 1 46 1 1 1 1 1 46 1 1 1 46 91 1 1 46 1 1 91 46 1 1 1 46 1 46 46 1 46 1 1 1 1 1 46 1 46 46 46 46 1 1 1 46 46 91 1 1 1 46 1 46 46 46 91 46 91 91 91 91 1 46 91 46 1 46 46 213 91 168 91 46 46 46 46 46 1 46 46 46 46 91 136 1 91 46 91 1 1 46 91 1 46 91 1 46 46 91 213 46 136 91 136 136 46 46 91 1 46 46 46 1 1 214 91 46 136 46 91 91 123 1 46 213 1 169 46 136 168 168 136 96 91 1 136 168 214 213 136 46 91 1 168 46 1 168 91 168 46 168 1 214 123 136 91 91 181 168 46 46 1 168 1 168 46 168 214 213 91 214 213 143 213 91 168 168 136 214 213 91 213 213 214 46 91 168 1 78 1 168 213 213 168 91 1 91 214 142 136 123 214 168 168 136 91 91 123 124 46 91 46 1 46 168 95 213 136 46 168 46 214 91 213 168 136 213 213 91 214 91 136 213 123 123 123 214 103 214 136 141 181 140 46 106 213 95 46 214 91 78 214 168 91 136 142 91 214 214 214 213 214 123 46 123 213 213 46 46 136 136 91 98 1 46 136 1 1 91 136 93 213 123 168 140 213 1 168 123 91 136 46 78 213 152 168 123 136 104 46 91 78 91 213 46 168 123 213 136 213 214 91 169 213 1 136 91 168 197 168 168 123 91 168 1 1 1 213 213 213 46 186 213 213 46 143 191 93 1 213 168 123 213 138 168 188 48 213 1 46 91 213 213 46 181 213 213 1 213 168 123 213 213 124 91 168 213 1 46 213 213 168 213 46 123 1 168 214 136 214 91 168 91 91 91 46 168 46 214 181 168 213 168 168 123 136 136 46 1 91 168 123 136 91 98 97 168 213 213 46 91 78 181 181 91 91 168 146 213 123 181 46 123 168 
c [Signal] Signal interruption. Caught signal: SIGTERM (15).
c [Label = 206] Minimize Makespan Labeling problem (P-can__445.mtx.rnd):
c [Main] Lowest label SAT is set to 208.
c [Main] Kill higher label pid 210.
c [Main] Kill higher label pid 212.
c [Main] Kill higher label pid 213.
c [Main] Kill higher label pid 214.
c [Main] Kill higher label pid 209.
c [Label = 210] Encoding starts with target value = 45:
c [Label = 210] Encoding duration: 2585ms.
c [Label = 210] Number of clauses: 1714974.
c [Label = 210] Number of variables: 242178.
c [Label = 210] Solving duration: 6820 ms.
s [Label = 210] SAT (w = 45).
c [Label = 210] Label assignment: 1 1 1 1 1 1 1 1 1 1 1 1 46 1 1 1 1 46 1 1 1 1 1 46 1 1 1 1 1 46 1 1 1 46 91 1 1 46 1 1 91 46 1 1 1 46 1 46 46 1 46 1 1 1 1 1 46 1 46 46 46 46 1 1 1 46 46 91 1 1 1 46 1 46 46 46 91 46 91 91 91 91 1 46 91 46 1 46 46 209 91 164 91 46 46 46 46 46 1 46 46 46 46 91 136 1 91 46 91 1 1 46 91 1 46 91 1 46 46 91 209 46 136 91 136 136 46 46 91 1 46 46 46 1 1 210 91 46 136 46 91 91 119 1 46 209 1 165 46 136 164 164 136 96 91 1 136 164 210 209 136 46 91 1 164 46 1 164 91 164 46 164 1 210 119 136 91 91 181 164 46 46 1 164 1 164 46 164 210 209 91 210 209 143 209 91 164 164 136 210 209 91 209 209 210 46 91 164 1 74 1 164 209 209 164 91 1 91 210 142 136 119 210 164 164 136 91 91 119 120 46 91 46 1 46 164 95 209 136 46 164 46 210 91 209 164 136 209 209 91 210 91 136 209 119 119 119 210 103 210 136 141 181 140 46 106 209 95 46 210 91 74 210 164 91 136 142 91 210 210 210 209 210 119 46 119 209 209 46 46 136 136 91 98 1 46 136 1 1 91 136 93 209 119 164 140 209 1 164 119 91 136 46 74 209 152 164 119 136 104 46 91 74 91 209 46 164 119 209 136 209 210 91 165 209 1 136 91 164 197 164 164 119 91 164 1 1 1 209 209 209 46 186 209 209 46 143 191 93 1 209 164 119 209 138 164 188 48 209 1 46 91 209 209 46 181 209 209 1 209 164 119 209 209 120 91 164 209 1 46 209 209 164 209 46 119 1 164 210 136 210 91 164 91 91 91 46 164 46 210 181 164 209 164 164 119 136 136 46 1 91 164 119 136 91 98 97 164 209 209 46 91 74 181 181 91 91 164 146 209 119 181 46 119 164 
c [Signal] Signal interruption. Caught signal: SIGTERM (15).
c [Label = 209] Encoding starts with target value = 45:
c [Label = 209] Encoding duration: 2581ms.
c [Label = 209] Number of clauses: 1706020.
c [Label = 209] Number of variables: 241288.
c [Label = 209] Solving duration: 6820 ms.
s [Label = 209] SAT (w = 45).
c [Label = 209] Label assignment: 1 1 1 1 1 1 1 1 1 1 1 1 46 1 1 1 1 46 1 1 1 1 1 46 1 1 1 1 1 46 1 1 1 46 91 1 1 46 1 1 91 46 1 1 1 46 1 46 46 1 46 1 1 1 1 1 46 1 46 46 46 46 1 1 1 46 46 91 1 1 1 46 1 46 46 46 91 46 91 91 91 91 1 46 91 46 1 46 46 208 91 163 91 46 46 46 46 46 1 46 46 46 46 91 136 1 91 46 91 1 1 46 91 1 46 91 1 46 46 91 208 46 136 91 136 136 46 46 91 1 46 46 46 1 1 209 91 46 136 46 91 91 118 1 46 208 1 164 46 136 163 163 136 96 91 1 136 163 209 208 136 46 91 1 163 46 1 163 91 163 46 163 1 209 118 136 91 91 181 163 46 46 1 163 1 163 46 163 209 208 91 209 208 143 208 91 163 163 136 209 208 91 208 208 209 46 91 163 1 73 1 163 208 208 163 91 1 91 209 142 136 118 209 163 163 136 91 91 118 119 46 91 46 1 46 163 95 208 136 46 163 46 209 91 208 163 136 208 208 91 209 91 136 208 118 118 118 209 103 209 136 141 181 140 46 106 208 95 46 209 91 73 209 163 91 136 142 91 209 209 209 208 209 118 46 118 208 208 46 46 136 136 91 98 1 46 136 1 1 91 136 93 208 118 163 140 208 1 163 118 91 136 46 73 208 152 163 118 136 104 46 91 73 91 208 46 163 118 208 136 208 209 91 164 208 1 136 91 163 197 163 163 118 91 163 1 1 1 208 208 208 46 186 208 208 46 143 191 93 1 208 163 118 208 138 163 188 48 208 1 46 91 208 208 46 181 208 208 1 208 163 118 208 208 119 91 163 208 1 46 208 208 163 208 46 118 1 163 209 136 209 91 163 91 91 91 46 163 46 209 181 163 208 163 163 118 136 136 46 1 91 163 118 136 91 98 97 163 208 208 46 91 73 181 181 91 91 163 146 208 118 181 46 118 163 
c [Signal] Signal interruption. Caught signal: SIGTERM (15).
c [Label = 205] Minimize Makespan Labeling problem (P-can__445.mtx.rnd):
c [Main] Child pid 214 - 53984 terminated by signal 15.
c [Label = 204] Minimize Makespan Labeling problem (P-can__445.mtx.rnd):
c [Main] Child pid 213 - 53985 terminated by signal 15.
c [Main] Child pid 212 - 53986 terminated by signal 15.
c [Label = 203] Minimize Makespan Labeling problem (P-can__445.mtx.rnd):
c [Label = 202] Minimize Makespan Labeling problem (P-can__445.mtx.rnd):
c [Main] Child pid 210 - 53988 terminated by signal 15.
c [Main] Child pid 209 - 53989 terminated by signal 15.
c [Label = 200] Minimize Makespan Labeling problem (P-can__445.mtx.rnd):
c [Label = 201] Minimize Makespan Labeling problem (P-can__445.mtx.rnd):
c [Label = 207] Encoding starts with target value = 45:
c [Label = 207] Encoding duration: 2539ms.
c [Label = 207] Number of clauses: 1688113.
c [Label = 207] Number of variables: 239508.
c [Label = 207] Solving duration: 7066 ms.
s [Label = 207] SAT (w = 45).
c [Label = 207] Label assignment: 1 1 1 1 1 1 1 1 1 1 1 1 46 1 1 1 1 46 1 1 1 1 1 46 1 1 1 1 1 46 1 1 1 46 91 1 1 46 1 1 91 46 1 1 1 46 1 46 46 1 46 1 1 1 1 1 46 1 46 46 46 46 1 1 1 46 46 91 1 1 1 46 1 46 46 46 91 46 91 91 91 91 1 46 91 46 1 46 46 206 91 161 91 46 46 46 46 46 1 46 46 46 46 91 136 1 91 46 91 1 1 46 91 1 46 91 1 46 46 91 206 46 136 91 136 136 46 46 91 1 46 46 46 1 1 207 91 46 136 46 91 91 116 1 46 206 1 162 46 136 161 161 136 96 91 1 136 161 207 206 136 46 91 1 161 46 1 161 91 161 46 161 1 207 116 136 91 91 181 161 46 46 1 161 1 161 46 161 207 206 91 207 206 143 206 91 161 161 136 207 206 91 206 206 207 46 91 161 1 71 1 161 206 206 161 91 1 91 207 142 136 116 207 161 161 136 91 91 116 117 46 91 46 1 46 161 95 206 136 46 161 46 207 91 206 161 136 206 206 91 207 91 136 206 116 116 116 207 103 207 136 141 181 140 46 106 206 95 46 207 91 71 207 161 91 136 142 91 207 207 207 206 207 116 46 116 206 206 46 46 136 136 91 98 1 46 136 1 1 91 136 93 206 116 161 140 206 1 161 116 91 136 46 71 206 152 161 116 136 104 46 91 71 91 206 46 161 116 206 136 206 207 91 162 206 1 136 91 161 197 161 161 116 91 161 1 1 1 206 206 206 46 186 206 206 46 143 191 93 1 206 161 116 206 138 161 188 48 206 1 46 91 206 206 46 181 206 206 1 206 161 116 206 206 117 91 161 206 1 46 206 206 161 206 46 116 1 161 207 136 207 91 161 91 91 91 46 161 46 207 181 161 206 161 161 116 136 136 46 1 91 161 116 136 91 98 97 161 206 206 46 91 71 181 181 91 91 161 146 206 116 181 46 116 161 
c [Main] Lowest label SAT is set to 207.
c [Label = 199] Minimize Makespan Labeling problem (P-can__445.mtx.rnd):
c [Label = 204] Encoding starts with target value = 45:
c [Label = 204] Encoding duration: 2521ms.
c [Label = 204] Number of clauses: 1661253.
c [Label = 204] Number of variables: 236838.
c [Label = 204] Solving duration: 6646 ms.
s [Label = 204] SAT (w = 45).
c [Label = 204] Label assignment: 1 1 1 1 1 1 1 1 1 1 1 1 46 1 1 1 1 46 1 1 1 1 1 46 1 1 1 1 1 46 1 1 1 46 91 1 1 46 1 1 91 46 1 1 1 46 1 46 46 1 46 1 1 1 1 1 46 1 46 46 46 46 1 1 1 46 46 91 1 1 1 46 1 46 46 46 91 46 91 91 91 91 1 46 91 46 1 46 46 203 91 158 91 46 46 46 46 46 1 46 46 46 46 91 136 1 91 46 91 1 1 46 91 1 46 91 1 46 46 91 203 46 136 91 136 136 46 46 91 1 46 46 46 1 1 204 91 46 136 46 91 91 113 1 46 203 1 159 46 136 158 158 136 96 91 1 136 158 204 203 136 46 91 1 158 46 1 158 91 158 46 158 1 204 113 136 91 91 181 158 46 46 1 158 1 158 46 158 204 203 91 204 203 143 203 91 158 158 136 204 203 91 203 203 204 46 91 158 1 68 1 158 203 203 158 91 1 91 204 142 136 113 204 158 158 136 91 91 113 114 46 91 46 1 46 158 95 203 136 46 158 46 204 91 203 158 136 203 203 91 204 91 136 203 113 113 113 204 103 204 136 141 181 140 46 106 203 95 46 204 91 68 204 158 91 136 142 91 204 204 204 203 204 113 46 113 203 203 46 46 136 136 91 98 1 46 136 1 1 91 136 93 203 113 158 140 203 1 158 113 91 136 46 68 203 152 158 113 136 104 46 91 68 91 203 46 158 113 203 136 203 204 91 159 203 1 136 91 158 197 158 158 113 91 158 1 1 1 203 203 203 46 186 203 203 46 143 191 93 1 203 158 113 203 138 158 188 48 203 1 46 91 203 203 46 181 203 203 1 203 158 113 203 203 114 91 158 203 1 46 203 203 158 203 46 113 1 158 204 136 204 91 158 91 91 91 46 158 46 204 181 158 203 158 158 113 136 136 46 1 91 158 113 136 91 98 97 158 203 203 46 91 68 181 181 91 91 158 146 203 113 181 46 113 158 
c [Label = 205] Encoding starts with target value = 45:
c [Label = 205] Encoding duration: 2534ms.
c [Label = 205] Number of clauses: 1670206.
c [Label = 205] Number of variables: 237728.
c [Label = 205] Solving duration: 6704 ms.
s [Label = 205] SAT (w = 45).
c [Label = 205] Label assignment: 1 1 1 1 1 1 1 1 1 1 1 1 46 1 1 1 1 46 1 1 1 1 1 46 1 1 1 1 1 46 1 1 1 46 91 1 1 46 1 1 91 46 1 1 1 46 1 46 46 1 46 1 1 1 1 1 46 1 46 46 46 46 1 1 1 46 46 91 1 1 1 46 1 46 46 46 91 46 91 91 91 91 1 46 91 46 1 46 46 204 91 159 91 46 46 46 46 46 1 46 46 46 46 91 136 1 91 46 91 1 1 46 91 1 46 91 1 46 46 91 204 46 136 91 136 136 46 46 91 1 46 46 46 1 1 205 91 46 136 46 91 91 114 1 46 204 1 160 46 136 159 159 136 96 91 1 136 159 205 204 136 46 91 1 159 46 1 159 91 159 46 159 1 205 114 136 91 91 181 159 46 46 1 159 1 159 46 159 205 204 91 205 204 143 204 91 159 159 136 205 204 91 204 204 205 46 91 159 1 69 1 159 204 204 159 91 1 91 205 142 136 114 205 159 159 136 91 91 114 115 46 91 46 1 46 159 95 204 136 46 159 46 205 91 204 159 136 204 204 91 205 91 136 204 114 114 114 205 103 205 136 141 181 140 46 106 204 95 46 205 91 69 205 159 91 136 142 91 205 205 205 204 205 114 46 114 204 204 46 46 136 136 91 98 1 46 136 1 1 91 136 93 204 114 159 140 204 1 159 114 91 136 46 69 204 152 159 114 136 104 46 91 69 91 204 46 159 114 204 136 204 205 91 160 204 1 136 91 159 197 159 159 114 91 159 1 1 1 204 204 204 46 186 204 204 46 143 191 93 1 204 159 114 204 138 159 188 48 204 1 46 91 204 204 46 181 204 204 1 204 159 114 204 204 115 91 159 204 1 46 204 204 159 204 46 114 1 159 205 136 205 91 159 91 91 91 46 159 46 205 181 159 204 159 159 114 136 136 46 1 91 159 114 136 91 98 97 159 204 204 46 91 69 181 181 91 91 159 146 204 114 181 46 114 159 
c [Label = 206] Encoding starts with target value = 45:
c [Label = 206] Encoding duration: 2544ms.
c [Label = 206] Number of clauses: 1679160.
c [Label = 206] Number of variables: 238618.
c [Label = 206] Solving duration: 6741 ms.
s [Label = 206] SAT (w = 45).
c [Label = 206] Label assignment: 1 1 1 1 1 1 1 1 1 1 1 1 46 1 1 1 1 46 1 1 1 1 1 46 1 1 1 1 1 46 1 1 1 46 91 1 1 46 1 1 91 46 1 1 1 46 1 46 46 1 46 1 1 1 1 1 46 1 46 46 46 46 1 1 1 46 46 91 1 1 1 46 1 46 46 46 91 46 91 91 91 91 1 46 91 46 1 46 46 205 91 160 91 46 46 46 46 46 1 46 46 46 46 91 136 1 91 46 91 1 1 46 91 1 46 91 1 46 46 91 205 46 136 91 136 136 46 46 91 1 46 46 46 1 1 206 91 46 136 46 91 91 115 1 46 205 1 161 46 136 160 160 136 96 91 1 136 160 206 205 136 46 91 1 160 46 1 160 91 160 46 160 1 206 115 136 91 91 181 160 46 46 1 160 1 160 46 160 206 205 91 206 205 143 205 91 160 160 136 206 205 91 205 205 206 46 91 160 1 70 1 160 205 205 160 91 1 91 206 142 136 115 206 160 160 136 91 91 115 116 46 91 46 1 46 160 95 205 136 46 160 46 206 91 205 160 136 205 205 91 206 91 136 205 115 115 115 206 103 206 136 141 181 140 46 106 205 95 46 206 91 70 206 160 91 136 142 91 206 206 206 205 206 115 46 115 205 205 46 46 136 136 91 98 1 46 136 1 1 91 136 93 205 115 160 140 205 1 160 115 91 136 46 70 205 152 160 115 136 104 46 91 70 91 205 46 160 115 205 136 205 206 91 161 205 1 136 91 160 197 160 160 115 91 160 1 1 1 205 205 205 46 186 205 205 46 143 191 93 1 205 160 115 205 138 160 188 48 205 1 46 91 205 205 46 181 205 205 1 205 160 115 205 205 116 91 160 205 1 46 205 205 160 205 46 115 1 160 206 136 206 91 160 91 91 91 46 160 46 206 181 160 205 160 160 115 136 136 46 1 91 160 115 136 91 98 97 160 205 205 46 91 70 181 181 91 91 160 146 205 115 181 46 115 160 
c [Main] Lowest label SAT is set to 204.
c [Main] Kill higher label pid 205.
c [Main] Kill higher label pid 206.
c [Label = 198] Minimize Makespan Labeling problem (P-can__445.mtx.rnd):
c [Main] Kill higher label pid 206.
c [Label = 197] Minimize Makespan Labeling problem (P-can__445.mtx.rnd):
c [Label = 196] Minimize Makespan Labeling problem (P-can__445.mtx.rnd):
c [Label = 201] Encoding starts with target value = 45:
c [Label = 201] Encoding duration: 2437ms.
c [Label = 201] Number of clauses: 1634392.
c [Label = 201] Number of variables: 234168.
c [Label = 201] Solving duration: 9014 ms.
s [Label = 201] SAT (w = 45).
c [Label = 201] Label assignment: 1 1 1 1 1 1 1 1 1 1 1 1 46 1 1 1 1 46 1 1 1 1 1 46 1 1 1 1 1 46 1 1 1 46 91 1 1 46 1 1 91 46 1 1 1 46 1 46 46 1 46 1 1 1 1 1 46 1 46 46 46 46 1 1 1 46 46 91 1 1 1 46 1 46 46 46 91 46 91 91 91 91 1 46 91 46 1 46 46 200 91 155 91 46 46 46 46 46 1 46 46 46 46 91 136 1 91 46 91 1 1 46 91 1 46 91 1 46 46 91 200 46 136 91 136 136 46 46 91 1 46 46 46 1 1 201 91 46 136 46 91 91 110 1 46 200 1 156 46 136 155 155 136 96 91 1 136 155 201 200 136 46 91 1 155 46 1 155 91 155 46 155 1 201 110 136 91 91 181 155 46 46 1 155 1 155 46 155 201 200 91 201 200 143 200 91 155 155 136 201 200 91 200 200 201 46 91 155 1 65 1 155 200 200 155 91 1 91 201 142 136 110 201 155 155 136 91 91 110 111 46 91 46 1 46 155 95 200 136 46 155 46 201 91 200 155 136 200 200 91 201 91 136 200 110 110 110 201 103 201 136 141 181 140 46 106 200 95 46 201 91 65 201 155 91 136 142 91 201 201 201 200 201 110 46 110 200 200 46 46 136 136 91 98 1 46 136 1 1 91 136 93 200 110 155 140 200 1 155 110 91 136 46 65 200 152 155 110 136 104 46 91 65 91 200 46 155 110 200 136 200 201 91 156 200 1 136 91 155 197 155 155 110 91 155 1 1 1 200 200 200 46 186 200 200 46 143 191 93 1 200 155 110 200 138 155 188 48 200 1 46 91 200 200 46 181 200 200 1 200 155 110 200 200 111 91 155 200 1 46 200 200 155 200 46 110 1 155 201 136 201 91 155 91 91 91 46 155 46 201 181 155 200 155 155 110 136 136 46 1 91 155 110 136 91 98 97 155 200 200 46 91 65 181 181 91 91 155 146 200 110 181 46 110 155 
c [Main] Lowest label SAT is set to 201.
c [Main] Kill higher label pid 202.
c [Main] Kill higher label pid 203.
c [Label = 202] Encoding starts with target value = 45:
c [Label = 202] Encoding duration: 2451ms.
c [Label = 202] Number of clauses: 1643346.
c [Label = 202] Number of variables: 235058.
c [Label = 202] Solving duration: 9163 ms.
s [Label = 202] SAT (w = 45).
c [Label = 202] Label assignment: 1 1 1 1 1 1 1 1 1 1 1 1 46 1 1 1 1 46 1 1 1 1 1 46 1 1 1 1 1 46 1 1 1 46 91 1 1 46 1 1 91 46 1 1 1 46 1 46 46 1 46 1 1 1 1 1 46 1 46 46 46 46 1 1 1 46 46 91 1 1 1 46 1 46 46 46 91 46 91 91 91 91 1 46 91 46 1 46 46 201 91 156 91 46 46 46 46 46 1 46 46 46 46 91 136 1 91 46 91 1 1 46 91 1 46 91 1 46 46 91 201 46 136 91 136 136 46 46 91 1 46 46 46 1 1 202 91 46 136 46 91 91 111 1 46 201 1 157 46 136 156 156 136 96 91 1 136 156 202 201 136 46 91 1 156 46 1 156 91 156 46 156 1 202 111 136 91 91 181 156 46 46 1 156 1 156 46 156 202 201 91 202 201 143 201 91 156 156 136 202 201 91 201 201 202 46 91 156 1 66 1 156 201 201 156 91 1 91 202 142 136 111 202 156 156 136 91 91 111 112 46 91 46 1 46 156 95 201 136 46 156 46 202 91 201 156 136 201 201 91 202 91 136 201 111 111 111 202 103 202 136 141 181 140 46 106 201 95 46 202 91 66 202 156 91 136 142 91 202 202 202 201 202 111 46 111 201 201 46 46 136 136 91 98 1 46 136 1 1 91 136 93 201 111 156 140 201 1 156 111 91 136 46 66 201 152 156 111 136 104 46 91 66 91 201 46 156 111 201 136 201 202 91 157 201 1 136 91 156 197 156 156 111 91 156 1 1 1 201 201 201 46 186 201 201 46 143 191 93 1 201 156 111 201 138 156 188 48 201 1 46 91 201 201 46 181 201 201 1 201 156 111 201 201 112 91 156 201 1 46 201 201 156 201 46 111 1 156 202 136 202 91 156 91 91 91 46 156 46 202 181 156 201 156 156 111 136 136 46 1 91 156 111 136 91 98 97 156 201 201 46 91 66 181 181 91 91 156 146 201 111 181 46 111 156 
c [Signal] Signal interruption. Caught signal: SIGTERM (15).
c [Label = 203] Encoding starts with target value = 45:
c [Label = 203] Encoding duration: 2476ms.
c [Label = 203] Number of clauses: 1652299.
c [Label = 203] Number of variables: 235948.
c [Label = 203] Solving duration: 9214 ms.
s [Label = 203] SAT (w = 45).
c [Label = 203] Label assignment: 1 1 1 1 1 1 1 1 1 1 1 1 46 1 1 1 1 46 1 1 1 1 1 46 1 1 1 1 1 46 1 1 1 46 91 1 1 46 1 1 91 46 1 1 1 46 1 46 46 1 46 1 1 1 1 1 46 1 46 46 46 46 1 1 1 46 46 91 1 1 1 46 1 46 46 46 91 46 91 91 91 91 1 46 91 46 1 46 46 202 91 157 91 46 46 46 46 46 1 46 46 46 46 91 136 1 91 46 91 1 1 46 91 1 46 91 1 46 46 91 202 46 136 91 136 136 46 46 91 1 46 46 46 1 1 203 91 46 136 46 91 91 112 1 46 202 1 158 46 136 157 157 136 96 91 1 136 157 203 202 136 46 91 1 157 46 1 157 91 157 46 157 1 203 112 136 91 91 181 157 46 46 1 157 1 157 46 157 203 202 91 203 202 143 202 91 157 157 136 203 202 91 202 202 203 46 91 157 1 67 1 157 202 202 157 91 1 91 203 142 136 112 203 157 157 136 91 91 112 113 46 91 46 1 46 157 95 202 136 46 157 46 203 91 202 157 136 202 202 91 203 91 136 202 112 112 112 203 103 203 136 141 181 140 46 106 202 95 46 203 91 67 203 157 91 136 142 91 203 203 203 202 203 112 46 112 202 202 46 46 136 136 91 98 1 46 136 1 1 91 136 93 202 112 157 140 202 1 157 112 91 136 46 67 202 152 157 112 136 104 46 91 67 91 202 46 157 112 202 136 202 203 91 158 202 1 136 91 157 197 157 157 112 91 157 1 1 1 202 202 202 46 186 202 202 46 143 191 93 1 202 157 112 202 138 157 188 48 202 1 46 91 202 202 46 181 202 202 1 202 157 112 202 202 113 91 157 202 1 46 202 202 157 202 46 112 1 157 203 136 203 91 157 91 91 91 46 157 46 203 181 157 202 157 157 112 136 136 46 1 91 157 112 136 91 98 97 157 202 202 46 91 67 181 181 91 91 157 146 202 112 181 46 112 157 
c [Signal] Signal interruption. Caught signal: SIGTERM (15).
c [Label = 195] Minimize Makespan Labeling problem (P-can__445.mtx.rnd):
c [Main] Child pid 203 - 54002 terminated by signal 15.
c [Main] Child pid 202 - 54003 terminated by signal 15.
c [Label = 194] Minimize Makespan Labeling problem (P-can__445.mtx.rnd):
c [Label = 193] Minimize Makespan Labeling problem (P-can__445.mtx.rnd):
c [Label = 200] Encoding starts with target value = 45:
c [Label = 200] Encoding duration: 2422ms.
c [Label = 200] Number of clauses: 1625439.
c [Label = 200] Number of variables: 233278.
c [Label = 200] Solving duration: 9168 ms.
s [Label = 200] SAT (w = 45).
c [Label = 200] Label assignment: 1 1 1 1 1 1 1 1 1 1 1 1 46 1 1 1 1 46 1 1 1 1 1 46 1 1 1 1 1 46 1 1 1 46 91 1 1 46 1 1 91 46 1 1 1 46 1 46 46 1 46 1 1 1 1 1 46 1 46 46 46 46 1 1 1 46 46 91 1 1 1 46 1 46 46 46 91 46 91 91 91 91 1 46 91 46 1 46 46 199 91 154 91 46 46 46 46 46 1 46 46 46 46 91 136 1 91 46 91 1 1 46 91 1 46 91 1 46 46 91 199 46 136 91 136 136 46 46 91 1 46 46 46 1 1 200 91 46 136 46 91 91 109 1 46 199 1 155 46 136 154 154 136 96 91 1 136 154 200 199 136 46 91 1 154 46 1 154 91 154 46 154 1 200 109 136 91 91 181 154 46 46 1 154 1 154 46 154 200 199 91 200 199 143 199 91 154 154 136 200 199 91 199 199 200 46 91 154 1 64 1 154 199 199 154 91 1 91 200 142 136 109 200 154 154 136 91 91 109 110 46 91 46 1 46 154 95 199 136 46 154 46 200 91 199 154 136 199 199 91 200 91 136 199 109 109 109 200 103 200 136 141 181 140 46 106 199 95 46 200 91 64 200 154 91 136 142 91 200 200 200 199 200 109 46 109 199 199 46 46 136 136 91 98 1 46 136 1 1 91 136 93 199 109 154 140 199 1 154 109 91 136 46 64 199 152 154 109 136 104 46 91 64 91 199 46 154 109 199 136 199 200 91 155 199 1 136 91 154 197 154 154 109 91 154 1 1 1 199 199 199 46 186 199 199 46 143 191 93 1 199 154 109 199 138 154 188 48 199 1 46 91 199 199 46 181 199 199 1 199 154 109 199 199 110 91 154 199 1 46 199 199 154 199 46 109 1 154 200 136 200 91 154 91 91 91 46 154 46 200 181 154 199 154 154 109 136 136 46 1 91 154 109 136 91 98 97 154 199 199 46 91 64 181 181 91 91 154 146 199 109 181 46 109 154 
c [Main] Lowest label SAT is set to 200.
c [Label = 192] Minimize Makespan Labeling problem (P-can__445.mtx.rnd):
c [Label = 199] Encoding starts with target value = 45:
c [Label = 199] Encoding duration: 2398ms.
c [Label = 199] Number of clauses: 1616485.
c [Label = 199] Number of variables: 232388.
c [Label = 199] Solving duration: 8997 ms.
s [Label = 199] SAT (w = 45).
c [Label = 199] Label assignment: 1 1 1 1 1 1 1 1 1 1 1 1 46 1 1 1 1 46 1 1 1 1 1 46 1 1 1 1 1 46 1 1 1 46 91 1 1 46 1 1 91 46 1 1 1 46 1 46 46 1 46 1 1 1 1 1 46 1 46 46 46 46 1 1 1 46 46 91 1 1 1 46 1 46 46 46 91 46 91 91 91 91 1 46 91 46 1 46 46 198 91 153 91 46 46 46 46 46 1 46 46 46 46 91 136 1 91 46 91 1 1 46 91 1 46 91 1 46 46 91 198 46 136 91 136 136 46 46 91 1 46 46 46 1 1 199 91 46 136 46 91 91 108 1 46 198 1 154 46 136 153 153 136 96 91 1 136 153 199 198 136 46 91 1 153 46 1 153 91 153 46 153 1 199 108 136 91 91 181 153 46 46 1 153 1 153 46 153 199 198 91 199 198 143 198 91 153 153 136 199 198 91 198 198 199 46 91 153 1 63 1 153 198 198 153 91 1 91 199 142 136 108 199 153 153 136 91 91 108 109 46 91 46 1 46 153 95 198 136 46 153 46 199 91 198 153 136 198 198 91 199 91 136 198 108 108 108 199 103 199 136 141 181 140 46 106 198 95 46 199 91 63 199 153 91 136 142 91 199 199 199 198 199 108 46 108 198 198 46 46 136 136 91 98 1 46 136 1 1 91 136 93 198 108 153 140 198 1 153 108 91 136 46 63 198 152 153 108 136 104 46 91 63 91 198 46 153 108 198 136 198 199 91 154 198 1 136 91 153 197 153 153 108 91 153 1 1 1 198 198 198 46 186 198 198 46 143 191 93 1 198 153 108 198 138 153 188 48 198 1 46 91 198 198 46 181 198 198 1 198 153 108 198 198 109 91 153 198 1 46 198 198 153 198 46 108 1 153 199 136 199 91 153 91 91 91 46 153 46 199 181 153 198 153 153 108 136 136 46 1 91 153 108 136 91 98 97 153 198 198 46 91 63 181 181 91 91 153 146 198 108 181 46 108 153 
c [Main] Lowest label SAT is set to 199.
c [Label = 191] Minimize Makespan Labeling problem (P-can__445.mtx.rnd):
c [Label = 198] Encoding starts with target value = 45:
c [Label = 198] Encoding duration: 2344ms.
c [Label = 198] Number of clauses: 1607532.
c [Label = 198] Number of variables: 231498.
c [Label = 198] Solving duration: 8928 ms.
s [Label = 198] SAT (w = 45).
c [Label = 198] Label assignment: 1 1 1 1 1 1 1 1 1 1 1 1 46 1 1 1 1 46 1 1 1 1 1 46 1 1 1 1 1 46 1 1 1 46 91 1 1 46 1 1 91 46 1 1 1 46 1 46 46 1 46 1 1 1 1 1 46 1 46 46 46 46 1 1 1 46 46 91 1 1 1 46 1 46 46 46 91 46 91 91 91 91 1 46 91 46 1 46 46 197 91 152 91 46 46 46 46 46 1 46 46 46 46 91 136 1 91 46 91 1 1 46 91 1 46 91 1 46 46 91 197 46 136 91 136 136 46 46 91 1 46 46 46 1 1 198 91 46 136 46 91 91 107 1 46 197 1 153 46 136 152 152 136 96 91 1 136 152 198 197 136 46 91 1 152 46 1 152 91 152 46 152 1 198 107 136 91 91 181 152 46 46 1 152 1 152 46 152 198 197 91 198 197 143 197 91 152 152 136 198 197 91 197 197 198 46 91 152 1 62 1 152 197 197 152 91 1 91 198 142 136 107 198 152 152 136 91 91 107 108 46 91 46 1 46 152 95 197 136 46 152 46 198 91 197 152 136 197 197 91 198 91 136 197 107 107 107 198 103 198 136 141 181 140 46 106 197 95 46 198 91 62 198 152 91 136 142 91 198 198 198 197 198 107 46 107 197 197 46 46 136 136 91 98 1 46 136 1 1 91 136 93 197 107 152 140 197 1 152 107 91 136 46 62 197 152 152 107 136 104 46 91 62 91 197 46 152 107 197 136 197 198 91 153 197 1 136 91 152 197 152 152 107 91 152 1 1 1 197 197 197 46 186 197 197 46 143 191 93 1 197 152 107 197 138 152 188 48 197 1 46 91 197 197 46 181 197 197 1 197 152 107 197 197 108 91 152 197 1 46 197 197 152 197 46 107 1 152 198 136 198 91 152 91 91 91 46 152 46 198 181 152 197 152 152 107 136 136 46 1 91 152 107 136 91 98 97 152 197 197 46 91 62 181 181 91 91 152 146 197 107 181 46 107 152 
c [Main] Lowest label SAT is set to 198.
c [Label = 190] Minimize Makespan Labeling problem (P-can__445.mtx.rnd):
c [Label = 197] Encoding starts with target value = 45:
c [Label = 197] Encoding duration: 2430ms.
c [Label = 197] Number of clauses: 1598578.
c [Label = 197] Number of variables: 230608.
c [Label = 197] Solving duration: 9028 ms.
s [Label = 197] SAT (w = 45).
c [Label = 197] Label assignment: 1 1 1 1 1 1 1 1 1 1 1 1 46 1 1 1 1 46 1 1 1 1 1 46 1 1 1 1 1 46 1 1 1 46 91 1 1 46 1 1 91 46 1 1 1 46 1 46 46 1 46 1 1 1 1 1 46 1 46 46 46 46 1 1 1 46 46 91 1 1 1 46 1 46 46 46 91 46 91 91 91 91 1 46 91 46 1 46 46 196 91 151 91 46 46 46 46 46 1 46 46 46 46 91 136 1 91 46 91 1 1 46 91 1 46 91 1 46 46 91 196 46 136 91 136 136 46 46 91 1 46 46 46 1 1 197 91 46 136 46 91 91 106 1 46 196 1 152 46 136 151 151 136 96 91 1 136 151 197 196 136 46 91 1 151 46 1 151 91 151 46 151 1 197 106 136 91 91 181 151 46 46 1 151 1 151 46 151 197 196 91 197 196 143 196 91 151 151 136 197 196 91 196 196 197 46 91 151 1 61 1 151 196 196 151 91 1 91 197 142 136 106 197 151 151 136 91 91 106 107 46 91 46 1 46 151 95 196 136 46 151 46 197 91 196 151 136 196 196 91 197 91 136 196 106 106 106 197 103 197 136 141 181 140 46 106 196 95 46 197 91 61 197 151 91 136 142 91 197 197 197 196 197 106 46 106 196 196 46 46 136 136 91 98 1 46 136 1 1 91 136 93 196 106 151 140 196 1 151 106 91 136 46 61 196 151 151 106 136 104 46 91 61 91 196 46 151 106 196 136 196 197 91 152 196 1 136 91 151 196 151 151 106 91 151 1 1 1 196 196 196 46 186 196 196 46 143 191 93 1 196 151 106 196 138 151 188 48 196 1 46 91 196 196 46 181 196 196 1 196 151 106 196 196 107 91 151 196 1 46 196 196 151 196 46 106 1 151 197 136 197 91 151 91 91 91 46 151 46 197 181 151 196 151 151 106 136 136 46 1 91 151 106 136 91 98 97 151 196 196 46 91 61 181 181 91 91 151 146 196 106 181 46 106 151 
c [Label = 196] Encoding starts with target value = 45:
c [Label = 196] Encoding duration: 2444ms.
c [Label = 196] Number of clauses: 1589625.
c [Label = 196] Number of variables: 229718.
c [Label = 196] Solving duration: 9041 ms.
s [Label = 196] SAT (w = 45).
c [Label = 196] Label assignment: 1 1 1 1 1 1 1 1 1 1 1 1 46 1 1 1 1 46 1 1 1 1 1 46 1 1 1 1 1 46 1 1 1 46 91 1 1 46 1 1 91 46 1 1 1 46 1 46 46 1 46 1 1 1 1 1 46 1 46 46 46 46 1 1 1 46 46 91 1 1 1 46 1 46 46 46 91 46 91 91 91 91 1 46 91 46 1 46 46 195 91 150 91 46 46 46 46 46 1 46 46 46 46 91 136 1 91 46 91 1 1 46 91 1 46 91 1 46 46 91 195 46 136 91 136 136 46 46 91 1 46 46 46 1 1 196 91 46 136 46 91 91 105 1 46 195 1 151 46 136 150 150 136 96 91 1 136 150 196 195 136 46 91 1 150 46 1 150 91 150 46 150 1 196 105 136 91 91 181 150 46 46 1 150 1 150 46 150 196 195 91 196 195 143 195 91 150 150 136 196 195 91 195 195 196 46 91 150 1 60 1 150 195 195 150 91 1 91 196 142 136 105 196 150 150 136 91 91 105 106 46 91 46 1 46 150 95 195 136 46 150 46 196 91 195 150 136 195 195 91 196 91 136 195 105 105 105 196 103 196 136 141 181 140 46 105 195 95 46 196 91 60 196 150 91 136 142 91 196 196 196 195 196 105 46 105 195 195 46 46 136 136 91 98 1 46 136 1 1 91 136 93 195 105 150 140 195 1 150 105 91 136 46 60 195 150 150 105 136 104 46 91 60 91 195 46 150 105 195 136 195 196 91 151 195 1 136 91 150 195 150 150 105 91 150 1 1 1 195 195 195 46 186 195 195 46 143 191 93 1 195 150 105 195 138 150 188 48 195 1 46 91 195 195 46 181 195 195 1 195 150 105 195 195 106 91 150 195 1 46 195 195 150 195 46 105 1 150 196 136 196 91 150 91 91 91 46 150 46 196 181 150 195 150 150 105 136 136 46 1 91 150 105 136 91 98 97 150 195 195 46 91 60 181 181 91 91 150 146 195 105 181 46 105 150 
c [Main] Lowest label SAT is set to 197.
c [Label = 189] Minimize Makespan Labeling problem (P-can__445.mtx.rnd):
c [Main] Lowest label SAT is set to 196.
c [Label = 188] Minimize Makespan Labeling problem (P-can__445.mtx.rnd):
c [Label = 194] Encoding starts with target value = 45:
c [Label = 194] Encoding duration: 2335ms.
c [Label = 194] Number of clauses: 1571718.
c [Label = 194] Number of variables: 227938.
c [Label = 194] Solving duration: 8834 ms.
s [Label = 194] SAT (w = 45).
c [Label = 194] Label assignment: 1 1 1 1 1 1 1 1 1 1 1 1 46 1 1 1 1 46 1 1 1 1 1 46 1 1 1 1 1 46 1 1 1 46 91 1 1 46 1 1 91 46 1 1 1 46 1 46 46 1 46 1 1 1 1 1 46 1 46 46 46 46 1 1 1 46 46 91 1 1 1 46 1 46 46 46 91 46 91 91 91 91 1 46 91 46 1 46 46 193 91 148 91 46 46 46 46 46 1 46 46 46 46 91 136 1 91 46 91 1 1 46 91 1 46 91 1 46 46 91 193 46 136 91 136 136 46 46 91 1 46 46 46 1 1 194 91 46 136 46 91 91 103 1 46 193 1 149 46 136 148 148 136 96 91 1 136 148 194 193 136 46 91 1 148 46 1 148 91 148 46 148 1 194 103 136 91 91 181 148 46 46 1 148 1 148 46 148 194 193 91 194 193 143 193 91 148 148 136 194 193 91 193 193 194 46 91 148 1 58 1 148 193 193 148 91 1 91 194 142 136 103 194 148 148 136 91 91 103 104 46 91 46 1 46 148 95 193 136 46 148 46 194 91 193 148 136 193 193 91 194 91 136 193 103 103 103 194 103 194 136 141 181 140 46 103 193 95 46 194 91 58 194 148 91 136 142 91 194 194 194 193 194 103 46 103 193 193 46 46 136 136 91 98 1 46 136 1 1 91 136 93 193 103 148 140 193 1 148 103 91 136 46 58 193 148 148 103 136 103 46 91 58 91 193 46 148 103 193 136 193 194 91 149 193 1 136 91 148 193 148 148 103 91 148 1 1 1 193 193 193 46 186 193 193 46 143 191 93 1 193 148 103 193 138 148 188 48 193 1 46 91 193 193 46 181 193 193 1 193 148 103 193 193 104 91 148 193 1 46 193 193 148 193 46 103 1 148 194 136 194 91 148 91 91 91 46 148 46 194 181 148 193 148 148 103 136 136 46 1 91 148 103 136 91 98 97 148 193 193 46 91 58 181 181 91 91 148 146 193 103 181 46 103 148 
c [Main] Lowest label SAT is set to 194.
c [Main] Kill higher label pid 195.
c [Label = 195] Encoding starts with target value = 45:
c [Label = 195] Encoding duration: 2376ms.
c [Label = 195] Number of clauses: 1580671.
c [Label = 195] Number of variables: 228828.
c [Label = 195] Solving duration: 8952 ms.
s [Label = 195] SAT (w = 45).
c [Label = 195] Label assignment: 1 1 1 1 1 1 1 1 1 1 1 1 46 1 1 1 1 46 1 1 1 1 1 46 1 1 1 1 1 46 1 1 1 46 91 1 1 46 1 1 91 46 1 1 1 46 1 46 46 1 46 1 1 1 1 1 46 1 46 46 46 46 1 1 1 46 46 91 1 1 1 46 1 46 46 46 91 46 91 91 91 91 1 46 91 46 1 46 46 194 91 149 91 46 46 46 46 46 1 46 46 46 46 91 136 1 91 46 91 1 1 46 91 1 46 91 1 46 46 91 194 46 136 91 136 136 46 46 91 1 46 46 46 1 1 195 91 46 136 46 91 91 104 1 46 194 1 150 46 136 149 149 136 96 91 1 136 149 195 194 136 46 91 1 149 46 1 149 91 149 46 149 1 195 104 136 91 91 181 149 46 46 1 149 1 149 46 149 195 194 91 195 194 143 194 91 149 149 136 195 194 91 194 194 195 46 91 149 1 59 1 149 194 194 149 91 1 91 195 142 136 104 195 149 149 136 91 91 104 105 46 91 46 1 46 149 95 194 136 46 149 46 195 91 194 149 136 194 194 91 195 91 136 194 104 104 104 195 103 195 136 141 181 140 46 104 194 95 46 195 91 59 195 149 91 136 142 91 195 195 195 194 195 104 46 104 194 194 46 46 136 136 91 98 1 46 136 1 1 91 136 93 194 104 149 140 194 1 149 104 91 136 46 59 194 149 149 104 136 104 46 91 59 91 194 46 149 104 194 136 194 195 91 150 194 1 136 91 149 194 149 149 104 91 149 1 1 1 194 194 194 46 186 194 194 46 143 191 93 1 194 149 104 194 138 149 188 48 194 1 46 91 194 194 46 181 194 194 1 194 149 104 194 194 105 91 149 194 1 46 194 194 149 194 46 104 1 149 195 136 195 91 149 91 91 91 46 149 46 195 181 149 194 149 149 104 136 136 46 1 91 149 104 136 91 98 97 149 194 194 46 91 59 181 181 91 91 149 146 194 104 181 46 104 149 
c [Signal] Signal interruption. Caught signal: SIGTERM (15).
c [Label = 187] Minimize Makespan Labeling problem (P-can__445.mtx.rnd):
c [Label = 191] Encoding starts with target value = 45:
c [Label = 191] Encoding duration: 2294ms.
c [Label = 191] Number of clauses: 1544857.
c [Label = 191] Number of variables: 225268.
c [Label = 191] Solving duration: 8808 ms.
s [Label = 191] SAT (w = 45).
c [Label = 191] Label assignment: 1 1 1 1 1 1 1 1 1 1 1 1 46 1 1 1 1 46 1 1 1 1 1 46 1 1 1 1 1 46 1 1 1 46 91 1 1 46 1 1 91 46 1 1 1 46 1 46 46 1 46 1 1 1 1 1 46 1 46 46 46 46 1 1 1 46 46 91 1 1 1 46 1 46 46 46 91 46 91 91 91 91 1 46 91 46 1 46 46 190 91 145 91 46 46 46 46 46 1 46 46 46 46 91 136 1 91 46 91 1 1 46 91 1 46 91 1 46 46 91 190 46 136 91 136 136 46 46 91 1 46 46 46 1 1 191 91 46 136 46 91 91 100 1 46 190 1 146 46 136 145 145 136 96 91 1 136 145 191 190 136 46 91 1 145 46 1 145 91 145 46 145 1 191 100 136 91 91 181 145 46 46 1 145 1 145 46 145 191 190 91 191 190 143 190 91 145 145 136 191 190 91 190 190 191 46 91 145 1 55 1 145 190 190 145 91 1 91 191 142 136 100 191 145 145 136 91 91 100 101 46 91 46 1 46 145 95 190 136 46 145 46 191 91 190 145 136 190 190 91 191 91 136 190 100 100 100 191 100 191 136 141 181 140 46 100 190 95 46 191 91 55 191 145 91 136 142 91 191 191 191 190 191 100 46 100 190 190 46 46 136 136 91 98 1 46 136 1 1 91 136 93 190 100 145 140 190 1 145 100 91 136 46 55 190 145 145 100 136 100 46 91 55 91 190 46 145 100 190 136 190 191 91 146 190 1 136 91 145 190 145 145 100 91 145 1 1 1 190 190 190 46 186 190 190 46 143 190 93 1 190 145 100 190 138 145 188 48 190 1 46 91 190 190 46 181 190 190 1 190 145 100 190 190 101 91 145 190 1 46 190 190 145 190 46 100 1 145 191 136 191 91 145 91 91 91 46 145 46 191 181 145 190 145 145 100 136 136 46 1 91 145 100 136 91 98 97 145 190 190 46 91 55 181 181 91 91 145 145 190 100 181 46 100 145 
c [Main] Child pid 195 - 54012 terminated by signal 15.
c [Label = 186] Minimize Makespan Labeling problem (P-can__445.mtx.rnd):
c [Main] Lowest label SAT is set to 191.
c [Main] Kill higher label pid 192.
c [Main] Kill higher label pid 193.
c [Label = 192] Encoding starts with target value = 45:
c [Label = 192] Encoding duration: 2327ms.
c [Label = 192] Number of clauses: 1553811.
c [Label = 192] Number of variables: 226158.
c [Label = 192] Solving duration: 8890 ms.
s [Label = 192] SAT (w = 45).
c [Label = 192] Label assignment: 1 1 1 1 1 1 1 1 1 1 1 1 46 1 1 1 1 46 1 1 1 1 1 46 1 1 1 1 1 46 1 1 1 46 91 1 1 46 1 1 91 46 1 1 1 46 1 46 46 1 46 1 1 1 1 1 46 1 46 46 46 46 1 1 1 46 46 91 1 1 1 46 1 46 46 46 91 46 91 91 91 91 1 46 91 46 1 46 46 191 91 146 91 46 46 46 46 46 1 46 46 46 46 91 136 1 91 46 91 1 1 46 91 1 46 91 1 46 46 91 191 46 136 91 136 136 46 46 91 1 46 46 46 1 1 192 91 46 136 46 91 91 101 1 46 191 1 147 46 136 146 146 136 96 91 1 136 146 192 191 136 46 91 1 146 46 1 146 91 146 46 146 1 192 101 136 91 91 181 146 46 46 1 146 1 146 46 146 192 191 91 192 191 143 191 91 146 146 136 192 191 91 191 191 192 46 91 146 1 56 1 146 191 191 146 91 1 91 192 142 136 101 192 146 146 136 91 91 101 102 46 91 46 1 46 146 95 191 136 46 146 46 192 91 191 146 136 191 191 91 192 91 136 191 101 101 101 192 101 192 136 141 181 140 46 101 191 95 46 192 91 56 192 146 91 136 142 91 192 192 192 191 192 101 46 101 191 191 46 46 136 136 91 98 1 46 136 1 1 91 136 93 191 101 146 140 191 1 146 101 91 136 46 56 191 146 146 101 136 101 46 91 56 91 191 46 146 101 191 136 191 192 91 147 191 1 136 91 146 191 146 146 101 91 146 1 1 1 191 191 191 46 186 191 191 46 143 191 93 1 191 146 101 191 138 146 188 48 191 1 46 91 191 191 46 181 191 191 1 191 146 101 191 191 102 91 146 191 1 46 191 191 146 191 46 101 1 146 192 136 192 91 146 91 91 91 46 146 46 192 181 146 191 146 146 101 136 136 46 1 91 146 101 136 91 98 97 146 191 191 46 91 56 181 181 91 91 146 146 191 101 181 46 101 146 
c [Signal] Signal interruption. Caught signal: SIGTERM (15).
c [Label = 193] Encoding starts with target value = 45:
c [Label = 193] Encoding duration: 2378ms.
c [Label = 193] Number of clauses: 1562764.
c [Label = 193] Number of variables: 227048.
c [Label = 193] Solving duration: 8977 ms.
s [Label = 193] SAT (w = 45).
c [Label = 193] Label assignment: 1 1 1 1 1 1 1 1 1 1 1 1 46 1 1 1 1 46 1 1 1 1 1 46 1 1 1 1 1 46 1 1 1 46 91 1 1 46 1 1 91 46 1 1 1 46 1 46 46 1 46 1 1 1 1 1 46 1 46 46 46 46 1 1 1 46 46 91 1 1 1 46 1 46 46 46 91 46 91 91 91 91 1 46 91 46 1 46 46 192 91 147 91 46 46 46 46 46 1 46 46 46 46 91 136 1 91 46 91 1 1 46 91 1 46 91 1 46 46 91 192 46 136 91 136 136 46 46 91 1 46 46 46 1 1 193 91 46 136 46 91 91 102 1 46 192 1 148 46 136 147 147 136 96 91 1 136 147 193 192 136 46 91 1 147 46 1 147 91 147 46 147 1 193 102 136 91 91 181 147 46 46 1 147 1 147 46 147 193 192 91 193 192 143 192 91 147 147 136 193 192 91 192 192 193 46 91 147 1 57 1 147 192 192 147 91 1 91 193 142 136 102 193 147 147 136 91 91 102 103 46 91 46 1 46 147 95 192 136 46 147 46 193 91 192 147 136 192 192 91 193 91 136 192 102 102 102 193 102 193 136 141 181 140 46 102 192 95 46 193 91 57 193 147 91 136 142 91 193 193 193 192 193 102 46 102 192 192 46 46 136 136 91 98 1 46 136 1 1 91 136 93 192 102 147 140 192 1 147 102 91 136 46 57 192 147 147 102 136 102 46 91 57 91 192 46 147 102 192 136 192 193 91 148 192 1 136 91 147 192 147 147 102 91 147 1 1 1 192 192 192 46 186 192 192 46 143 191 93 1 192 147 102 192 138 147 188 48 192 1 46 91 192 192 46 181 192 192 1 192 147 102 192 192 103 91 147 192 1 46 192 192 147 192 46 102 1 147 193 136 193 91 147 91 91 91 46 147 46 193 181 147 192 147 147 102 136 136 46 1 91 147 102 136 91 98 97 147 192 192 46 91 57 181 181 91 91 147 146 192 102 181 46 102 147 
c [Signal] Signal interruption. Caught signal: SIGTERM (15).
c [Label = 185] Minimize Makespan Labeling problem (P-can__445.mtx.rnd):
c [Main] Child pid 193 - 54014 terminated by signal 15.
c [Main] Child pid 192 - 54015 terminated by signal 15.
c [Label = 183] Minimize Makespan Labeling problem (P-can__445.mtx.rnd):
c [Label = 184] Minimize Makespan Labeling problem (P-can__445.mtx.rnd):
c [Label = 190] Encoding starts with target value = 45:
c [Label = 190] Encoding duration: 2190ms.
c [Label = 190] Number of clauses: 1535904.
c [Label = 190] Number of variables: 224378.
c [Label = 190] Solving duration: 8856 ms.
s [Label = 190] SAT (w = 45).
c [Label = 190] Label assignment: 1 1 1 1 1 1 1 1 1 1 1 1 46 1 1 1 1 46 1 1 1 1 1 46 1 1 1 1 1 46 1 1 1 46 91 1 1 46 1 1 91 46 1 1 1 46 1 46 46 1 46 1 1 1 1 1 46 1 46 46 46 46 1 1 1 46 46 91 1 1 1 46 1 46 46 46 91 46 91 91 91 91 1 46 91 46 1 46 46 189 91 144 91 46 46 46 46 46 1 46 46 46 46 91 136 1 91 46 91 1 1 46 91 1 46 91 1 46 46 91 189 46 136 91 136 136 46 46 91 1 46 46 46 1 1 190 91 46 136 46 91 91 99 1 46 189 1 145 46 136 144 144 136 96 91 1 136 144 190 189 136 46 91 1 144 46 1 144 91 144 46 144 1 190 99 136 91 91 181 144 46 46 1 144 1 144 46 144 190 189 91 190 189 143 189 91 144 144 136 190 189 91 189 189 190 46 91 144 1 54 1 144 189 189 144 91 1 91 190 142 136 99 190 144 144 136 91 91 99 100 46 91 46 1 46 144 95 189 136 46 144 46 190 91 189 144 136 189 189 91 190 91 136 189 99 99 99 190 99 190 136 141 181 140 46 99 189 95 46 190 91 54 190 144 91 136 142 91 190 190 190 189 190 99 46 99 189 189 46 46 136 136 91 98 1 46 136 1 1 91 136 93 189 99 144 140 189 1 144 99 91 136 46 54 189 144 144 99 136 99 46 91 54 91 189 46 144 99 189 136 189 190 91 145 189 1 136 91 144 189 144 144 99 91 144 1 1 1 189 189 189 46 186 189 189 46 143 189 93 1 189 144 99 189 138 144 188 48 189 1 46 91 189 189 46 181 189 189 1 189 144 99 189 189 100 91 144 189 1 46 189 189 144 189 46 99 1 144 190 136 190 91 144 91 91 91 46 144 46 190 181 144 189 144 144 99 136 136 46 1 91 144 99 136 91 98 97 144 189 189 46 91 54 181 181 91 91 144 144 189 99 181 46 99 144 
c [Label = 189] Encoding starts with target value = 45:
c [Label = 189] Encoding duration: 2194ms.
c [Label = 189] Number of clauses: 1526950.
c [Label = 189] Number of variables: 223488.
c [Label = 189] Solving duration: 8675 ms.
s [Label = 189] SAT (w = 45).
c [Label = 189] Label assignment: 1 1 1 1 1 1 1 1 1 1 1 1 46 1 1 1 1 46 1 1 1 1 1 46 1 1 1 1 1 46 1 1 1 46 91 1 1 46 1 1 91 46 1 1 1 46 1 46 46 1 46 1 1 1 1 1 46 1 46 46 46 46 1 1 1 46 46 91 1 1 1 46 1 46 46 46 91 46 91 91 91 91 1 46 91 46 1 46 46 188 91 143 91 46 46 46 46 46 1 46 46 46 46 91 136 1 91 46 91 1 1 46 91 1 46 91 1 46 46 91 188 46 136 91 136 136 46 46 91 1 46 46 46 1 1 189 91 46 136 46 91 91 98 1 46 188 1 144 46 136 143 143 136 96 91 1 136 143 189 188 136 46 91 1 143 46 1 143 91 143 46 143 1 189 98 136 91 91 181 143 46 46 1 143 1 143 46 143 189 188 91 189 188 143 188 91 143 143 136 189 188 91 188 188 189 46 91 143 1 53 1 143 188 188 143 91 1 91 189 142 136 98 189 143 143 136 91 91 98 99 46 91 46 1 46 143 95 188 136 46 143 46 189 91 188 143 136 188 188 91 189 91 136 188 98 98 98 189 98 189 136 141 181 140 46 98 188 95 46 189 91 53 189 143 91 136 142 91 189 189 189 188 189 98 46 98 188 188 46 46 136 136 91 98 1 46 136 1 1 91 136 93 188 98 143 140 188 1 143 98 91 136 46 53 188 143 143 98 136 98 46 91 53 91 188 46 143 98 188 136 188 189 91 144 188 1 136 91 143 188 143 143 98 91 143 1 1 1 188 188 188 46 186 188 188 46 143 188 93 1 188 143 98 188 138 143 188 48 188 1 46 91 188 188 46 181 188 188 1 188 143 98 188 188 99 91 143 188 1 46 188 188 143 188 46 98 1 143 189 136 189 91 143 91 91 91 46 143 46 189 181 143 188 143 143 98 136 136 46 1 91 143 98 136 91 98 97 143 188 188 46 91 53 181 181 91 91 143 143 188 98 181 46 98 143 
c [Main] Lowest label SAT is set to 190.
c [Label = 182] Minimize Makespan Labeling problem (P-can__445.mtx.rnd):
c [Main] Lowest label SAT is set to 189.
c [Label = 181] Minimize Makespan Labeling problem (P-can__445.mtx.rnd):
c [Label = 188] Encoding starts with target value = 45:
c [Label = 188] Encoding duration: 2182ms.
c [Label = 188] Number of clauses: 1517997.
c [Label = 188] Number of variables: 222598.
c [Label = 188] Solving duration: 8905 ms.
s [Label = 188] SAT (w = 45).
c [Label = 188] Label assignment: 1 1 1 1 1 1 1 1 1 1 1 1 46 1 1 1 1 46 1 1 1 1 1 46 1 1 1 1 1 46 1 1 1 46 91 1 1 46 1 1 91 46 1 1 1 46 1 46 46 1 46 1 1 1 1 1 46 1 46 46 46 46 1 1 1 46 46 91 1 1 1 46 1 46 46 46 91 46 91 91 91 91 1 46 91 46 1 46 46 187 91 142 91 46 46 46 46 46 1 46 46 46 46 91 136 1 91 46 91 1 1 46 91 1 46 91 1 46 46 91 187 46 136 91 136 136 46 46 91 1 46 46 46 1 1 188 91 46 136 46 91 91 97 1 46 187 1 143 46 136 142 142 136 96 91 1 136 142 188 187 136 46 91 1 142 46 1 142 91 142 46 142 1 188 97 136 91 91 181 142 46 46 1 142 1 142 46 142 188 187 91 188 187 142 187 91 142 142 136 188 187 91 187 187 188 46 91 142 1 52 1 142 187 187 142 91 1 91 188 142 136 97 188 142 142 136 91 91 97 98 46 91 46 1 46 142 95 187 136 46 142 46 188 91 187 142 136 187 187 91 188 91 136 187 97 97 97 188 97 188 136 141 181 140 46 97 187 95 46 188 91 52 188 142 91 136 142 91 188 188 188 187 188 97 46 97 187 187 46 46 136 136 91 97 1 46 136 1 1 91 136 93 187 97 142 140 187 1 142 97 91 136 46 52 187 142 142 97 136 97 46 91 52 91 187 46 142 97 187 136 187 188 91 143 187 1 136 91 142 187 142 142 97 91 142 1 1 1 187 187 187 46 186 187 187 46 142 187 93 1 187 142 97 187 138 142 187 48 187 1 46 91 187 187 46 181 187 187 1 187 142 97 187 187 98 91 142 187 1 46 187 187 142 187 46 97 1 142 188 136 188 91 142 91 91 91 46 142 46 188 181 142 187 142 142 97 136 136 46 1 91 142 97 136 91 97 97 142 187 187 46 91 52 181 181 91 91 142 142 187 97 181 46 97 142 
c [Main] Lowest label SAT is set to 188.
c [Label = 180] Minimize Makespan Labeling problem (P-can__445.mtx.rnd):
c [Label = 185] Encoding starts with target value = 45:
c [Label = 185] Encoding duration: 2158ms.
c [Label = 185] Number of clauses: 1491136.
c [Label = 185] Number of variables: 219928.
c [Label = 185] Solving duration: 8608 ms.
s [Label = 185] SAT (w = 45).
c [Label = 185] Label assignment: 1 1 1 1 1 1 1 1 1 1 1 1 46 1 1 1 1 46 1 1 1 1 1 46 1 1 1 1 1 46 1 1 1 46 91 1 1 46 1 1 91 46 1 1 1 46 1 46 46 1 46 1 1 1 1 1 46 1 46 46 46 46 1 1 1 46 46 91 1 1 1 46 1 46 46 46 91 46 91 91 91 91 1 46 91 46 1 46 46 184 91 139 91 46 46 46 46 46 1 46 46 46 46 91 136 1 91 46 91 1 1 46 91 1 46 91 1 46 46 91 184 46 136 91 136 136 46 46 91 1 46 46 46 1 1 185 91 46 136 46 91 91 94 1 46 184 1 140 46 136 139 139 136 94 91 1 136 139 185 184 136 46 91 1 139 46 1 139 91 139 46 139 1 185 94 136 91 91 181 139 46 46 1 139 1 139 46 139 185 184 91 185 184 139 184 91 139 139 136 185 184 91 184 184 185 46 91 139 1 49 1 139 184 184 139 91 1 91 185 139 136 94 185 139 139 136 91 91 94 95 46 91 46 1 46 139 94 184 136 46 139 46 185 91 184 139 136 184 184 91 185 91 136 184 94 94 94 185 94 185 136 139 181 139 46 94 184 94 46 185 91 49 185 139 91 136 139 91 185 185 185 184 185 94 46 94 184 184 46 46 136 136 91 94 1 46 136 1 1 91 136 93 184 94 139 139 184 1 139 94 91 136 46 49 184 139 139 94 136 94 46 91 49 91 184 46 139 94 184 136 184 185 91 140 184 1 136 91 139 184 139 139 94 91 139 1 1 1 184 184 184 46 184 184 184 46 139 184 93 1 184 139 94 184 138 139 184 48 184 1 46 91 184 184 46 181 184 184 1 184 139 94 184 184 95 91 139 184 1 46 184 184 139 184 46 94 1 139 185 136 185 91 139 91 91 91 46 139 46 185 181 139 184 139 139 94 136 136 46 1 91 139 94 136 91 94 94 139 184 184 46 91 49 181 181 91 91 139 139 184 94 181 46 94 139 
c [Label = 187] Encoding starts with target value = 45:
c [Label = 187] Encoding duration: 2206ms.
c [Label = 187] Number of clauses: 1509043.
c [Label = 187] Number of variables: 221708.
c [Label = 187] Solving duration: 8629 ms.
s [Label = 187] SAT (w = 45).
c [Label = 187] Label assignment: 1 1 1 1 1 1 1 1 1 1 1 1 46 1 1 1 1 46 1 1 1 1 1 46 1 1 1 1 1 46 1 1 1 46 91 1 1 46 1 1 91 46 1 1 1 46 1 46 46 1 46 1 1 1 1 1 46 1 46 46 46 46 1 1 1 46 46 91 1 1 1 46 1 46 46 46 91 46 91 91 91 91 1 46 91 46 1 46 46 186 91 141 91 46 46 46 46 46 1 46 46 46 46 91 136 1 91 46 91 1 1 46 91 1 46 91 1 46 46 91 186 46 136 91 136 136 46 46 91 1 46 46 46 1 1 187 91 46 136 46 91 91 96 1 46 186 1 142 46 136 141 141 136 96 91 1 136 141 187 186 136 46 91 1 141 46 1 141 91 141 46 141 1 187 96 136 91 91 181 141 46 46 1 141 1 141 46 141 187 186 91 187 186 141 186 91 141 141 136 187 186 91 186 186 187 46 91 141 1 51 1 141 186 186 141 91 1 91 187 141 136 96 187 141 141 136 91 91 96 97 46 91 46 1 46 141 95 186 136 46 141 46 187 91 186 141 136 186 186 91 187 91 136 186 96 96 96 187 96 187 136 141 181 140 46 96 186 95 46 187 91 51 187 141 91 136 141 91 187 187 187 186 187 96 46 96 186 186 46 46 136 136 91 96 1 46 136 1 1 91 136 93 186 96 141 140 186 1 141 96 91 136 46 51 186 141 141 96 136 96 46 91 51 91 186 46 141 96 186 136 186 187 91 142 186 1 136 91 141 186 141 141 96 91 141 1 1 1 186 186 186 46 186 186 186 46 141 186 93 1 186 141 96 186 138 141 186 48 186 1 46 91 186 186 46 181 186 186 1 186 141 96 186 186 97 91 141 186 1 46 186 186 141 186 46 96 1 141 187 136 187 91 141 91 91 91 46 141 46 187 181 141 186 141 141 96 136 136 46 1 91 141 96 136 91 96 96 141 186 186 46 91 51 181 181 91 91 141 141 186 96 181 46 96 141 
c [Main] Lowest label SAT is set to 185.
c [Main] Kill higher label pid 186.
c [Main] Kill higher label pid 187.
c [Label = 186] Encoding starts with target value = 45:
c [Label = 186] Encoding duration: 2200ms.
c [Label = 186] Number of clauses: 1500090.
c [Label = 186] Number of variables: 220818.
c [Signal] Signal interruption. Caught signal: SIGTERM (15).
c [Label = 179] Minimize Makespan Labeling problem (P-can__445.mtx.rnd):
c [Label = 178] Minimize Makespan Labeling problem (P-can__445.mtx.rnd):
c [Main] Child pid 186 - 54025 terminated by signal 15.
c [Label = 177] Minimize Makespan Labeling problem (P-can__445.mtx.rnd):
c [Label = 183] Encoding starts with target value = 45:
c [Label = 183] Encoding duration: 2226ms.
c [Label = 183] Number of clauses: 1473229.
c [Label = 183] Number of variables: 218148.
c [Label = 183] Solving duration: 8627 ms.
s [Label = 183] SAT (w = 45).
c [Label = 183] Label assignment: 1 1 1 1 1 1 1 1 1 1 1 1 46 1 1 1 1 46 1 1 1 1 1 46 1 1 1 1 1 46 1 1 1 46 91 1 1 46 1 1 91 46 1 1 1 46 1 46 46 1 46 1 1 1 1 1 46 1 46 46 46 46 1 1 1 46 46 91 1 1 1 46 1 46 46 46 91 46 91 91 91 91 1 46 91 46 1 46 46 182 91 137 91 46 46 46 46 46 1 46 46 46 46 91 136 1 91 46 91 1 1 46 91 1 46 91 1 46 46 91 182 46 136 91 136 136 46 46 91 1 46 46 46 1 1 183 91 46 136 46 91 91 92 1 46 182 1 138 46 136 137 137 136 92 91 1 136 137 183 182 136 46 91 1 137 46 1 137 91 137 46 137 1 183 92 136 91 91 181 137 46 46 1 137 1 137 46 137 183 182 91 183 182 137 182 91 137 137 136 183 182 91 182 182 183 46 91 137 1 47 1 137 182 182 137 91 1 91 183 137 136 92 183 137 137 136 91 91 92 93 46 91 46 1 46 137 92 182 136 46 137 46 183 91 182 137 136 182 182 91 183 91 136 182 92 92 92 183 92 183 136 137 181 137 46 92 182 92 46 183 91 47 183 137 91 136 137 91 183 183 183 182 183 92 46 92 182 182 46 46 136 136 91 92 1 46 136 1 1 91 136 92 182 92 137 137 182 1 137 92 91 136 46 47 182 137 137 92 136 92 46 91 47 91 182 46 137 92 182 136 182 183 91 138 182 1 136 91 137 182 137 137 92 91 137 1 1 1 182 182 182 46 182 182 182 46 137 182 92 1 182 137 92 182 137 137 182 47 182 1 46 91 182 182 46 181 182 182 1 182 137 92 182 182 93 91 137 182 1 46 182 182 137 182 46 92 1 137 183 136 183 91 137 91 91 91 46 137 46 183 181 137 182 137 137 92 136 136 46 1 91 137 92 136 91 92 92 137 182 182 46 91 47 181 181 91 91 137 137 182 92 181 46 92 137 
c [Main] Lowest label SAT is set to 183.
c [Main] Kill higher label pid 184.
c [Label = 184] Encoding starts with target value = 45:
c [Label = 184] Encoding duration: 2256ms.
c [Label = 184] Number of clauses: 1482183.
c [Label = 184] Number of variables: 219038.
c [Label = 184] Solving duration: 8672 ms.
s [Label = 184] SAT (w = 45).
c [Label = 184] Label assignment: 1 1 1 1 1 1 1 1 1 1 1 1 46 1 1 1 1 46 1 1 1 1 1 46 1 1 1 1 1 46 1 1 1 46 91 1 1 46 1 1 91 46 1 1 1 46 1 46 46 1 46 1 1 1 1 1 46 1 46 46 46 46 1 1 1 46 46 91 1 1 1 46 1 46 46 46 91 46 91 91 91 91 1 46 91 46 1 46 46 183 91 138 91 46 46 46 46 46 1 46 46 46 46 91 136 1 91 46 91 1 1 46 91 1 46 91 1 46 46 91 183 46 136 91 136 136 46 46 91 1 46 46 46 1 1 184 91 46 136 46 91 91 93 1 46 183 1 139 46 136 138 138 136 93 91 1 136 138 184 183 136 46 91 1 138 46 1 138 91 138 46 138 1 184 93 136 91 91 181 138 46 46 1 138 1 138 46 138 184 183 91 184 183 138 183 91 138 138 136 184 183 91 183 183 184 46 91 138 1 48 1 138 183 183 138 91 1 91 184 138 136 93 184 138 138 136 91 91 93 94 46 91 46 1 46 138 93 183 136 46 138 46 184 91 183 138 136 183 183 91 184 91 136 183 93 93 93 184 93 184 136 138 181 138 46 93 183 93 46 184 91 48 184 138 91 136 138 91 184 184 184 183 184 93 46 93 183 183 46 46 136 136 91 93 1 46 136 1 1 91 136 93 183 93 138 138 183 1 138 93 91 136 46 48 183 138 138 93 136 93 46 91 48 91 183 46 138 93 183 136 183 184 91 139 183 1 136 91 138 183 138 138 93 91 138 1 1 1 183 183 183 46 183 183 183 46 138 183 93 1 183 138 93 183 138 138 183 48 183 1 46 91 183 183 46 181 183 183 1 183 138 93 183 183 94 91 138 183 1 46 183 183 138 183 46 93 1 138 184 136 184 91 138 91 91 91 46 138 46 184 181 138 183 138 138 93 136 136 46 1 91 138 93 136 91 93 93 138 183 183 46 91 48 181 181 91 91 138 138 183 93 181 46 93 138 
c [Signal] Signal interruption. Caught signal: SIGTERM (15).
c [Label = 176] Minimize Makespan Labeling problem (P-can__445.mtx.rnd):
c [Main] Child pid 184 - 54027 terminated by signal 15.
c [Label = 175] Minimize Makespan Labeling problem (P-can__445.mtx.rnd):
c [Label = 180] Encoding starts with target value = 45:
c [Label = 180] Encoding duration: 2036ms.
c [Label = 180] Number of clauses: 1387629.
c [Label = 180] Number of variables: 196788.
c [Label = 180] Solving duration: 5922 ms.
s [Label = 180] UNSAT (w = 45).
c [Label = 175] Encoding starts with target value = 45:
c [Label = 175] Encoding duration: 1994ms.
c [Label = 175] Number of clauses: 1348352.
c [Label = 175] Number of variables: 192338.
c [Signal] Signal interruption. Caught signal: SIGTERM (15).
c [Label = 176] Encoding starts with target value = 45:
c [Label = 176] Encoding duration: 2026ms.
c [Label = 176] Number of clauses: 1357306.
c [Label = 176] Number of variables: 193228.
c [Signal] Signal interruption. Caught signal: SIGTERM (15).
c [Main] Highest label UNSAT is set to 180
c [Main] Kill lower label pid 175.
c [Main] Kill lower label pid 176.
c [Main] Kill lower label pid 177.
c [Main] Kill lower label pid 178.
c [Main] Kill lower label pid 179.
c [Label = 177] Encoding starts with target value = 45:
c [Label = 177] Encoding duration: 2005ms.
c [Label = 177] Number of clauses: 1366259.
c [Label = 177] Number of variables: 194118.
c [Signal] Signal interruption. Caught signal: SIGTERM (15).
c [Label = 178] Encoding starts with target value = 45:
c [Label = 178] Encoding duration: 2021ms.
c [Label = 178] Number of clauses: 1375213.
c [Label = 178] Number of variables: 195008.
c [Signal] Signal interruption. Caught signal: SIGTERM (15).
c [Label = 179] Encoding starts with target value = 45:
c [Label = 179] Encoding duration: 2037ms.
c [Label = 179] Number of clauses: 1384166.
c [Label = 179] Number of variables: 195898.
c [Signal] Signal interruption. Caught signal: SIGTERM (15).
c [Main] Child pid 179 - 54034 terminated by signal 15.
c [Main] Child pid 175 - 54038 terminated by signal 15.
c [Main] Child pid 176 - 54037 terminated by signal 15.
c [Main] Child pid 178 - 54035 terminated by signal 15.
c [Main] Child pid 177 - 54036 terminated by signal 15.
c [Label = 181] Encoding starts with target value = 45:
c [Label = 181] Encoding duration: 2167ms.
c [Label = 181] Number of clauses: 1455322.
c [Label = 181] Number of variables: 216368.
c [Label = 181] Solving duration: 7863 ms.
s [Label = 181] SAT (w = 45).
c [Label = 181] Label assignment: 1 1 1 1 1 1 1 1 1 1 1 1 46 1 1 1 1 46 1 1 1 1 1 46 1 1 1 1 1 46 1 1 1 46 91 1 1 46 1 1 91 46 1 1 1 46 1 46 46 1 46 1 1 1 1 1 46 1 46 46 46 46 1 1 1 46 46 91 1 1 1 46 1 46 46 46 91 46 91 91 91 91 1 46 91 46 1 46 46 136 91 136 91 46 46 46 46 46 1 46 46 46 46 91 136 1 91 46 91 1 1 46 91 1 46 91 1 46 46 91 181 46 136 91 136 136 46 46 91 1 46 136 46 1 1 181 91 46 136 46 181 91 46 46 181 136 1 136 46 181 46 181 136 91 46 91 136 136 181 181 181 46 91 1 91 46 1 91 91 46 91 136 91 181 91 181 91 91 180 136 181 46 1 136 1 136 46 46 181 181 91 181 181 136 181 91 181 136 46 46 136 91 136 181 181 46 91 181 1 91 46 136 181 181 136 91 136 91 181 136 136 91 136 1 181 181 91 91 91 91 46 91 181 1 46 181 91 181 181 46 136 46 181 91 181 46 136 181 181 91 91 91 136 181 91 136 91 181 136 136 181 136 181 136 46 91 136 136 181 181 91 91 136 181 91 136 136 91 181 181 91 136 91 91 46 1 181 181 46 181 136 136 136 91 1 1 136 1 1 91 136 91 181 181 91 181 181 1 91 91 136 136 46 46 136 136 181 181 136 46 46 91 46 181 136 46 181 136 136 136 136 1 91 136 91 181 46 91 181 91 136 91 91 91 136 1 1 1 181 136 91 46 181 136 136 136 46 136 91 1 136 136 91 181 181 181 181 46 136 1 1 181 181 181 46 136 181 181 136 181 136 181 91 181 91 91 136 136 1 46 181 136 181 136 46 136 1 46 136 181 181 181 136 91 1 46 136 181 46 136 136 136 91 91 136 1 136 91 46 1 91 181 136 136 91 136 181 46 181 181 46 91 181 181 136 91 181 91 46 136 91 136 46 91 181 
c [Main] Lowest label SAT is set to 181.
c [Main] Kill higher label pid 182.
c [Label = 182] Encoding starts with target value = 45:
c [Label = 182] Encoding duration: 2216ms.
c [Label = 182] Number of clauses: 1464276.
c [Label = 182] Number of variables: 217258.
c [Label = 182] Solving duration: 7910 ms.
s [Label = 182] SAT (w = 45).
c [Label = 182] Label assignment: 1 1 1 1 1 1 1 1 1 1 1 1 46 1 1 1 1 46 1 1 1 1 1 46 1 1 1 1 1 46 1 1 1 46 91 1 1 46 1 1 91 46 1 1 1 46 1 46 46 1 46 1 1 1 1 1 46 1 46 46 46 46 1 1 1 46 46 91 1 1 1 46 1 46 46 46 91 46 91 91 91 91 1 46 91 46 1 46 46 182 91 137 91 46 46 46 46 46 1 46 46 46 46 91 136 1 91 46 91 1 1 46 91 1 46 91 1 46 46 91 92 46 136 91 136 136 46 46 91 1 46 46 46 1 1 181 91 46 136 46 91 91 92 1 46 182 1 137 46 136 137 137 136 92 91 1 136 137 92 182 136 46 91 1 91 46 1 137 91 137 46 91 92 182 92 136 91 91 181 137 46 46 1 137 1 137 46 46 181 182 91 181 182 137 182 91 137 137 136 181 182 91 182 182 181 46 91 137 1 47 1 137 182 182 137 91 1 91 182 137 136 92 182 137 137 136 91 91 92 92 46 91 46 1 46 137 91 91 136 46 182 46 181 91 182 137 136 182 182 91 181 91 136 182 137 182 92 181 92 181 136 137 182 137 46 92 137 182 46 182 91 47 181 137 91 136 137 91 181 181 182 182 181 46 46 92 182 46 46 46 136 136 91 92 1 46 136 1 1 91 136 92 182 182 137 136 182 1 137 92 91 136 46 182 182 137 137 92 136 92 46 91 47 91 182 46 137 91 182 136 182 182 91 136 92 1 46 91 137 182 137 137 91 91 137 1 1 1 182 182 182 46 182 182 182 137 137 182 92 1 182 137 92 182 137 137 182 47 182 1 1 91 182 182 46 182 182 182 1 182 137 182 182 182 92 91 136 182 1 46 182 182 137 182 46 92 1 137 136 136 182 91 137 91 91 91 46 137 46 182 181 137 91 136 137 92 136 136 46 1 91 137 92 136 91 91 92 137 182 182 46 91 47 181 181 91 91 137 137 182 92 181 46 92 137 
c [Signal] Signal interruption. Caught signal: SIGTERM (15).
c [Main] Child pid 182 - 54031 terminated by signal 15.
c [Signal] Signal interruption. Caught signal: SIGTERM (15).
c [Main] All children have completed.
r [Main] 
r [Main] Final results: 
r [Main] Lowest label SAT:  	181.
r [Main] Highest label UNSAT:	180.
r [Main] Total real time: 63988 ms.
r [Main] Total memory consumed: 4264 MB.
r [Main] 
