c [Version] Minimize Makespan Labeling Encoder version 1.0.0.
c [Param] Target value is set to 113.
c [Param] LB is predefined as 114.
c [Param] UB is predefined as 247.
c [Param] Target value is set to Antibandwidth.
c [Param] Vertices mode is set to Has hole.
c [Param] Result verification is ON.
c [Param] Memory limit is set to 30000.
c [Param] Real time limit is set to 1800.
c [Param] Worker count is set to 8.
c [Param] Max CNF size is set to 10.
c [Main] Search strategy: Iterating from upper bound.
c [Main] Search order: 247 246 245 244 243 242 241 240 239 238 237 236 235 234 233 232 231 230 229 228 227 226 225 224 223 222 221 220 219 218 217 216 215 214 213 212 211 210 209 208 207 206 205 204 203 202 201 200 199 198 197 196 195 194 193 192 191 190 189 188 187 186 185 184 183 182 181 180 179 178 177 176 175 174 173 172 171 170 169 168 167 166 165 164 163 162 161 160 159 158 157 156 155 154 153 152 151 150 149 148 147 146 145 144 143 142 141 140 139 138 137 136 135 134 133 132 131 130 129 128 127 126 125 124 123 122 121 120 119 118 117 116 115 114.
c [Main] Encoding and solving for graph: Q-494_bus.mtx.rnd.
c [Label = 246] Minimize Makespan Labeling problem (Q-494_bus.mtx.rnd):
c [Label = 247] Minimize Makespan Labeling problem (Q-494_bus.mtx.rnd):
c [Label = 245] Minimize Makespan Labeling problem (Q-494_bus.mtx.rnd):
c [Label = 244] Minimize Makespan Labeling problem (Q-494_bus.mtx.rnd):
c [Label = 243] Minimize Makespan Labeling problem (Q-494_bus.mtx.rnd):
c [Label = 242] Minimize Makespan Labeling problem (Q-494_bus.mtx.rnd):
c [Label = 241] Minimize Makespan Labeling problem (Q-494_bus.mtx.rnd):
c [Label = 240] Minimize Makespan Labeling problem (Q-494_bus.mtx.rnd):
c [Label = 240] Encoding starts with target value = 113:
c [Label = 240] Encoding duration: 1753ms.
c [Label = 240] Number of clauses: 995262.
c [Label = 240] Number of variables: 290580.
c [Label = 240] Solving duration: 70 ms.
s [Label = 240] SAT (w = 113).
c [Label = 240] Label assignment: 240 240 240 240 240 240 240 240 240 240 240 240 240 240 240 127 240 127 240 240 240 240 240 127 240 127 240 240 240 240 240 240 240 240 240 240 127 240 240 240 240 127 127 240 240 240 240 127 240 14 240 127 240 240 240 240 240 240 240 240 127 240 240 240 240 240 240 240 240 240 240 240 240 240 240 240 127 240 240 240 127 240 240 240 240 240 240 127 127 240 14 127 127 240 240 240 127 240 127 14 127 240 240 240 127 240 127 240 14 240 240 240 127 240 14 127 240 127 127 127 240 127 127 127 240 127 240 240 240 240 240 240 240 240 14 127 240 127 127 240 240 240 14 240 240 240 240 127 127 240 240 240 127 127 127 127 240 240 14 240 240 240 127 240 240 240 127 240 240 127 240 240 240 127 127 127 240 127 127 240 240 240 240 240 240 240 240 240 240 127 240 14 240 127 240 127 240 240 240 240 127 14 240 127 240 127 240 240 127 127 14 14 240 240 14 240 240 127 127 127 240 127 127 127 127 127 240 14 127 240 127 14 240 240 240 240 14 127 240 14 240 240 240 240 14 127 127 240 240 14 127 14 14 14 127 14 127 127 127 240 127 240 14 240 240 127 240 240 240 14 240 240 240 240 127 240 127 127 240 127 127 240 240 127 14 127 240 127 240 127 14 240 127 240 240 240 240 14 127 14 127 127 127 240 127 240 240 240 240 127 14 127 240 14 127 127 14 240 127 14 127 127 127 127 240 127 127 127 127 127 14 127 240 240 127 240 240 127 14 240 127 240 127 240 127 14 14 240 14 14 240 127 14 14 127 127 127 127 127 127 240 14 127 127 127 127 240 240 127 127 240 14 127 14 240 127 127 240 127 127 127 14 14 127 240 240 14 14 127 127 240 240 14 240 127 240 240 127 240 240 127 240 14 14 127 240 240 14 127 240 240 240 127 127 240 127 14 127 240 127 240 127 127 240 14 240 127 240 240 127 240 240 127 14 127 14 240 240 14 240 14 14 127 127 240 127 127 14 127 127 14 240 240 127 240 127 14 14 127 240 127 240 127 240 14 127 240 14 127 127 127 127 127 14 127 14 14 240 240 127 127 127 14 14 127 240 127 240 127 240 14 127 1 240 
c [Label = 242] Encoding starts with target value = 113:
c [Label = 242] Encoding duration: 1784ms.
c [Label = 242] Number of clauses: 1004891.
c [Label = 242] Number of variables: 292556.
c [Label = 242] Solving duration: 72 ms.
s [Label = 242] SAT (w = 113).
c [Label = 242] Label assignment: 242 242 242 242 242 242 242 242 242 242 242 242 242 242 242 129 242 129 242 242 242 242 242 129 242 129 242 242 242 242 242 242 242 242 242 242 129 242 242 242 242 129 129 242 242 242 242 129 242 16 242 129 242 242 242 242 242 242 242 242 129 242 242 242 242 242 242 242 242 242 242 242 242 242 242 242 129 242 242 242 129 242 242 242 242 242 242 129 129 242 16 129 129 242 242 242 129 242 129 16 129 242 242 242 129 242 129 242 16 242 242 242 129 242 16 129 242 129 129 129 242 129 129 129 242 129 242 242 242 242 242 242 242 242 16 129 242 129 129 242 242 242 16 242 242 242 242 129 129 242 242 242 129 129 129 129 242 242 16 242 242 242 129 242 242 242 129 242 242 129 242 242 242 129 129 129 242 129 129 242 242 242 242 242 242 242 242 242 242 129 242 16 242 129 242 129 242 242 242 242 129 16 242 129 242 129 242 242 129 129 16 16 242 242 16 242 242 129 129 129 242 129 129 129 129 129 242 16 129 242 129 16 242 242 242 242 16 129 242 16 242 242 242 242 16 129 129 242 242 16 129 16 16 16 129 16 129 129 129 242 129 242 16 242 242 129 242 242 242 16 242 242 242 242 129 242 129 129 242 129 129 242 242 129 16 129 242 129 242 129 16 242 129 242 242 242 242 16 129 16 129 129 129 242 129 242 242 242 242 129 16 129 242 16 129 129 16 242 129 16 129 129 129 129 242 129 129 129 129 129 16 129 242 242 129 242 242 129 16 242 129 242 129 242 129 16 16 242 16 16 242 129 16 16 129 129 129 129 129 129 242 16 129 129 129 129 242 242 129 129 242 16 129 16 242 129 129 242 129 129 129 16 16 129 242 242 16 16 129 129 242 242 16 242 129 242 242 129 242 242 129 242 16 16 129 242 242 16 129 242 242 242 129 129 242 129 16 129 242 129 242 129 129 242 16 242 129 242 242 129 242 242 129 16 129 16 242 242 16 242 16 16 129 129 242 129 129 16 129 129 16 242 242 129 242 129 16 16 129 242 129 242 129 242 16 129 242 16 129 129 129 129 129 16 129 16 16 242 242 129 129 129 16 16 129 242 129 242 129 242 16 129 1 242 
c [Signal] Signal interruption. Caught signal: SIGTERM (15).
c [Label = 243] Encoding starts with target value = 113:
c [Label = 243] Encoding duration: 1818ms.
c [Label = 243] Number of clauses: 1009705.
c [Label = 243] Number of variables: 293544.
c [Label = 243] Solving duration: 74 ms.
s [Label = 243] SAT (w = 113).
c [Label = 243] Label assignment: 243 243 243 243 243 243 243 243 243 243 243 243 243 243 243 130 243 130 243 243 243 243 243 130 243 130 243 243 243 243 243 243 243 243 243 243 130 243 243 243 243 130 130 243 243 243 243 130 243 17 243 130 243 243 243 243 243 243 243 243 130 243 243 243 243 243 243 243 243 243 243 243 243 243 243 243 130 243 243 243 130 243 243 243 243 243 243 130 130 243 17 130 130 243 243 243 130 243 130 17 130 243 243 243 130 243 130 243 17 243 243 243 130 243 17 130 243 130 130 130 243 130 130 130 243 130 243 243 243 243 243 243 243 243 17 130 243 130 130 243 243 243 17 243 243 243 243 130 130 243 243 243 130 130 130 130 243 243 17 243 243 243 130 243 243 243 130 243 243 130 243 243 243 130 130 130 243 130 130 243 243 243 243 243 243 243 243 243 243 130 243 17 243 130 243 130 243 243 243 243 130 17 243 130 243 130 243 243 130 130 17 17 243 243 17 243 243 130 130 130 243 130 130 130 130 130 243 17 130 243 130 17 243 243 243 243 17 130 243 17 243 243 243 243 17 130 130 243 243 17 130 17 17 17 130 17 130 130 130 243 130 243 17 243 243 130 243 243 243 17 243 243 243 243 130 243 130 130 243 130 130 243 243 130 17 130 243 130 243 130 17 243 130 243 243 243 243 17 130 17 130 130 130 243 130 243 243 243 243 130 17 130 243 17 130 130 17 243 130 17 130 130 130 130 243 130 130 130 130 130 17 130 243 243 130 243 243 130 17 243 130 243 130 243 130 17 17 243 17 17 243 130 17 17 130 130 130 130 130 130 243 17 130 130 130 130 243 243 130 130 243 17 130 17 243 130 130 243 130 130 130 17 17 130 243 243 17 17 130 130 243 243 17 243 130 243 243 130 243 243 130 243 17 17 130 243 243 17 130 243 243 243 130 130 243 130 17 130 243 130 243 130 130 243 17 243 130 243 243 130 243 243 130 17 130 17 243 243 17 243 17 17 130 130 243 130 130 17 130 130 17 243 243 130 243 130 17 17 130 243 130 243 130 243 17 130 243 17 130 130 130 130 130 17 130 17 17 243 243 130 130 130 17 17 130 243 130 243 130 243 17 130 1 243 
c [Signal] Signal interruption. Caught signal: SIGTERM (15).
c [Label = 241] Encoding starts with target value = 113:
c [Label = 241] Encoding duration: 1771ms.
c [Label = 241] Number of clauses: 1000076.
c [Label = 241] Number of variables: 291568.
c [Label = 241] Solving duration: 71 ms.
s [Label = 241] SAT (w = 113).
c [Label = 241] Label assignment: 241 241 241 241 241 241 241 241 241 241 241 241 241 241 241 128 241 128 241 241 241 241 241 128 241 128 241 241 241 241 241 241 241 241 241 241 128 241 241 241 241 128 128 241 241 241 241 128 241 15 241 128 241 241 241 241 241 241 241 241 128 241 241 241 241 241 241 241 241 241 241 241 241 241 241 241 128 241 241 241 128 241 241 241 241 241 241 128 128 241 15 128 128 241 241 241 128 241 128 15 128 241 241 241 128 241 128 241 15 241 241 241 128 241 15 128 241 128 128 128 241 128 128 128 241 128 241 241 241 241 241 241 241 241 15 128 241 128 128 241 241 241 15 241 241 241 241 128 128 241 241 241 128 128 128 128 241 241 15 241 241 241 128 241 241 241 128 241 241 128 241 241 241 128 128 128 241 128 128 241 241 241 241 241 241 241 241 241 241 128 241 15 241 128 241 128 241 241 241 241 128 15 241 128 241 128 241 241 128 128 15 15 241 241 15 241 241 128 128 128 241 128 128 128 128 128 241 15 128 241 128 15 241 241 241 241 15 128 241 15 241 241 241 241 15 128 128 241 241 15 128 15 15 15 128 15 128 128 128 241 128 241 15 241 241 128 241 241 241 15 241 241 241 241 128 241 128 128 241 128 128 241 241 128 15 128 241 128 241 128 15 241 128 241 241 241 241 15 128 15 128 128 128 241 128 241 241 241 241 128 15 128 241 15 128 128 15 241 128 15 128 128 128 128 241 128 128 128 128 128 15 128 241 241 128 241 241 128 15 241 128 241 128 241 128 15 15 241 15 15 241 128 15 15 128 128 128 128 128 128 241 15 128 128 128 128 241 241 128 128 241 15 128 15 241 128 128 241 128 128 128 15 15 128 241 241 15 15 128 128 241 241 15 241 128 241 241 128 241 241 128 241 15 15 128 241 241 15 128 241 241 241 128 128 241 128 15 128 241 128 241 128 128 241 15 241 128 241 241 128 241 241 128 15 128 15 241 241 15 241 15 15 128 128 241 128 128 15 128 128 15 241 241 128 241 128 15 15 128 241 128 241 128 241 15 128 241 15 128 128 128 128 128 15 128 15 15 241 241 128 128 128 15 15 128 241 128 241 128 241 15 128 1 241 
c [Signal] Signal interruption. Caught signal: SIGTERM (15).
c [Label = 244] Encoding starts with target value = 113:
c [Label = 244] Encoding duration: 1824ms.
c [Label = 244] Number of clauses: 1014520.
c [Label = 244] Number of variables: 294532.
c [Label = 244] Solving duration: 67 ms.
s [Label = 244] SAT (w = 113).
c [Label = 244] Label assignment: 244 244 244 244 244 244 244 244 244 244 244 244 244 244 244 131 244 131 244 244 244 244 244 131 244 131 244 244 244 244 244 244 244 244 244 244 131 244 244 244 244 131 131 244 244 244 244 131 244 18 244 131 244 244 244 244 244 244 244 244 131 244 244 244 244 244 244 244 244 244 244 244 244 244 244 244 131 244 244 244 131 244 244 244 244 244 244 131 131 244 18 131 131 244 244 244 131 244 131 18 131 244 244 244 131 244 131 244 18 244 244 244 131 244 18 131 244 131 131 131 244 131 131 131 244 131 244 244 244 244 244 244 244 244 18 131 244 131 131 244 244 244 18 244 244 244 244 131 131 244 244 244 131 131 131 131 244 244 18 244 244 244 131 244 244 244 131 244 244 131 244 244 244 131 131 131 244 131 131 244 244 244 244 244 244 244 244 244 244 131 244 18 244 131 244 131 244 244 244 244 131 18 244 131 244 131 244 244 131 131 18 18 244 244 18 244 244 131 131 131 244 131 131 131 131 131 244 18 131 244 131 18 244 244 244 244 18 131 244 18 244 244 244 244 18 131 131 244 244 18 131 18 18 18 131 18 131 131 131 244 131 244 18 244 244 131 244 244 244 18 244 244 244 244 131 244 131 131 244 131 131 244 244 131 18 131 244 131 244 131 18 244 131 244 244 244 244 18 131 18 131 131 131 244 131 244 244 244 244 131 18 131 244 18 131 131 18 244 131 18 131 131 131 131 244 131 131 131 131 131 18 131 244 244 131 244 244 131 18 244 131 244 131 244 131 18 18 244 18 18 244 131 18 18 131 131 131 131 131 131 244 18 131 131 131 131 244 244 131 131 244 18 131 18 244 131 131 244 131 131 131 18 18 131 244 244 18 18 131 131 244 244 18 244 131 244 244 131 244 244 131 244 18 18 131 244 244 18 131 244 244 244 131 131 244 131 18 131 244 131 244 131 131 244 18 244 131 244 244 131 244 244 131 18 131 18 244 244 18 244 18 18 131 131 244 131 131 18 131 131 18 244 244 131 244 131 18 18 131 244 131 244 131 244 18 131 244 18 131 131 131 131 131 18 131 18 18 244 244 131 131 131 18 18 131 244 131 244 131 244 18 131 1 244 
c [Signal] Signal interruption. Caught signal: SIGTERM (15).
c [Label = 245] Encoding starts with target value = 113:
c [Label = 245] Encoding duration: 1821ms.
c [Label = 245] Number of clauses: 1019334.
c [Label = 245] Number of variables: 295520.
c [Label = 245] Solving duration: 67 ms.
s [Label = 245] SAT (w = 113).
c [Label = 245] Label assignment: 245 245 245 245 245 245 245 245 245 245 245 245 245 245 245 132 245 132 245 245 245 245 245 132 245 132 245 245 245 245 245 245 245 245 245 245 132 245 245 245 245 132 132 245 245 245 245 132 245 19 245 132 245 245 245 245 245 245 245 245 132 245 245 245 245 245 245 245 245 245 245 245 245 245 245 245 132 245 245 245 132 245 245 245 245 245 245 132 132 245 19 132 132 245 245 245 132 245 132 19 132 245 245 245 132 245 132 245 19 245 245 245 132 245 19 132 245 132 132 132 245 132 132 132 245 132 245 245 245 245 245 245 245 245 19 132 245 132 132 245 245 245 19 245 245 245 245 132 132 245 245 245 132 132 132 132 245 245 19 245 245 245 132 245 245 245 132 245 245 132 245 245 245 132 132 132 245 132 132 245 245 245 245 245 245 245 245 245 245 132 245 19 245 132 245 132 245 245 245 245 132 19 245 132 245 132 245 245 132 132 19 19 245 245 19 245 245 132 132 132 245 132 132 132 132 132 245 19 132 245 132 19 245 245 245 245 19 132 245 19 245 245 245 245 19 132 132 245 245 19 132 19 19 19 132 19 132 132 132 245 132 245 19 245 245 132 245 245 245 19 245 245 245 245 132 245 132 132 245 132 132 245 245 132 19 132 245 132 245 132 19 245 132 245 245 245 245 19 132 19 132 132 132 245 132 245 245 245 245 132 19 132 245 19 132 132 19 245 132 19 132 132 132 132 245 132 132 132 132 132 19 132 245 245 132 245 245 132 19 245 132 245 132 245 132 19 19 245 19 19 245 132 19 19 132 132 132 132 132 132 245 19 132 132 132 132 245 245 132 132 245 19 132 19 245 132 132 245 132 132 132 19 19 132 245 245 19 19 132 132 245 245 19 245 132 245 245 132 245 245 132 245 19 19 132 245 245 19 132 245 245 245 132 132 245 132 19 132 245 132 245 132 132 245 19 245 132 245 245 132 245 245 132 19 132 19 245 245 19 245 19 19 132 132 245 132 132 19 132 132 19 245 245 132 245 132 19 19 132 245 132 245 132 245 19 132 245 19 132 132 132 132 132 19 132 19 19 245 245 132 132 132 19 19 132 245 132 245 132 245 19 132 1 245 
c [Signal] Signal interruption. Caught signal: SIGTERM (15).
c [Main] Lowest label SAT is set to 240.
c [Main] Kill higher label pid 241.
c [Main] Kill higher label pid 242.
c [Main] Kill higher label pid 243.
c [Main] Kill higher label pid 244.
c [Main] Kill higher label pid 245.
c [Main] Kill higher label pid 246.
c [Main] Kill higher label pid 247.
c [Label = 246] Encoding starts with target value = 113:
c [Label = 246] Encoding duration: 1836ms.
c [Label = 246] Number of clauses: 1024149.
c [Label = 246] Number of variables: 296508.
c [Label = 246] Solving duration: 69 ms.
s [Label = 246] SAT (w = 113).
c [Label = 246] Label assignment: 246 246 246 246 246 246 246 246 246 246 246 246 246 246 246 133 246 133 246 246 246 246 246 133 246 133 246 246 246 246 246 246 246 246 246 246 133 246 246 246 246 133 133 246 246 246 246 133 246 20 246 133 246 246 246 246 246 246 246 246 133 246 246 246 246 246 246 246 246 246 246 246 246 246 246 246 133 246 246 246 133 246 246 246 246 246 246 133 133 246 20 133 133 246 246 246 133 246 133 20 133 246 246 246 133 246 133 246 20 246 246 246 133 246 20 133 246 133 133 133 246 133 133 133 246 133 246 246 246 246 246 246 246 246 20 133 246 133 133 246 246 246 20 246 246 246 246 133 133 246 246 246 133 133 133 133 246 246 20 246 246 246 133 246 246 246 133 246 246 133 246 246 246 133 133 133 246 133 133 246 246 246 246 246 246 246 246 246 246 133 246 20 246 133 246 133 246 246 246 246 133 20 246 133 246 133 246 246 133 133 20 20 246 246 20 246 246 133 133 133 246 133 133 133 133 133 246 20 133 246 133 20 246 246 246 246 20 133 246 20 246 246 246 246 20 133 133 246 246 20 133 20 20 20 133 20 133 133 133 246 133 246 20 246 246 133 246 246 246 20 246 246 246 246 133 246 133 133 246 133 133 246 246 133 20 133 246 133 246 133 20 246 133 246 246 246 246 20 133 20 133 133 133 246 133 246 246 246 246 133 20 133 246 20 133 133 20 246 133 20 133 133 133 133 246 133 133 133 133 133 20 133 246 246 133 246 246 133 20 246 133 246 133 246 133 20 20 246 20 20 246 133 20 20 133 133 133 133 133 133 246 20 133 133 133 133 246 246 133 133 246 20 133 20 246 133 133 246 133 133 133 20 20 133 246 246 20 20 133 133 246 246 20 246 133 246 246 133 246 246 133 246 20 20 133 246 246 20 133 246 246 246 133 133 246 133 20 133 246 133 246 133 133 246 20 246 133 246 246 133 246 246 133 20 133 20 246 246 20 246 20 20 133 133 246 133 133 20 133 133 20 246 246 133 246 133 20 20 133 246 133 246 133 246 20 133 246 20 133 133 133 133 133 20 133 20 20 246 246 133 133 133 20 20 133 246 133 246 133 246 20 133 1 246 
c [Signal] Signal interruption. Caught signal: SIGTERM (15).
c [Label = 247] Encoding starts with target value = 113:
c [Label = 247] Encoding duration: 1853ms.
c [Label = 247] Number of clauses: 1028963.
c [Label = 247] Number of variables: 297496.
c [Label = 247] Solving duration: 71 ms.
s [Label = 247] SAT (w = 113).
c [Label = 247] Label assignment: 247 247 247 247 247 247 247 247 247 247 247 247 247 247 247 134 247 134 247 247 247 247 247 134 247 134 247 247 247 247 247 247 247 247 247 247 134 247 247 247 247 134 134 247 247 247 247 134 247 21 247 134 247 247 247 247 247 247 247 247 134 247 247 247 247 247 247 247 247 247 247 247 247 247 247 247 134 247 247 247 134 247 247 247 247 247 247 134 134 247 21 134 134 247 247 247 134 247 134 21 134 247 247 247 134 247 134 247 21 247 247 247 134 247 21 134 247 134 134 134 247 134 134 134 247 134 247 247 247 247 247 247 247 247 21 134 247 134 134 247 247 247 21 247 247 247 247 134 134 247 247 247 134 134 134 134 247 247 21 247 247 247 134 247 247 247 134 247 247 134 247 247 247 134 134 134 247 134 134 247 247 247 247 247 247 247 247 247 247 134 247 21 247 134 247 134 247 247 247 247 134 21 247 134 247 134 247 247 134 134 21 21 247 247 21 247 247 134 134 134 247 134 134 134 134 134 247 21 134 247 134 21 247 247 247 247 21 134 247 21 247 247 247 247 21 134 134 247 247 21 134 21 21 21 134 21 134 134 134 247 134 247 21 247 247 134 247 247 247 21 247 247 247 247 134 247 134 134 247 134 134 247 247 134 21 134 247 134 247 134 21 247 134 247 247 247 247 21 134 21 134 134 134 247 134 247 247 247 247 134 21 134 247 21 134 134 21 247 134 21 134 134 134 134 247 134 134 134 134 134 21 134 247 247 134 247 247 134 21 247 134 247 134 247 134 21 21 247 21 21 247 134 21 21 134 134 134 134 134 134 247 21 134 134 134 134 247 247 134 134 247 21 134 21 247 134 134 247 134 134 134 21 21 134 247 247 21 21 134 134 247 247 21 247 134 247 247 134 247 247 134 247 21 21 134 247 247 21 134 247 247 247 134 134 247 134 21 134 247 134 247 134 134 247 21 247 134 247 247 134 247 247 134 21 134 21 247 247 21 247 21 21 134 134 247 134 134 21 134 134 21 247 247 134 247 134 21 21 134 247 134 247 134 247 21 134 247 21 134 134 134 134 134 21 134 21 21 247 247 134 134 134 21 21 134 247 134 247 134 247 21 134 1 247 
c [Signal] Signal interruption. Caught signal: SIGTERM (15).
c [Label = 239] Minimize Makespan Labeling problem (Q-494_bus.mtx.rnd):
c [Main] Child pid 241 - 54049 terminated by signal 15.
c [Main] Child pid 246 - 54044 terminated by signal 15.
c [Main] Child pid 244 - 54046 terminated by signal 15.
c [Main] Child pid 242 - 54048 terminated by signal 15.
c [Main] Child pid 243 - 54047 terminated by signal 15.
c [Label = 238] Minimize Makespan Labeling problem (Q-494_bus.mtx.rnd):
c [Label = 237] Minimize Makespan Labeling problem (Q-494_bus.mtx.rnd):
c [Label = 235] Minimize Makespan Labeling problem (Q-494_bus.mtx.rnd):
c [Main] Child pid 247 - 54043 terminated by signal 15.
c [Label = 234] Minimize Makespan Labeling problem (Q-494_bus.mtx.rnd):
c [Main] Child pid 245 - 54045 terminated by signal 15.
c [Label = 233] Minimize Makespan Labeling problem (Q-494_bus.mtx.rnd):
c [Label = 232] Minimize Makespan Labeling problem (Q-494_bus.mtx.rnd):
c [Label = 236] Minimize Makespan Labeling problem (Q-494_bus.mtx.rnd):
c [Label = 232] Encoding starts with target value = 113:
c [Label = 232] Encoding duration: 1690ms.
c [Label = 232] Number of clauses: 956746.
c [Label = 232] Number of variables: 282676.
c [Label = 232] Solving duration: 69 ms.
s [Label = 232] SAT (w = 113).
c [Label = 232] Label assignment: 232 232 232 232 232 232 232 232 232 232 232 232 232 232 232 119 232 119 232 232 232 232 232 119 232 119 232 232 232 232 232 232 232 232 232 232 119 232 232 232 232 119 119 232 232 232 232 119 232 6 232 119 232 232 232 232 232 232 232 232 119 232 232 232 232 232 232 232 232 232 232 232 232 232 232 232 119 232 232 232 119 232 232 232 232 232 232 119 119 232 6 119 119 232 232 232 119 232 119 6 119 232 232 232 119 232 119 232 6 232 232 232 119 232 6 119 232 119 119 119 232 119 119 119 232 119 232 232 232 232 232 232 232 232 6 119 232 119 119 232 232 232 6 232 232 232 232 119 119 232 232 232 119 119 119 119 232 232 6 232 232 232 119 232 232 232 119 232 232 119 232 232 232 119 119 119 232 119 119 232 232 232 232 232 232 232 232 232 232 119 232 6 232 119 232 119 232 232 232 232 119 6 232 119 232 119 232 232 119 119 6 6 232 232 6 232 232 119 119 119 232 119 119 119 119 119 232 6 119 232 119 6 232 232 232 232 6 119 232 6 232 232 232 232 6 119 119 232 232 6 119 6 6 6 119 6 119 119 119 232 119 232 6 232 232 119 232 232 232 6 232 232 232 232 119 232 119 119 232 119 119 232 232 119 6 119 232 119 232 119 6 232 119 232 232 232 232 6 119 6 119 119 119 232 119 232 232 232 232 119 6 119 232 6 119 119 6 232 119 6 119 119 119 119 232 119 119 119 119 119 6 119 232 232 119 232 232 119 6 232 119 232 119 232 119 6 6 232 6 6 232 119 6 6 119 119 119 119 119 119 232 6 119 119 119 119 232 232 119 119 232 6 119 6 232 119 119 232 119 119 119 6 6 119 232 232 6 6 119 119 232 232 6 232 119 232 232 119 232 232 119 232 6 6 119 232 232 6 119 232 232 232 119 119 232 119 6 119 232 119 232 119 119 232 6 232 119 232 232 119 232 232 119 6 119 6 232 232 6 232 6 6 119 119 232 119 119 6 119 119 6 232 232 119 232 119 6 6 119 232 119 232 119 232 6 119 232 6 119 119 119 119 119 6 119 6 6 232 232 119 119 119 6 6 119 232 119 232 119 232 6 119 1 232 
c [Label = 233] Encoding starts with target value = 113:
c [Label = 233] Encoding duration: 1721ms.
c [Label = 233] Number of clauses: 961560.
c [Label = 233] Number of variables: 283664.
c [Label = 233] Solving duration: 69 ms.
s [Label = 233] SAT (w = 113).
c [Label = 233] Label assignment: 233 233 233 233 233 233 233 233 233 233 233 233 233 233 233 120 233 120 233 233 233 233 233 120 233 120 233 233 233 233 233 233 233 233 233 233 120 233 233 233 233 120 120 233 233 233 233 120 233 7 233 120 233 233 233 233 233 233 233 233 120 233 233 233 233 233 233 233 233 233 233 233 233 233 233 233 120 233 233 233 120 233 233 233 233 233 233 120 120 233 7 120 120 233 233 233 120 233 120 7 120 233 233 233 120 233 120 233 7 233 233 233 120 233 7 120 233 120 120 120 233 120 120 120 233 120 233 233 233 233 233 233 233 233 7 120 233 120 120 233 233 233 7 233 233 233 233 120 120 233 233 233 120 120 120 120 233 233 7 233 233 233 120 233 233 233 120 233 233 120 233 233 233 120 120 120 233 120 120 233 233 233 233 233 233 233 233 233 233 120 233 7 233 120 233 120 233 233 233 233 120 7 233 120 233 120 233 233 120 120 7 7 233 233 7 233 233 120 120 120 233 120 120 120 120 120 233 7 120 233 120 7 233 233 233 233 7 120 233 7 233 233 233 233 7 120 120 233 233 7 120 7 7 7 120 7 120 120 120 233 120 233 7 233 233 120 233 233 233 7 233 233 233 233 120 233 120 120 233 120 120 233 233 120 7 120 233 120 233 120 7 233 120 233 233 233 233 7 120 7 120 120 120 233 120 233 233 233 233 120 7 120 233 7 120 120 7 233 120 7 120 120 120 120 233 120 120 120 120 120 7 120 233 233 120 233 233 120 7 233 120 233 120 233 120 7 7 233 7 7 233 120 7 7 120 120 120 120 120 120 233 7 120 120 120 120 233 233 120 120 233 7 120 7 233 120 120 233 120 120 120 7 7 120 233 233 7 7 120 120 233 233 7 233 120 233 233 120 233 233 120 233 7 7 120 233 233 7 120 233 233 233 120 120 233 120 7 120 233 120 233 120 120 233 7 233 120 233 233 120 233 233 120 7 120 7 233 233 7 233 7 7 120 120 233 120 120 7 120 120 7 233 233 120 233 120 7 7 120 233 120 233 120 233 7 120 233 7 120 120 120 120 120 7 120 7 7 233 233 120 120 120 7 7 120 233 120 233 120 233 7 120 1 233 
c [Signal] Signal interruption. Caught signal: SIGTERM (15).
c [Label = 235] Encoding starts with target value = 113:
c [Label = 235] Encoding duration: 1742ms.
c [Label = 235] Number of clauses: 971189.
c [Label = 235] Number of variables: 285640.
c [Label = 235] Solving duration: 72 ms.
s [Label = 235] SAT (w = 113).
c [Label = 235] Label assignment: 235 235 235 235 235 235 235 235 235 235 235 235 235 235 235 122 235 122 235 235 235 235 235 122 235 122 235 235 235 235 235 235 235 235 235 235 122 235 235 235 235 122 122 235 235 235 235 122 235 9 235 122 235 235 235 235 235 235 235 235 122 235 235 235 235 235 235 235 235 235 235 235 235 235 235 235 122 235 235 235 122 235 235 235 235 235 235 122 122 235 9 122 122 235 235 235 122 235 122 9 122 235 235 235 122 235 122 235 9 235 235 235 122 235 9 122 235 122 122 122 235 122 122 122 235 122 235 235 235 235 235 235 235 235 9 122 235 122 122 235 235 235 9 235 235 235 235 122 122 235 235 235 122 122 122 122 235 235 9 235 235 235 122 235 235 235 122 235 235 122 235 235 235 122 122 122 235 122 122 235 235 235 235 235 235 235 235 235 235 122 235 9 235 122 235 122 235 235 235 235 122 9 235 122 235 122 235 235 122 122 9 9 235 235 9 235 235 122 122 122 235 122 122 122 122 122 235 9 122 235 122 9 235 235 235 235 9 122 235 9 235 235 235 235 9 122 122 235 235 9 122 9 9 9 122 9 122 122 122 235 122 235 9 235 235 122 235 235 235 9 235 235 235 235 122 235 122 122 235 122 122 235 235 122 9 122 235 122 235 122 9 235 122 235 235 235 235 9 122 9 122 122 122 235 122 235 235 235 235 122 9 122 235 9 122 122 9 235 122 9 122 122 122 122 235 122 122 122 122 122 9 122 235 235 122 235 235 122 9 235 122 235 122 235 122 9 9 235 9 9 235 122 9 9 122 122 122 122 122 122 235 9 122 122 122 122 235 235 122 122 235 9 122 9 235 122 122 235 122 122 122 9 9 122 235 235 9 9 122 122 235 235 9 235 122 235 235 122 235 235 122 235 9 9 122 235 235 9 122 235 235 235 122 122 235 122 9 122 235 122 235 122 122 235 9 235 122 235 235 122 235 235 122 9 122 9 235 235 9 235 9 9 122 122 235 122 122 9 122 122 9 235 235 122 235 122 9 9 122 235 122 235 122 235 9 122 235 9 122 122 122 122 122 9 122 9 9 235 235 122 122 122 9 9 122 235 122 235 122 235 9 122 1 235 
c [Signal] Signal interruption. Caught signal: SIGTERM (15).
c [Label = 236] Encoding starts with target value = 113:
c [Label = 236] Encoding duration: 1738ms.
c [Label = 236] Number of clauses: 976004.
c [Label = 236] Number of variables: 286628.
c [Label = 236] Solving duration: 71 ms.
s [Label = 236] SAT (w = 113).
c [Label = 236] Label assignment: 236 236 236 236 236 236 236 236 236 236 236 236 236 236 236 123 236 123 236 236 236 236 236 123 236 123 236 236 236 236 236 236 236 236 236 236 123 236 236 236 236 123 123 236 236 236 236 123 236 10 236 123 236 236 236 236 236 236 236 236 123 236 236 236 236 236 236 236 236 236 236 236 236 236 236 236 123 236 236 236 123 236 236 236 236 236 236 123 123 236 10 123 123 236 236 236 123 236 123 10 123 236 236 236 123 236 123 236 10 236 236 236 123 236 10 123 236 123 123 123 236 123 123 123 236 123 236 236 236 236 236 236 236 236 10 123 236 123 123 236 236 236 10 236 236 236 236 123 123 236 236 236 123 123 123 123 236 236 10 236 236 236 123 236 236 236 123 236 236 123 236 236 236 123 123 123 236 123 123 236 236 236 236 236 236 236 236 236 236 123 236 10 236 123 236 123 236 236 236 236 123 10 236 123 236 123 236 236 123 123 10 10 236 236 10 236 236 123 123 123 236 123 123 123 123 123 236 10 123 236 123 10 236 236 236 236 10 123 236 10 236 236 236 236 10 123 123 236 236 10 123 10 10 10 123 10 123 123 123 236 123 236 10 236 236 123 236 236 236 10 236 236 236 236 123 236 123 123 236 123 123 236 236 123 10 123 236 123 236 123 10 236 123 236 236 236 236 10 123 10 123 123 123 236 123 236 236 236 236 123 10 123 236 10 123 123 10 236 123 10 123 123 123 123 236 123 123 123 123 123 10 123 236 236 123 236 236 123 10 236 123 236 123 236 123 10 10 236 10 10 236 123 10 10 123 123 123 123 123 123 236 10 123 123 123 123 236 236 123 123 236 10 123 10 236 123 123 236 123 123 123 10 10 123 236 236 10 10 123 123 236 236 10 236 123 236 236 123 236 236 123 236 10 10 123 236 236 10 123 236 236 236 123 123 236 123 10 123 236 123 236 123 123 236 10 236 123 236 236 123 236 236 123 10 123 10 236 236 10 236 10 10 123 123 236 123 123 10 123 123 10 236 236 123 236 123 10 10 123 236 123 236 123 236 10 123 236 10 123 123 123 123 123 10 123 10 10 236 236 123 123 123 10 10 123 236 123 236 123 236 10 123 1 236 
c [Signal] Signal interruption. Caught signal: SIGTERM (15).
c [Label = 238] Encoding starts with target value = 113:
c [Label = 238] Encoding duration: 1752ms.
c [Label = 238] Number of clauses: 985633.
c [Label = 238] Number of variables: 288604.
c [Label = 238] Solving duration: 71 ms.
s [Label = 238] SAT (w = 113).
c [Label = 238] Label assignment: 238 238 238 238 238 238 238 238 238 238 238 238 238 238 238 125 238 125 238 238 238 238 238 125 238 125 238 238 238 238 238 238 238 238 238 238 125 238 238 238 238 125 125 238 238 238 238 125 238 12 238 125 238 238 238 238 238 238 238 238 125 238 238 238 238 238 238 238 238 238 238 238 238 238 238 238 125 238 238 238 125 238 238 238 238 238 238 125 125 238 12 125 125 238 238 238 125 238 125 12 125 238 238 238 125 238 125 238 12 238 238 238 125 238 12 125 238 125 125 125 238 125 125 125 238 125 238 238 238 238 238 238 238 238 12 125 238 125 125 238 238 238 12 238 238 238 238 125 125 238 238 238 125 125 125 125 238 238 12 238 238 238 125 238 238 238 125 238 238 125 238 238 238 125 125 125 238 125 125 238 238 238 238 238 238 238 238 238 238 125 238 12 238 125 238 125 238 238 238 238 125 12 238 125 238 125 238 238 125 125 12 12 238 238 12 238 238 125 125 125 238 125 125 125 125 125 238 12 125 238 125 12 238 238 238 238 12 125 238 12 238 238 238 238 12 125 125 238 238 12 125 12 12 12 125 12 125 125 125 238 125 238 12 238 238 125 238 238 238 12 238 238 238 238 125 238 125 125 238 125 125 238 238 125 12 125 238 125 238 125 12 238 125 238 238 238 238 12 125 12 125 125 125 238 125 238 238 238 238 125 12 125 238 12 125 125 12 238 125 12 125 125 125 125 238 125 125 125 125 125 12 125 238 238 125 238 238 125 12 238 125 238 125 238 125 12 12 238 12 12 238 125 12 12 125 125 125 125 125 125 238 12 125 125 125 125 238 238 125 125 238 12 125 12 238 125 125 238 125 125 125 12 12 125 238 238 12 12 125 125 238 238 12 238 125 238 238 125 238 238 125 238 12 12 125 238 238 12 125 238 238 238 125 125 238 125 12 125 238 125 238 125 125 238 12 238 125 238 238 125 238 238 125 12 125 12 238 238 12 238 12 12 125 125 238 125 125 12 125 125 12 238 238 125 238 125 12 12 125 238 125 238 125 238 12 125 238 12 125 125 125 125 125 12 125 12 12 238 238 125 125 125 12 12 125 238 125 238 125 238 12 125 1 238 
c [Signal] Signal interruption. Caught signal: SIGTERM (15).
c [Main] Lowest label SAT is set to 232.
c [Main] Kill higher label pid 233.
c [Main] Kill higher label pid 235.
c [Main] Kill higher label pid 236.
c [Main] Kill higher label pid 237.
c [Main] Kill higher label pid 238.
c [Main] Kill higher label pid 239.
c [Main] Kill higher label pid 234.
c [Label = 239] Encoding starts with target value = 113:
c [Label = 239] Encoding duration: 1772ms.
c [Label = 239] Number of clauses: 990447.
c [Label = 239] Number of variables: 289592.
c [Label = 239] Solving duration: 67 ms.
s [Label = 239] SAT (w = 113).
c [Label = 239] Label assignment: 239 239 239 239 239 239 239 239 239 239 239 239 239 239 239 126 239 126 239 239 239 239 239 126 239 126 239 239 239 239 239 239 239 239 239 239 126 239 239 239 239 126 126 239 239 239 239 126 239 13 239 126 239 239 239 239 239 239 239 239 126 239 239 239 239 239 239 239 239 239 239 239 239 239 239 239 126 239 239 239 126 239 239 239 239 239 239 126 126 239 13 126 126 239 239 239 126 239 126 13 126 239 239 239 126 239 126 239 13 239 239 239 126 239 13 126 239 126 126 126 239 126 126 126 239 126 239 239 239 239 239 239 239 239 13 126 239 126 126 239 239 239 13 239 239 239 239 126 126 239 239 239 126 126 126 126 239 239 13 239 239 239 126 239 239 239 126 239 239 126 239 239 239 126 126 126 239 126 126 239 239 239 239 239 239 239 239 239 239 126 239 13 239 126 239 126 239 239 239 239 126 13 239 126 239 126 239 239 126 126 13 13 239 239 13 239 239 126 126 126 239 126 126 126 126 126 239 13 126 239 126 13 239 239 239 239 13 126 239 13 239 239 239 239 13 126 126 239 239 13 126 13 13 13 126 13 126 126 126 239 126 239 13 239 239 126 239 239 239 13 239 239 239 239 126 239 126 126 239 126 126 239 239 126 13 126 239 126 239 126 13 239 126 239 239 239 239 13 126 13 126 126 126 239 126 239 239 239 239 126 13 126 239 13 126 126 13 239 126 13 126 126 126 126 239 126 126 126 126 126 13 126 239 239 126 239 239 126 13 239 126 239 126 239 126 13 13 239 13 13 239 126 13 13 126 126 126 126 126 126 239 13 126 126 126 126 239 239 126 126 239 13 126 13 239 126 126 239 126 126 126 13 13 126 239 239 13 13 126 126 239 239 13 239 126 239 239 126 239 239 126 239 13 13 126 239 239 13 126 239 239 239 126 126 239 126 13 126 239 126 239 126 126 239 13 239 126 239 239 126 239 239 126 13 126 13 239 239 13 239 13 13 126 126 239 126 126 13 126 126 13 239 239 126 239 126 13 13 126 239 126 239 126 239 13 126 239 13 126 126 126 126 126 13 126 13 13 239 239 126 126 126 13 13 126 239 126 239 126 239 13 126 1 239 
c [Signal] Signal interruption. Caught signal: SIGTERM (15).
c [Label = 234] Encoding starts with target value = 113:
c [Label = 234] Encoding duration: 1722ms.
c [Label = 234] Number of clauses: 966375.
c [Label = 234] Number of variables: 284652.
c [Label = 234] Solving duration: 69 ms.
s [Label = 234] SAT (w = 113).
c [Label = 234] Label assignment: 234 234 234 234 234 234 234 234 234 234 234 234 234 234 234 121 234 121 234 234 234 234 234 121 234 121 234 234 234 234 234 234 234 234 234 234 121 234 234 234 234 121 121 234 234 234 234 121 234 8 234 121 234 234 234 234 234 234 234 234 121 234 234 234 234 234 234 234 234 234 234 234 234 234 234 234 121 234 234 234 121 234 234 234 234 234 234 121 121 234 8 121 121 234 234 234 121 234 121 8 121 234 234 234 121 234 121 234 8 234 234 234 121 234 8 121 234 121 121 121 234 121 121 121 234 121 234 234 234 234 234 234 234 234 8 121 234 121 121 234 234 234 8 234 234 234 234 121 121 234 234 234 121 121 121 121 234 234 8 234 234 234 121 234 234 234 121 234 234 121 234 234 234 121 121 121 234 121 121 234 234 234 234 234 234 234 234 234 234 121 234 8 234 121 234 121 234 234 234 234 121 8 234 121 234 121 234 234 121 121 8 8 234 234 8 234 234 121 121 121 234 121 121 121 121 121 234 8 121 234 121 8 234 234 234 234 8 121 234 8 234 234 234 234 8 121 121 234 234 8 121 8 8 8 121 8 121 121 121 234 121 234 8 234 234 121 234 234 234 8 234 234 234 234 121 234 121 121 234 121 121 234 234 121 8 121 234 121 234 121 8 234 121 234 234 234 234 8 121 8 121 121 121 234 121 234 234 234 234 121 8 121 234 8 121 121 8 234 121 8 121 121 121 121 234 121 121 121 121 121 8 121 234 234 121 234 234 121 8 234 121 234 121 234 121 8 8 234 8 8 234 121 8 8 121 121 121 121 121 121 234 8 121 121 121 121 234 234 121 121 234 8 121 8 234 121 121 234 121 121 121 8 8 121 234 234 8 8 121 121 234 234 8 234 121 234 234 121 234 234 121 234 8 8 121 234 234 8 121 234 234 234 121 121 234 121 8 121 234 121 234 121 121 234 8 234 121 234 234 121 234 234 121 8 121 8 234 234 8 234 8 8 121 121 234 121 121 8 121 121 8 234 234 121 234 121 8 8 121 234 121 234 121 234 8 121 234 8 121 121 121 121 121 8 121 8 8 234 234 121 121 121 8 8 121 234 121 234 121 234 8 121 1 234 
c [Signal] Signal interruption. Caught signal: SIGTERM (15).
c [Label = 237] Encoding starts with target value = 113:
c [Label = 237] Encoding duration: 1750ms.
c [Label = 237] Number of clauses: 980818.
c [Label = 237] Number of variables: 287616.
c [Label = 237] Solving duration: 72 ms.
s [Label = 237] SAT (w = 113).
c [Label = 237] Label assignment: 237 237 237 237 237 237 237 237 237 237 237 237 237 237 237 124 237 124 237 237 237 237 237 124 237 124 237 237 237 237 237 237 237 237 237 237 124 237 237 237 237 124 124 237 237 237 237 124 237 11 237 124 237 237 237 237 237 237 237 237 124 237 237 237 237 237 237 237 237 237 237 237 237 237 237 237 124 237 237 237 124 237 237 237 237 237 237 124 124 237 11 124 124 237 237 237 124 237 124 11 124 237 237 237 124 237 124 237 11 237 237 237 124 237 11 124 237 124 124 124 237 124 124 124 237 124 237 237 237 237 237 237 237 237 11 124 237 124 124 237 237 237 11 237 237 237 237 124 124 237 237 237 124 124 124 124 237 237 11 237 237 237 124 237 237 237 124 237 237 124 237 237 237 124 124 124 237 124 124 237 237 237 237 237 237 237 237 237 237 124 237 11 237 124 237 124 237 237 237 237 124 11 237 124 237 124 237 237 124 124 11 11 237 237 11 237 237 124 124 124 237 124 124 124 124 124 237 11 124 237 124 11 237 237 237 237 11 124 237 11 237 237 237 237 11 124 124 237 237 11 124 11 11 11 124 11 124 124 124 237 124 237 11 237 237 124 237 237 237 11 237 237 237 237 124 237 124 124 237 124 124 237 237 124 11 124 237 124 237 124 11 237 124 237 237 237 237 11 124 11 124 124 124 237 124 237 237 237 237 124 11 124 237 11 124 124 11 237 124 11 124 124 124 124 237 124 124 124 124 124 11 124 237 237 124 237 237 124 11 237 124 237 124 237 124 11 11 237 11 11 237 124 11 11 124 124 124 124 124 124 237 11 124 124 124 124 237 237 124 124 237 11 124 11 237 124 124 237 124 124 124 11 11 124 237 237 11 11 124 124 237 237 11 237 124 237 237 124 237 237 124 237 11 11 124 237 237 11 124 237 237 237 124 124 237 124 11 124 237 124 237 124 124 237 11 237 124 237 237 124 237 237 124 11 124 11 237 237 11 237 11 11 124 124 237 124 124 11 124 124 11 237 237 124 237 124 11 11 124 237 124 237 124 237 11 124 237 11 124 124 124 124 124 11 124 11 11 237 237 124 124 124 11 11 124 237 124 237 124 237 11 124 1 237 
c [Signal] Signal interruption. Caught signal: SIGTERM (15).
c [Label = 231] Minimize Makespan Labeling problem (Q-494_bus.mtx.rnd):
c [Main] Child pid 236 - 54056 terminated by signal 15.
c [Main] Child pid 234 - 54058 terminated by signal 15.
c [Main] Child pid 233 - 54059 terminated by signal 15.
c [Label = 228] Minimize Makespan Labeling problem (Q-494_bus.mtx.rnd):
c [Label = 230] Minimize Makespan Labeling problem (Q-494_bus.mtx.rnd):
c [Main] Child pid 239 - 54053 terminated by signal 15.
c [Label = 229] Minimize Makespan Labeling problem (Q-494_bus.mtx.rnd):
c [Main] Child pid 238 - 54054 terminated by signal 15.
c [Main] Child pid 237 - 54055 terminated by signal 15.
c [Label = 227] Minimize Makespan Labeling problem (Q-494_bus.mtx.rnd):
c [Label = 226] Minimize Makespan Labeling problem (Q-494_bus.mtx.rnd):
c [Main] Child pid 235 - 54057 terminated by signal 15.
c [Label = 225] Minimize Makespan Labeling problem (Q-494_bus.mtx.rnd):
c [Label = 224] Minimize Makespan Labeling problem (Q-494_bus.mtx.rnd):
c [Label = 224] Encoding starts with target value = 113:
c [Label = 224] Encoding duration: 1306ms.
c [Label = 224] Number of clauses: 755486.
c [Label = 224] Number of variables: 220432.
c [Label = 224] Solving duration: 0 ms.
s [Label = 224] UNSAT (w = 113).
c [Main] Highest label UNSAT is set to 224
c [Label = 226] Encoding starts with target value = 113:
c [Label = 226] Encoding duration: 1332ms.
c [Label = 226] Number of clauses: 762863.
c [Label = 226] Number of variables: 222408.
c [Label = 226] Solving duration: 0 ms.
s [Label = 226] UNSAT (w = 113).
c [Label = 225] Encoding starts with target value = 113:
c [Label = 225] Encoding duration: 1323ms.
c [Label = 225] Number of clauses: 760300.
c [Label = 225] Number of variables: 221420.
c [Label = 225] Solving duration: 0 ms.
s [Label = 225] UNSAT (w = 113).
c [Main] Highest label UNSAT is set to 226
c [Main] Kill lower label pid 225.
c [Label = 231] Encoding starts with target value = 113:
c [Label = 231] Encoding duration: 1670ms.
c [Label = 231] Number of clauses: 951931.
c [Label = 231] Number of variables: 281688.
c [Label = 231] Solving duration: 42 ms.
s [Label = 231] SAT (w = 113).
c [Label = 231] Label assignment: 231 231 231 231 231 231 231 231 231 231 231 231 231 231 231 118 231 118 231 231 231 231 231 118 231 118 231 231 231 231 231 231 231 231 231 231 118 231 231 231 231 118 118 231 231 231 231 118 231 5 231 118 231 231 231 231 231 231 231 231 118 231 231 231 231 231 231 231 231 231 231 231 231 231 231 231 118 231 231 231 118 231 231 231 231 231 231 118 118 231 5 118 118 231 231 231 118 231 118 5 118 231 231 231 118 231 118 231 5 231 231 231 118 231 5 118 231 118 118 118 231 118 118 118 231 118 231 231 231 231 231 231 231 231 5 118 231 118 118 231 231 231 5 231 231 231 231 118 118 231 231 231 118 118 118 118 231 231 5 231 231 231 118 231 231 231 118 231 231 118 231 231 231 118 118 118 231 118 118 231 231 231 231 231 231 231 231 231 231 118 231 5 231 118 231 118 231 231 231 231 118 5 231 118 231 118 231 231 118 118 5 5 231 231 5 231 231 118 118 118 231 118 118 118 118 118 231 5 118 231 118 5 231 231 231 231 5 118 231 5 231 231 231 231 5 118 118 231 231 5 118 5 5 5 118 5 118 118 118 231 118 231 5 231 231 118 231 231 231 5 231 231 231 231 118 231 118 118 231 118 118 231 231 118 5 118 231 118 231 118 5 231 118 231 231 231 231 5 118 5 118 118 118 231 118 231 231 231 231 118 5 118 231 5 118 118 5 231 118 5 118 118 118 118 231 118 118 118 118 118 5 118 231 231 118 231 231 118 5 231 118 231 118 231 118 5 5 231 5 5 231 118 5 5 118 118 118 118 118 118 231 5 118 118 118 118 231 231 118 118 231 5 118 5 231 118 118 231 118 118 118 5 5 118 231 231 5 5 118 118 231 231 5 231 118 231 231 118 231 231 118 231 5 5 118 231 231 5 118 231 231 231 118 118 231 118 5 118 231 118 231 118 118 231 5 231 118 231 231 118 231 231 118 5 118 5 231 231 5 231 5 5 118 118 231 118 118 5 118 118 5 231 231 118 231 118 5 5 118 231 118 231 118 231 5 118 231 5 118 118 118 118 118 5 118 5 5 231 231 118 118 118 5 5 118 231 118 231 118 231 5 118 1 231 
c [Main] Lowest label SAT is set to 231.
c [Label = 229] Encoding starts with target value = 113:
c [Label = 229] Encoding duration: 1675ms.
c [Label = 229] Number of clauses: 942302.
c [Label = 229] Number of variables: 279712.
c [Label = 229] Solving duration: 43 ms.
s [Label = 229] SAT (w = 113).
c [Label = 229] Label assignment: 229 229 229 229 229 229 229 229 229 229 229 229 229 229 229 116 229 116 229 229 229 229 229 116 229 116 229 229 229 229 229 229 229 229 229 229 116 229 229 229 229 116 116 229 229 229 229 116 229 3 229 116 229 229 229 229 229 229 229 229 116 229 229 229 229 229 229 229 229 229 229 229 229 229 229 229 116 229 229 229 116 229 229 229 229 229 229 116 116 229 3 116 116 229 229 229 116 229 116 3 116 229 229 229 116 229 116 229 3 229 229 229 116 229 3 116 229 116 116 116 229 116 116 116 229 116 229 229 229 229 229 229 229 229 3 116 229 116 116 229 229 229 3 229 229 229 229 116 116 229 229 229 116 116 116 116 229 229 3 229 229 229 116 229 229 229 116 229 229 116 229 229 229 116 116 116 229 116 116 229 229 229 229 229 229 229 229 229 229 116 229 3 229 116 229 116 229 229 229 229 116 3 229 116 229 116 229 229 116 116 3 3 229 229 3 229 229 116 116 116 229 116 116 116 116 116 229 3 116 229 116 3 229 229 229 229 3 116 229 3 229 229 229 229 3 116 116 229 229 3 116 3 3 3 116 3 116 116 116 229 116 229 3 229 229 116 229 229 229 3 229 229 229 229 116 229 116 116 229 116 116 229 229 116 3 116 229 116 229 116 3 229 116 229 229 229 229 3 116 3 116 116 116 229 116 229 229 229 229 116 3 116 229 3 116 116 3 229 116 3 116 116 116 116 229 116 116 116 116 116 3 116 229 229 116 229 229 116 3 229 116 229 116 229 116 3 3 229 3 3 229 116 3 3 116 116 116 116 116 116 229 3 116 116 116 116 229 229 116 116 229 3 116 3 229 116 116 229 116 116 116 3 3 116 229 229 3 3 116 116 229 229 3 229 116 229 229 116 229 229 116 229 3 3 116 229 229 3 116 229 229 229 116 116 229 116 3 116 229 116 229 116 116 229 3 229 116 229 229 116 229 229 116 3 116 3 229 229 3 229 3 3 116 116 229 116 116 3 116 116 3 229 229 116 229 116 3 3 116 229 116 229 116 229 3 116 229 3 116 116 116 116 116 3 116 3 3 229 229 116 116 116 3 3 116 229 116 229 116 229 3 116 1 229 
c [Label = 227] Encoding starts with target value = 113:
c [Label = 227] Encoding duration: 1683ms.
c [Label = 227] Number of clauses: 932673.
c [Label = 227] Number of variables: 277736.
c [Label = 227] Solving duration: 41 ms.
s [Label = 227] SAT (w = 113).
c [Label = 227] Label assignment: 227 227 227 227 227 227 227 227 227 227 227 227 227 227 227 114 227 114 227 227 227 227 227 114 227 114 227 227 227 227 227 227 227 227 227 227 114 227 227 227 227 114 114 227 227 227 227 114 227 1 227 114 227 227 227 227 227 227 227 227 114 227 227 227 227 227 227 227 227 227 227 227 227 227 227 227 114 227 227 227 114 227 227 227 227 227 227 114 114 227 1 114 114 227 227 227 114 227 114 1 114 227 227 227 114 227 114 227 1 227 227 227 114 227 1 114 227 114 114 114 227 114 114 114 227 114 227 227 227 227 227 227 227 227 1 114 227 114 114 227 227 227 1 227 227 227 227 114 114 227 227 227 114 114 114 114 227 227 1 227 227 227 114 227 227 227 114 227 227 114 227 227 227 114 114 114 227 114 114 227 227 227 227 227 227 227 227 227 227 114 227 1 227 114 227 114 227 227 227 227 114 1 227 114 227 114 227 227 114 114 1 1 227 227 1 227 227 114 114 114 227 114 114 114 114 114 227 1 114 227 114 1 227 227 227 227 1 114 227 1 227 227 227 227 1 114 114 227 227 1 114 1 1 1 114 1 114 114 114 227 114 227 1 227 227 114 227 227 227 1 227 227 227 227 114 227 114 114 227 114 114 227 227 114 1 114 227 114 227 114 1 227 114 227 227 227 227 1 114 1 114 114 114 227 114 227 227 227 227 114 1 114 227 1 114 114 1 227 114 1 114 114 114 114 227 114 114 114 114 114 1 114 227 227 114 227 227 114 1 227 114 227 114 227 114 1 1 227 1 1 227 114 1 1 114 114 114 114 114 114 227 1 114 114 114 114 227 227 114 114 227 1 114 1 227 114 114 227 114 114 114 1 1 114 227 227 1 1 114 114 227 227 1 227 114 227 227 114 227 227 114 227 1 1 114 227 227 1 114 227 227 227 114 114 227 114 1 114 227 114 227 114 114 227 1 227 114 227 227 114 227 227 114 1 114 1 227 227 1 227 1 1 114 114 227 114 114 1 114 114 1 227 227 114 227 114 1 1 114 227 114 227 114 227 1 114 227 1 114 114 114 114 114 1 114 1 1 227 227 114 114 114 1 1 114 227 114 227 114 227 1 114 114 227 
c [Main] Lowest label SAT is set to 229.
c [Main] Kill higher label pid 230.
c [Label = 230] Encoding starts with target value = 113:
c [Label = 230] Encoding duration: 1669ms.
c [Label = 230] Number of clauses: 947117.
c [Label = 230] Number of variables: 280700.
c [Label = 230] Solving duration: 67 ms.
s [Label = 230] SAT (w = 113).
c [Label = 230] Label assignment: 230 230 230 230 230 230 230 230 230 230 230 230 230 230 230 117 230 117 230 230 230 230 230 117 230 117 230 230 230 230 230 230 230 230 230 230 117 230 230 230 230 117 117 230 230 230 230 117 230 4 230 117 230 230 230 230 230 230 230 230 117 230 230 230 230 230 230 230 230 230 230 230 230 230 230 230 117 230 230 230 117 230 230 230 230 230 230 117 117 230 4 117 117 230 230 230 117 230 117 4 117 230 230 230 117 230 117 230 4 230 230 230 117 230 4 117 230 117 117 117 230 117 117 117 230 117 230 230 230 230 230 230 230 230 4 117 230 117 117 230 230 230 4 230 230 230 230 117 117 230 230 230 117 117 117 117 230 230 4 230 230 230 117 230 230 230 117 230 230 117 230 230 230 117 117 117 230 117 117 230 230 230 230 230 230 230 230 230 230 117 230 4 230 117 230 117 230 230 230 230 117 4 230 117 230 117 230 230 117 117 4 4 230 230 4 230 230 117 117 117 230 117 117 117 117 117 230 4 117 230 117 4 230 230 230 230 4 117 230 4 230 230 230 230 4 117 117 230 230 4 117 4 4 4 117 4 117 117 117 230 117 230 4 230 230 117 230 230 230 4 230 230 230 230 117 230 117 117 230 117 117 230 230 117 4 117 230 117 230 117 4 230 117 230 230 230 230 4 117 4 117 117 117 230 117 230 230 230 230 117 4 117 230 4 117 117 4 230 117 4 117 117 117 117 230 117 117 117 117 117 4 117 230 230 117 230 230 117 4 230 117 230 117 230 117 4 4 230 4 4 230 117 4 4 117 117 117 117 117 117 230 4 117 117 117 117 230 230 117 117 230 4 117 4 230 117 117 230 117 117 117 4 4 117 230 230 4 4 117 117 230 230 4 230 117 230 230 117 230 230 117 230 4 4 117 230 230 4 117 230 230 230 117 117 230 117 4 117 230 117 230 117 117 230 4 230 117 230 230 117 230 230 117 4 117 4 230 230 4 230 4 4 117 117 230 117 117 4 117 117 4 230 230 117 230 117 4 4 117 230 117 230 117 230 4 117 230 4 117 117 117 117 117 4 117 4 4 230 230 117 117 117 4 4 117 230 117 230 117 230 4 117 1 230 
c [Signal] Signal interruption. Caught signal: SIGTERM (15).
c [Main] Lowest label SAT is set to 227.
c [Main] Kill higher label pid 228.
c [Main] Kill higher label pid 230.
c [Label = 228] Encoding starts with target value = 113:
c [Label = 228] Encoding duration: 1653ms.
c [Label = 228] Number of clauses: 937488.
c [Label = 228] Number of variables: 278724.
c [Label = 228] Solving duration: 69 ms.
s [Label = 228] SAT (w = 113).
c [Label = 228] Label assignment: 228 228 228 228 228 228 228 228 228 228 228 228 228 228 228 115 228 115 228 228 228 228 228 115 228 115 228 228 228 228 228 228 228 228 228 228 115 228 228 228 228 115 115 228 228 228 228 115 228 2 228 115 228 228 228 228 228 228 228 228 115 228 228 228 228 228 228 228 228 228 228 228 228 228 228 228 115 228 228 228 115 228 228 228 228 228 228 115 115 228 2 115 115 228 228 228 115 228 115 2 115 228 228 228 115 228 115 228 2 228 228 228 115 228 2 115 228 115 115 115 228 115 115 115 228 115 228 228 228 228 228 228 228 228 2 115 228 115 115 228 228 228 2 228 228 228 228 115 115 228 228 228 115 115 115 115 228 228 2 228 228 228 115 228 228 228 115 228 228 115 228 228 228 115 115 115 228 115 115 228 228 228 228 228 228 228 228 228 228 115 228 2 228 115 228 115 228 228 228 228 115 2 228 115 228 115 228 228 115 115 2 2 228 228 2 228 228 115 115 115 228 115 115 115 115 115 228 2 115 228 115 2 228 228 228 228 2 115 228 2 228 228 228 228 2 115 115 228 228 2 115 2 2 2 115 2 115 115 115 228 115 228 2 228 228 115 228 228 228 2 228 228 228 228 115 228 115 115 228 115 115 228 228 115 2 115 228 115 228 115 2 228 115 228 228 228 228 2 115 2 115 115 115 228 115 228 228 228 228 115 2 115 228 2 115 115 2 228 115 2 115 115 115 115 228 115 115 115 115 115 2 115 228 228 115 228 228 115 2 228 115 228 115 228 115 2 2 228 2 2 228 115 2 2 115 115 115 115 115 115 228 2 115 115 115 115 228 228 115 115 228 2 115 2 228 115 115 228 115 115 115 2 2 115 228 228 2 2 115 115 228 228 2 228 115 228 228 115 228 228 115 228 2 2 115 228 228 2 115 228 228 228 115 115 228 115 2 115 228 115 228 115 115 228 2 228 115 228 228 115 228 228 115 2 115 2 228 228 2 228 2 2 115 115 228 115 115 2 115 115 2 228 228 115 228 115 2 2 115 228 115 228 115 228 2 115 228 2 115 115 115 115 115 2 115 2 2 228 228 115 115 115 2 2 115 228 115 228 115 228 2 115 1 228 
c [Signal] Signal interruption. Caught signal: SIGTERM (15).
c [Main] Child pid 230 - 54062 terminated by signal 15.
c [Main] Child pid 228 - 54064 terminated by signal 15.
c [Signal] Signal interruption. Caught signal: SIGTERM (15).
c [Main] All children have completed.
r [Main] 
r [Main] Final results: 
r [Main] Lowest label SAT:  	227.
r [Main] Highest label UNSAT:	226.
r [Main] Total real time: 6508 ms.
r [Main] Total memory consumed: 2120 MB.
r [Main] 
