c [Version] Minimize Makespan Labeling Encoder version 1.0.0.
c [Param] Target value is set to 90.
c [Param] LB is predefined as 91.
c [Param] UB is predefined as 318.
c [Param] Target value is set to Antibandwidth.
c [Param] Vertices mode is set to Has hole.
c [Param] Result verification is ON.
c [Param] Memory limit is set to 30000.
c [Param] Real time limit is set to 1800.
c [Param] Worker count is set to 8.
c [Param] Max CNF size is set to 10.
c [Main] Search strategy: Iterating from upper bound.
c [Main] Search order: 318 317 316 315 314 313 312 311 310 309 308 307 306 305 304 303 302 301 300 299 298 297 296 295 294 293 292 291 290 289 288 287 286 285 284 283 282 281 280 279 278 277 276 275 274 273 272 271 270 269 268 267 266 265 264 263 262 261 260 259 258 257 256 255 254 253 252 251 250 249 248 247 246 245 244 243 242 241 240 239 238 237 236 235 234 233 232 231 230 229 228 227 226 225 224 223 222 221 220 219 218 217 216 215 214 213 212 211 210 209 208 207 206 205 204 203 202 201 200 199 198 197 196 195 194 193 192 191 190 189 188 187 186 185 184 183 182 181 180 179 178 177 176 175 174 173 172 171 170 169 168 167 166 165 164 163 162 161 160 159 158 157 156 155 154 153 152 151 150 149 148 147 146 145 144 143 142 141 140 139 138 137 136 135 134 133 132 131 130 129 128 127 126 125 124 123 122 121 120 119 118 117 116 115 114 113 112 111 110 109 108 107 106 105 104 103 102 101 100 99 98 97 96 95 94 93 92 91.
c [Main] Encoding and solving for graph: O-impcol_d.mtx.rnd.
c [Label = 318] Minimize Makespan Labeling problem (O-impcol_d.mtx.rnd):
c [Label = 317] Minimize Makespan Labeling problem (O-impcol_d.mtx.rnd):
c [Label = 316] Minimize Makespan Labeling problem (O-impcol_d.mtx.rnd):
c [Label = 312] Minimize Makespan Labeling problem (O-impcol_d.mtx.rnd):
c [Label = 311] Minimize Makespan Labeling problem (O-impcol_d.mtx.rnd):
c [Label = 314] Minimize Makespan Labeling problem (O-impcol_d.mtx.rnd):
c [Label = 313] Minimize Makespan Labeling problem (O-impcol_d.mtx.rnd):
c [Label = 315] Minimize Makespan Labeling problem (O-impcol_d.mtx.rnd):
c [Label = 312] Encoding starts with target value = 90:
c [Label = 312] Encoding duration: 3361ms.
c [Label = 312] Number of clauses: 1966038.
c [Label = 312] Number of variables: 338394.
c [Label = 312] Solving duration: 11195 ms.
s [Label = 312] SAT (w = 90).
c [Label = 312] Label assignment: 1 1 1 1 1 1 1 1 1 1 1 1 1 91 1 1 1 1 1 91 1 1 1 131 1 1 91 91 1 1 91 91 311 1 91 1 1 1 91 1 1 1 1 1 91 1 1 91 1 181 1 1 1 91 1 311 91 91 91 1 181 1 1 91 1 91 221 181 181 91 1 91 1 1 1 1 1 311 1 1 221 131 1 221 1 91 1 1 1 131 1 91 91 1 181 1 91 91 1 1 91 131 91 181 91 91 183 181 181 181 181 312 221 181 91 1 1 1 1 312 1 1 1 1 91 312 91 1 181 91 1 131 1 91 312 91 271 271 311 312 91 311 131 91 1 1 1 91 312 91 312 312 91 1 181 1 1 91 91 1 1 181 181 91 91 181 131 1 181 91 91 91 181 1 312 311 181 91 181 91 91 91 1 1 221 91 311 312 131 312 221 181 222 91 271 312 312 91 91 312 312 91 91 181 312 91 312 181 312 1 312 181 1 181 1 91 91 312 181 181 181 312 282 181 1 1 1 181 181 91 1 91 181 311 1 1 1 1 311 1 221 222 91 1 1 1 91 1 91 1 1 282 91 181 1 91 181 221 181 312 91 191 91 1 93 181 181 1 1 93 311 91 91 221 91 131 131 311 311 98 181 312 181 312 91 181 91 92 221 312 312 131 91 91 1 271 181 181 311 91 312 91 221 1 91 91 1 1 91 181 1 1 311 91 221 1 1 131 221 312 312 271 312 1 221 181 181 221 1 312 221 312 312 1 91 191 91 312 181 181 181 271 221 221 1 97 1 1 91 91 131 91 192 312 91 282 91 312 1 1 311 311 271 1 312 181 1 91 311 91 91 91 311 41 181 222 1 311 181 1 91 181 181 311 182 191 311 1 311 1 181 91 221 91 271 182 271 181 181 221 311 181 181 311 181 271 91 131 181 91 1 312 271 93 311 221 182 1 181 93 221 271 221 1 1 
c [Label = 314] Encoding starts with target value = 90:
c [Label = 314] Encoding duration: 3338ms.
c [Label = 314] Number of clauses: 1980425.
c [Label = 314] Number of variables: 340094.
c [Label = 314] Solving duration: 11271 ms.
s [Label = 314] SAT (w = 90).
c [Label = 314] Label assignment: 1 1 1 1 1 1 1 1 1 1 1 1 1 91 1 1 1 1 1 91 1 1 1 133 1 1 91 91 1 1 91 91 313 1 91 1 1 1 91 1 1 1 1 1 91 1 1 91 1 181 1 1 1 91 1 313 91 91 91 1 181 1 1 91 1 91 223 181 181 91 1 91 1 1 1 1 1 313 1 1 223 133 1 223 1 91 1 1 1 133 1 91 91 1 181 1 91 91 1 1 91 133 91 181 91 91 183 181 181 181 181 314 223 181 91 1 1 1 1 314 1 1 1 1 91 314 91 1 181 91 1 133 1 91 314 91 271 271 313 314 91 313 133 91 1 1 1 91 314 91 314 314 91 1 181 1 1 91 91 1 1 181 181 91 91 181 133 1 181 91 91 91 181 1 314 313 181 91 181 91 91 91 1 1 223 91 313 314 133 314 223 181 224 91 271 314 314 91 91 314 314 91 91 181 314 91 314 181 314 1 314 181 1 181 1 91 91 314 181 181 181 314 282 181 1 1 1 181 181 91 1 91 181 313 1 1 1 1 313 1 223 224 91 1 1 1 91 1 91 1 1 282 91 181 1 91 181 223 181 314 91 191 91 1 93 181 181 1 1 93 313 91 91 223 91 133 133 313 313 98 181 314 181 314 91 181 91 92 223 314 314 133 91 91 1 271 181 181 313 91 314 91 223 1 91 91 1 1 91 181 1 1 313 91 223 1 1 133 223 314 314 271 314 1 223 181 181 223 1 314 223 314 314 1 91 191 91 314 181 181 181 271 223 223 1 97 1 1 91 91 133 91 192 314 91 282 91 314 1 1 313 313 271 1 314 181 1 91 313 91 91 91 313 43 181 224 1 313 181 1 91 181 181 313 182 191 313 1 313 1 181 91 223 91 271 182 271 181 181 223 313 181 181 313 181 271 91 133 181 91 1 314 271 93 313 223 182 1 181 93 223 271 223 1 1 
c [Label = 313] Encoding starts with target value = 90:
c [Label = 313] Encoding duration: 3396ms.
c [Label = 313] Number of clauses: 1973231.
c [Label = 313] Number of variables: 339244.
c [Label = 313] Solving duration: 11288 ms.
s [Label = 313] SAT (w = 90).
c [Label = 313] Label assignment: 1 1 1 1 1 1 1 1 1 1 1 1 1 91 1 1 1 1 1 91 1 1 1 132 1 1 91 91 1 1 91 91 312 1 91 1 1 1 91 1 1 1 1 1 91 1 1 91 1 181 1 1 1 91 1 312 91 91 91 1 181 1 1 91 1 91 222 181 181 91 1 91 1 1 1 1 1 312 1 1 222 132 1 222 1 91 1 1 1 132 1 91 91 1 181 1 91 91 1 1 91 132 91 181 91 91 183 181 181 181 181 313 222 181 91 1 1 1 1 313 1 1 1 1 91 313 91 1 181 91 1 132 1 91 313 91 271 271 312 313 91 312 132 91 1 1 1 91 313 91 313 313 91 1 181 1 1 91 91 1 1 181 181 91 91 181 132 1 181 91 91 91 181 1 313 312 181 91 181 91 91 91 1 1 222 91 312 313 132 313 222 181 223 91 271 313 313 91 91 313 313 91 91 181 313 91 313 181 313 1 313 181 1 181 1 91 91 313 181 181 181 313 282 181 1 1 1 181 181 91 1 91 181 312 1 1 1 1 312 1 222 223 91 1 1 1 91 1 91 1 1 282 91 181 1 91 181 222 181 313 91 191 91 1 93 181 181 1 1 93 312 91 91 222 91 132 132 312 312 98 181 313 181 313 91 181 91 92 222 313 313 132 91 91 1 271 181 181 312 91 313 91 222 1 91 91 1 1 91 181 1 1 312 91 222 1 1 132 222 313 313 271 313 1 222 181 181 222 1 313 222 313 313 1 91 191 91 313 181 181 181 271 222 222 1 97 1 1 91 91 132 91 192 313 91 282 91 313 1 1 312 312 271 1 313 181 1 91 312 91 91 91 312 42 181 223 1 312 181 1 91 181 181 312 182 191 312 1 312 1 181 91 222 91 271 182 271 181 181 222 312 181 181 312 181 271 91 132 181 91 1 313 271 93 312 222 182 1 181 93 222 271 222 1 1 
c [Signal] Signal interruption. Caught signal: SIGTERM (15).
c [Label = 315] Encoding starts with target value = 90:
c [Label = 315] Encoding duration: 3660ms.
c [Label = 315] Number of clauses: 1987618.
c [Label = 315] Number of variables: 340944.
c [Label = 315] Solving duration: 11211 ms.
s [Label = 315] SAT (w = 90).
c [Label = 315] Label assignment: 1 1 1 1 1 1 1 1 1 1 1 1 1 91 1 1 1 1 1 91 1 1 1 134 1 1 91 91 1 1 91 91 314 1 91 1 1 1 91 1 1 1 1 1 91 1 1 91 1 181 1 1 1 91 1 314 91 91 91 1 181 1 1 91 1 91 224 181 181 91 1 91 1 1 1 1 1 314 1 1 224 134 1 224 1 91 1 1 1 134 1 91 91 1 181 1 91 91 1 1 91 134 91 181 91 91 183 181 181 181 181 315 224 181 91 1 1 1 1 315 1 1 1 1 91 315 91 1 181 91 1 134 1 91 315 91 271 271 314 315 91 314 134 91 1 1 1 91 315 91 315 315 91 1 181 1 1 91 91 1 1 181 181 91 91 181 134 1 181 91 91 91 181 1 315 314 181 91 181 91 91 91 1 1 224 91 314 315 134 315 224 181 225 91 271 315 315 91 91 315 315 91 91 181 315 91 315 181 315 1 315 181 1 181 1 91 91 315 181 181 181 315 282 181 1 1 1 181 181 91 1 91 181 314 1 1 1 1 314 1 224 225 91 1 1 1 91 1 91 1 1 282 91 181 1 91 181 224 181 315 91 191 91 1 93 181 181 1 1 93 314 91 91 224 91 134 134 314 314 98 181 315 181 315 91 181 91 92 224 315 315 134 91 91 1 271 181 181 314 91 315 91 224 1 91 91 1 1 91 181 1 1 314 91 224 1 1 134 224 315 315 271 315 1 224 181 181 224 1 315 224 315 315 1 91 191 91 315 181 181 181 271 224 224 1 97 1 1 91 91 134 91 192 315 91 282 91 315 1 1 314 314 271 1 315 181 1 91 314 91 91 91 314 44 181 225 1 314 181 1 91 181 181 314 182 191 314 1 314 1 181 91 224 91 271 182 271 181 181 224 314 181 181 314 181 271 91 134 181 91 1 315 271 93 314 224 182 1 181 93 224 271 224 1 1 
c [Signal] Signal interruption. Caught signal: SIGTERM (15).
c [Label = 316] Encoding starts with target value = 90:
c [Label = 316] Encoding duration: 3434ms.
c [Label = 316] Number of clauses: 1994812.
c [Label = 316] Number of variables: 341794.
c [Label = 316] Solving duration: 11269 ms.
s [Label = 316] SAT (w = 90).
c [Label = 316] Label assignment: 1 1 1 1 1 1 1 1 1 1 1 1 1 91 1 1 1 1 1 91 1 1 1 135 1 1 91 91 1 1 91 91 315 1 91 1 1 1 91 1 1 1 1 1 91 1 1 91 1 181 1 1 1 91 1 315 91 91 91 1 181 1 1 91 1 91 225 181 181 91 1 91 1 1 1 1 1 315 1 1 225 135 1 225 1 91 1 1 1 135 1 91 91 1 181 1 91 91 1 1 91 135 91 181 91 91 183 181 181 181 181 316 225 181 91 1 1 1 1 316 1 1 1 1 91 316 91 1 181 91 1 135 1 91 316 91 271 271 315 316 91 315 135 91 1 1 1 91 316 91 316 316 91 1 181 1 1 91 91 1 1 181 181 91 91 181 135 1 181 91 91 91 181 1 316 315 181 91 181 91 91 91 1 1 225 91 315 316 135 316 225 181 226 91 271 316 316 91 91 316 316 91 91 181 316 91 316 181 316 1 316 181 1 181 1 91 91 316 181 181 181 316 282 181 1 1 1 181 181 91 1 91 181 315 1 1 1 1 315 1 225 226 91 1 1 1 91 1 91 1 1 282 91 181 1 91 181 225 181 316 91 191 91 1 93 181 181 1 1 93 315 91 91 225 91 135 135 315 315 98 181 316 181 316 91 181 91 92 225 316 316 135 91 91 1 271 181 181 315 91 316 91 225 1 91 91 1 1 91 181 1 1 315 91 225 1 1 135 225 316 316 271 316 1 225 181 181 225 1 316 225 316 316 1 91 191 91 316 181 181 181 271 225 225 1 97 1 1 91 91 135 91 192 316 91 282 91 316 1 1 315 315 271 1 316 181 1 91 315 91 91 91 315 45 181 226 1 315 181 1 91 181 181 315 182 191 315 1 315 1 181 91 225 91 271 182 271 181 181 225 315 181 181 315 181 271 91 135 181 91 1 316 271 93 315 225 182 1 181 93 225 271 225 1 1 
c [Signal] Signal interruption. Caught signal: SIGTERM (15).
c [Main] Lowest label SAT is set to 312.
c [Main] Kill higher label pid 313.
c [Main] Kill higher label pid 314.
c [Main] Kill higher label pid 315.
c [Main] Kill higher label pid 316.
c [Main] Kill higher label pid 317.
c [Main] Kill higher label pid 318.
c [Label = 317] Encoding starts with target value = 90:
c [Label = 317] Encoding duration: 3402ms.
c [Label = 317] Number of clauses: 2002005.
c [Label = 317] Number of variables: 342644.
c [Label = 317] Solving duration: 11267 ms.
s [Label = 317] SAT (w = 90).
c [Label = 317] Label assignment: 1 1 1 1 1 1 1 1 1 1 1 1 1 91 1 1 1 1 1 91 1 1 1 136 1 1 91 91 1 1 91 91 316 1 91 1 1 1 91 1 1 1 1 1 91 1 1 91 1 181 1 1 1 91 1 316 91 91 91 1 181 1 1 91 1 91 226 181 181 91 1 91 1 1 1 1 1 316 1 1 226 136 1 226 1 91 1 1 1 136 1 91 91 1 181 1 91 91 1 1 91 136 91 181 91 91 183 181 181 181 181 317 226 181 91 1 1 1 1 317 1 1 1 1 91 317 91 1 181 91 1 136 1 91 317 91 271 271 316 317 91 316 136 91 1 1 1 91 317 91 317 317 91 1 181 1 1 91 91 1 1 181 181 91 91 181 136 1 181 91 91 91 181 1 317 316 181 91 181 91 91 91 1 1 226 91 316 317 136 317 226 181 227 91 271 317 317 91 91 317 317 91 91 181 317 91 317 181 317 1 317 181 1 181 1 91 91 317 181 181 181 317 282 181 1 1 1 181 181 91 1 91 181 316 1 1 1 1 316 1 226 227 91 1 1 1 91 1 91 1 1 282 91 181 1 91 181 226 181 317 91 191 91 1 93 181 181 1 1 93 316 91 91 226 91 136 136 316 316 98 181 317 181 317 91 181 91 92 226 317 317 136 91 91 1 271 181 181 316 91 317 91 226 1 91 91 1 1 91 181 1 1 316 91 226 1 1 136 226 317 317 271 317 1 226 181 181 226 1 317 226 317 317 1 91 191 91 317 181 181 181 271 226 226 1 97 1 1 91 91 136 91 192 317 91 282 91 317 1 1 316 316 271 1 317 181 1 91 316 91 91 91 316 46 181 227 1 316 181 1 91 181 181 316 182 191 316 1 316 1 181 91 226 91 271 182 271 181 181 226 316 181 181 316 181 271 91 136 181 91 1 317 271 93 316 226 182 1 181 93 226 271 226 1 1 
c [Signal] Signal interruption. Caught signal: SIGTERM (15).
c [Label = 318] Encoding starts with target value = 90:
c [Label = 318] Encoding duration: 3465ms.
c [Label = 318] Number of clauses: 2009199.
c [Label = 318] Number of variables: 343494.
c [Label = 318] Solving duration: 11283 ms.
s [Label = 318] SAT (w = 90).
c [Label = 318] Label assignment: 1 1 1 1 1 1 1 1 1 1 1 1 1 91 1 1 1 1 1 91 1 1 1 137 1 1 91 91 1 1 91 91 317 1 91 1 1 1 91 1 1 1 1 1 91 1 1 91 1 181 1 1 1 91 1 317 91 91 91 1 181 1 1 91 1 91 227 181 181 91 1 91 1 1 1 1 1 317 1 1 227 137 1 227 1 91 1 1 1 137 1 91 91 1 181 1 91 91 1 1 91 137 91 181 91 91 183 181 181 181 181 318 227 181 91 1 1 1 1 318 1 1 1 1 91 318 91 1 181 91 1 137 1 91 318 91 271 271 317 318 91 317 137 91 1 1 1 91 318 91 318 318 91 1 181 1 1 91 91 1 1 181 181 91 91 181 137 1 181 91 91 91 181 1 318 317 181 91 181 91 91 91 1 1 227 91 317 318 137 318 227 181 228 91 271 318 318 91 91 318 318 91 91 181 318 91 318 181 318 1 318 181 1 181 1 91 91 318 181 181 181 318 282 181 1 1 1 181 181 91 1 91 181 317 1 1 1 1 317 1 227 228 91 1 1 1 91 1 91 1 1 282 91 181 1 91 181 227 181 318 91 191 91 1 93 181 181 1 1 93 317 91 91 227 91 137 137 317 317 98 181 318 181 318 91 181 91 92 227 318 318 137 91 91 1 271 181 181 317 91 318 91 227 1 91 91 1 1 91 181 1 1 317 91 227 1 1 137 227 318 318 271 318 1 227 181 181 227 1 318 227 318 318 1 91 191 91 318 181 181 181 271 227 227 1 97 1 1 91 91 137 91 192 318 91 282 91 318 1 1 317 317 271 1 318 181 1 91 317 91 91 91 317 47 181 228 1 317 181 1 91 181 181 317 182 191 317 1 317 1 181 91 227 91 271 182 271 181 181 227 317 181 181 317 181 271 91 137 181 91 1 318 271 93 317 227 182 1 181 93 227 271 227 1 1 
c [Signal] Signal interruption. Caught signal: SIGTERM (15).
c [Label = 310] Minimize Makespan Labeling problem (O-impcol_d.mtx.rnd):
c [Main] Child pid 316 - 59303 terminated by signal 15.
c [Main] Child pid 315 - 59304 terminated by signal 15.
c [Main] Child pid 313 - 59306 terminated by signal 15.
c [Label = 307] Minimize Makespan Labeling problem (O-impcol_d.mtx.rnd):
c [Label = 309] Minimize Makespan Labeling problem (O-impcol_d.mtx.rnd):
c [Label = 308] Minimize Makespan Labeling problem (O-impcol_d.mtx.rnd):
c [Main] Child pid 317 - 59302 terminated by signal 15.
c [Main] Child pid 318 - 59301 terminated by signal 15.
c [Label = 306] Minimize Makespan Labeling problem (O-impcol_d.mtx.rnd):
c [Label = 305] Minimize Makespan Labeling problem (O-impcol_d.mtx.rnd):
c [Label = 304] Minimize Makespan Labeling problem (O-impcol_d.mtx.rnd):
c [Label = 311] Encoding starts with target value = 90:
c [Label = 311] Encoding duration: 3702ms.
c [Label = 311] Number of clauses: 1958844.
c [Label = 311] Number of variables: 337544.
c [Label = 311] Solving duration: 11190 ms.
s [Label = 311] SAT (w = 90).
c [Label = 311] Label assignment: 1 1 1 1 1 1 1 1 1 1 1 1 1 91 1 1 1 1 1 91 1 1 1 130 1 1 91 91 1 1 91 91 310 1 91 1 1 1 91 1 1 1 1 1 91 1 1 91 1 181 1 1 1 91 1 310 91 91 91 1 181 1 1 91 1 91 220 181 181 91 1 91 1 1 1 1 1 310 1 1 220 130 1 220 1 91 1 1 1 130 1 91 91 1 181 1 91 91 1 1 91 130 91 181 91 91 183 181 181 181 181 311 220 181 91 1 1 1 1 311 1 1 1 1 91 311 91 1 181 91 1 130 1 91 311 91 271 271 310 311 91 310 130 91 1 1 1 91 311 91 311 311 91 1 181 1 1 91 91 1 1 181 181 91 91 181 130 1 181 91 91 91 181 1 311 310 181 91 181 91 91 91 1 1 220 91 310 311 130 311 220 181 221 91 271 311 311 91 91 311 311 91 91 181 311 91 311 181 311 1 311 181 1 181 1 91 91 311 181 181 181 311 282 181 1 1 1 181 181 91 1 91 181 310 1 1 1 1 310 1 220 221 91 1 1 1 91 1 91 1 1 282 91 181 1 91 181 220 181 311 91 191 91 1 93 181 181 1 1 93 310 91 91 220 91 130 130 310 310 98 181 311 181 311 91 181 91 92 220 311 311 130 91 91 1 271 181 181 310 91 311 91 220 1 91 91 1 1 91 181 1 1 310 91 220 1 1 130 220 311 311 271 311 1 220 181 181 220 1 311 220 311 311 1 91 191 91 311 181 181 181 271 220 220 1 97 1 1 91 91 130 91 192 311 91 282 91 311 1 1 310 310 271 1 311 181 1 91 310 91 91 91 310 40 181 221 1 310 181 1 91 181 181 310 182 191 310 1 310 1 181 91 220 91 271 182 271 181 181 220 310 181 181 310 181 271 91 130 181 91 1 311 271 93 310 220 182 1 181 93 220 271 220 1 1 
c [Main] Lowest label SAT is set to 311.
c [Label = 303] Minimize Makespan Labeling problem (O-impcol_d.mtx.rnd):
c [Label = 304] Encoding starts with target value = 90:
c [Label = 304] Encoding duration: 3199ms.
c [Label = 304] Number of clauses: 1908490.
c [Label = 304] Number of variables: 331594.
c [Label = 304] Solving duration: 10944 ms.
s [Label = 304] SAT (w = 90).
c [Label = 304] Label assignment: 1 1 1 1 1 1 1 1 1 1 1 1 1 91 1 1 1 1 1 91 1 1 1 123 1 1 91 91 1 1 91 91 303 1 91 1 1 1 91 1 1 1 1 1 91 1 1 91 1 181 1 1 1 91 1 303 91 91 91 1 181 1 1 91 1 91 213 181 181 91 1 91 1 1 1 1 1 303 1 1 213 123 1 213 1 91 1 1 1 123 1 91 91 1 181 1 91 91 1 1 91 123 91 181 91 91 183 181 181 181 181 304 213 181 91 1 1 1 1 304 1 1 1 1 91 304 91 1 181 91 1 123 1 91 304 91 271 271 303 304 91 303 123 91 1 1 1 91 304 91 304 304 91 1 181 1 1 91 91 1 1 181 181 91 91 181 123 1 181 91 91 91 181 1 304 303 181 91 181 91 91 91 1 1 213 91 303 304 123 304 213 181 214 91 271 304 304 91 91 304 304 91 91 181 304 91 304 181 304 1 304 181 1 181 1 91 91 304 181 181 181 304 282 181 1 1 1 181 181 91 1 91 181 303 1 1 1 1 303 1 213 214 91 1 1 1 91 1 91 1 1 282 91 181 1 91 181 213 181 304 91 191 91 1 93 181 181 1 1 93 303 91 91 213 91 123 123 303 303 98 181 304 181 304 91 181 91 92 213 304 304 123 91 91 1 271 181 181 303 91 304 91 213 1 91 91 1 1 91 181 1 1 303 91 213 1 1 123 213 304 304 271 304 1 213 181 181 213 1 304 213 304 304 1 91 191 91 304 181 181 181 271 213 213 1 97 1 1 91 91 123 91 192 304 91 282 91 304 1 1 303 303 271 1 304 181 1 91 303 91 91 91 303 33 181 214 1 303 181 1 91 181 181 303 182 191 303 1 303 1 181 91 213 91 271 182 271 181 181 213 303 181 181 303 181 271 91 123 181 91 1 304 271 93 303 213 182 1 181 93 213 271 213 1 1 
c [Label = 307] Encoding starts with target value = 90:
c [Label = 307] Encoding duration: 3199ms.
c [Label = 307] Number of clauses: 1930070.
c [Label = 307] Number of variables: 334144.
c [Label = 307] Solving duration: 10957 ms.
s [Label = 307] SAT (w = 90).
c [Label = 307] Label assignment: 1 1 1 1 1 1 1 1 1 1 1 1 1 91 1 1 1 1 1 91 1 1 1 126 1 1 91 91 1 1 91 91 306 1 91 1 1 1 91 1 1 1 1 1 91 1 1 91 1 181 1 1 1 91 1 306 91 91 91 1 181 1 1 91 1 91 216 181 181 91 1 91 1 1 1 1 1 306 1 1 216 126 1 216 1 91 1 1 1 126 1 91 91 1 181 1 91 91 1 1 91 126 91 181 91 91 183 181 181 181 181 307 216 181 91 1 1 1 1 307 1 1 1 1 91 307 91 1 181 91 1 126 1 91 307 91 271 271 306 307 91 306 126 91 1 1 1 91 307 91 307 307 91 1 181 1 1 91 91 1 1 181 181 91 91 181 126 1 181 91 91 91 181 1 307 306 181 91 181 91 91 91 1 1 216 91 306 307 126 307 216 181 217 91 271 307 307 91 91 307 307 91 91 181 307 91 307 181 307 1 307 181 1 181 1 91 91 307 181 181 181 307 282 181 1 1 1 181 181 91 1 91 181 306 1 1 1 1 306 1 216 217 91 1 1 1 91 1 91 1 1 282 91 181 1 91 181 216 181 307 91 191 91 1 93 181 181 1 1 93 306 91 91 216 91 126 126 306 306 98 181 307 181 307 91 181 91 92 216 307 307 126 91 91 1 271 181 181 306 91 307 91 216 1 91 91 1 1 91 181 1 1 306 91 216 1 1 126 216 307 307 271 307 1 216 181 181 216 1 307 216 307 307 1 91 191 91 307 181 181 181 271 216 216 1 97 1 1 91 91 126 91 192 307 91 282 91 307 1 1 306 306 271 1 307 181 1 91 306 91 91 91 306 36 181 217 1 306 181 1 91 181 181 306 182 191 306 1 306 1 181 91 216 91 271 182 271 181 181 216 306 181 181 306 181 271 91 126 181 91 1 307 271 93 306 216 182 1 181 93 216 271 216 1 1 
c [Label = 308] Encoding starts with target value = 90:
c [Label = 308] Encoding duration: 3161ms.
c [Label = 308] Number of clauses: 1937264.
c [Label = 308] Number of variables: 334994.
c [Label = 308] Solving duration: 11001 ms.
s [Label = 308] SAT (w = 90).
c [Label = 308] Label assignment: 1 1 1 1 1 1 1 1 1 1 1 1 1 91 1 1 1 1 1 91 1 1 1 127 1 1 91 91 1 1 91 91 307 1 91 1 1 1 91 1 1 1 1 1 91 1 1 91 1 181 1 1 1 91 1 307 91 91 91 1 181 1 1 91 1 91 217 181 181 91 1 91 1 1 1 1 1 307 1 1 217 127 1 217 1 91 1 1 1 127 1 91 91 1 181 1 91 91 1 1 91 127 91 181 91 91 183 181 181 181 181 308 217 181 91 1 1 1 1 308 1 1 1 1 91 308 91 1 181 91 1 127 1 91 308 91 271 271 307 308 91 307 127 91 1 1 1 91 308 91 308 308 91 1 181 1 1 91 91 1 1 181 181 91 91 181 127 1 181 91 91 91 181 1 308 307 181 91 181 91 91 91 1 1 217 91 307 308 127 308 217 181 218 91 271 308 308 91 91 308 308 91 91 181 308 91 308 181 308 1 308 181 1 181 1 91 91 308 181 181 181 308 282 181 1 1 1 181 181 91 1 91 181 307 1 1 1 1 307 1 217 218 91 1 1 1 91 1 91 1 1 282 91 181 1 91 181 217 181 308 91 191 91 1 93 181 181 1 1 93 307 91 91 217 91 127 127 307 307 98 181 308 181 308 91 181 91 92 217 308 308 127 91 91 1 271 181 181 307 91 308 91 217 1 91 91 1 1 91 181 1 1 307 91 217 1 1 127 217 308 308 271 308 1 217 181 181 217 1 308 217 308 308 1 91 191 91 308 181 181 181 271 217 217 1 97 1 1 91 91 127 91 192 308 91 282 91 308 1 1 307 307 271 1 308 181 1 91 307 91 91 91 307 37 181 218 1 307 181 1 91 181 181 307 182 191 307 1 307 1 181 91 217 91 271 182 271 181 181 217 307 181 181 307 181 271 91 127 181 91 1 308 271 93 307 217 182 1 181 93 217 271 217 1 1 
c [Label = 310] Encoding starts with target value = 90:
c [Label = 310] Encoding duration: 3310ms.
c [Label = 310] Number of clauses: 1951651.
c [Label = 310] Number of variables: 336694.
c [Label = 310] Solving duration: 10967 ms.
s [Label = 310] SAT (w = 90).
c [Label = 310] Label assignment: 1 1 1 1 1 1 1 1 1 1 1 1 1 91 1 1 1 1 1 91 1 1 1 129 1 1 91 91 1 1 91 91 309 1 91 1 1 1 91 1 1 1 1 1 91 1 1 91 1 181 1 1 1 91 1 309 91 91 91 1 181 1 1 91 1 91 219 181 181 91 1 91 1 1 1 1 1 309 1 1 219 129 1 219 1 91 1 1 1 129 1 91 91 1 181 1 91 91 1 1 91 129 91 181 91 91 183 181 181 181 181 310 219 181 91 1 1 1 1 310 1 1 1 1 91 310 91 1 181 91 1 129 1 91 310 91 271 271 309 310 91 309 129 91 1 1 1 91 310 91 310 310 91 1 181 1 1 91 91 1 1 181 181 91 91 181 129 1 181 91 91 91 181 1 310 309 181 91 181 91 91 91 1 1 219 91 309 310 129 310 219 181 220 91 271 310 310 91 91 310 310 91 91 181 310 91 310 181 310 1 310 181 1 181 1 91 91 310 181 181 181 310 282 181 1 1 1 181 181 91 1 91 181 309 1 1 1 1 309 1 219 220 91 1 1 1 91 1 91 1 1 282 91 181 1 91 181 219 181 310 91 191 91 1 93 181 181 1 1 93 309 91 91 219 91 129 129 309 309 98 181 310 181 310 91 181 91 92 219 310 310 129 91 91 1 271 181 181 309 91 310 91 219 1 91 91 1 1 91 181 1 1 309 91 219 1 1 129 219 310 310 271 310 1 219 181 181 219 1 310 219 310 310 1 91 191 91 310 181 181 181 271 219 219 1 97 1 1 91 91 129 91 192 310 91 282 91 310 1 1 309 309 271 1 310 181 1 91 309 91 91 91 309 39 181 220 1 309 181 1 91 181 181 309 182 191 309 1 309 1 181 91 219 91 271 182 271 181 181 219 309 181 181 309 181 271 91 129 181 91 1 310 271 93 309 219 182 1 181 93 219 271 219 1 1 
c [Label = 305] Encoding starts with target value = 90:
c [Label = 305] Encoding duration: 3178ms.
c [Label = 305] Number of clauses: 1915683.
c [Label = 305] Number of variables: 332444.
c [Label = 305] Solving duration: 11112 ms.
s [Label = 305] SAT (w = 90).
c [Label = 305] Label assignment: 1 1 1 1 1 1 1 1 1 1 1 1 1 91 1 1 1 1 1 91 1 1 1 124 1 1 91 91 1 1 91 91 304 1 91 1 1 1 91 1 1 1 1 1 91 1 1 91 1 181 1 1 1 91 1 304 91 91 91 1 181 1 1 91 1 91 214 181 181 91 1 91 1 1 1 1 1 304 1 1 214 124 1 214 1 91 1 1 1 124 1 91 91 1 181 1 91 91 1 1 91 124 91 181 91 91 183 181 181 181 181 305 214 181 91 1 1 1 1 305 1 1 1 1 91 305 91 1 181 91 1 124 1 91 305 91 271 271 304 305 91 304 124 91 1 1 1 91 305 91 305 305 91 1 181 1 1 91 91 1 1 181 181 91 91 181 124 1 181 91 91 91 181 1 305 304 181 91 181 91 91 91 1 1 214 91 304 305 124 305 214 181 215 91 271 305 305 91 91 305 305 91 91 181 305 91 305 181 305 1 305 181 1 181 1 91 91 305 181 181 181 305 282 181 1 1 1 181 181 91 1 91 181 304 1 1 1 1 304 1 214 215 91 1 1 1 91 1 91 1 1 282 91 181 1 91 181 214 181 305 91 191 91 1 93 181 181 1 1 93 304 91 91 214 91 124 124 304 304 98 181 305 181 305 91 181 91 92 214 305 305 124 91 91 1 271 181 181 304 91 305 91 214 1 91 91 1 1 91 181 1 1 304 91 214 1 1 124 214 305 305 271 305 1 214 181 181 214 1 305 214 305 305 1 91 191 91 305 181 181 181 271 214 214 1 97 1 1 91 91 124 91 192 305 91 282 91 305 1 1 304 304 271 1 305 181 1 91 304 91 91 91 304 34 181 215 1 304 181 1 91 181 181 304 182 191 304 1 304 1 181 91 214 91 271 182 271 181 181 214 304 181 181 304 181 271 91 124 181 91 1 305 271 93 304 214 182 1 181 93 214 271 214 1 1 
c [Signal] Signal interruption. Caught signal: SIGTERM (15).
c [Label = 306] Encoding starts with target value = 90:
c [Label = 306] Encoding duration: 3186ms.
c [Label = 306] Number of clauses: 1922877.
c [Label = 306] Number of variables: 333294.
c [Label = 306] Solving duration: 11177 ms.
s [Label = 306] SAT (w = 90).
c [Label = 306] Label assignment: 1 1 1 1 1 1 1 1 1 1 1 1 1 91 1 1 1 1 1 91 1 1 1 125 1 1 91 91 1 1 91 91 305 1 91 1 1 1 91 1 1 1 1 1 91 1 1 91 1 181 1 1 1 91 1 305 91 91 91 1 181 1 1 91 1 91 215 181 181 91 1 91 1 1 1 1 1 305 1 1 215 125 1 215 1 91 1 1 1 125 1 91 91 1 181 1 91 91 1 1 91 125 91 181 91 91 183 181 181 181 181 306 215 181 91 1 1 1 1 306 1 1 1 1 91 306 91 1 181 91 1 125 1 91 306 91 271 271 305 306 91 305 125 91 1 1 1 91 306 91 306 306 91 1 181 1 1 91 91 1 1 181 181 91 91 181 125 1 181 91 91 91 181 1 306 305 181 91 181 91 91 91 1 1 215 91 305 306 125 306 215 181 216 91 271 306 306 91 91 306 306 91 91 181 306 91 306 181 306 1 306 181 1 181 1 91 91 306 181 181 181 306 282 181 1 1 1 181 181 91 1 91 181 305 1 1 1 1 305 1 215 216 91 1 1 1 91 1 91 1 1 282 91 181 1 91 181 215 181 306 91 191 91 1 93 181 181 1 1 93 305 91 91 215 91 125 125 305 305 98 181 306 181 306 91 181 91 92 215 306 306 125 91 91 1 271 181 181 305 91 306 91 215 1 91 91 1 1 91 181 1 1 305 91 215 1 1 125 215 306 306 271 306 1 215 181 181 215 1 306 215 306 306 1 91 191 91 306 181 181 181 271 215 215 1 97 1 1 91 91 125 91 192 306 91 282 91 306 1 1 305 305 271 1 306 181 1 91 305 91 91 91 305 35 181 216 1 305 181 1 91 181 181 305 182 191 305 1 305 1 181 91 215 91 271 182 271 181 181 215 305 181 181 305 181 271 91 125 181 91 1 306 271 93 305 215 182 1 181 93 215 271 215 1 1 
c [Signal] Signal interruption. Caught signal: SIGTERM (15).
c [Main] Lowest label SAT is set to 304.
c [Main] Kill higher label pid 305.
c [Main] Kill higher label pid 306.
c [Main] Kill higher label pid 307.
c [Main] Kill higher label pid 308.
c [Main] Kill higher label pid 309.
c [Main] Kill higher label pid 310.
c [Label = 309] Encoding starts with target value = 90:
c [Label = 309] Encoding duration: 3223ms.
c [Label = 309] Number of clauses: 1944457.
c [Label = 309] Number of variables: 335844.
c [Label = 309] Solving duration: 11021 ms.
s [Label = 309] SAT (w = 90).
c [Label = 309] Label assignment: 1 1 1 1 1 1 1 1 1 1 1 1 1 91 1 1 1 1 1 91 1 1 1 128 1 1 91 91 1 1 91 91 308 1 91 1 1 1 91 1 1 1 1 1 91 1 1 91 1 181 1 1 1 91 1 308 91 91 91 1 181 1 1 91 1 91 218 181 181 91 1 91 1 1 1 1 1 308 1 1 218 128 1 218 1 91 1 1 1 128 1 91 91 1 181 1 91 91 1 1 91 128 91 181 91 91 183 181 181 181 181 309 218 181 91 1 1 1 1 309 1 1 1 1 91 309 91 1 181 91 1 128 1 91 309 91 271 271 308 309 91 308 128 91 1 1 1 91 309 91 309 309 91 1 181 1 1 91 91 1 1 181 181 91 91 181 128 1 181 91 91 91 181 1 309 308 181 91 181 91 91 91 1 1 218 91 308 309 128 309 218 181 219 91 271 309 309 91 91 309 309 91 91 181 309 91 309 181 309 1 309 181 1 181 1 91 91 309 181 181 181 309 282 181 1 1 1 181 181 91 1 91 181 308 1 1 1 1 308 1 218 219 91 1 1 1 91 1 91 1 1 282 91 181 1 91 181 218 181 309 91 191 91 1 93 181 181 1 1 93 308 91 91 218 91 128 128 308 308 98 181 309 181 309 91 181 91 92 218 309 309 128 91 91 1 271 181 181 308 91 309 91 218 1 91 91 1 1 91 181 1 1 308 91 218 1 1 128 218 309 309 271 309 1 218 181 181 218 1 309 218 309 309 1 91 191 91 309 181 181 181 271 218 218 1 97 1 1 91 91 128 91 192 309 91 282 91 309 1 1 308 308 271 1 309 181 1 91 308 91 91 91 308 38 181 219 1 308 181 1 91 181 181 308 182 191 308 1 308 1 181 91 218 91 271 182 271 181 181 218 308 181 181 308 181 271 91 128 181 91 1 309 271 93 308 218 182 1 181 93 218 271 218 1 1 
c [Signal] Signal interruption. Caught signal: SIGTERM (15).
c [Label = 302] Minimize Makespan Labeling problem (O-impcol_d.mtx.rnd):
c [Main] Kill higher label pid 309.
c [Main] Kill higher label pid 310.
c [Main] Kill higher label pid 309.
c [Main] Kill higher label pid 310.
c [Label = 301] Minimize Makespan Labeling problem (O-impcol_d.mtx.rnd):
c [Label = 300] Minimize Makespan Labeling problem (O-impcol_d.mtx.rnd):
c [Label = 303] Encoding starts with target value = 90:
c [Label = 303] Encoding duration: 3106ms.
c [Label = 303] Number of clauses: 1901296.
c [Label = 303] Number of variables: 330744.
c [Label = 303] Solving duration: 10923 ms.
s [Label = 303] SAT (w = 90).
c [Label = 303] Label assignment: 1 1 1 1 1 1 1 1 1 1 1 1 1 91 1 1 1 1 1 91 1 1 1 122 1 1 91 91 1 1 91 91 302 1 91 1 1 1 91 1 1 1 1 1 91 1 1 91 1 181 1 1 1 91 1 302 91 91 91 1 181 1 1 91 1 91 212 181 181 91 1 91 1 1 1 1 1 302 1 1 212 122 1 212 1 91 1 1 1 122 1 91 91 1 181 1 91 91 1 1 91 122 91 181 91 91 183 181 181 181 181 303 212 181 91 1 1 1 1 303 1 1 1 1 91 303 91 1 181 91 1 122 1 91 303 91 271 271 302 303 91 302 122 91 1 1 1 91 303 91 303 303 91 1 181 1 1 91 91 1 1 181 181 91 91 181 122 1 181 91 91 91 181 1 303 302 181 91 181 91 91 91 1 1 212 91 302 303 122 303 212 181 213 91 271 303 303 91 91 303 303 91 91 181 303 91 303 181 303 1 303 181 1 181 1 91 91 303 181 181 181 303 282 181 1 1 1 181 181 91 1 91 181 302 1 1 1 1 302 1 212 213 91 1 1 1 91 1 91 1 1 282 91 181 1 91 181 212 181 303 91 191 91 1 93 181 181 1 1 93 302 91 91 212 91 122 122 302 302 98 181 303 181 303 91 181 91 92 212 303 303 122 91 91 1 271 181 181 302 91 303 91 212 1 91 91 1 1 91 181 1 1 302 91 212 1 1 122 212 303 303 271 303 1 212 181 181 212 1 303 212 303 303 1 91 191 91 303 181 181 181 271 212 212 1 97 1 1 91 91 122 91 192 303 91 282 91 303 1 1 302 302 271 1 303 181 1 91 302 91 91 91 302 32 181 213 1 302 181 1 91 181 181 302 182 191 302 1 302 1 181 91 212 91 271 182 271 181 181 212 302 181 181 302 181 271 91 122 181 91 1 303 271 93 302 212 182 1 181 93 212 271 212 1 1 
c [Label = 299] Minimize Makespan Labeling problem (O-impcol_d.mtx.rnd):
c [Main] Child pid 309 - 59312 terminated by signal 15.
c [Main] Child pid 305 - 59316 terminated by signal 15.
c [Label = 298] Minimize Makespan Labeling problem (O-impcol_d.mtx.rnd):
c [Label = 297] Minimize Makespan Labeling problem (O-impcol_d.mtx.rnd):
c [Main] Child pid 306 - 59315 terminated by signal 15.
c [Label = 296] Minimize Makespan Labeling problem (O-impcol_d.mtx.rnd):
c [Main] Lowest label SAT is set to 303.
c [Label = 295] Minimize Makespan Labeling problem (O-impcol_d.mtx.rnd):
c [Label = 300] Encoding starts with target value = 90:
c [Label = 300] Encoding duration: 3050ms.
c [Label = 300] Number of clauses: 1879716.
c [Label = 300] Number of variables: 328194.
c [Label = 300] Solving duration: 10971 ms.
s [Label = 300] SAT (w = 90).
c [Label = 300] Label assignment: 1 1 1 1 1 1 1 1 1 1 1 1 1 91 1 1 1 1 1 91 1 1 1 119 1 1 91 91 1 1 91 91 299 1 91 1 1 1 91 1 1 1 1 1 91 1 1 91 1 181 1 1 1 91 1 299 91 91 91 1 181 1 1 91 1 91 209 181 181 91 1 91 1 1 1 1 1 299 1 1 209 119 1 209 1 91 1 1 1 119 1 91 91 1 181 1 91 91 1 1 91 119 91 181 91 91 183 181 181 181 181 300 209 181 91 1 1 1 1 300 1 1 1 1 91 300 91 1 181 91 1 119 1 91 300 91 271 271 299 300 91 299 119 91 1 1 1 91 300 91 300 300 91 1 181 1 1 91 91 1 1 181 181 91 91 181 119 1 181 91 91 91 181 1 300 299 181 91 181 91 91 91 1 1 209 91 299 300 119 300 209 181 210 91 271 300 300 91 91 300 300 91 91 181 300 91 300 181 300 1 300 181 1 181 1 91 91 300 181 181 181 300 282 181 1 1 1 181 181 91 1 91 181 299 1 1 1 1 299 1 209 210 91 1 1 1 91 1 91 1 1 282 91 181 1 91 181 209 181 300 91 191 91 1 93 181 181 1 1 93 299 91 91 209 91 119 119 299 299 98 181 300 181 300 91 181 91 92 209 300 300 119 91 91 1 271 181 181 299 91 300 91 209 1 91 91 1 1 91 181 1 1 299 91 209 1 1 119 209 300 300 271 300 1 209 181 181 209 1 300 209 300 300 1 91 191 91 300 181 181 181 271 209 209 1 97 1 1 91 91 119 91 192 300 91 282 91 300 1 1 299 299 271 1 300 181 1 91 299 91 91 91 299 29 181 210 1 299 181 1 91 181 181 299 182 191 299 1 299 1 181 91 209 91 271 182 271 181 181 209 299 181 181 299 181 271 91 119 181 91 1 300 271 93 299 209 182 1 181 93 209 271 209 1 1 
c [Main] Lowest label SAT is set to 300.
c [Main] Kill higher label pid 301.
c [Main] Kill higher label pid 302.
c [Label = 301] Encoding starts with target value = 90:
c [Label = 301] Encoding duration: 3173ms.
c [Label = 301] Number of clauses: 1886909.
c [Label = 301] Number of variables: 329044.
c [Label = 301] Solving duration: 11224 ms.
s [Label = 301] SAT (w = 90).
c [Label = 301] Label assignment: 1 1 1 1 1 1 1 1 1 1 1 1 1 91 1 1 1 1 1 91 1 1 1 120 1 1 91 91 1 1 91 91 300 1 91 1 1 1 91 1 1 1 1 1 91 1 1 91 1 181 1 1 1 91 1 300 91 91 91 1 181 1 1 91 1 91 210 181 181 91 1 91 1 1 1 1 1 300 1 1 210 120 1 210 1 91 1 1 1 120 1 91 91 1 181 1 91 91 1 1 91 120 91 181 91 91 183 181 181 181 181 301 210 181 91 1 1 1 1 301 1 1 1 1 91 301 91 1 181 91 1 120 1 91 301 91 271 271 300 301 91 300 120 91 1 1 1 91 301 91 301 301 91 1 181 1 1 91 91 1 1 181 181 91 91 181 120 1 181 91 91 91 181 1 301 300 181 91 181 91 91 91 1 1 210 91 300 301 120 301 210 181 211 91 271 301 301 91 91 301 301 91 91 181 301 91 301 181 301 1 301 181 1 181 1 91 91 301 181 181 181 301 282 181 1 1 1 181 181 91 1 91 181 300 1 1 1 1 300 1 210 211 91 1 1 1 91 1 91 1 1 282 91 181 1 91 181 210 181 301 91 191 91 1 93 181 181 1 1 93 300 91 91 210 91 120 120 300 300 98 181 301 181 301 91 181 91 92 210 301 301 120 91 91 1 271 181 181 300 91 301 91 210 1 91 91 1 1 91 181 1 1 300 91 210 1 1 120 210 301 301 271 301 1 210 181 181 210 1 301 210 301 301 1 91 191 91 301 181 181 181 271 210 210 1 97 1 1 91 91 120 91 192 301 91 282 91 301 1 1 300 300 271 1 301 181 1 91 300 91 91 91 300 30 181 211 1 300 181 1 91 181 181 300 182 191 300 1 300 1 181 91 210 91 271 182 271 181 181 210 300 181 181 300 181 271 91 120 181 91 1 301 271 93 300 210 182 1 181 93 210 271 210 1 1 
c [Signal] Signal interruption. Caught signal: SIGTERM (15).
c [Label = 302] Encoding starts with target value = 90:
c [Label = 302] Encoding duration: 3126ms.
c [Label = 302] Number of clauses: 1894103.
c [Label = 302] Number of variables: 329894.
c [Label = 302] Solving duration: 11038 ms.
s [Label = 302] SAT (w = 90).
c [Label = 302] Label assignment: 1 1 1 1 1 1 1 1 1 1 1 1 1 91 1 1 1 1 1 91 1 1 1 121 1 1 91 91 1 1 91 91 301 1 91 1 1 1 91 1 1 1 1 1 91 1 1 91 1 181 1 1 1 91 1 301 91 91 91 1 181 1 1 91 1 91 211 181 181 91 1 91 1 1 1 1 1 301 1 1 211 121 1 211 1 91 1 1 1 121 1 91 91 1 181 1 91 91 1 1 91 121 91 181 91 91 183 181 181 181 181 302 211 181 91 1 1 1 1 302 1 1 1 1 91 302 91 1 181 91 1 121 1 91 302 91 271 271 301 302 91 301 121 91 1 1 1 91 302 91 302 302 91 1 181 1 1 91 91 1 1 181 181 91 91 181 121 1 181 91 91 91 181 1 302 301 181 91 181 91 91 91 1 1 211 91 301 302 121 302 211 181 212 91 271 302 302 91 91 302 302 91 91 181 302 91 302 181 302 1 302 181 1 181 1 91 91 302 181 181 181 302 282 181 1 1 1 181 181 91 1 91 181 301 1 1 1 1 301 1 211 212 91 1 1 1 91 1 91 1 1 282 91 181 1 91 181 211 181 302 91 191 91 1 93 181 181 1 1 93 301 91 91 211 91 121 121 301 301 98 181 302 181 302 91 181 91 92 211 302 302 121 91 91 1 271 181 181 301 91 302 91 211 1 91 91 1 1 91 181 1 1 301 91 211 1 1 121 211 302 302 271 302 1 211 181 181 211 1 302 211 302 302 1 91 191 91 302 181 181 181 271 211 211 1 97 1 1 91 91 121 91 192 302 91 282 91 302 1 1 301 301 271 1 302 181 1 91 301 91 91 91 301 31 181 212 1 301 181 1 91 181 181 301 182 191 301 1 301 1 181 91 211 91 271 182 271 181 181 211 301 181 181 301 181 271 91 121 181 91 1 302 271 93 301 211 182 1 181 93 211 271 211 1 1 
c [Signal] Signal interruption. Caught signal: SIGTERM (15).
c [Label = 294] Minimize Makespan Labeling problem (O-impcol_d.mtx.rnd):
c [Label = 298] Encoding starts with target value = 90:
c [Label = 298] Encoding duration: 2997ms.
c [Label = 298] Number of clauses: 1865329.
c [Label = 298] Number of variables: 326494.
c [Label = 298] Solving duration: 11035 ms.
s [Label = 298] SAT (w = 90).
c [Label = 298] Label assignment: 1 1 1 1 1 1 1 1 1 1 1 1 1 91 1 1 1 1 1 91 1 1 1 117 1 1 91 91 1 1 91 91 297 1 91 1 1 1 91 1 1 1 1 1 91 1 1 91 1 181 1 1 1 91 1 297 91 91 91 1 181 1 1 91 1 91 207 181 181 91 1 91 1 1 1 1 1 297 1 1 207 117 1 207 1 91 1 1 1 117 1 91 91 1 181 1 91 91 1 1 91 117 91 181 91 91 183 181 181 181 181 298 207 181 91 1 1 1 1 298 1 1 1 1 91 298 91 1 181 91 1 117 1 91 298 91 271 271 297 298 91 297 117 91 1 1 1 91 298 91 298 298 91 1 181 1 1 91 91 1 1 181 181 91 91 181 117 1 181 91 91 91 181 1 298 297 181 91 181 91 91 91 1 1 207 91 297 298 117 298 207 181 208 91 271 298 298 91 91 298 298 91 91 181 298 91 298 181 298 1 298 181 1 181 1 91 91 298 181 181 181 298 282 181 1 1 1 181 181 91 1 91 181 297 1 1 1 1 297 1 207 208 91 1 1 1 91 1 91 1 1 282 91 181 1 91 181 207 181 298 91 191 91 1 93 181 181 1 1 93 297 91 91 207 91 117 117 297 297 98 181 298 181 298 91 181 91 92 207 298 298 117 91 91 1 271 181 181 297 91 298 91 207 1 91 91 1 1 91 181 1 1 297 91 207 1 1 117 207 298 298 271 298 1 207 181 181 207 1 298 207 298 298 1 91 191 91 298 181 181 181 271 207 207 1 97 1 1 91 91 117 91 192 298 91 282 91 298 1 1 297 297 271 1 298 181 1 91 297 91 91 91 297 27 181 208 1 297 181 1 91 181 181 297 182 191 297 1 297 1 181 91 207 91 271 182 271 181 181 207 297 181 181 297 181 271 91 117 181 91 1 298 271 93 297 207 182 1 181 93 207 271 207 1 1 
c [Label = 295] Encoding starts with target value = 90:
c [Label = 295] Encoding duration: 3021ms.
c [Label = 295] Number of clauses: 1843748.
c [Label = 295] Number of variables: 323944.
c [Label = 295] Solving duration: 11018 ms.
s [Label = 295] SAT (w = 90).
c [Label = 295] Label assignment: 1 1 1 1 1 1 1 1 1 1 1 1 1 91 1 1 1 1 1 91 1 1 1 114 1 1 91 91 1 1 91 91 294 1 91 1 1 1 91 1 1 1 1 1 91 1 1 91 1 181 1 1 1 91 1 294 91 91 91 1 181 1 1 91 1 91 204 181 181 91 1 91 1 1 1 1 1 294 1 1 204 114 1 204 1 91 1 1 1 114 1 91 91 1 181 1 91 91 1 1 91 114 91 181 91 91 183 181 181 181 181 295 204 181 91 1 1 1 1 295 1 1 1 1 91 295 91 1 181 91 1 114 1 91 295 91 271 271 294 295 91 294 114 91 1 1 1 91 295 91 295 295 91 1 181 1 1 91 91 1 1 181 181 91 91 181 114 1 181 91 91 91 181 1 295 294 181 91 181 91 91 91 1 1 204 91 294 295 114 295 204 181 205 91 271 295 295 91 91 295 295 91 91 181 295 91 295 181 295 1 295 181 1 181 1 91 91 295 181 181 181 295 282 181 1 1 1 181 181 91 1 91 181 294 1 1 1 1 294 1 204 205 91 1 1 1 91 1 91 1 1 282 91 181 1 91 181 204 181 295 91 191 91 1 93 181 181 1 1 93 294 91 91 204 91 114 114 294 294 98 181 295 181 295 91 181 91 92 204 295 295 114 91 91 1 271 181 181 294 91 295 91 204 1 91 91 1 1 91 181 1 1 294 91 204 1 1 114 204 295 295 271 295 1 204 181 181 204 1 295 204 295 295 1 91 191 91 295 181 181 181 271 204 204 1 97 1 1 91 91 114 91 192 295 91 282 91 295 1 1 294 294 271 1 295 181 1 91 294 91 91 91 294 24 181 205 1 294 181 1 91 181 181 294 182 191 294 1 294 1 181 91 204 91 271 182 271 181 181 204 294 181 181 294 181 271 91 114 181 91 1 295 271 93 294 204 182 1 181 93 204 271 204 1 1 
c [Label = 296] Encoding starts with target value = 90:
c [Label = 296] Encoding duration: 3060ms.
c [Label = 296] Number of clauses: 1850942.
c [Label = 296] Number of variables: 324794.
c [Label = 296] Solving duration: 11000 ms.
s [Label = 296] SAT (w = 90).
c [Label = 296] Label assignment: 1 1 1 1 1 1 1 1 1 1 1 1 1 91 1 1 1 1 1 91 1 1 1 115 1 1 91 91 1 1 91 91 295 1 91 1 1 1 91 1 1 1 1 1 91 1 1 91 1 181 1 1 1 91 1 295 91 91 91 1 181 1 1 91 1 91 205 181 181 91 1 91 1 1 1 1 1 295 1 1 205 115 1 205 1 91 1 1 1 115 1 91 91 1 181 1 91 91 1 1 91 115 91 181 91 91 183 181 181 181 181 296 205 181 91 1 1 1 1 296 1 1 1 1 91 296 91 1 181 91 1 115 1 91 296 91 271 271 295 296 91 295 115 91 1 1 1 91 296 91 296 296 91 1 181 1 1 91 91 1 1 181 181 91 91 181 115 1 181 91 91 91 181 1 296 295 181 91 181 91 91 91 1 1 205 91 295 296 115 296 205 181 206 91 271 296 296 91 91 296 296 91 91 181 296 91 296 181 296 1 296 181 1 181 1 91 91 296 181 181 181 296 282 181 1 1 1 181 181 91 1 91 181 295 1 1 1 1 295 1 205 206 91 1 1 1 91 1 91 1 1 282 91 181 1 91 181 205 181 296 91 191 91 1 93 181 181 1 1 93 295 91 91 205 91 115 115 295 295 98 181 296 181 296 91 181 91 92 205 296 296 115 91 91 1 271 181 181 295 91 296 91 205 1 91 91 1 1 91 181 1 1 295 91 205 1 1 115 205 296 296 271 296 1 205 181 181 205 1 296 205 296 296 1 91 191 91 296 181 181 181 271 205 205 1 97 1 1 91 91 115 91 192 296 91 282 91 296 1 1 295 295 271 1 296 181 1 91 295 91 91 91 295 25 181 206 1 295 181 1 91 181 181 295 182 191 295 1 295 1 181 91 205 91 271 182 271 181 181 205 295 181 181 295 181 271 91 115 181 91 1 296 271 93 295 205 182 1 181 93 205 271 205 1 1 
c [Label = 297] Encoding starts with target value = 90:
c [Label = 297] Encoding duration: 3063ms.
c [Label = 297] Number of clauses: 1858135.
c [Label = 297] Number of variables: 325644.
c [Label = 297] Solving duration: 11001 ms.
s [Label = 297] SAT (w = 90).
c [Label = 297] Label assignment: 1 1 1 1 1 1 1 1 1 1 1 1 1 91 1 1 1 1 1 91 1 1 1 116 1 1 91 91 1 1 91 91 296 1 91 1 1 1 91 1 1 1 1 1 91 1 1 91 1 181 1 1 1 91 1 296 91 91 91 1 181 1 1 91 1 91 206 181 181 91 1 91 1 1 1 1 1 296 1 1 206 116 1 206 1 91 1 1 1 116 1 91 91 1 181 1 91 91 1 1 91 116 91 181 91 91 183 181 181 181 181 297 206 181 91 1 1 1 1 297 1 1 1 1 91 297 91 1 181 91 1 116 1 91 297 91 271 271 296 297 91 296 116 91 1 1 1 91 297 91 297 297 91 1 181 1 1 91 91 1 1 181 181 91 91 181 116 1 181 91 91 91 181 1 297 296 181 91 181 91 91 91 1 1 206 91 296 297 116 297 206 181 207 91 271 297 297 91 91 297 297 91 91 181 297 91 297 181 297 1 297 181 1 181 1 91 91 297 181 181 181 297 282 181 1 1 1 181 181 91 1 91 181 296 1 1 1 1 296 1 206 207 91 1 1 1 91 1 91 1 1 282 91 181 1 91 181 206 181 297 91 191 91 1 93 181 181 1 1 93 296 91 91 206 91 116 116 296 296 98 181 297 181 297 91 181 91 92 206 297 297 116 91 91 1 271 181 181 296 91 297 91 206 1 91 91 1 1 91 181 1 1 296 91 206 1 1 116 206 297 297 271 297 1 206 181 181 206 1 297 206 297 297 1 91 191 91 297 181 181 181 271 206 206 1 97 1 1 91 91 116 91 192 297 91 282 91 297 1 1 296 296 271 1 297 181 1 91 296 91 91 91 296 26 181 207 1 296 181 1 91 181 181 296 182 191 296 1 296 1 181 91 206 91 271 182 271 181 181 206 296 181 181 296 181 271 91 116 181 91 1 297 271 93 296 206 182 1 181 93 206 271 206 1 1 
c [Main] Child pid 302 - 59323 terminated by signal 15.
c [Label = 293] Minimize Makespan Labeling problem (O-impcol_d.mtx.rnd):
c [Main] Child pid 301 - 59324 terminated by signal 15.
c [Label = 299] Encoding starts with target value = 90:
c [Label = 299] Encoding duration: 3074ms.
c [Label = 299] Number of clauses: 1872522.
c [Label = 299] Number of variables: 327344.
c [Label = 299] Solving duration: 11057 ms.
s [Label = 299] SAT (w = 90).
c [Label = 299] Label assignment: 1 1 1 1 1 1 1 1 1 1 1 1 1 91 1 1 1 1 1 91 1 1 1 118 1 1 91 91 1 1 91 91 298 1 91 1 1 1 91 1 1 1 1 1 91 1 1 91 1 181 1 1 1 91 1 298 91 91 91 1 181 1 1 91 1 91 208 181 181 91 1 91 1 1 1 1 1 298 1 1 208 118 1 208 1 91 1 1 1 118 1 91 91 1 181 1 91 91 1 1 91 118 91 181 91 91 183 181 181 181 181 299 208 181 91 1 1 1 1 299 1 1 1 1 91 299 91 1 181 91 1 118 1 91 299 91 271 271 298 299 91 298 118 91 1 1 1 91 299 91 299 299 91 1 181 1 1 91 91 1 1 181 181 91 91 181 118 1 181 91 91 91 181 1 299 298 181 91 181 91 91 91 1 1 208 91 298 299 118 299 208 181 209 91 271 299 299 91 91 299 299 91 91 181 299 91 299 181 299 1 299 181 1 181 1 91 91 299 181 181 181 299 282 181 1 1 1 181 181 91 1 91 181 298 1 1 1 1 298 1 208 209 91 1 1 1 91 1 91 1 1 282 91 181 1 91 181 208 181 299 91 191 91 1 93 181 181 1 1 93 298 91 91 208 91 118 118 298 298 98 181 299 181 299 91 181 91 92 208 299 299 118 91 91 1 271 181 181 298 91 299 91 208 1 91 91 1 1 91 181 1 1 298 91 208 1 1 118 208 299 299 271 299 1 208 181 181 208 1 299 208 299 299 1 91 191 91 299 181 181 181 271 208 208 1 97 1 1 91 91 118 91 192 299 91 282 91 299 1 1 298 298 271 1 299 181 1 91 298 91 91 91 298 28 181 209 1 298 181 1 91 181 181 298 182 191 298 1 298 1 181 91 208 91 271 182 271 181 181 208 298 181 181 298 181 271 91 118 181 91 1 299 271 93 298 208 182 1 181 93 208 271 208 1 1 
c [Label = 292] Minimize Makespan Labeling problem (O-impcol_d.mtx.rnd):
c [Main] Lowest label SAT is set to 298.
c [Main] Kill higher label pid 299.
c [Label = 291] Minimize Makespan Labeling problem (O-impcol_d.mtx.rnd):
c [Main] Lowest label SAT is set to 295.
c [Main] Kill higher label pid 296.
c [Main] Kill higher label pid 297.
c [Main] Kill higher label pid 299.
c [Label = 290] Minimize Makespan Labeling problem (O-impcol_d.mtx.rnd):
c [Main] Kill higher label pid 297.
c [Main] Kill higher label pid 299.
c [Label = 289] Minimize Makespan Labeling problem (O-impcol_d.mtx.rnd):
c [Main] Kill higher label pid 299.
c [Label = 288] Minimize Makespan Labeling problem (O-impcol_d.mtx.rnd):
c [Label = 287] Minimize Makespan Labeling problem (O-impcol_d.mtx.rnd):
c [Label = 288] Encoding starts with target value = 90:
c [Label = 288] Encoding duration: 3063ms.
c [Label = 288] Number of clauses: 1793394.
c [Label = 288] Number of variables: 317994.
c [Label = 288] Solving duration: 10547 ms.
s [Label = 288] SAT (w = 90).
c [Label = 288] Label assignment: 1 1 1 1 1 1 1 1 1 1 1 1 1 91 1 1 1 1 1 91 1 1 1 107 1 1 91 91 1 1 91 91 287 1 91 1 1 1 91 1 1 1 1 1 91 1 1 91 1 181 1 1 1 91 1 287 91 91 91 1 181 1 1 91 1 91 197 181 181 91 1 91 1 1 1 1 1 287 1 1 197 107 1 197 1 91 1 1 1 107 1 91 91 1 181 1 91 91 1 1 91 107 91 181 91 91 183 181 181 181 181 288 197 181 91 1 1 1 1 288 1 1 1 1 91 288 91 1 181 91 1 107 1 91 288 91 271 271 287 288 91 287 107 91 1 1 1 91 288 91 288 288 91 1 181 1 1 91 91 1 1 181 181 91 91 181 107 1 181 91 91 91 181 1 288 287 181 91 181 91 91 91 1 1 197 91 287 288 107 288 197 181 198 91 271 288 288 91 91 288 288 91 91 181 288 91 288 181 288 1 288 181 1 181 1 91 91 288 181 181 181 288 282 181 1 1 1 181 181 91 1 91 181 287 1 1 1 1 287 1 197 198 91 1 1 1 91 1 91 1 1 282 91 181 1 91 181 197 181 288 91 191 91 1 93 181 181 1 1 93 287 91 91 197 91 107 107 287 287 98 181 288 181 288 91 181 91 92 197 288 288 107 91 91 1 271 181 181 287 91 288 91 197 1 91 91 1 1 91 181 1 1 287 91 197 1 1 107 197 288 288 271 288 1 197 181 181 197 1 288 197 288 288 1 91 191 91 288 181 181 181 271 197 197 1 97 1 1 91 91 107 91 192 288 91 282 91 288 1 1 287 287 271 1 288 181 1 91 287 91 91 91 287 17 181 198 1 287 181 1 91 181 181 287 182 191 287 1 287 1 181 91 197 91 271 182 271 181 181 197 287 181 181 287 181 271 91 107 181 91 1 288 271 93 287 197 182 1 181 93 197 271 197 1 1 
c [Label = 289] Encoding starts with target value = 90:
c [Label = 289] Encoding duration: 3088ms.
c [Label = 289] Number of clauses: 1800587.
c [Label = 289] Number of variables: 318844.
c [Label = 289] Solving duration: 10658 ms.
s [Label = 289] SAT (w = 90).
c [Label = 289] Label assignment: 1 1 1 1 1 1 1 1 1 1 1 1 1 91 1 1 1 1 1 91 1 1 1 108 1 1 91 91 1 1 91 91 288 1 91 1 1 1 91 1 1 1 1 1 91 1 1 91 1 181 1 1 1 91 1 288 91 91 91 1 181 1 1 91 1 91 198 181 181 91 1 91 1 1 1 1 1 288 1 1 198 108 1 198 1 91 1 1 1 108 1 91 91 1 181 1 91 91 1 1 91 108 91 181 91 91 183 181 181 181 181 289 198 181 91 1 1 1 1 289 1 1 1 1 91 289 91 1 181 91 1 108 1 91 289 91 271 271 288 289 91 288 108 91 1 1 1 91 289 91 289 289 91 1 181 1 1 91 91 1 1 181 181 91 91 181 108 1 181 91 91 91 181 1 289 288 181 91 181 91 91 91 1 1 198 91 288 289 108 289 198 181 199 91 271 289 289 91 91 289 289 91 91 181 289 91 289 181 289 1 289 181 1 181 1 91 91 289 181 181 181 289 282 181 1 1 1 181 181 91 1 91 181 288 1 1 1 1 288 1 198 199 91 1 1 1 91 1 91 1 1 282 91 181 1 91 181 198 181 289 91 191 91 1 93 181 181 1 1 93 288 91 91 198 91 108 108 288 288 98 181 289 181 289 91 181 91 92 198 289 289 108 91 91 1 271 181 181 288 91 289 91 198 1 91 91 1 1 91 181 1 1 288 91 198 1 1 108 198 289 289 271 289 1 198 181 181 198 1 289 198 289 289 1 91 191 91 289 181 181 181 271 198 198 1 97 1 1 91 91 108 91 192 289 91 282 91 289 1 1 288 288 271 1 289 181 1 91 288 91 91 91 288 18 181 199 1 288 181 1 91 181 181 288 182 191 288 1 288 1 181 91 198 91 271 182 271 181 181 198 288 181 181 288 181 271 91 108 181 91 1 289 271 93 288 198 182 1 181 93 198 271 198 1 1 
c [Signal] Signal interruption. Caught signal: SIGTERM (15).
c [Label = 290] Encoding starts with target value = 90:
c [Label = 290] Encoding duration: 3044ms.
c [Label = 290] Number of clauses: 1807781.
c [Label = 290] Number of variables: 319694.
c [Label = 290] Solving duration: 10784 ms.
s [Label = 290] SAT (w = 90).
c [Label = 290] Label assignment: 1 1 1 1 1 1 1 1 1 1 1 1 1 91 1 1 1 1 1 91 1 1 1 109 1 1 91 91 1 1 91 91 289 1 91 1 1 1 91 1 1 1 1 1 91 1 1 91 1 181 1 1 1 91 1 289 91 91 91 1 181 1 1 91 1 91 199 181 181 91 1 91 1 1 1 1 1 289 1 1 199 109 1 199 1 91 1 1 1 109 1 91 91 1 181 1 91 91 1 1 91 109 91 181 91 91 183 181 181 181 181 290 199 181 91 1 1 1 1 290 1 1 1 1 91 290 91 1 181 91 1 109 1 91 290 91 271 271 289 290 91 289 109 91 1 1 1 91 290 91 290 290 91 1 181 1 1 91 91 1 1 181 181 91 91 181 109 1 181 91 91 91 181 1 290 289 181 91 181 91 91 91 1 1 199 91 289 290 109 290 199 181 200 91 271 290 290 91 91 290 290 91 91 181 290 91 290 181 290 1 290 181 1 181 1 91 91 290 181 181 181 290 282 181 1 1 1 181 181 91 1 91 181 289 1 1 1 1 289 1 199 200 91 1 1 1 91 1 91 1 1 282 91 181 1 91 181 199 181 290 91 191 91 1 93 181 181 1 1 93 289 91 91 199 91 109 109 289 289 98 181 290 181 290 91 181 91 92 199 290 290 109 91 91 1 271 181 181 289 91 290 91 199 1 91 91 1 1 91 181 1 1 289 91 199 1 1 109 199 290 290 271 290 1 199 181 181 199 1 290 199 290 290 1 91 191 91 290 181 181 181 271 199 199 1 97 1 1 91 91 109 91 192 290 91 282 91 290 1 1 289 289 271 1 290 181 1 91 289 91 91 91 289 19 181 200 1 289 181 1 91 181 181 289 182 191 289 1 289 1 181 91 199 91 271 182 271 181 181 199 289 181 181 289 181 271 91 109 181 91 1 290 271 93 289 199 182 1 181 93 199 271 199 1 1 
c [Signal] Signal interruption. Caught signal: SIGTERM (15).
c [Label = 292] Encoding starts with target value = 90:
c [Label = 292] Encoding duration: 3085ms.
c [Label = 292] Number of clauses: 1822168.
c [Label = 292] Number of variables: 321394.
c [Label = 292] Solving duration: 10897 ms.
s [Label = 292] SAT (w = 90).
c [Label = 292] Label assignment: 1 1 1 1 1 1 1 1 1 1 1 1 1 91 1 1 1 1 1 91 1 1 1 111 1 1 91 91 1 1 91 91 291 1 91 1 1 1 91 1 1 1 1 1 91 1 1 91 1 181 1 1 1 91 1 291 91 91 91 1 181 1 1 91 1 91 201 181 181 91 1 91 1 1 1 1 1 291 1 1 201 111 1 201 1 91 1 1 1 111 1 91 91 1 181 1 91 91 1 1 91 111 91 181 91 91 183 181 181 181 181 292 201 181 91 1 1 1 1 292 1 1 1 1 91 292 91 1 181 91 1 111 1 91 292 91 271 271 291 292 91 291 111 91 1 1 1 91 292 91 292 292 91 1 181 1 1 91 91 1 1 181 181 91 91 181 111 1 181 91 91 91 181 1 292 291 181 91 181 91 91 91 1 1 201 91 291 292 111 292 201 181 202 91 271 292 292 91 91 292 292 91 91 181 292 91 292 181 292 1 292 181 1 181 1 91 91 292 181 181 181 292 282 181 1 1 1 181 181 91 1 91 181 291 1 1 1 1 291 1 201 202 91 1 1 1 91 1 91 1 1 282 91 181 1 91 181 201 181 292 91 191 91 1 93 181 181 1 1 93 291 91 91 201 91 111 111 291 291 98 181 292 181 292 91 181 91 92 201 292 292 111 91 91 1 271 181 181 291 91 292 91 201 1 91 91 1 1 91 181 1 1 291 91 201 1 1 111 201 292 292 271 292 1 201 181 181 201 1 292 201 292 292 1 91 191 91 292 181 181 181 271 201 201 1 97 1 1 91 91 111 91 192 292 91 282 91 292 1 1 291 291 271 1 292 181 1 91 291 91 91 91 291 21 181 202 1 291 181 1 91 181 181 291 182 191 291 1 291 1 181 91 201 91 271 182 271 181 181 201 291 181 181 291 181 271 91 111 181 91 1 292 271 93 291 201 182 1 181 93 201 271 201 1 1 
c [Signal] Signal interruption. Caught signal: SIGTERM (15).
c [Label = 291] Encoding starts with target value = 90:
c [Label = 291] Encoding duration: 3079ms.
c [Label = 291] Number of clauses: 1814974.
c [Label = 291] Number of variables: 320544.
c [Label = 291] Solving duration: 10739 ms.
s [Label = 291] SAT (w = 90).
c [Label = 291] Label assignment: 1 1 1 1 1 1 1 1 1 1 1 1 1 91 1 1 1 1 1 91 1 1 1 110 1 1 91 91 1 1 91 91 290 1 91 1 1 1 91 1 1 1 1 1 91 1 1 91 1 181 1 1 1 91 1 290 91 91 91 1 181 1 1 91 1 91 200 181 181 91 1 91 1 1 1 1 1 290 1 1 200 110 1 200 1 91 1 1 1 110 1 91 91 1 181 1 91 91 1 1 91 110 91 181 91 91 183 181 181 181 181 291 200 181 91 1 1 1 1 291 1 1 1 1 91 291 91 1 181 91 1 110 1 91 291 91 271 271 290 291 91 290 110 91 1 1 1 91 291 91 291 291 91 1 181 1 1 91 91 1 1 181 181 91 91 181 110 1 181 91 91 91 181 1 291 290 181 91 181 91 91 91 1 1 200 91 290 291 110 291 200 181 201 91 271 291 291 91 91 291 291 91 91 181 291 91 291 181 291 1 291 181 1 181 1 91 91 291 181 181 181 291 282 181 1 1 1 181 181 91 1 91 181 290 1 1 1 1 290 1 200 201 91 1 1 1 91 1 91 1 1 282 91 181 1 91 181 200 181 291 91 191 91 1 93 181 181 1 1 93 290 91 91 200 91 110 110 290 290 98 181 291 181 291 91 181 91 92 200 291 291 110 91 91 1 271 181 181 290 91 291 91 200 1 91 91 1 1 91 181 1 1 290 91 200 1 1 110 200 291 291 271 291 1 200 181 181 200 1 291 200 291 291 1 91 191 91 291 181 181 181 271 200 200 1 97 1 1 91 91 110 91 192 291 91 282 91 291 1 1 290 290 271 1 291 181 1 91 290 91 91 91 290 20 181 201 1 290 181 1 91 181 181 290 182 191 290 1 290 1 181 91 200 91 271 182 271 181 181 200 290 181 181 290 181 271 91 110 181 91 1 291 271 93 290 200 182 1 181 93 200 271 200 1 1 
c [Signal] Signal interruption. Caught signal: SIGTERM (15).
c [Main] Lowest label SAT is set to 288.
c [Main] Kill higher label pid 289.
c [Main] Kill higher label pid 290.
c [Main] Kill higher label pid 291.
c [Main] Kill higher label pid 292.
c [Main] Kill higher label pid 293.
c [Main] Kill higher label pid 294.
c [Label = 293] Encoding starts with target value = 90:
c [Label = 293] Encoding duration: 3110ms.
c [Label = 293] Number of clauses: 1829361.
c [Label = 293] Number of variables: 322244.
c [Label = 293] Solving duration: 10775 ms.
s [Label = 293] SAT (w = 90).
c [Label = 293] Label assignment: 1 1 1 1 1 1 1 1 1 1 1 1 1 91 1 1 1 1 1 91 1 1 1 112 1 1 91 91 1 1 91 91 292 1 91 1 1 1 91 1 1 1 1 1 91 1 1 91 1 181 1 1 1 91 1 292 91 91 91 1 181 1 1 91 1 91 202 181 181 91 1 91 1 1 1 1 1 292 1 1 202 112 1 202 1 91 1 1 1 112 1 91 91 1 181 1 91 91 1 1 91 112 91 181 91 91 183 181 181 181 181 293 202 181 91 1 1 1 1 293 1 1 1 1 91 293 91 1 181 91 1 112 1 91 293 91 271 271 292 293 91 292 112 91 1 1 1 91 293 91 293 293 91 1 181 1 1 91 91 1 1 181 181 91 91 181 112 1 181 91 91 91 181 1 293 292 181 91 181 91 91 91 1 1 202 91 292 293 112 293 202 181 203 91 271 293 293 91 91 293 293 91 91 181 293 91 293 181 293 1 293 181 1 181 1 91 91 293 181 181 181 293 282 181 1 1 1 181 181 91 1 91 181 292 1 1 1 1 292 1 202 203 91 1 1 1 91 1 91 1 1 282 91 181 1 91 181 202 181 293 91 191 91 1 93 181 181 1 1 93 292 91 91 202 91 112 112 292 292 98 181 293 181 293 91 181 91 92 202 293 293 112 91 91 1 271 181 181 292 91 293 91 202 1 91 91 1 1 91 181 1 1 292 91 202 1 1 112 202 293 293 271 293 1 202 181 181 202 1 293 202 293 293 1 91 191 91 293 181 181 181 271 202 202 1 97 1 1 91 91 112 91 192 293 91 282 91 293 1 1 292 292 271 1 293 181 1 91 292 91 91 91 292 22 181 203 1 292 181 1 91 181 181 292 182 191 292 1 292 1 181 91 202 91 271 182 271 181 181 202 292 181 181 292 181 271 91 112 181 91 1 293 271 93 292 202 182 1 181 93 202 271 202 1 1 
c [Signal] Signal interruption. Caught signal: SIGTERM (15).
c [Label = 294] Encoding starts with target value = 90:
c [Label = 294] Encoding duration: 3140ms.
c [Label = 294] Number of clauses: 1836555.
c [Label = 294] Number of variables: 323094.
c [Label = 294] Solving duration: 10772 ms.
s [Label = 294] SAT (w = 90).
c [Label = 294] Label assignment: 1 1 1 1 1 1 1 1 1 1 1 1 1 91 1 1 1 1 1 91 1 1 1 113 1 1 91 91 1 1 91 91 293 1 91 1 1 1 91 1 1 1 1 1 91 1 1 91 1 181 1 1 1 91 1 293 91 91 91 1 181 1 1 91 1 91 203 181 181 91 1 91 1 1 1 1 1 293 1 1 203 113 1 203 1 91 1 1 1 113 1 91 91 1 181 1 91 91 1 1 91 113 91 181 91 91 183 181 181 181 181 294 203 181 91 1 1 1 1 294 1 1 1 1 91 294 91 1 181 91 1 113 1 91 294 91 271 271 293 294 91 293 113 91 1 1 1 91 294 91 294 294 91 1 181 1 1 91 91 1 1 181 181 91 91 181 113 1 181 91 91 91 181 1 294 293 181 91 181 91 91 91 1 1 203 91 293 294 113 294 203 181 204 91 271 294 294 91 91 294 294 91 91 181 294 91 294 181 294 1 294 181 1 181 1 91 91 294 181 181 181 294 282 181 1 1 1 181 181 91 1 91 181 293 1 1 1 1 293 1 203 204 91 1 1 1 91 1 91 1 1 282 91 181 1 91 181 203 181 294 91 191 91 1 93 181 181 1 1 93 293 91 91 203 91 113 113 293 293 98 181 294 181 294 91 181 91 92 203 294 294 113 91 91 1 271 181 181 293 91 294 91 203 1 91 91 1 1 91 181 1 1 293 91 203 1 1 113 203 294 294 271 294 1 203 181 181 203 1 294 203 294 294 1 91 191 91 294 181 181 181 271 203 203 1 97 1 1 91 91 113 91 192 294 91 282 91 294 1 1 293 293 271 1 294 181 1 91 293 91 91 91 293 23 181 204 1 293 181 1 91 181 181 293 182 191 293 1 293 1 181 91 203 91 271 182 271 181 181 203 293 181 181 293 181 271 91 113 181 91 1 294 271 93 293 203 182 1 181 93 203 271 203 1 1 
c [Signal] Signal interruption. Caught signal: SIGTERM (15).
c [Label = 286] Minimize Makespan Labeling problem (O-impcol_d.mtx.rnd):
c [Main] Child pid 291 - 59336 terminated by signal 15.
c [Label = 285] Minimize Makespan Labeling problem (O-impcol_d.mtx.rnd):
c [Main] Child pid 294 - 59333 terminated by signal 15.
c [Main] Child pid 289 - 59338 terminated by signal 15.
c [Label = 284] Minimize Makespan Labeling problem (O-impcol_d.mtx.rnd):
c [Main] Child pid 290 - 59337 terminated by signal 15.
c [Label = 282] Minimize Makespan Labeling problem (O-impcol_d.mtx.rnd):
c [Label = 283] Minimize Makespan Labeling problem (O-impcol_d.mtx.rnd):
c [Main] Child pid 293 - 59334 terminated by signal 15.
c [Label = 281] Minimize Makespan Labeling problem (O-impcol_d.mtx.rnd):
c [Main] Child pid 292 - 59335 terminated by signal 15.
c [Label = 280] Minimize Makespan Labeling problem (O-impcol_d.mtx.rnd):
c [Label = 287] Encoding starts with target value = 90:
c [Label = 287] Encoding duration: 3029ms.
c [Label = 287] Number of clauses: 1786200.
c [Label = 287] Number of variables: 317144.
c [Label = 287] Solving duration: 10691 ms.
s [Label = 287] SAT (w = 90).
c [Label = 287] Label assignment: 1 1 1 1 1 1 1 1 1 1 1 1 1 91 1 1 1 1 1 91 1 1 1 106 1 1 91 91 1 1 91 91 286 1 91 1 1 1 91 1 1 1 1 1 91 1 1 91 1 181 1 1 1 91 1 286 91 91 91 1 181 1 1 91 1 91 196 181 181 91 1 91 1 1 1 1 1 286 1 1 196 106 1 196 1 91 1 1 1 106 1 91 91 1 181 1 91 91 1 1 91 106 91 181 91 91 183 181 181 181 181 287 196 181 91 1 1 1 1 287 1 1 1 1 91 287 91 1 181 91 1 106 1 91 287 91 271 271 286 287 91 286 106 91 1 1 1 91 287 91 287 287 91 1 181 1 1 91 91 1 1 181 181 91 91 181 106 1 181 91 91 91 181 1 287 286 181 91 181 91 91 91 1 1 196 91 286 287 106 287 196 181 197 91 271 287 287 91 91 287 287 91 91 181 287 91 287 181 287 1 287 181 1 181 1 91 91 287 181 181 181 287 282 181 1 1 1 181 181 91 1 91 181 286 1 1 1 1 286 1 196 197 91 1 1 1 91 1 91 1 1 282 91 181 1 91 181 196 181 287 91 191 91 1 93 181 181 1 1 93 286 91 91 196 91 106 106 286 286 98 181 287 181 287 91 181 91 92 196 287 287 106 91 91 1 271 181 181 286 91 287 91 196 1 91 91 1 1 91 181 1 1 286 91 196 1 1 106 196 287 287 271 287 1 196 181 181 196 1 287 196 287 287 1 91 191 91 287 181 181 181 271 196 196 1 97 1 1 91 91 106 91 192 287 91 282 91 287 1 1 286 286 271 1 287 181 1 91 286 91 91 91 286 16 181 197 1 286 181 1 91 181 181 286 182 191 286 1 286 1 181 91 196 91 271 182 271 181 181 196 286 181 181 286 181 271 91 106 181 91 1 287 271 93 286 196 182 1 181 93 196 271 196 1 1 
c [Main] Lowest label SAT is set to 287.
c [Label = 279] Minimize Makespan Labeling problem (O-impcol_d.mtx.rnd):
c [Label = 279] Encoding starts with target value = 90:
c [Label = 279] Encoding duration: 2802ms.
c [Label = 279] Number of clauses: 1728652.
c [Label = 279] Number of variables: 310344.
c [Label = 279] Solving duration: 10375 ms.
s [Label = 279] SAT (w = 90).
c [Label = 279] Label assignment: 1 1 1 1 1 1 1 1 1 1 1 1 1 91 1 1 1 1 1 91 1 1 1 98 1 1 91 91 1 1 91 91 278 1 91 1 1 1 91 1 1 1 1 1 91 1 1 91 1 181 1 1 1 91 1 278 91 91 91 1 181 1 1 91 1 91 188 181 181 91 1 91 1 1 1 1 1 278 1 1 188 98 1 188 1 91 1 1 1 98 1 91 91 1 181 1 91 91 1 1 91 98 91 181 91 91 183 181 181 181 181 279 188 181 91 1 1 1 1 279 1 1 1 1 91 279 91 1 181 91 1 98 1 91 279 91 271 271 278 279 91 278 98 91 1 1 1 91 279 91 279 279 91 1 181 1 1 91 91 1 1 181 181 91 91 181 98 1 181 91 91 91 181 1 279 278 181 91 181 91 91 91 1 1 188 91 278 279 98 279 188 181 189 91 271 279 279 91 91 279 279 91 91 181 279 91 279 181 279 1 279 181 1 181 1 91 91 279 181 181 181 279 278 181 1 1 1 181 181 91 1 91 181 278 1 1 1 1 278 1 188 189 91 1 1 1 91 1 91 1 1 278 91 181 1 91 181 188 181 279 91 188 91 1 93 181 181 1 1 93 278 91 91 188 91 98 98 278 278 98 181 279 181 279 91 181 91 92 188 279 279 98 91 91 1 271 181 181 278 91 279 91 188 1 91 91 1 1 91 181 1 1 278 91 188 1 1 98 188 279 279 271 279 1 188 181 181 188 1 279 188 279 279 1 91 188 91 279 181 181 181 271 188 188 1 97 1 1 91 91 98 91 188 279 91 278 91 279 1 1 278 278 271 1 279 181 1 91 278 91 91 91 278 8 181 189 1 278 181 1 91 181 181 278 182 188 278 1 278 1 181 91 188 91 271 182 271 181 181 188 278 181 181 278 181 271 91 98 181 91 1 279 271 93 278 188 182 1 181 93 188 271 188 1 1 
c [Label = 281] Encoding starts with target value = 90:
c [Label = 281] Encoding duration: 2946ms.
c [Label = 281] Number of clauses: 1743039.
c [Label = 281] Number of variables: 312044.
c [Label = 281] Solving duration: 10491 ms.
s [Label = 281] SAT (w = 90).
c [Label = 281] Label assignment: 1 1 1 1 1 1 1 1 1 1 1 1 1 91 1 1 1 1 1 91 1 1 1 100 1 1 91 91 1 1 91 91 280 1 91 1 1 1 91 1 1 1 1 1 91 1 1 91 1 181 1 1 1 91 1 280 91 91 91 1 181 1 1 91 1 91 190 181 181 91 1 91 1 1 1 1 1 280 1 1 190 100 1 190 1 91 1 1 1 100 1 91 91 1 181 1 91 91 1 1 91 100 91 181 91 91 183 181 181 181 181 281 190 181 91 1 1 1 1 281 1 1 1 1 91 281 91 1 181 91 1 100 1 91 281 91 271 271 280 281 91 280 100 91 1 1 1 91 281 91 281 281 91 1 181 1 1 91 91 1 1 181 181 91 91 181 100 1 181 91 91 91 181 1 281 280 181 91 181 91 91 91 1 1 190 91 280 281 100 281 190 181 191 91 271 281 281 91 91 281 281 91 91 181 281 91 281 181 281 1 281 181 1 181 1 91 91 281 181 181 181 281 280 181 1 1 1 181 181 91 1 91 181 280 1 1 1 1 280 1 190 191 91 1 1 1 91 1 91 1 1 280 91 181 1 91 181 190 181 281 91 190 91 1 93 181 181 1 1 93 280 91 91 190 91 100 100 280 280 98 181 281 181 281 91 181 91 92 190 281 281 100 91 91 1 271 181 181 280 91 281 91 190 1 91 91 1 1 91 181 1 1 280 91 190 1 1 100 190 281 281 271 281 1 190 181 181 190 1 281 190 281 281 1 91 190 91 281 181 181 181 271 190 190 1 97 1 1 91 91 100 91 190 281 91 280 91 281 1 1 280 280 271 1 281 181 1 91 280 91 91 91 280 10 181 191 1 280 181 1 91 181 181 280 182 190 280 1 280 1 181 91 190 91 271 182 271 181 181 190 280 181 181 280 181 271 91 100 181 91 1 281 271 93 280 190 182 1 181 93 190 271 190 1 1 
c [Signal] Signal interruption. Caught signal: SIGTERM (15).
c [Label = 280] Encoding starts with target value = 90:
c [Label = 280] Encoding duration: 3233ms.
c [Label = 280] Number of clauses: 1735846.
c [Label = 280] Number of variables: 311194.
c [Label = 280] Solving duration: 10519 ms.
s [Label = 280] SAT (w = 90).
c [Label = 280] Label assignment: 1 1 1 1 1 1 1 1 1 1 1 1 1 91 1 1 1 1 1 91 1 1 1 99 1 1 91 91 1 1 91 91 279 1 91 1 1 1 91 1 1 1 1 1 91 1 1 91 1 181 1 1 1 91 1 279 91 91 91 1 181 1 1 91 1 91 189 181 181 91 1 91 1 1 1 1 1 279 1 1 189 99 1 189 1 91 1 1 1 99 1 91 91 1 181 1 91 91 1 1 91 99 91 181 91 91 183 181 181 181 181 280 189 181 91 1 1 1 1 280 1 1 1 1 91 280 91 1 181 91 1 99 1 91 280 91 271 271 279 280 91 279 99 91 1 1 1 91 280 91 280 280 91 1 181 1 1 91 91 1 1 181 181 91 91 181 99 1 181 91 91 91 181 1 280 279 181 91 181 91 91 91 1 1 189 91 279 280 99 280 189 181 190 91 271 280 280 91 91 280 280 91 91 181 280 91 280 181 280 1 280 181 1 181 1 91 91 280 181 181 181 280 279 181 1 1 1 181 181 91 1 91 181 279 1 1 1 1 279 1 189 190 91 1 1 1 91 1 91 1 1 279 91 181 1 91 181 189 181 280 91 189 91 1 93 181 181 1 1 93 279 91 91 189 91 99 99 279 279 98 181 280 181 280 91 181 91 92 189 280 280 99 91 91 1 271 181 181 279 91 280 91 189 1 91 91 1 1 91 181 1 1 279 91 189 1 1 99 189 280 280 271 280 1 189 181 181 189 1 280 189 280 280 1 91 189 91 280 181 181 181 271 189 189 1 97 1 1 91 91 99 91 189 280 91 279 91 280 1 1 279 279 271 1 280 181 1 91 279 91 91 91 279 9 181 190 1 279 181 1 91 181 181 279 182 189 279 1 279 1 181 91 189 91 271 182 271 181 181 189 279 181 181 279 181 271 91 99 181 91 1 280 271 93 279 189 182 1 181 93 189 271 189 1 1 
c [Signal] Signal interruption. Caught signal: SIGTERM (15).
c [Label = 282] Encoding starts with target value = 90:
c [Label = 282] Encoding duration: 3094ms.
c [Label = 282] Number of clauses: 1750233.
c [Label = 282] Number of variables: 312894.
c [Label = 282] Solving duration: 10572 ms.
s [Label = 282] SAT (w = 90).
c [Label = 282] Label assignment: 1 1 1 1 1 1 1 1 1 1 1 1 1 91 1 1 1 1 1 91 1 1 1 101 1 1 91 91 1 1 91 91 281 1 91 1 1 1 91 1 1 1 1 1 91 1 1 91 1 181 1 1 1 91 1 281 91 91 91 1 181 1 1 91 1 91 191 181 181 91 1 91 1 1 1 1 1 281 1 1 191 101 1 191 1 91 1 1 1 101 1 91 91 1 181 1 91 91 1 1 91 101 91 181 91 91 183 181 181 181 181 282 191 181 91 1 1 1 1 282 1 1 1 1 91 282 91 1 181 91 1 101 1 91 282 91 271 271 281 282 91 281 101 91 1 1 1 91 282 91 282 282 91 1 181 1 1 91 91 1 1 181 181 91 91 181 101 1 181 91 91 91 181 1 282 281 181 91 181 91 91 91 1 1 191 91 281 282 101 282 191 181 192 91 271 282 282 91 91 282 282 91 91 181 282 91 282 181 282 1 282 181 1 181 1 91 91 282 181 181 181 282 281 181 1 1 1 181 181 91 1 91 181 281 1 1 1 1 281 1 191 192 91 1 1 1 91 1 91 1 1 281 91 181 1 91 181 191 181 282 91 191 91 1 93 181 181 1 1 93 281 91 91 191 91 101 101 281 281 98 181 282 181 282 91 181 91 92 191 282 282 101 91 91 1 271 181 181 281 91 282 91 191 1 91 91 1 1 91 181 1 1 281 91 191 1 1 101 191 282 282 271 282 1 191 181 181 191 1 282 191 282 282 1 91 191 91 282 181 181 181 271 191 191 1 97 1 1 91 91 101 91 191 282 91 281 91 282 1 1 281 281 271 1 282 181 1 91 281 91 91 91 281 11 181 192 1 281 181 1 91 181 181 281 182 191 281 1 281 1 181 91 191 91 271 182 271 181 181 191 281 181 181 281 181 271 91 101 181 91 1 282 271 93 281 191 182 1 181 93 191 271 191 1 1 
c [Signal] Signal interruption. Caught signal: SIGTERM (15).
c [Label = 283] Encoding starts with target value = 90:
c [Label = 283] Encoding duration: 3189ms.
c [Label = 283] Number of clauses: 1757426.
c [Label = 283] Number of variables: 313744.
c [Label = 283] Solving duration: 10593 ms.
s [Label = 283] SAT (w = 90).
c [Label = 283] Label assignment: 1 1 1 1 1 1 1 1 1 1 1 1 1 91 1 1 1 1 1 91 1 1 1 102 1 1 91 91 1 1 91 91 282 1 91 1 1 1 91 1 1 1 1 1 91 1 1 91 1 181 1 1 1 91 1 282 91 91 91 1 181 1 1 91 1 91 192 181 181 91 1 91 1 1 1 1 1 282 1 1 192 102 1 192 1 91 1 1 1 102 1 91 91 1 181 1 91 91 1 1 91 102 91 181 91 91 183 181 181 181 181 283 192 181 91 1 1 1 1 283 1 1 1 1 91 283 91 1 181 91 1 102 1 91 283 91 271 271 282 283 91 282 102 91 1 1 1 91 283 91 283 283 91 1 181 1 1 91 91 1 1 181 181 91 91 181 102 1 181 91 91 91 181 1 283 282 181 91 181 91 91 91 1 1 192 91 282 283 102 283 192 181 193 91 271 283 283 91 91 283 283 91 91 181 283 91 283 181 283 1 283 181 1 181 1 91 91 283 181 181 181 283 282 181 1 1 1 181 181 91 1 91 181 282 1 1 1 1 282 1 192 193 91 1 1 1 91 1 91 1 1 282 91 181 1 91 181 192 181 283 91 191 91 1 93 181 181 1 1 93 282 91 91 192 91 102 102 282 282 98 181 283 181 283 91 181 91 92 192 283 283 102 91 91 1 271 181 181 282 91 283 91 192 1 91 91 1 1 91 181 1 1 282 91 192 1 1 102 192 283 283 271 283 1 192 181 181 192 1 283 192 283 283 1 91 191 91 283 181 181 181 271 192 192 1 97 1 1 91 91 102 91 192 283 91 282 91 283 1 1 282 282 271 1 283 181 1 91 282 91 91 91 282 12 181 193 1 282 181 1 91 181 181 282 182 191 282 1 282 1 181 91 192 91 271 182 271 181 181 192 282 181 181 282 181 271 91 102 181 91 1 283 271 93 282 192 182 1 181 93 192 271 192 1 1 
c [Signal] Signal interruption. Caught signal: SIGTERM (15).
c [Label = 284] Encoding starts with target value = 90:
c [Label = 284] Encoding duration: 3052ms.
c [Label = 284] Number of clauses: 1764620.
c [Label = 284] Number of variables: 314594.
c [Label = 284] Solving duration: 10637 ms.
s [Label = 284] SAT (w = 90).
c [Label = 284] Label assignment: 1 1 1 1 1 1 1 1 1 1 1 1 1 91 1 1 1 1 1 91 1 1 1 103 1 1 91 91 1 1 91 91 283 1 91 1 1 1 91 1 1 1 1 1 91 1 1 91 1 181 1 1 1 91 1 283 91 91 91 1 181 1 1 91 1 91 193 181 181 91 1 91 1 1 1 1 1 283 1 1 193 103 1 193 1 91 1 1 1 103 1 91 91 1 181 1 91 91 1 1 91 103 91 181 91 91 183 181 181 181 181 284 193 181 91 1 1 1 1 284 1 1 1 1 91 284 91 1 181 91 1 103 1 91 284 91 271 271 283 284 91 283 103 91 1 1 1 91 284 91 284 284 91 1 181 1 1 91 91 1 1 181 181 91 91 181 103 1 181 91 91 91 181 1 284 283 181 91 181 91 91 91 1 1 193 91 283 284 103 284 193 181 194 91 271 284 284 91 91 284 284 91 91 181 284 91 284 181 284 1 284 181 1 181 1 91 91 284 181 181 181 284 282 181 1 1 1 181 181 91 1 91 181 283 1 1 1 1 283 1 193 194 91 1 1 1 91 1 91 1 1 282 91 181 1 91 181 193 181 284 91 191 91 1 93 181 181 1 1 93 283 91 91 193 91 103 103 283 283 98 181 284 181 284 91 181 91 92 193 284 284 103 91 91 1 271 181 181 283 91 284 91 193 1 91 91 1 1 91 181 1 1 283 91 193 1 1 103 193 284 284 271 284 1 193 181 181 193 1 284 193 284 284 1 91 191 91 284 181 181 181 271 193 193 1 97 1 1 91 91 103 91 192 284 91 282 91 284 1 1 283 283 271 1 284 181 1 91 283 91 91 91 283 13 181 194 1 283 181 1 91 181 181 283 182 191 283 1 283 1 181 91 193 91 271 182 271 181 181 193 283 181 181 283 181 271 91 103 181 91 1 284 271 93 283 193 182 1 181 93 193 271 193 1 1 
c [Signal] Signal interruption. Caught signal: SIGTERM (15).
c [Main] Lowest label SAT is set to 279.
c [Main] Kill higher label pid 280.
c [Main] Kill higher label pid 281.
c [Main] Kill higher label pid 282.
c [Main] Kill higher label pid 283.
c [Main] Kill higher label pid 284.
c [Main] Kill higher label pid 285.
c [Main] Kill higher label pid 286.
c [Label = 285] Encoding starts with target value = 90:
c [Label = 285] Encoding duration: 2930ms.
c [Label = 285] Number of clauses: 1771813.
c [Label = 285] Number of variables: 315444.
c [Label = 285] Solving duration: 10557 ms.
s [Label = 285] SAT (w = 90).
c [Label = 285] Label assignment: 1 1 1 1 1 1 1 1 1 1 1 1 1 91 1 1 1 1 1 91 1 1 1 104 1 1 91 91 1 1 91 91 284 1 91 1 1 1 91 1 1 1 1 1 91 1 1 91 1 181 1 1 1 91 1 284 91 91 91 1 181 1 1 91 1 91 194 181 181 91 1 91 1 1 1 1 1 284 1 1 194 104 1 194 1 91 1 1 1 104 1 91 91 1 181 1 91 91 1 1 91 104 91 181 91 91 183 181 181 181 181 285 194 181 91 1 1 1 1 285 1 1 1 1 91 285 91 1 181 91 1 104 1 91 285 91 271 271 284 285 91 284 104 91 1 1 1 91 285 91 285 285 91 1 181 1 1 91 91 1 1 181 181 91 91 181 104 1 181 91 91 91 181 1 285 284 181 91 181 91 91 91 1 1 194 91 284 285 104 285 194 181 195 91 271 285 285 91 91 285 285 91 91 181 285 91 285 181 285 1 285 181 1 181 1 91 91 285 181 181 181 285 282 181 1 1 1 181 181 91 1 91 181 284 1 1 1 1 284 1 194 195 91 1 1 1 91 1 91 1 1 282 91 181 1 91 181 194 181 285 91 191 91 1 93 181 181 1 1 93 284 91 91 194 91 104 104 284 284 98 181 285 181 285 91 181 91 92 194 285 285 104 91 91 1 271 181 181 284 91 285 91 194 1 91 91 1 1 91 181 1 1 284 91 194 1 1 104 194 285 285 271 285 1 194 181 181 194 1 285 194 285 285 1 91 191 91 285 181 181 181 271 194 194 1 97 1 1 91 91 104 91 192 285 91 282 91 285 1 1 284 284 271 1 285 181 1 91 284 91 91 91 284 14 181 195 1 284 181 1 91 181 181 284 182 191 284 1 284 1 181 91 194 91 271 182 271 181 181 194 284 181 181 284 181 271 91 104 181 91 1 285 271 93 284 194 182 1 181 93 194 271 194 1 1 
c [Signal] Signal interruption. Caught signal: SIGTERM (15).
c [Label = 286] Encoding starts with target value = 90:
c [Label = 286] Encoding duration: 3098ms.
c [Label = 286] Number of clauses: 1779007.
c [Label = 286] Number of variables: 316294.
c [Label = 286] Solving duration: 10471 ms.
s [Label = 286] SAT (w = 90).
c [Label = 286] Label assignment: 1 1 1 1 1 1 1 1 1 1 1 1 1 91 1 1 1 1 1 91 1 1 1 105 1 1 91 91 1 1 91 91 285 1 91 1 1 1 91 1 1 1 1 1 91 1 1 91 1 181 1 1 1 91 1 285 91 91 91 1 181 1 1 91 1 91 195 181 181 91 1 91 1 1 1 1 1 285 1 1 195 105 1 195 1 91 1 1 1 105 1 91 91 1 181 1 91 91 1 1 91 105 91 181 91 91 183 181 181 181 181 286 195 181 91 1 1 1 1 286 1 1 1 1 91 286 91 1 181 91 1 105 1 91 286 91 271 271 285 286 91 285 105 91 1 1 1 91 286 91 286 286 91 1 181 1 1 91 91 1 1 181 181 91 91 181 105 1 181 91 91 91 181 1 286 285 181 91 181 91 91 91 1 1 195 91 285 286 105 286 195 181 196 91 271 286 286 91 91 286 286 91 91 181 286 91 286 181 286 1 286 181 1 181 1 91 91 286 181 181 181 286 282 181 1 1 1 181 181 91 1 91 181 285 1 1 1 1 285 1 195 196 91 1 1 1 91 1 91 1 1 282 91 181 1 91 181 195 181 286 91 191 91 1 93 181 181 1 1 93 285 91 91 195 91 105 105 285 285 98 181 286 181 286 91 181 91 92 195 286 286 105 91 91 1 271 181 181 285 91 286 91 195 1 91 91 1 1 91 181 1 1 285 91 195 1 1 105 195 286 286 271 286 1 195 181 181 195 1 286 195 286 286 1 91 191 91 286 181 181 181 271 195 195 1 97 1 1 91 91 105 91 192 286 91 282 91 286 1 1 285 285 271 1 286 181 1 91 285 91 91 91 285 15 181 196 1 285 181 1 91 181 181 285 182 191 285 1 285 1 181 91 195 91 271 182 271 181 181 195 285 181 181 285 181 271 91 105 181 91 1 286 271 93 285 195 182 1 181 93 195 271 195 1 1 
c [Signal] Signal interruption. Caught signal: SIGTERM (15).
c [Label = 278] Minimize Makespan Labeling problem (O-impcol_d.mtx.rnd):
c [Main] Child pid 286 - 59349 terminated by signal 15.
c [Label = 277] Minimize Makespan Labeling problem (O-impcol_d.mtx.rnd):
c [Main] Child pid 285 - 59350 terminated by signal 15.
c [Main] Child pid 281 - 59354 terminated by signal 15.
c [Label = 276] Minimize Makespan Labeling problem (O-impcol_d.mtx.rnd):
c [Main] Child pid 283 - 59352 terminated by signal 15.
c [Label = 275] Minimize Makespan Labeling problem (O-impcol_d.mtx.rnd):
c [Label = 274] Minimize Makespan Labeling problem (O-impcol_d.mtx.rnd):
c [Main] Child pid 280 - 59355 terminated by signal 15.
c [Main] Child pid 284 - 59351 terminated by signal 15.
c [Label = 273] Minimize Makespan Labeling problem (O-impcol_d.mtx.rnd):
c [Main] Child pid 282 - 59353 terminated by signal 15.
c [Label = 272] Minimize Makespan Labeling problem (O-impcol_d.mtx.rnd):
c [Label = 271] Minimize Makespan Labeling problem (O-impcol_d.mtx.rnd):
c [Label = 272] Encoding starts with target value = 90:
c [Label = 272] Encoding duration: 2727ms.
c [Label = 272] Number of clauses: 1678298.
c [Label = 272] Number of variables: 304394.
c [Label = 272] Solving duration: 10133 ms.
s [Label = 272] SAT (w = 90).
c [Label = 272] Label assignment: 1 1 1 1 1 1 1 1 1 1 1 1 1 91 1 1 1 1 1 91 1 1 1 92 1 1 91 91 1 1 91 91 272 1 91 1 1 1 91 1 1 1 1 1 91 1 1 91 1 181 1 1 1 91 1 272 91 91 91 1 181 1 1 91 1 91 182 181 181 91 1 91 1 1 1 1 1 272 1 1 182 92 1 182 1 91 1 1 1 92 1 91 91 1 181 1 91 91 1 1 91 92 91 181 91 91 182 181 181 181 181 271 182 181 91 1 1 1 1 271 1 1 1 1 91 271 91 1 181 91 1 92 1 91 271 91 272 272 272 271 91 272 92 91 1 1 1 91 272 91 271 271 91 1 181 1 1 91 91 1 1 181 181 91 91 181 92 1 181 91 91 91 181 1 271 272 181 91 181 91 91 91 1 1 182 91 272 272 92 272 182 181 181 91 272 271 271 91 91 272 272 91 91 181 271 91 272 181 271 1 271 181 1 181 1 91 91 271 181 181 181 271 272 181 1 1 1 181 181 91 1 91 181 272 1 1 1 1 92 1 182 182 91 1 1 1 91 1 91 1 1 272 91 181 1 91 181 182 181 271 91 182 91 1 92 181 181 1 1 92 91 91 91 181 91 91 92 272 272 92 181 271 181 272 91 181 91 91 181 272 271 92 91 91 1 272 181 181 272 91 271 91 182 1 91 91 1 1 91 181 1 1 272 91 182 1 1 92 182 271 271 272 272 1 182 181 181 182 1 271 182 271 271 1 91 182 91 271 181 181 181 271 182 182 1 92 1 1 91 91 91 91 182 271 91 272 91 272 1 1 272 272 272 1 272 181 1 91 272 91 91 91 272 2 181 182 1 272 181 1 91 181 181 272 181 182 272 1 272 1 181 91 182 91 272 181 272 181 181 182 272 181 181 272 181 272 91 92 181 91 1 272 271 92 272 181 182 1 181 91 181 271 182 1 1 
c [Label = 271] Encoding starts with target value = 90:
c [Label = 271] Encoding duration: 2738ms.
c [Label = 271] Number of clauses: 1671104.
c [Label = 271] Number of variables: 303544.
c [Label = 271] Solving duration: 10149 ms.
s [Label = 271] SAT (w = 90).
c [Label = 271] Label assignment: 1 1 1 1 1 1 1 1 1 1 1 1 1 91 1 1 1 1 1 91 1 1 1 91 1 1 91 91 1 1 91 91 271 1 91 1 1 1 91 1 1 1 1 1 91 1 1 91 1 181 1 1 1 91 1 271 91 91 91 1 181 1 1 91 1 91 270 181 181 91 1 91 1 1 1 1 1 271 1 1 271 91 1 271 1 91 1 1 181 181 1 91 91 1 181 1 91 91 1 1 91 91 91 181 91 91 181 181 181 181 181 271 271 181 91 1 1 1 1 271 1 1 1 1 91 271 91 1 181 271 1 91 1 91 271 91 271 271 181 91 91 181 91 91 1 1 1 91 271 91 271 271 91 1 181 1 1 91 91 1 1 181 1 91 91 181 90 1 271 91 91 91 181 1 271 271 181 91 181 91 91 91 1 1 181 91 271 91 91 271 271 181 181 91 271 271 271 91 91 271 181 91 91 181 91 91 271 181 271 1 271 91 1 181 1 91 91 271 181 181 181 271 1 1 1 271 1 181 181 91 1 91 181 181 1 1 271 1 181 1 1 181 91 1 1 1 91 1 91 1 1 91 91 181 1 91 181 181 181 271 91 181 91 1 91 181 91 1 271 1 91 91 181 271 91 91 91 91 271 271 181 271 181 271 91 181 91 91 181 91 271 91 91 91 1 271 181 181 181 91 271 91 271 1 91 91 1 1 271 181 1 1 181 91 181 1 1 91 271 271 271 271 271 1 1 181 181 91 1 271 1 271 271 1 91 181 91 91 181 181 181 181 181 271 1 1 1 1 91 91 91 91 181 271 91 91 91 271 1 1 91 181 271 1 271 181 1 91 181 91 91 1 271 90 181 181 1 181 181 271 91 181 181 181 181 181 181 1 271 271 181 91 271 271 181 181 271 181 271 181 91 181 181 271 181 271 91 91 181 91 1 1 271 91 181 181 271 1 181 91 181 271 1 1 1 
c [Label = 274] Encoding starts with target value = 90:
c [Label = 274] Encoding duration: 2820ms.
c [Label = 274] Number of clauses: 1692685.
c [Label = 274] Number of variables: 306094.
c [Label = 274] Solving duration: 10317 ms.
s [Label = 274] SAT (w = 90).
c [Label = 274] Label assignment: 1 1 1 1 1 1 1 1 1 1 1 1 1 91 1 1 1 1 1 91 1 1 1 93 1 1 91 91 1 1 91 91 273 1 91 1 1 1 91 1 1 1 1 1 91 1 1 91 1 181 1 1 1 91 1 273 91 91 91 1 181 1 1 91 1 91 183 181 181 91 1 91 1 1 1 1 1 273 1 1 183 93 1 183 1 91 1 1 1 93 1 91 91 1 181 1 91 91 1 1 91 93 91 181 91 91 183 181 181 181 181 274 183 181 91 1 1 1 1 274 1 1 1 1 91 274 91 1 181 91 1 93 1 91 274 91 271 271 273 274 91 273 93 91 1 1 1 91 274 91 274 274 91 1 181 1 1 91 91 1 1 181 181 91 91 181 93 1 181 91 91 91 181 1 274 273 181 91 181 91 91 91 1 1 183 91 273 274 93 274 183 181 184 91 271 274 274 91 91 274 274 91 91 181 274 91 274 181 274 1 274 181 1 181 1 91 91 274 181 181 181 274 273 181 1 1 1 181 181 91 1 91 181 273 1 1 1 1 273 1 183 184 91 1 1 1 91 1 91 1 1 273 91 181 1 91 181 183 181 274 91 183 91 1 93 181 181 1 1 93 273 91 91 183 91 93 93 273 273 93 181 274 181 274 91 181 91 92 183 274 274 93 91 91 1 271 181 181 273 91 274 91 183 1 91 91 1 1 91 181 1 1 273 91 183 1 1 93 183 274 274 271 274 1 183 181 181 183 1 274 183 274 274 1 91 183 91 274 181 181 181 271 183 183 1 93 1 1 91 91 93 91 183 274 91 273 91 274 1 1 273 273 271 1 274 181 1 91 273 91 91 91 273 3 181 184 1 273 181 1 91 181 181 273 182 183 273 1 273 1 181 91 183 91 271 182 271 181 181 183 273 181 181 273 181 271 91 93 181 91 1 274 271 93 273 183 182 1 181 93 183 271 183 1 1 
c [Signal] Signal interruption. Caught signal: SIGTERM (15).
c [Label = 273] Encoding starts with target value = 90:
c [Label = 273] Encoding duration: 2824ms.
c [Label = 273] Number of clauses: 1685491.
c [Label = 273] Number of variables: 305244.
c [Label = 273] Solving duration: 10278 ms.
s [Label = 273] SAT (w = 90).
c [Label = 273] Label assignment: 1 1 1 1 1 1 1 1 1 1 1 1 1 91 1 1 1 1 1 91 1 1 1 92 1 1 91 91 1 1 91 91 272 1 91 1 1 1 91 1 1 1 1 1 91 1 1 91 1 181 1 1 1 91 1 272 91 91 91 1 181 1 1 91 1 91 182 181 181 91 1 91 1 1 1 1 1 272 1 1 182 92 1 182 1 91 1 1 1 92 1 91 91 1 181 1 91 91 1 1 91 92 91 181 91 91 182 181 181 181 181 273 182 181 91 1 1 1 1 273 1 1 1 1 91 273 91 1 181 91 1 92 1 91 273 91 271 271 272 273 91 272 92 91 1 1 1 91 273 91 273 273 91 1 181 1 1 91 91 1 1 181 181 91 91 181 92 1 181 91 91 91 181 1 273 272 181 91 181 91 91 91 1 1 182 91 272 273 92 273 182 181 183 91 271 273 273 91 91 273 273 91 91 181 273 91 273 181 273 1 273 181 1 181 1 91 91 273 181 181 181 273 272 181 1 1 1 181 181 91 1 91 181 272 1 1 1 1 272 1 182 183 91 1 1 1 91 1 91 1 1 272 91 181 1 91 181 182 181 273 91 182 91 1 92 181 181 1 1 92 272 91 91 182 91 92 92 272 272 92 181 273 181 273 91 181 91 92 182 273 273 92 91 91 1 271 181 181 272 91 273 91 182 1 91 91 1 1 91 181 1 1 272 91 182 1 1 92 182 273 273 271 273 1 182 181 181 182 1 273 182 273 273 1 91 182 91 273 181 181 181 271 182 182 1 92 1 1 91 91 92 91 182 273 91 272 91 273 1 1 272 272 271 1 273 181 1 91 272 91 91 91 272 2 181 183 1 272 181 1 91 181 181 272 182 182 272 1 272 1 181 91 182 91 271 182 271 181 181 182 272 181 181 272 181 271 91 92 181 91 1 273 271 92 272 182 182 1 181 92 182 271 182 1 1 
c [Signal] Signal interruption. Caught signal: SIGTERM (15).
c [Main] Lowest label SAT is set to 272.
c [Main] Kill higher label pid 273.
c [Main] Kill higher label pid 274.
c [Main] Kill higher label pid 275.
c [Main] Kill higher label pid 276.
c [Main] Kill higher label pid 277.
c [Main] Kill higher label pid 278.
c [Label = 275] Encoding starts with target value = 90:
c [Label = 275] Encoding duration: 2757ms.
c [Label = 275] Number of clauses: 1699878.
c [Label = 275] Number of variables: 306944.
c [Label = 275] Solving duration: 10417 ms.
s [Label = 275] SAT (w = 90).
c [Label = 275] Label assignment: 1 1 1 1 1 1 1 1 1 1 1 1 1 91 1 1 1 1 1 91 1 1 1 94 1 1 91 91 1 1 91 91 274 1 91 1 1 1 91 1 1 1 1 1 91 1 1 91 1 181 1 1 1 91 1 274 91 91 91 1 181 1 1 91 1 91 184 181 181 91 1 91 1 1 1 1 1 274 1 1 184 94 1 184 1 91 1 1 1 94 1 91 91 1 181 1 91 91 1 1 91 94 91 181 91 91 183 181 181 181 181 275 184 181 91 1 1 1 1 275 1 1 1 1 91 275 91 1 181 91 1 94 1 91 275 91 271 271 274 275 91 274 94 91 1 1 1 91 275 91 275 275 91 1 181 1 1 91 91 1 1 181 181 91 91 181 94 1 181 91 91 91 181 1 275 274 181 91 181 91 91 91 1 1 184 91 274 275 94 275 184 181 185 91 271 275 275 91 91 275 275 91 91 181 275 91 275 181 275 1 275 181 1 181 1 91 91 275 181 181 181 275 274 181 1 1 1 181 181 91 1 91 181 274 1 1 1 1 274 1 184 185 91 1 1 1 91 1 91 1 1 274 91 181 1 91 181 184 181 275 91 184 91 1 93 181 181 1 1 93 274 91 91 184 91 94 94 274 274 94 181 275 181 275 91 181 91 92 184 275 275 94 91 91 1 271 181 181 274 91 275 91 184 1 91 91 1 1 91 181 1 1 274 91 184 1 1 94 184 275 275 271 275 1 184 181 181 184 1 275 184 275 275 1 91 184 91 275 181 181 181 271 184 184 1 94 1 1 91 91 94 91 184 275 91 274 91 275 1 1 274 274 271 1 275 181 1 91 274 91 91 91 274 4 181 185 1 274 181 1 91 181 181 274 182 184 274 1 274 1 181 91 184 91 271 182 271 181 181 184 274 181 181 274 181 271 91 94 181 91 1 275 271 93 274 184 182 1 181 93 184 271 184 1 1 
c [Signal] Signal interruption. Caught signal: SIGTERM (15).
c [Label = 276] Encoding starts with target value = 90:
c [Label = 276] Encoding duration: 2746ms.
c [Label = 276] Number of clauses: 1707072.
c [Label = 276] Number of variables: 307794.
c [Label = 276] Solving duration: 10403 ms.
s [Label = 276] SAT (w = 90).
c [Label = 276] Label assignment: 1 1 1 1 1 1 1 1 1 1 1 1 1 91 1 1 1 1 1 91 1 1 1 95 1 1 91 91 1 1 91 91 275 1 91 1 1 1 91 1 1 1 1 1 91 1 1 91 1 181 1 1 1 91 1 275 91 91 91 1 181 1 1 91 1 91 185 181 181 91 1 91 1 1 1 1 1 275 1 1 185 95 1 185 1 91 1 1 1 95 1 91 91 1 181 1 91 91 1 1 91 95 91 181 91 91 183 181 181 181 181 276 185 181 91 1 1 1 1 276 1 1 1 1 91 276 91 1 181 91 1 95 1 91 276 91 271 271 275 276 91 275 95 91 1 1 1 91 276 91 276 276 91 1 181 1 1 91 91 1 1 181 181 91 91 181 95 1 181 91 91 91 181 1 276 275 181 91 181 91 91 91 1 1 185 91 275 276 95 276 185 181 186 91 271 276 276 91 91 276 276 91 91 181 276 91 276 181 276 1 276 181 1 181 1 91 91 276 181 181 181 276 275 181 1 1 1 181 181 91 1 91 181 275 1 1 1 1 275 1 185 186 91 1 1 1 91 1 91 1 1 275 91 181 1 91 181 185 181 276 91 185 91 1 93 181 181 1 1 93 275 91 91 185 91 95 95 275 275 95 181 276 181 276 91 181 91 92 185 276 276 95 91 91 1 271 181 181 275 91 276 91 185 1 91 91 1 1 91 181 1 1 275 91 185 1 1 95 185 276 276 271 276 1 185 181 181 185 1 276 185 276 276 1 91 185 91 276 181 181 181 271 185 185 1 95 1 1 91 91 95 91 185 276 91 275 91 276 1 1 275 275 271 1 276 181 1 91 275 91 91 91 275 5 181 186 1 275 181 1 91 181 181 275 182 185 275 1 275 1 181 91 185 91 271 182 271 181 181 185 275 181 181 275 181 271 91 95 181 91 1 276 271 93 275 185 182 1 181 93 185 271 185 1 1 
c [Signal] Signal interruption. Caught signal: SIGTERM (15).
c [Label = 277] Encoding starts with target value = 90:
c [Label = 277] Encoding duration: 2792ms.
c [Label = 277] Number of clauses: 1714265.
c [Label = 277] Number of variables: 308644.
c [Label = 277] Solving duration: 10386 ms.
s [Label = 277] SAT (w = 90).
c [Label = 277] Label assignment: 1 1 1 1 1 1 1 1 1 1 1 1 1 91 1 1 1 1 1 91 1 1 1 96 1 1 91 91 1 1 91 91 276 1 91 1 1 1 91 1 1 1 1 1 91 1 1 91 1 181 1 1 1 91 1 276 91 91 91 1 181 1 1 91 1 91 186 181 181 91 1 91 1 1 1 1 1 276 1 1 186 96 1 186 1 91 1 1 1 96 1 91 91 1 181 1 91 91 1 1 91 96 91 181 91 91 183 181 181 181 181 277 186 181 91 1 1 1 1 277 1 1 1 1 91 277 91 1 181 91 1 96 1 91 277 91 271 271 276 277 91 276 96 91 1 1 1 91 277 91 277 277 91 1 181 1 1 91 91 1 1 181 181 91 91 181 96 1 181 91 91 91 181 1 277 276 181 91 181 91 91 91 1 1 186 91 276 277 96 277 186 181 187 91 271 277 277 91 91 277 277 91 91 181 277 91 277 181 277 1 277 181 1 181 1 91 91 277 181 181 181 277 276 181 1 1 1 181 181 91 1 91 181 276 1 1 1 1 276 1 186 187 91 1 1 1 91 1 91 1 1 276 91 181 1 91 181 186 181 277 91 186 91 1 93 181 181 1 1 93 276 91 91 186 91 96 96 276 276 96 181 277 181 277 91 181 91 92 186 277 277 96 91 91 1 271 181 181 276 91 277 91 186 1 91 91 1 1 91 181 1 1 276 91 186 1 1 96 186 277 277 271 277 1 186 181 181 186 1 277 186 277 277 1 91 186 91 277 181 181 181 271 186 186 1 96 1 1 91 91 96 91 186 277 91 276 91 277 1 1 276 276 271 1 277 181 1 91 276 91 91 91 276 6 181 187 1 276 181 1 91 181 181 276 182 186 276 1 276 1 181 91 186 91 271 182 271 181 181 186 276 181 181 276 181 271 91 96 181 91 1 277 271 93 276 186 182 1 181 93 186 271 186 1 1 
c [Signal] Signal interruption. Caught signal: SIGTERM (15).
c [Label = 278] Encoding starts with target value = 90:
c [Label = 278] Encoding duration: 2811ms.
c [Label = 278] Number of clauses: 1721459.
c [Label = 278] Number of variables: 309494.
c [Label = 278] Solving duration: 10503 ms.
s [Label = 278] SAT (w = 90).
c [Label = 278] Label assignment: 1 1 1 1 1 1 1 1 1 1 1 1 1 91 1 1 1 1 1 91 1 1 1 97 1 1 91 91 1 1 91 91 277 1 91 1 1 1 91 1 1 1 1 1 91 1 1 91 1 181 1 1 1 91 1 277 91 91 91 1 181 1 1 91 1 91 187 181 181 91 1 91 1 1 1 1 1 277 1 1 187 97 1 187 1 91 1 1 1 97 1 91 91 1 181 1 91 91 1 1 91 97 91 181 91 91 183 181 181 181 181 278 187 181 91 1 1 1 1 278 1 1 1 1 91 278 91 1 181 91 1 97 1 91 278 91 271 271 277 278 91 277 97 91 1 1 1 91 278 91 278 278 91 1 181 1 1 91 91 1 1 181 181 91 91 181 97 1 181 91 91 91 181 1 278 277 181 91 181 91 91 91 1 1 187 91 277 278 97 278 187 181 188 91 271 278 278 91 91 278 278 91 91 181 278 91 278 181 278 1 278 181 1 181 1 91 91 278 181 181 181 278 277 181 1 1 1 181 181 91 1 91 181 277 1 1 1 1 277 1 187 188 91 1 1 1 91 1 91 1 1 277 91 181 1 91 181 187 181 278 91 187 91 1 93 181 181 1 1 93 277 91 91 187 91 97 97 277 277 97 181 278 181 278 91 181 91 92 187 278 278 97 91 91 1 271 181 181 277 91 278 91 187 1 91 91 1 1 91 181 1 1 277 91 187 1 1 97 187 278 278 271 278 1 187 181 181 187 1 278 187 278 278 1 91 187 91 278 181 181 181 271 187 187 1 97 1 1 91 91 97 91 187 278 91 277 91 278 1 1 277 277 271 1 278 181 1 91 277 91 91 91 277 7 181 188 1 277 181 1 91 181 181 277 182 187 277 1 277 1 181 91 187 91 271 182 271 181 181 187 277 181 181 277 181 271 91 97 181 91 1 278 271 93 277 187 182 1 181 93 187 271 187 1 1 
c [Signal] Signal interruption. Caught signal: SIGTERM (15).
c [Label = 270] Minimize Makespan Labeling problem (O-impcol_d.mtx.rnd):
c [Main] Lowest label SAT is set to 271.
c [Main] Kill higher label pid 273.
c [Main] Kill higher label pid 274.
c [Main] Kill higher label pid 275.
c [Main] Kill higher label pid 276.
c [Main] Kill higher label pid 277.
c [Main] Kill higher label pid 278.
c [Label = 269] Minimize Makespan Labeling problem (O-impcol_d.mtx.rnd):
c [Main] Child pid 274 - 59368 terminated by signal 15.
c [Label = 268] Minimize Makespan Labeling problem (O-impcol_d.mtx.rnd):
c [Main] Child pid 273 - 59369 terminated by signal 15.
c [Main] Child pid 278 - 59364 terminated by signal 15.
c [Main] Child pid 275 - 59367 terminated by signal 15.
c [Label = 266] Minimize Makespan Labeling problem (O-impcol_d.mtx.rnd):
c [Label = 265] Minimize Makespan Labeling problem (O-impcol_d.mtx.rnd):
c [Main] Child pid 277 - 59365 terminated by signal 15.
c [Label = 264] Minimize Makespan Labeling problem (O-impcol_d.mtx.rnd):
c [Main] Child pid 276 - 59366 terminated by signal 15.
c [Label = 263] Minimize Makespan Labeling problem (O-impcol_d.mtx.rnd):
c [Label = 267] Minimize Makespan Labeling problem (O-impcol_d.mtx.rnd):
c [Label = 269] Encoding starts with target value = 90:
c [Label = 269] Encoding duration: 2480ms.
c [Label = 269] Number of clauses: 1547893.
c [Label = 269] Number of variables: 264869.
c [Label = 269] Solving duration: 5777 ms.
s [Label = 269] UNSAT (w = 90).
c [Label = 270] Encoding starts with target value = 90:
c [Label = 270] Encoding duration: 2556ms.
c [Label = 270] Number of clauses: 1550861.
c [Label = 270] Number of variables: 265719.
c [Label = 270] Solving duration: 5797 ms.
s [Label = 270] UNSAT (w = 90).
c [Label = 263] Encoding starts with target value = 90:
c [Label = 263] Encoding duration: 2400ms.
c [Label = 263] Number of clauses: 1504732.
c [Label = 263] Number of variables: 259769.
c [Signal] Signal interruption. Caught signal: SIGTERM (15).
c [Label = 264] Encoding starts with target value = 90:
c [Label = 264] Encoding duration: 2445ms.
c [Label = 264] Number of clauses: 1511926.
c [Label = 264] Number of variables: 260619.
c [Signal] Signal interruption. Caught signal: SIGTERM (15).
c [Main] Highest label UNSAT is set to 269
c [Main] Kill lower label pid 263.
c [Main] Kill lower label pid 264.
c [Main] Kill lower label pid 265.
c [Main] Kill lower label pid 266.
c [Main] Kill lower label pid 267.
c [Main] Kill lower label pid 268.
c [Label = 265] Encoding starts with target value = 90:
c [Label = 265] Encoding duration: 2455ms.
c [Label = 265] Number of clauses: 1519119.
c [Label = 265] Number of variables: 261469.
c [Signal] Signal interruption. Caught signal: SIGTERM (15).
c [Label = 266] Encoding starts with target value = 90:
c [Label = 266] Encoding duration: 2503ms.
c [Label = 266] Number of clauses: 1526313.
c [Label = 266] Number of variables: 262319.
c [Signal] Signal interruption. Caught signal: SIGTERM (15).
c [Label = 268] Encoding starts with target value = 90:
c [Label = 268] Encoding duration: 2480ms.
c [Label = 268] Number of clauses: 1540700.
c [Label = 268] Number of variables: 264019.
c [Label = 268] Solving duration: 6093 ms.
s [Label = 268] UNSAT (w = 90).
c [Signal] Signal interruption. Caught signal: SIGTERM (15).
c [Label = 267] Encoding starts with target value = 90:
c [Label = 267] Encoding duration: 2459ms.
c [Label = 267] Number of clauses: 1533506.
c [Label = 267] Number of variables: 263169.
c [Signal] Signal interruption. Caught signal: SIGTERM (15).
c [Main] Child pid 263 - 59381 terminated by signal 15.
c [Main] Highest label UNSAT is set to 270
c [Main] Kill lower label pid 264.
c [Main] Kill lower label pid 265.
c [Main] Kill lower label pid 266.
c [Main] Kill lower label pid 267.
c [Main] Kill lower label pid 268.
c [Main] Child pid 266 - 59378 terminated by signal 15.
c [Main] Child pid 265 - 59379 terminated by signal 15.
c [Main] Child pid 267 - 59377 terminated by signal 15.
c [Main] Child pid 264 - 59380 terminated by signal 15.
c [Main] Child pid 268 - 59376 terminated by signal 15.
c [Signal] Signal interruption. Caught signal: SIGTERM (15).
c [Main] All children have completed.
r [Main] 
r [Main] Final results: 
r [Main] Lowest label SAT:  	271.
r [Main] Highest label UNSAT:	270.
r [Main] Total real time: 95839 ms.
r [Main] Total memory consumed: 5451.3 MB.
r [Main] 
