c [Version] Minimize Makespan Labeling Encoder version 1.0.0.
c [Param] Target value is set to 170.
c [Param] LB is predefined as 171.
c [Param] UB is predefined as 370.
c [Param] Target value is set to Antibandwidth.
c [Param] Vertices mode is set to Has hole.
c [Param] Result verification is ON.
c [Param] Memory limit is set to 30000.
c [Param] Real time limit is set to 1800.
c [Param] Worker count is set to 8.
c [Param] Max CNF size is set to 10.
c [Main] Search strategy: Iterating from upper bound.
c [Main] Search order: 370 369 368 367 366 365 364 363 362 361 360 359 358 357 356 355 354 353 352 351 350 349 348 347 346 345 344 343 342 341 340 339 338 337 336 335 334 333 332 331 330 329 328 327 326 325 324 323 322 321 320 319 318 317 316 315 314 313 312 311 310 309 308 307 306 305 304 303 302 301 300 299 298 297 296 295 294 293 292 291 290 289 288 287 286 285 284 283 282 281 280 279 278 277 276 275 274 273 272 271 270 269 268 267 266 265 264 263 262 261 260 259 258 257 256 255 254 253 252 251 250 249 248 247 246 245 244 243 242 241 240 239 238 237 236 235 234 233 232 231 230 229 228 227 226 225 224 223 222 221 220 219 218 217 216 215 214 213 212 211 210 209 208 207 206 205 204 203 202 201 200 199 198 197 196 195 194 193 192 191 190 189 188 187 186 185 184 183 182 181 180 179 178 177 176 175 174 173 172 171.
c [Main] Encoding and solving for graph: Q-494_bus.mtx.rnd.
c [Label = 370] Minimize Makespan Labeling problem (Q-494_bus.mtx.rnd):
c [Label = 369] Minimize Makespan Labeling problem (Q-494_bus.mtx.rnd):
c [Label = 368] Minimize Makespan Labeling problem (Q-494_bus.mtx.rnd):
c [Label = 366] Minimize Makespan Labeling problem (Q-494_bus.mtx.rnd):
c [Label = 367] Minimize Makespan Labeling problem (Q-494_bus.mtx.rnd):
c [Label = 365] Minimize Makespan Labeling problem (Q-494_bus.mtx.rnd):
c [Label = 363] Minimize Makespan Labeling problem (Q-494_bus.mtx.rnd):
c [Label = 364] Minimize Makespan Labeling problem (Q-494_bus.mtx.rnd):
c [Label = 365] Encoding starts with target value = 170:
c [Label = 365] Encoding duration: 3514ms.
c [Label = 365] Number of clauses: 1519782.
c [Label = 365] Number of variables: 442238.
c [Label = 365] Solving duration: 106 ms.
s [Label = 365] SAT (w = 170).
c [Label = 365] Label assignment: 365 365 365 365 365 365 365 365 365 365 365 365 365 365 365 195 365 195 365 365 365 365 365 195 365 195 365 365 365 365 365 365 365 365 365 365 195 365 365 365 365 195 195 365 365 365 365 195 365 25 365 195 365 365 365 365 365 365 365 365 195 365 365 365 365 365 365 365 365 365 365 365 365 365 365 365 195 365 365 365 195 365 365 365 365 365 365 195 195 365 25 195 195 365 365 365 195 365 195 25 195 365 365 365 195 365 195 365 25 365 365 365 195 365 25 195 365 195 195 195 365 195 195 195 365 195 365 365 365 365 365 365 365 365 25 195 365 195 195 365 365 365 25 365 365 365 365 195 195 365 365 365 195 195 195 195 365 365 25 365 365 365 195 365 365 365 195 365 365 195 365 365 365 195 195 195 365 195 195 365 365 365 365 365 365 365 365 365 365 195 365 25 365 195 365 195 365 365 365 365 195 25 365 195 365 195 365 365 195 195 25 25 365 365 25 365 365 195 195 195 365 195 195 195 195 195 365 25 195 365 195 25 365 365 365 365 25 195 365 25 365 365 365 365 25 195 195 365 365 25 195 25 25 25 195 25 195 195 195 365 195 365 25 365 365 195 365 365 365 25 365 365 365 365 195 365 195 195 365 195 195 365 365 195 25 195 365 195 365 195 25 365 195 365 365 365 365 25 195 25 195 195 195 365 195 365 365 365 365 195 25 195 365 25 195 195 25 365 195 25 195 195 195 195 365 195 195 195 195 195 25 195 365 365 195 365 365 195 25 365 195 365 195 365 195 25 25 365 25 25 365 195 25 25 195 195 195 195 195 195 365 25 195 195 195 195 365 365 195 195 365 25 195 25 365 195 195 365 195 195 195 25 25 195 365 365 25 25 195 195 365 365 25 365 195 365 365 195 365 365 195 365 25 25 195 365 365 25 195 365 365 365 195 195 365 195 25 195 365 195 365 195 195 365 25 365 195 365 365 195 365 365 195 25 195 25 365 365 25 365 25 25 195 195 365 195 195 25 195 195 25 365 365 195 365 195 25 25 195 365 195 365 195 365 25 195 365 25 195 195 195 195 195 25 195 25 25 365 365 195 195 195 25 25 195 365 195 365 195 365 25 195 1 365 
c [Label = 366] Encoding starts with target value = 170:
c [Label = 366] Encoding duration: 3889ms.
c [Label = 366] Number of clauses: 1524597.
c [Label = 366] Number of variables: 443226.
c [Label = 366] Solving duration: 116 ms.
s [Label = 366] SAT (w = 170).
c [Label = 366] Label assignment: 366 366 366 366 366 366 366 366 366 366 366 366 366 366 366 196 366 196 366 366 366 366 366 196 366 196 366 366 366 366 366 366 366 366 366 366 196 366 366 366 366 196 196 366 366 366 366 196 366 26 366 196 366 366 366 366 366 366 366 366 196 366 366 366 366 366 366 366 366 366 366 366 366 366 366 366 196 366 366 366 196 366 366 366 366 366 366 196 196 366 26 196 196 366 366 366 196 366 196 26 196 366 366 366 196 366 196 366 26 366 366 366 196 366 26 196 366 196 196 196 366 196 196 196 366 196 366 366 366 366 366 366 366 366 26 196 366 196 196 366 366 366 26 366 366 366 366 196 196 366 366 366 196 196 196 196 366 366 26 366 366 366 196 366 366 366 196 366 366 196 366 366 366 196 196 196 366 196 196 366 366 366 366 366 366 366 366 366 366 196 366 26 366 196 366 196 366 366 366 366 196 26 366 196 366 196 366 366 196 196 26 26 366 366 26 366 366 196 196 196 366 196 196 196 196 196 366 26 196 366 196 26 366 366 366 366 26 196 366 26 366 366 366 366 26 196 196 366 366 26 196 26 26 26 196 26 196 196 196 366 196 366 26 366 366 196 366 366 366 26 366 366 366 366 196 366 196 196 366 196 196 366 366 196 26 196 366 196 366 196 26 366 196 366 366 366 366 26 196 26 196 196 196 366 196 366 366 366 366 196 26 196 366 26 196 196 26 366 196 26 196 196 196 196 366 196 196 196 196 196 26 196 366 366 196 366 366 196 26 366 196 366 196 366 196 26 26 366 26 26 366 196 26 26 196 196 196 196 196 196 366 26 196 196 196 196 366 366 196 196 366 26 196 26 366 196 196 366 196 196 196 26 26 196 366 366 26 26 196 196 366 366 26 366 196 366 366 196 366 366 196 366 26 26 196 366 366 26 196 366 366 366 196 196 366 196 26 196 366 196 366 196 196 366 26 366 196 366 366 196 366 366 196 26 196 26 366 366 26 366 26 26 196 196 366 196 196 26 196 196 26 366 366 196 366 196 26 26 196 366 196 366 196 366 26 196 366 26 196 196 196 196 196 26 196 26 26 366 366 196 196 196 26 26 196 366 196 366 196 366 26 196 1 366 
c [Signal] Signal interruption. Caught signal: SIGTERM (15).
c [Label = 367] Encoding starts with target value = 170:
c [Label = 367] Encoding duration: 3965ms.
c [Label = 367] Number of clauses: 1529411.
c [Label = 367] Number of variables: 444214.
c [Label = 367] Solving duration: 96 ms.
s [Label = 367] SAT (w = 170).
c [Label = 367] Label assignment: 367 367 367 367 367 367 367 367 367 367 367 367 367 367 367 197 367 197 367 367 367 367 367 197 367 197 367 367 367 367 367 367 367 367 367 367 197 367 367 367 367 197 197 367 367 367 367 197 367 27 367 197 367 367 367 367 367 367 367 367 197 367 367 367 367 367 367 367 367 367 367 367 367 367 367 367 197 367 367 367 197 367 367 367 367 367 367 197 197 367 27 197 197 367 367 367 197 367 197 27 197 367 367 367 197 367 197 367 27 367 367 367 197 367 27 197 367 197 197 197 367 197 197 197 367 197 367 367 367 367 367 367 367 367 27 197 367 197 197 367 367 367 27 367 367 367 367 197 197 367 367 367 197 197 197 197 367 367 27 367 367 367 197 367 367 367 197 367 367 197 367 367 367 197 197 197 367 197 197 367 367 367 367 367 367 367 367 367 367 197 367 27 367 197 367 197 367 367 367 367 197 27 367 197 367 197 367 367 197 197 27 27 367 367 27 367 367 197 197 197 367 197 197 197 197 197 367 27 197 367 197 27 367 367 367 367 27 197 367 27 367 367 367 367 27 197 197 367 367 27 197 27 27 27 197 27 197 197 197 367 197 367 27 367 367 197 367 367 367 27 367 367 367 367 197 367 197 197 367 197 197 367 367 197 27 197 367 197 367 197 27 367 197 367 367 367 367 27 197 27 197 197 197 367 197 367 367 367 367 197 27 197 367 27 197 197 27 367 197 27 197 197 197 197 367 197 197 197 197 197 27 197 367 367 197 367 367 197 27 367 197 367 197 367 197 27 27 367 27 27 367 197 27 27 197 197 197 197 197 197 367 27 197 197 197 197 367 367 197 197 367 27 197 27 367 197 197 367 197 197 197 27 27 197 367 367 27 27 197 197 367 367 27 367 197 367 367 197 367 367 197 367 27 27 197 367 367 27 197 367 367 367 197 197 367 197 27 197 367 197 367 197 197 367 27 367 197 367 367 197 367 367 197 27 197 27 367 367 27 367 27 27 197 197 367 197 197 27 197 197 27 367 367 197 367 197 27 27 197 367 197 367 197 367 27 197 367 27 197 197 197 197 197 27 197 27 27 367 367 197 197 197 27 27 197 367 197 367 197 367 27 197 1 367 
c [Signal] Signal interruption. Caught signal: SIGTERM (15).
c [Label = 368] Encoding starts with target value = 170:
c [Label = 368] Encoding duration: 3817ms.
c [Label = 368] Number of clauses: 1534226.
c [Label = 368] Number of variables: 445202.
c [Label = 368] Solving duration: 144 ms.
s [Label = 368] SAT (w = 170).
c [Label = 368] Label assignment: 368 368 368 368 368 368 368 368 368 368 368 368 368 368 368 198 368 198 368 368 368 368 368 198 368 198 368 368 368 368 368 368 368 368 368 368 198 368 368 368 368 198 198 368 368 368 368 198 368 28 368 198 368 368 368 368 368 368 368 368 198 368 368 368 368 368 368 368 368 368 368 368 368 368 368 368 198 368 368 368 198 368 368 368 368 368 368 198 198 368 28 198 198 368 368 368 198 368 198 28 198 368 368 368 198 368 198 368 28 368 368 368 198 368 28 198 368 198 198 198 368 198 198 198 368 198 368 368 368 368 368 368 368 368 28 198 368 198 198 368 368 368 28 368 368 368 368 198 198 368 368 368 198 198 198 198 368 368 28 368 368 368 198 368 368 368 198 368 368 198 368 368 368 198 198 198 368 198 198 368 368 368 368 368 368 368 368 368 368 198 368 28 368 198 368 198 368 368 368 368 198 28 368 198 368 198 368 368 198 198 28 28 368 368 28 368 368 198 198 198 368 198 198 198 198 198 368 28 198 368 198 28 368 368 368 368 28 198 368 28 368 368 368 368 28 198 198 368 368 28 198 28 28 28 198 28 198 198 198 368 198 368 28 368 368 198 368 368 368 28 368 368 368 368 198 368 198 198 368 198 198 368 368 198 28 198 368 198 368 198 28 368 198 368 368 368 368 28 198 28 198 198 198 368 198 368 368 368 368 198 28 198 368 28 198 198 28 368 198 28 198 198 198 198 368 198 198 198 198 198 28 198 368 368 198 368 368 198 28 368 198 368 198 368 198 28 28 368 28 28 368 198 28 28 198 198 198 198 198 198 368 28 198 198 198 198 368 368 198 198 368 28 198 28 368 198 198 368 198 198 198 28 28 198 368 368 28 28 198 198 368 368 28 368 198 368 368 198 368 368 198 368 28 28 198 368 368 28 198 368 368 368 198 198 368 198 28 198 368 198 368 198 198 368 28 368 198 368 368 198 368 368 198 28 198 28 368 368 28 368 28 28 198 198 368 198 198 28 198 198 28 368 368 198 368 198 28 28 198 368 198 368 198 368 28 198 368 28 198 198 198 198 198 28 198 28 28 368 368 198 198 198 28 28 198 368 198 368 198 368 28 198 1 368 
c [Signal] Signal interruption. Caught signal: SIGTERM (15).
c [Main] Lowest label SAT is set to 365.
c [Main] Kill higher label pid 366.
c [Main] Kill higher label pid 367.
c [Main] Kill higher label pid 368.
c [Main] Kill higher label pid 369.
c [Main] Kill higher label pid 370.
c [Label = 369] Encoding starts with target value = 170:
c [Label = 369] Encoding duration: 3681ms.
c [Label = 369] Number of clauses: 1539040.
c [Label = 369] Number of variables: 446190.
c [Label = 369] Solving duration: 108 ms.
s [Label = 369] SAT (w = 170).
c [Label = 369] Label assignment: 369 369 369 369 369 369 369 369 369 369 369 369 369 369 369 199 369 199 369 369 369 369 369 199 369 199 369 369 369 369 369 369 369 369 369 369 199 369 369 369 369 199 199 369 369 369 369 199 369 29 369 199 369 369 369 369 369 369 369 369 199 369 369 369 369 369 369 369 369 369 369 369 369 369 369 369 199 369 369 369 199 369 369 369 369 369 369 199 199 369 29 199 199 369 369 369 199 369 199 29 199 369 369 369 199 369 199 369 29 369 369 369 199 369 29 199 369 199 199 199 369 199 199 199 369 199 369 369 369 369 369 369 369 369 29 199 369 199 199 369 369 369 29 369 369 369 369 199 199 369 369 369 199 199 199 199 369 369 29 369 369 369 199 369 369 369 199 369 369 199 369 369 369 199 199 199 369 199 199 369 369 369 369 369 369 369 369 369 369 199 369 29 369 199 369 199 369 369 369 369 199 29 369 199 369 199 369 369 199 199 29 29 369 369 29 369 369 199 199 199 369 199 199 199 199 199 369 29 199 369 199 29 369 369 369 369 29 199 369 29 369 369 369 369 29 199 199 369 369 29 199 29 29 29 199 29 199 199 199 369 199 369 29 369 369 199 369 369 369 29 369 369 369 369 199 369 199 199 369 199 199 369 369 199 29 199 369 199 369 199 29 369 199 369 369 369 369 29 199 29 199 199 199 369 199 369 369 369 369 199 29 199 369 29 199 199 29 369 199 29 199 199 199 199 369 199 199 199 199 199 29 199 369 369 199 369 369 199 29 369 199 369 199 369 199 29 29 369 29 29 369 199 29 29 199 199 199 199 199 199 369 29 199 199 199 199 369 369 199 199 369 29 199 29 369 199 199 369 199 199 199 29 29 199 369 369 29 29 199 199 369 369 29 369 199 369 369 199 369 369 199 369 29 29 199 369 369 29 199 369 369 369 199 199 369 199 29 199 369 199 369 199 199 369 29 369 199 369 369 199 369 369 199 29 199 29 369 369 29 369 29 29 199 199 369 199 199 29 199 199 29 369 369 199 369 199 29 29 199 369 199 369 199 369 29 199 369 29 199 199 199 199 199 29 199 29 29 369 369 199 199 199 29 29 199 369 199 369 199 369 29 199 1 369 
c [Signal] Signal interruption. Caught signal: SIGTERM (15).
c [Label = 370] Encoding starts with target value = 170:
c [Label = 370] Encoding duration: 3626ms.
c [Label = 370] Number of clauses: 1543855.
c [Label = 370] Number of variables: 447178.
c [Label = 370] Solving duration: 100 ms.
s [Label = 370] SAT (w = 170).
c [Label = 370] Label assignment: 370 370 370 370 370 370 370 370 370 370 370 370 370 370 370 200 370 200 370 370 370 370 370 200 370 200 370 370 370 370 370 370 370 370 370 370 200 370 370 370 370 200 200 370 370 370 370 200 370 30 370 200 370 370 370 370 370 370 370 370 200 370 370 370 370 370 370 370 370 370 370 370 370 370 370 370 200 370 370 370 200 370 370 370 370 370 370 200 200 370 30 200 200 370 370 370 200 370 200 30 200 370 370 370 200 370 200 370 30 370 370 370 200 370 30 200 370 200 200 200 370 200 200 200 370 200 370 370 370 370 370 370 370 370 30 200 370 200 200 370 370 370 30 370 370 370 370 200 200 370 370 370 200 200 200 200 370 370 30 370 370 370 200 370 370 370 200 370 370 200 370 370 370 200 200 200 370 200 200 370 370 370 370 370 370 370 370 370 370 200 370 30 370 200 370 200 370 370 370 370 200 30 370 200 370 200 370 370 200 200 30 30 370 370 30 370 370 200 200 200 370 200 200 200 200 200 370 30 200 370 200 30 370 370 370 370 30 200 370 30 370 370 370 370 30 200 200 370 370 30 200 30 30 30 200 30 200 200 200 370 200 370 30 370 370 200 370 370 370 30 370 370 370 370 200 370 200 200 370 200 200 370 370 200 30 200 370 200 370 200 30 370 200 370 370 370 370 30 200 30 200 200 200 370 200 370 370 370 370 200 30 200 370 30 200 200 30 370 200 30 200 200 200 200 370 200 200 200 200 200 30 200 370 370 200 370 370 200 30 370 200 370 200 370 200 30 30 370 30 30 370 200 30 30 200 200 200 200 200 200 370 30 200 200 200 200 370 370 200 200 370 30 200 30 370 200 200 370 200 200 200 30 30 200 370 370 30 30 200 200 370 370 30 370 200 370 370 200 370 370 200 370 30 30 200 370 370 30 200 370 370 370 200 200 370 200 30 200 370 200 370 200 200 370 30 370 200 370 370 200 370 370 200 30 200 30 370 370 30 370 30 30 200 200 370 200 200 30 200 200 30 370 370 200 370 200 30 30 200 370 200 370 200 370 30 200 370 30 200 200 200 200 200 30 200 30 30 370 370 200 200 200 30 30 200 370 200 370 200 370 30 200 1 370 
c [Signal] Signal interruption. Caught signal: SIGTERM (15).
c [Label = 362] Minimize Makespan Labeling problem (Q-494_bus.mtx.rnd):
c [Main] Child pid 368 - 59916 terminated by signal 15.
c [Label = 361] Minimize Makespan Labeling problem (Q-494_bus.mtx.rnd):
c [Main] Child pid 366 - 59918 terminated by signal 15.
c [Main] Child pid 367 - 59917 terminated by signal 15.
c [Label = 359] Minimize Makespan Labeling problem (Q-494_bus.mtx.rnd):
c [Main] Child pid 370 - 59914 terminated by signal 15.
c [Label = 360] Minimize Makespan Labeling problem (Q-494_bus.mtx.rnd):
c [Label = 358] Minimize Makespan Labeling problem (Q-494_bus.mtx.rnd):
c [Main] Child pid 369 - 59915 terminated by signal 15.
c [Label = 357] Minimize Makespan Labeling problem (Q-494_bus.mtx.rnd):
c [Label = 364] Encoding starts with target value = 170:
c [Label = 364] Encoding duration: 3674ms.
c [Label = 364] Number of clauses: 1514968.
c [Label = 364] Number of variables: 441250.
c [Label = 364] Solving duration: 123 ms.
s [Label = 364] SAT (w = 170).
c [Label = 364] Label assignment: 364 364 364 364 364 364 364 364 364 364 364 364 364 364 364 194 364 194 364 364 364 364 364 194 364 194 364 364 364 364 364 364 364 364 364 364 194 364 364 364 364 194 194 364 364 364 364 194 364 24 364 194 364 364 364 364 364 364 364 364 194 364 364 364 364 364 364 364 364 364 364 364 364 364 364 364 194 364 364 364 194 364 364 364 364 364 364 194 194 364 24 194 194 364 364 364 194 364 194 24 194 364 364 364 194 364 194 364 24 364 364 364 194 364 24 194 364 194 194 194 364 194 194 194 364 194 364 364 364 364 364 364 364 364 24 194 364 194 194 364 364 364 24 364 364 364 364 194 194 364 364 364 194 194 194 194 364 364 24 364 364 364 194 364 364 364 194 364 364 194 364 364 364 194 194 194 364 194 194 364 364 364 364 364 364 364 364 364 364 194 364 24 364 194 364 194 364 364 364 364 194 24 364 194 364 194 364 364 194 194 24 24 364 364 24 364 364 194 194 194 364 194 194 194 194 194 364 24 194 364 194 24 364 364 364 364 24 194 364 24 364 364 364 364 24 194 194 364 364 24 194 24 24 24 194 24 194 194 194 364 194 364 24 364 364 194 364 364 364 24 364 364 364 364 194 364 194 194 364 194 194 364 364 194 24 194 364 194 364 194 24 364 194 364 364 364 364 24 194 24 194 194 194 364 194 364 364 364 364 194 24 194 364 24 194 194 24 364 194 24 194 194 194 194 364 194 194 194 194 194 24 194 364 364 194 364 364 194 24 364 194 364 194 364 194 24 24 364 24 24 364 194 24 24 194 194 194 194 194 194 364 24 194 194 194 194 364 364 194 194 364 24 194 24 364 194 194 364 194 194 194 24 24 194 364 364 24 24 194 194 364 364 24 364 194 364 364 194 364 364 194 364 24 24 194 364 364 24 194 364 364 364 194 194 364 194 24 194 364 194 364 194 194 364 24 364 194 364 364 194 364 364 194 24 194 24 364 364 24 364 24 24 194 194 364 194 194 24 194 194 24 364 364 194 364 194 24 24 194 364 194 364 194 364 24 194 364 24 194 194 194 194 194 24 194 24 24 364 364 194 194 194 24 24 194 364 194 364 194 364 24 194 1 364 
c [Main] Lowest label SAT is set to 364.
c [Label = 356] Minimize Makespan Labeling problem (Q-494_bus.mtx.rnd):
c [Label = 363] Encoding starts with target value = 170:
c [Label = 363] Encoding duration: 4076ms.
c [Label = 363] Number of clauses: 1510153.
c [Label = 363] Number of variables: 440262.
c [Label = 363] Solving duration: 213 ms.
s [Label = 363] SAT (w = 170).
c [Label = 363] Label assignment: 363 363 363 363 363 363 363 363 363 363 363 363 363 363 363 193 363 193 363 363 363 363 363 193 363 193 363 363 363 363 363 363 363 363 363 363 193 363 363 363 363 193 193 363 363 363 363 193 363 23 363 193 363 363 363 363 363 363 363 363 193 363 363 363 363 363 363 363 363 363 363 363 363 363 363 363 193 363 363 363 193 363 363 363 363 363 363 193 193 363 23 193 193 363 363 363 193 363 193 23 193 363 363 363 193 363 193 363 23 363 363 363 193 363 23 193 363 193 193 193 363 193 193 193 363 193 363 363 363 363 363 363 363 363 23 193 363 193 193 363 363 363 23 363 363 363 363 193 193 363 363 363 193 193 193 193 363 363 23 363 363 363 193 363 363 363 193 363 363 193 363 363 363 193 193 193 363 193 193 363 363 363 363 363 363 363 363 363 363 193 363 23 363 193 363 193 363 363 363 363 193 23 363 193 363 193 363 363 193 193 23 23 363 363 23 363 363 193 193 193 363 193 193 193 193 193 363 23 193 363 193 23 363 363 363 363 23 193 363 23 363 363 363 363 23 193 193 363 363 23 193 23 23 23 193 23 193 193 193 363 193 363 23 363 363 193 363 363 363 23 363 363 363 363 193 363 193 193 363 193 193 363 363 193 23 193 363 193 363 193 23 363 193 363 363 363 363 23 193 23 193 193 193 363 193 363 363 363 363 193 23 193 363 23 193 193 23 363 193 23 193 193 193 193 363 193 193 193 193 193 23 193 363 363 193 363 363 193 23 363 193 363 193 363 193 23 23 363 23 23 363 193 23 23 193 193 193 193 193 193 363 23 193 193 193 193 363 363 193 193 363 23 193 23 363 193 193 363 193 193 193 23 23 193 363 363 23 23 193 193 363 363 23 363 193 363 363 193 363 363 193 363 23 23 193 363 363 23 193 363 363 363 193 193 363 193 23 193 363 193 363 193 193 363 23 363 193 363 363 193 363 363 193 23 193 23 363 363 23 363 23 23 193 193 363 193 193 23 193 193 23 363 363 193 363 193 23 23 193 363 193 363 193 363 23 193 363 23 193 193 193 193 193 23 193 23 23 363 363 193 193 193 23 23 193 363 193 363 193 363 23 193 1 363 
c [Main] Lowest label SAT is set to 363.
c [Label = 355] Minimize Makespan Labeling problem (Q-494_bus.mtx.rnd):
c [Label = 360] Encoding starts with target value = 170:
c [Label = 360] Encoding duration: 2981ms.
c [Label = 360] Number of clauses: 1495710.
c [Label = 360] Number of variables: 437298.
c [Label = 360] Solving duration: 150 ms.
s [Label = 360] SAT (w = 170).
c [Label = 360] Label assignment: 360 360 360 360 360 360 360 360 360 360 360 360 360 360 360 190 360 190 360 360 360 360 360 190 360 190 360 360 360 360 360 360 360 360 360 360 190 360 360 360 360 190 190 360 360 360 360 190 360 20 360 190 360 360 360 360 360 360 360 360 190 360 360 360 360 360 360 360 360 360 360 360 360 360 360 360 190 360 360 360 190 360 360 360 360 360 360 190 190 360 20 190 190 360 360 360 190 360 190 20 190 360 360 360 190 360 190 360 20 360 360 360 190 360 20 190 360 190 190 190 360 190 190 190 360 190 360 360 360 360 360 360 360 360 20 190 360 190 190 360 360 360 20 360 360 360 360 190 190 360 360 360 190 190 190 190 360 360 20 360 360 360 190 360 360 360 190 360 360 190 360 360 360 190 190 190 360 190 190 360 360 360 360 360 360 360 360 360 360 190 360 20 360 190 360 190 360 360 360 360 190 20 360 190 360 190 360 360 190 190 20 20 360 360 20 360 360 190 190 190 360 190 190 190 190 190 360 20 190 360 190 20 360 360 360 360 20 190 360 20 360 360 360 360 20 190 190 360 360 20 190 20 20 20 190 20 190 190 190 360 190 360 20 360 360 190 360 360 360 20 360 360 360 360 190 360 190 190 360 190 190 360 360 190 20 190 360 190 360 190 20 360 190 360 360 360 360 20 190 20 190 190 190 360 190 360 360 360 360 190 20 190 360 20 190 190 20 360 190 20 190 190 190 190 360 190 190 190 190 190 20 190 360 360 190 360 360 190 20 360 190 360 190 360 190 20 20 360 20 20 360 190 20 20 190 190 190 190 190 190 360 20 190 190 190 190 360 360 190 190 360 20 190 20 360 190 190 360 190 190 190 20 20 190 360 360 20 20 190 190 360 360 20 360 190 360 360 190 360 360 190 360 20 20 190 360 360 20 190 360 360 360 190 190 360 190 20 190 360 190 360 190 190 360 20 360 190 360 360 190 360 360 190 20 190 20 360 360 20 360 20 20 190 190 360 190 190 20 190 190 20 360 360 190 360 190 20 20 190 360 190 360 190 360 20 190 360 20 190 190 190 190 190 20 190 20 20 360 360 190 190 190 20 20 190 360 190 360 190 360 20 190 1 360 
c [Label = 356] Encoding starts with target value = 170:
c [Label = 356] Encoding duration: 2887ms.
c [Label = 356] Number of clauses: 1476452.
c [Label = 356] Number of variables: 433346.
c [Label = 356] Solving duration: 99 ms.
s [Label = 356] SAT (w = 170).
c [Label = 356] Label assignment: 356 356 356 356 356 356 356 356 356 356 356 356 356 356 356 186 356 186 356 356 356 356 356 186 356 186 356 356 356 356 356 356 356 356 356 356 186 356 356 356 356 186 186 356 356 356 356 186 356 16 356 186 356 356 356 356 356 356 356 356 186 356 356 356 356 356 356 356 356 356 356 356 356 356 356 356 186 356 356 356 186 356 356 356 356 356 356 186 186 356 16 186 186 356 356 356 186 356 186 16 186 356 356 356 186 356 186 356 16 356 356 356 186 356 16 186 356 186 186 186 356 186 186 186 356 186 356 356 356 356 356 356 356 356 16 186 356 186 186 356 356 356 16 356 356 356 356 186 186 356 356 356 186 186 186 186 356 356 16 356 356 356 186 356 356 356 186 356 356 186 356 356 356 186 186 186 356 186 186 356 356 356 356 356 356 356 356 356 356 186 356 16 356 186 356 186 356 356 356 356 186 16 356 186 356 186 356 356 186 186 16 16 356 356 16 356 356 186 186 186 356 186 186 186 186 186 356 16 186 356 186 16 356 356 356 356 16 186 356 16 356 356 356 356 16 186 186 356 356 16 186 16 16 16 186 16 186 186 186 356 186 356 16 356 356 186 356 356 356 16 356 356 356 356 186 356 186 186 356 186 186 356 356 186 16 186 356 186 356 186 16 356 186 356 356 356 356 16 186 16 186 186 186 356 186 356 356 356 356 186 16 186 356 16 186 186 16 356 186 16 186 186 186 186 356 186 186 186 186 186 16 186 356 356 186 356 356 186 16 356 186 356 186 356 186 16 16 356 16 16 356 186 16 16 186 186 186 186 186 186 356 16 186 186 186 186 356 356 186 186 356 16 186 16 356 186 186 356 186 186 186 16 16 186 356 356 16 16 186 186 356 356 16 356 186 356 356 186 356 356 186 356 16 16 186 356 356 16 186 356 356 356 186 186 356 186 16 186 356 186 356 186 186 356 16 356 186 356 356 186 356 356 186 16 186 16 356 356 16 356 16 16 186 186 356 186 186 16 186 186 16 356 356 186 356 186 16 16 186 356 186 356 186 356 16 186 356 16 186 186 186 186 186 16 186 16 16 356 356 186 186 186 16 16 186 356 186 356 186 356 16 186 1 356 
c [Main] Lowest label SAT is set to 360.
c [Main] Kill higher label pid 361.
c [Main] Kill higher label pid 362.
c [Label = 361] Encoding starts with target value = 170:
c [Label = 361] Encoding duration: 3170ms.
c [Label = 361] Number of clauses: 1500524.
c [Label = 361] Number of variables: 438286.
c [Label = 361] Solving duration: 106 ms.
s [Label = 361] SAT (w = 170).
c [Label = 361] Label assignment: 361 361 361 361 361 361 361 361 361 361 361 361 361 361 361 191 361 191 361 361 361 361 361 191 361 191 361 361 361 361 361 361 361 361 361 361 191 361 361 361 361 191 191 361 361 361 361 191 361 21 361 191 361 361 361 361 361 361 361 361 191 361 361 361 361 361 361 361 361 361 361 361 361 361 361 361 191 361 361 361 191 361 361 361 361 361 361 191 191 361 21 191 191 361 361 361 191 361 191 21 191 361 361 361 191 361 191 361 21 361 361 361 191 361 21 191 361 191 191 191 361 191 191 191 361 191 361 361 361 361 361 361 361 361 21 191 361 191 191 361 361 361 21 361 361 361 361 191 191 361 361 361 191 191 191 191 361 361 21 361 361 361 191 361 361 361 191 361 361 191 361 361 361 191 191 191 361 191 191 361 361 361 361 361 361 361 361 361 361 191 361 21 361 191 361 191 361 361 361 361 191 21 361 191 361 191 361 361 191 191 21 21 361 361 21 361 361 191 191 191 361 191 191 191 191 191 361 21 191 361 191 21 361 361 361 361 21 191 361 21 361 361 361 361 21 191 191 361 361 21 191 21 21 21 191 21 191 191 191 361 191 361 21 361 361 191 361 361 361 21 361 361 361 361 191 361 191 191 361 191 191 361 361 191 21 191 361 191 361 191 21 361 191 361 361 361 361 21 191 21 191 191 191 361 191 361 361 361 361 191 21 191 361 21 191 191 21 361 191 21 191 191 191 191 361 191 191 191 191 191 21 191 361 361 191 361 361 191 21 361 191 361 191 361 191 21 21 361 21 21 361 191 21 21 191 191 191 191 191 191 361 21 191 191 191 191 361 361 191 191 361 21 191 21 361 191 191 361 191 191 191 21 21 191 361 361 21 21 191 191 361 361 21 361 191 361 361 191 361 361 191 361 21 21 191 361 361 21 191 361 361 361 191 191 361 191 21 191 361 191 361 191 191 361 21 361 191 361 361 191 361 361 191 21 191 21 361 361 21 361 21 21 191 191 361 191 191 21 191 191 21 361 361 191 361 191 21 21 191 361 191 361 191 361 21 191 361 21 191 191 191 191 191 21 191 21 21 361 361 191 191 191 21 21 191 361 191 361 191 361 21 191 1 361 
c [Signal] Signal interruption. Caught signal: SIGTERM (15).
c [Label = 362] Encoding starts with target value = 170:
c [Label = 362] Encoding duration: 3491ms.
c [Label = 362] Number of clauses: 1505339.
c [Label = 362] Number of variables: 439274.
c [Label = 362] Solving duration: 107 ms.
s [Label = 362] SAT (w = 170).
c [Label = 362] Label assignment: 362 362 362 362 362 362 362 362 362 362 362 362 362 362 362 192 362 192 362 362 362 362 362 192 362 192 362 362 362 362 362 362 362 362 362 362 192 362 362 362 362 192 192 362 362 362 362 192 362 22 362 192 362 362 362 362 362 362 362 362 192 362 362 362 362 362 362 362 362 362 362 362 362 362 362 362 192 362 362 362 192 362 362 362 362 362 362 192 192 362 22 192 192 362 362 362 192 362 192 22 192 362 362 362 192 362 192 362 22 362 362 362 192 362 22 192 362 192 192 192 362 192 192 192 362 192 362 362 362 362 362 362 362 362 22 192 362 192 192 362 362 362 22 362 362 362 362 192 192 362 362 362 192 192 192 192 362 362 22 362 362 362 192 362 362 362 192 362 362 192 362 362 362 192 192 192 362 192 192 362 362 362 362 362 362 362 362 362 362 192 362 22 362 192 362 192 362 362 362 362 192 22 362 192 362 192 362 362 192 192 22 22 362 362 22 362 362 192 192 192 362 192 192 192 192 192 362 22 192 362 192 22 362 362 362 362 22 192 362 22 362 362 362 362 22 192 192 362 362 22 192 22 22 22 192 22 192 192 192 362 192 362 22 362 362 192 362 362 362 22 362 362 362 362 192 362 192 192 362 192 192 362 362 192 22 192 362 192 362 192 22 362 192 362 362 362 362 22 192 22 192 192 192 362 192 362 362 362 362 192 22 192 362 22 192 192 22 362 192 22 192 192 192 192 362 192 192 192 192 192 22 192 362 362 192 362 362 192 22 362 192 362 192 362 192 22 22 362 22 22 362 192 22 22 192 192 192 192 192 192 362 22 192 192 192 192 362 362 192 192 362 22 192 22 362 192 192 362 192 192 192 22 22 192 362 362 22 22 192 192 362 362 22 362 192 362 362 192 362 362 192 362 22 22 192 362 362 22 192 362 362 362 192 192 362 192 22 192 362 192 362 192 192 362 22 362 192 362 362 192 362 362 192 22 192 22 362 362 22 362 22 22 192 192 362 192 192 22 192 192 22 362 362 192 362 192 22 22 192 362 192 362 192 362 22 192 362 22 192 192 192 192 192 22 192 22 22 362 362 192 192 192 22 22 192 362 192 362 192 362 22 192 1 362 
c [Signal] Signal interruption. Caught signal: SIGTERM (15).
c [Label = 354] Minimize Makespan Labeling problem (Q-494_bus.mtx.rnd):
c [Main] Lowest label SAT is set to 356.
c [Main] Kill higher label pid 357.
c [Main] Kill higher label pid 358.
c [Main] Kill higher label pid 359.
c [Main] Kill higher label pid 361.
c [Main] Kill higher label pid 362.
c [Label = 357] Encoding starts with target value = 170:
c [Label = 357] Encoding duration: 3479ms.
c [Label = 357] Number of clauses: 1481266.
c [Label = 357] Number of variables: 434334.
c [Label = 357] Solving duration: 99 ms.
s [Label = 357] SAT (w = 170).
c [Label = 357] Label assignment: 357 357 357 357 357 357 357 357 357 357 357 357 357 357 357 187 357 187 357 357 357 357 357 187 357 187 357 357 357 357 357 357 357 357 357 357 187 357 357 357 357 187 187 357 357 357 357 187 357 17 357 187 357 357 357 357 357 357 357 357 187 357 357 357 357 357 357 357 357 357 357 357 357 357 357 357 187 357 357 357 187 357 357 357 357 357 357 187 187 357 17 187 187 357 357 357 187 357 187 17 187 357 357 357 187 357 187 357 17 357 357 357 187 357 17 187 357 187 187 187 357 187 187 187 357 187 357 357 357 357 357 357 357 357 17 187 357 187 187 357 357 357 17 357 357 357 357 187 187 357 357 357 187 187 187 187 357 357 17 357 357 357 187 357 357 357 187 357 357 187 357 357 357 187 187 187 357 187 187 357 357 357 357 357 357 357 357 357 357 187 357 17 357 187 357 187 357 357 357 357 187 17 357 187 357 187 357 357 187 187 17 17 357 357 17 357 357 187 187 187 357 187 187 187 187 187 357 17 187 357 187 17 357 357 357 357 17 187 357 17 357 357 357 357 17 187 187 357 357 17 187 17 17 17 187 17 187 187 187 357 187 357 17 357 357 187 357 357 357 17 357 357 357 357 187 357 187 187 357 187 187 357 357 187 17 187 357 187 357 187 17 357 187 357 357 357 357 17 187 17 187 187 187 357 187 357 357 357 357 187 17 187 357 17 187 187 17 357 187 17 187 187 187 187 357 187 187 187 187 187 17 187 357 357 187 357 357 187 17 357 187 357 187 357 187 17 17 357 17 17 357 187 17 17 187 187 187 187 187 187 357 17 187 187 187 187 357 357 187 187 357 17 187 17 357 187 187 357 187 187 187 17 17 187 357 357 17 17 187 187 357 357 17 357 187 357 357 187 357 357 187 357 17 17 187 357 357 17 187 357 357 357 187 187 357 187 17 187 357 187 357 187 187 357 17 357 187 357 357 187 357 357 187 17 187 17 357 357 17 357 17 17 187 187 357 187 187 17 187 187 17 357 357 187 357 187 17 17 187 357 187 357 187 357 17 187 357 17 187 187 187 187 187 17 187 17 17 357 357 187 187 187 17 17 187 357 187 357 187 357 17 187 1 357 
c [Signal] Signal interruption. Caught signal: SIGTERM (15).
c [Label = 359] Encoding starts with target value = 170:
c [Label = 359] Encoding duration: 3288ms.
c [Label = 359] Number of clauses: 1490895.
c [Label = 359] Number of variables: 436310.
c [Label = 359] Solving duration: 149 ms.
s [Label = 359] SAT (w = 170).
c [Label = 359] Label assignment: 359 359 359 359 359 359 359 359 359 359 359 359 359 359 359 189 359 189 359 359 359 359 359 189 359 189 359 359 359 359 359 359 359 359 359 359 189 359 359 359 359 189 189 359 359 359 359 189 359 19 359 189 359 359 359 359 359 359 359 359 189 359 359 359 359 359 359 359 359 359 359 359 359 359 359 359 189 359 359 359 189 359 359 359 359 359 359 189 189 359 19 189 189 359 359 359 189 359 189 19 189 359 359 359 189 359 189 359 19 359 359 359 189 359 19 189 359 189 189 189 359 189 189 189 359 189 359 359 359 359 359 359 359 359 19 189 359 189 189 359 359 359 19 359 359 359 359 189 189 359 359 359 189 189 189 189 359 359 19 359 359 359 189 359 359 359 189 359 359 189 359 359 359 189 189 189 359 189 189 359 359 359 359 359 359 359 359 359 359 189 359 19 359 189 359 189 359 359 359 359 189 19 359 189 359 189 359 359 189 189 19 19 359 359 19 359 359 189 189 189 359 189 189 189 189 189 359 19 189 359 189 19 359 359 359 359 19 189 359 19 359 359 359 359 19 189 189 359 359 19 189 19 19 19 189 19 189 189 189 359 189 359 19 359 359 189 359 359 359 19 359 359 359 359 189 359 189 189 359 189 189 359 359 189 19 189 359 189 359 189 19 359 189 359 359 359 359 19 189 19 189 189 189 359 189 359 359 359 359 189 19 189 359 19 189 189 19 359 189 19 189 189 189 189 359 189 189 189 189 189 19 189 359 359 189 359 359 189 19 359 189 359 189 359 189 19 19 359 19 19 359 189 19 19 189 189 189 189 189 189 359 19 189 189 189 189 359 359 189 189 359 19 189 19 359 189 189 359 189 189 189 19 19 189 359 359 19 19 189 189 359 359 19 359 189 359 359 189 359 359 189 359 19 19 189 359 359 19 189 359 359 359 189 189 359 189 19 189 359 189 359 189 189 359 19 359 189 359 359 189 359 359 189 19 189 19 359 359 19 359 19 19 189 189 359 189 189 19 189 189 19 359 359 189 359 189 19 19 189 359 189 359 189 359 19 189 359 19 189 189 189 189 189 19 189 19 19 359 359 189 189 189 19 19 189 359 189 359 189 359 19 189 1 359 
c [Signal] Signal interruption. Caught signal: SIGTERM (15).
c [Label = 353] Minimize Makespan Labeling problem (Q-494_bus.mtx.rnd):
c [Label = 358] Encoding starts with target value = 170:
c [Label = 358] Encoding duration: 3611ms.
c [Label = 358] Number of clauses: 1486081.
c [Label = 358] Number of variables: 435322.
c [Signal] Signal interruption. Caught signal: SIGTERM (15).
c [Main] Child pid 362 - 59943 terminated by signal 15.
c [Label = 352] Minimize Makespan Labeling problem (Q-494_bus.mtx.rnd):
c [Main] Child pid 361 - 59944 terminated by signal 15.
c [Label = 351] Minimize Makespan Labeling problem (Q-494_bus.mtx.rnd):
c [Main] Child pid 359 - 59946 terminated by signal 15.
c [Main] Child pid 357 - 59948 terminated by signal 15.
c [Label = 350] Minimize Makespan Labeling problem (Q-494_bus.mtx.rnd):
c [Main] Child pid 358 - 59947 terminated by signal 15.
c [Label = 348] Minimize Makespan Labeling problem (Q-494_bus.mtx.rnd):
c [Label = 349] Minimize Makespan Labeling problem (Q-494_bus.mtx.rnd):
c [Label = 355] Encoding starts with target value = 170:
c [Label = 355] Encoding duration: 3333ms.
c [Label = 355] Number of clauses: 1471637.
c [Label = 355] Number of variables: 432358.
c [Label = 355] Solving duration: 168 ms.
s [Label = 355] SAT (w = 170).
c [Label = 355] Label assignment: 355 355 355 355 355 355 355 355 355 355 355 355 355 355 355 185 355 185 355 355 355 355 355 185 355 185 355 355 355 355 355 355 355 355 355 355 185 355 355 355 355 185 185 355 355 355 355 185 355 15 355 185 355 355 355 355 355 355 355 355 185 355 355 355 355 355 355 355 355 355 355 355 355 355 355 355 185 355 355 355 185 355 355 355 355 355 355 185 185 355 15 185 185 355 355 355 185 355 185 15 185 355 355 355 185 355 185 355 15 355 355 355 185 355 15 185 355 185 185 185 355 185 185 185 355 185 355 355 355 355 355 355 355 355 15 185 355 185 185 355 355 355 15 355 355 355 355 185 185 355 355 355 185 185 185 185 355 355 15 355 355 355 185 355 355 355 185 355 355 185 355 355 355 185 185 185 355 185 185 355 355 355 355 355 355 355 355 355 355 185 355 15 355 185 355 185 355 355 355 355 185 15 355 185 355 185 355 355 185 185 15 15 355 355 15 355 355 185 185 185 355 185 185 185 185 185 355 15 185 355 185 15 355 355 355 355 15 185 355 15 355 355 355 355 15 185 185 355 355 15 185 15 15 15 185 15 185 185 185 355 185 355 15 355 355 185 355 355 355 15 355 355 355 355 185 355 185 185 355 185 185 355 355 185 15 185 355 185 355 185 15 355 185 355 355 355 355 15 185 15 185 185 185 355 185 355 355 355 355 185 15 185 355 15 185 185 15 355 185 15 185 185 185 185 355 185 185 185 185 185 15 185 355 355 185 355 355 185 15 355 185 355 185 355 185 15 15 355 15 15 355 185 15 15 185 185 185 185 185 185 355 15 185 185 185 185 355 355 185 185 355 15 185 15 355 185 185 355 185 185 185 15 15 185 355 355 15 15 185 185 355 355 15 355 185 355 355 185 355 355 185 355 15 15 185 355 355 15 185 355 355 355 185 185 355 185 15 185 355 185 355 185 185 355 15 355 185 355 355 185 355 355 185 15 185 15 355 355 15 355 15 15 185 185 355 185 185 15 185 185 15 355 355 185 355 185 15 15 185 355 185 355 185 355 15 185 355 15 185 185 185 185 185 15 185 15 15 355 355 185 185 185 15 15 185 355 185 355 185 355 15 185 1 355 
c [Main] Lowest label SAT is set to 355.
c [Label = 347] Minimize Makespan Labeling problem (Q-494_bus.mtx.rnd):
c [Label = 354] Encoding starts with target value = 170:
c [Label = 354] Encoding duration: 3148ms.
c [Label = 354] Number of clauses: 1466823.
c [Label = 354] Number of variables: 431370.
c [Label = 354] Solving duration: 102 ms.
s [Label = 354] SAT (w = 170).
c [Label = 354] Label assignment: 354 354 354 354 354 354 354 354 354 354 354 354 354 354 354 184 354 184 354 354 354 354 354 184 354 184 354 354 354 354 354 354 354 354 354 354 184 354 354 354 354 184 184 354 354 354 354 184 354 14 354 184 354 354 354 354 354 354 354 354 184 354 354 354 354 354 354 354 354 354 354 354 354 354 354 354 184 354 354 354 184 354 354 354 354 354 354 184 184 354 14 184 184 354 354 354 184 354 184 14 184 354 354 354 184 354 184 354 14 354 354 354 184 354 14 184 354 184 184 184 354 184 184 184 354 184 354 354 354 354 354 354 354 354 14 184 354 184 184 354 354 354 14 354 354 354 354 184 184 354 354 354 184 184 184 184 354 354 14 354 354 354 184 354 354 354 184 354 354 184 354 354 354 184 184 184 354 184 184 354 354 354 354 354 354 354 354 354 354 184 354 14 354 184 354 184 354 354 354 354 184 14 354 184 354 184 354 354 184 184 14 14 354 354 14 354 354 184 184 184 354 184 184 184 184 184 354 14 184 354 184 14 354 354 354 354 14 184 354 14 354 354 354 354 14 184 184 354 354 14 184 14 14 14 184 14 184 184 184 354 184 354 14 354 354 184 354 354 354 14 354 354 354 354 184 354 184 184 354 184 184 354 354 184 14 184 354 184 354 184 14 354 184 354 354 354 354 14 184 14 184 184 184 354 184 354 354 354 354 184 14 184 354 14 184 184 14 354 184 14 184 184 184 184 354 184 184 184 184 184 14 184 354 354 184 354 354 184 14 354 184 354 184 354 184 14 14 354 14 14 354 184 14 14 184 184 184 184 184 184 354 14 184 184 184 184 354 354 184 184 354 14 184 14 354 184 184 354 184 184 184 14 14 184 354 354 14 14 184 184 354 354 14 354 184 354 354 184 354 354 184 354 14 14 184 354 354 14 184 354 354 354 184 184 354 184 14 184 354 184 354 184 184 354 14 354 184 354 354 184 354 354 184 14 184 14 354 354 14 354 14 14 184 184 354 184 184 14 184 184 14 354 354 184 354 184 14 14 184 354 184 354 184 354 14 184 354 14 184 184 184 184 184 14 184 14 14 354 354 184 184 184 14 14 184 354 184 354 184 354 14 184 1 354 
c [Main] Lowest label SAT is set to 354.
c [Label = 346] Minimize Makespan Labeling problem (Q-494_bus.mtx.rnd):
c [Label = 351] Encoding starts with target value = 170:
c [Label = 351] Encoding duration: 3049ms.
c [Label = 351] Number of clauses: 1452379.
c [Label = 351] Number of variables: 428406.
c [Label = 351] Solving duration: 104 ms.
s [Label = 351] SAT (w = 170).
c [Label = 351] Label assignment: 351 351 351 351 351 351 351 351 351 351 351 351 351 351 351 181 351 181 351 351 351 351 351 181 351 181 351 351 351 351 351 351 351 351 351 351 181 351 351 351 351 181 181 351 351 351 351 181 351 11 351 181 351 351 351 351 351 351 351 351 181 351 351 351 351 351 351 351 351 351 351 351 351 351 351 351 181 351 351 351 181 351 351 351 351 351 351 181 181 351 11 181 181 351 351 351 181 351 181 11 181 351 351 351 181 351 181 351 11 351 351 351 181 351 11 181 351 181 181 181 351 181 181 181 351 181 351 351 351 351 351 351 351 351 11 181 351 181 181 351 351 351 11 351 351 351 351 181 181 351 351 351 181 181 181 181 351 351 11 351 351 351 181 351 351 351 181 351 351 181 351 351 351 181 181 181 351 181 181 351 351 351 351 351 351 351 351 351 351 181 351 11 351 181 351 181 351 351 351 351 181 11 351 181 351 181 351 351 181 181 11 11 351 351 11 351 351 181 181 181 351 181 181 181 181 181 351 11 181 351 181 11 351 351 351 351 11 181 351 11 351 351 351 351 11 181 181 351 351 11 181 11 11 11 181 11 181 181 181 351 181 351 11 351 351 181 351 351 351 11 351 351 351 351 181 351 181 181 351 181 181 351 351 181 11 181 351 181 351 181 11 351 181 351 351 351 351 11 181 11 181 181 181 351 181 351 351 351 351 181 11 181 351 11 181 181 11 351 181 11 181 181 181 181 351 181 181 181 181 181 11 181 351 351 181 351 351 181 11 351 181 351 181 351 181 11 11 351 11 11 351 181 11 11 181 181 181 181 181 181 351 11 181 181 181 181 351 351 181 181 351 11 181 11 351 181 181 351 181 181 181 11 11 181 351 351 11 11 181 181 351 351 11 351 181 351 351 181 351 351 181 351 11 11 181 351 351 11 181 351 351 351 181 181 351 181 11 181 351 181 351 181 181 351 11 351 181 351 351 181 351 351 181 11 181 11 351 351 11 351 11 11 181 181 351 181 181 11 181 181 11 351 351 181 351 181 11 11 181 351 181 351 181 351 11 181 351 11 181 181 181 181 181 11 181 11 11 351 351 181 181 181 11 11 181 351 181 351 181 351 11 181 1 351 
c [Label = 348] Encoding starts with target value = 170:
c [Label = 348] Encoding duration: 3162ms.
c [Label = 348] Number of clauses: 1437936.
c [Label = 348] Number of variables: 425442.
c [Label = 348] Solving duration: 103 ms.
s [Label = 348] SAT (w = 170).
c [Label = 348] Label assignment: 348 348 348 348 348 348 348 348 348 348 348 348 348 348 348 178 348 178 348 348 348 348 348 178 348 178 348 348 348 348 348 348 348 348 348 348 178 348 348 348 348 178 178 348 348 348 348 178 348 8 348 178 348 348 348 348 348 348 348 348 178 348 348 348 348 348 348 348 348 348 348 348 348 348 348 348 178 348 348 348 178 348 348 348 348 348 348 178 178 348 8 178 178 348 348 348 178 348 178 8 178 348 348 348 178 348 178 348 8 348 348 348 178 348 8 178 348 178 178 178 348 178 178 178 348 178 348 348 348 348 348 348 348 348 8 178 348 178 178 348 348 348 8 348 348 348 348 178 178 348 348 348 178 178 178 178 348 348 8 348 348 348 178 348 348 348 178 348 348 178 348 348 348 178 178 178 348 178 178 348 348 348 348 348 348 348 348 348 348 178 348 8 348 178 348 178 348 348 348 348 178 8 348 178 348 178 348 348 178 178 8 8 348 348 8 348 348 178 178 178 348 178 178 178 178 178 348 8 178 348 178 8 348 348 348 348 8 178 348 8 348 348 348 348 8 178 178 348 348 8 178 8 8 8 178 8 178 178 178 348 178 348 8 348 348 178 348 348 348 8 348 348 348 348 178 348 178 178 348 178 178 348 348 178 8 178 348 178 348 178 8 348 178 348 348 348 348 8 178 8 178 178 178 348 178 348 348 348 348 178 8 178 348 8 178 178 8 348 178 8 178 178 178 178 348 178 178 178 178 178 8 178 348 348 178 348 348 178 8 348 178 348 178 348 178 8 8 348 8 8 348 178 8 8 178 178 178 178 178 178 348 8 178 178 178 178 348 348 178 178 348 8 178 8 348 178 178 348 178 178 178 8 8 178 348 348 8 8 178 178 348 348 8 348 178 348 348 178 348 348 178 348 8 8 178 348 348 8 178 348 348 348 178 178 348 178 8 178 348 178 348 178 178 348 8 348 178 348 348 178 348 348 178 8 178 8 348 348 8 348 8 8 178 178 348 178 178 8 178 178 8 348 348 178 348 178 8 8 178 348 178 348 178 348 8 178 348 8 178 178 178 178 178 8 178 8 8 348 348 178 178 178 8 8 178 348 178 348 178 348 8 178 1 348 
c [Label = 353] Encoding starts with target value = 170:
c [Label = 353] Encoding duration: 3299ms.
c [Label = 353] Number of clauses: 1462008.
c [Label = 353] Number of variables: 430382.
c [Label = 353] Solving duration: 95 ms.
s [Label = 353] SAT (w = 170).
c [Label = 353] Label assignment: 353 353 353 353 353 353 353 353 353 353 353 353 353 353 353 183 353 183 353 353 353 353 353 183 353 183 353 353 353 353 353 353 353 353 353 353 183 353 353 353 353 183 183 353 353 353 353 183 353 13 353 183 353 353 353 353 353 353 353 353 183 353 353 353 353 353 353 353 353 353 353 353 353 353 353 353 183 353 353 353 183 353 353 353 353 353 353 183 183 353 13 183 183 353 353 353 183 353 183 13 183 353 353 353 183 353 183 353 13 353 353 353 183 353 13 183 353 183 183 183 353 183 183 183 353 183 353 353 353 353 353 353 353 353 13 183 353 183 183 353 353 353 13 353 353 353 353 183 183 353 353 353 183 183 183 183 353 353 13 353 353 353 183 353 353 353 183 353 353 183 353 353 353 183 183 183 353 183 183 353 353 353 353 353 353 353 353 353 353 183 353 13 353 183 353 183 353 353 353 353 183 13 353 183 353 183 353 353 183 183 13 13 353 353 13 353 353 183 183 183 353 183 183 183 183 183 353 13 183 353 183 13 353 353 353 353 13 183 353 13 353 353 353 353 13 183 183 353 353 13 183 13 13 13 183 13 183 183 183 353 183 353 13 353 353 183 353 353 353 13 353 353 353 353 183 353 183 183 353 183 183 353 353 183 13 183 353 183 353 183 13 353 183 353 353 353 353 13 183 13 183 183 183 353 183 353 353 353 353 183 13 183 353 13 183 183 13 353 183 13 183 183 183 183 353 183 183 183 183 183 13 183 353 353 183 353 353 183 13 353 183 353 183 353 183 13 13 353 13 13 353 183 13 13 183 183 183 183 183 183 353 13 183 183 183 183 353 353 183 183 353 13 183 13 353 183 183 353 183 183 183 13 13 183 353 353 13 13 183 183 353 353 13 353 183 353 353 183 353 353 183 353 13 13 183 353 353 13 183 353 353 353 183 183 353 183 13 183 353 183 353 183 183 353 13 353 183 353 353 183 353 353 183 13 183 13 353 353 13 353 13 13 183 183 353 183 183 13 183 183 13 353 353 183 353 183 13 13 183 353 183 353 183 353 13 183 353 13 183 183 183 183 183 13 183 13 13 353 353 183 183 183 13 13 183 353 183 353 183 353 13 183 1 353 
c [Main] Lowest label SAT is set to 351.
c [Main] Kill higher label pid 352.
c [Main] Kill higher label pid 353.
c [Label = 352] Encoding starts with target value = 170:
c [Label = 352] Encoding duration: 3336ms.
c [Label = 352] Number of clauses: 1457194.
c [Label = 352] Number of variables: 429394.
c [Label = 352] Solving duration: 143 ms.
s [Label = 352] SAT (w = 170).
c [Label = 352] Label assignment: 352 352 352 352 352 352 352 352 352 352 352 352 352 352 352 182 352 182 352 352 352 352 352 182 352 182 352 352 352 352 352 352 352 352 352 352 182 352 352 352 352 182 182 352 352 352 352 182 352 12 352 182 352 352 352 352 352 352 352 352 182 352 352 352 352 352 352 352 352 352 352 352 352 352 352 352 182 352 352 352 182 352 352 352 352 352 352 182 182 352 12 182 182 352 352 352 182 352 182 12 182 352 352 352 182 352 182 352 12 352 352 352 182 352 12 182 352 182 182 182 352 182 182 182 352 182 352 352 352 352 352 352 352 352 12 182 352 182 182 352 352 352 12 352 352 352 352 182 182 352 352 352 182 182 182 182 352 352 12 352 352 352 182 352 352 352 182 352 352 182 352 352 352 182 182 182 352 182 182 352 352 352 352 352 352 352 352 352 352 182 352 12 352 182 352 182 352 352 352 352 182 12 352 182 352 182 352 352 182 182 12 12 352 352 12 352 352 182 182 182 352 182 182 182 182 182 352 12 182 352 182 12 352 352 352 352 12 182 352 12 352 352 352 352 12 182 182 352 352 12 182 12 12 12 182 12 182 182 182 352 182 352 12 352 352 182 352 352 352 12 352 352 352 352 182 352 182 182 352 182 182 352 352 182 12 182 352 182 352 182 12 352 182 352 352 352 352 12 182 12 182 182 182 352 182 352 352 352 352 182 12 182 352 12 182 182 12 352 182 12 182 182 182 182 352 182 182 182 182 182 12 182 352 352 182 352 352 182 12 352 182 352 182 352 182 12 12 352 12 12 352 182 12 12 182 182 182 182 182 182 352 12 182 182 182 182 352 352 182 182 352 12 182 12 352 182 182 352 182 182 182 12 12 182 352 352 12 12 182 182 352 352 12 352 182 352 352 182 352 352 182 352 12 12 182 352 352 12 182 352 352 352 182 182 352 182 12 182 352 182 352 182 182 352 12 352 182 352 352 182 352 352 182 12 182 12 352 352 12 352 12 12 182 182 352 182 182 12 182 182 12 352 352 182 352 182 12 12 182 352 182 352 182 352 12 182 352 12 182 182 182 182 182 12 182 12 12 352 352 182 182 182 12 12 182 352 182 352 182 352 12 182 1 352 
c [Signal] Signal interruption. Caught signal: SIGTERM (15).
c [Label = 345] Minimize Makespan Labeling problem (Q-494_bus.mtx.rnd):
c [Label = 349] Encoding starts with target value = 170:
c [Label = 349] Encoding duration: 3406ms.
c [Label = 349] Number of clauses: 1442750.
c [Label = 349] Number of variables: 426430.
c [Label = 349] Solving duration: 97 ms.
s [Label = 349] SAT (w = 170).
c [Label = 349] Label assignment: 349 349 349 349 349 349 349 349 349 349 349 349 349 349 349 179 349 179 349 349 349 349 349 179 349 179 349 349 349 349 349 349 349 349 349 349 179 349 349 349 349 179 179 349 349 349 349 179 349 9 349 179 349 349 349 349 349 349 349 349 179 349 349 349 349 349 349 349 349 349 349 349 349 349 349 349 179 349 349 349 179 349 349 349 349 349 349 179 179 349 9 179 179 349 349 349 179 349 179 9 179 349 349 349 179 349 179 349 9 349 349 349 179 349 9 179 349 179 179 179 349 179 179 179 349 179 349 349 349 349 349 349 349 349 9 179 349 179 179 349 349 349 9 349 349 349 349 179 179 349 349 349 179 179 179 179 349 349 9 349 349 349 179 349 349 349 179 349 349 179 349 349 349 179 179 179 349 179 179 349 349 349 349 349 349 349 349 349 349 179 349 9 349 179 349 179 349 349 349 349 179 9 349 179 349 179 349 349 179 179 9 9 349 349 9 349 349 179 179 179 349 179 179 179 179 179 349 9 179 349 179 9 349 349 349 349 9 179 349 9 349 349 349 349 9 179 179 349 349 9 179 9 9 9 179 9 179 179 179 349 179 349 9 349 349 179 349 349 349 9 349 349 349 349 179 349 179 179 349 179 179 349 349 179 9 179 349 179 349 179 9 349 179 349 349 349 349 9 179 9 179 179 179 349 179 349 349 349 349 179 9 179 349 9 179 179 9 349 179 9 179 179 179 179 349 179 179 179 179 179 9 179 349 349 179 349 349 179 9 349 179 349 179 349 179 9 9 349 9 9 349 179 9 9 179 179 179 179 179 179 349 9 179 179 179 179 349 349 179 179 349 9 179 9 349 179 179 349 179 179 179 9 9 179 349 349 9 9 179 179 349 349 9 349 179 349 349 179 349 349 179 349 9 9 179 349 349 9 179 349 349 349 179 179 349 179 9 179 349 179 349 179 179 349 9 349 179 349 349 179 349 349 179 9 179 9 349 349 9 349 9 9 179 179 349 179 179 9 179 179 9 349 349 179 349 179 9 9 179 349 179 349 179 349 9 179 349 9 179 179 179 179 179 9 179 9 9 349 349 179 179 179 9 9 179 349 179 349 179 349 9 179 1 349 
c [Signal] Signal interruption. Caught signal: SIGTERM (15).
c [Main] Lowest label SAT is set to 348.
c [Main] Kill higher label pid 349.
c [Main] Kill higher label pid 350.
c [Main] Kill higher label pid 352.
c [Main] Kill higher label pid 353.
c [Label = 350] Encoding starts with target value = 170:
c [Label = 350] Encoding duration: 3216ms.
c [Label = 350] Number of clauses: 1447565.
c [Label = 350] Number of variables: 427418.
c [Label = 350] Solving duration: 101 ms.
s [Label = 350] SAT (w = 170).
c [Label = 350] Label assignment: 350 350 350 350 350 350 350 350 350 350 350 350 350 350 350 180 350 180 350 350 350 350 350 180 350 180 350 350 350 350 350 350 350 350 350 350 180 350 350 350 350 180 180 350 350 350 350 180 350 10 350 180 350 350 350 350 350 350 350 350 180 350 350 350 350 350 350 350 350 350 350 350 350 350 350 350 180 350 350 350 180 350 350 350 350 350 350 180 180 350 10 180 180 350 350 350 180 350 180 10 180 350 350 350 180 350 180 350 10 350 350 350 180 350 10 180 350 180 180 180 350 180 180 180 350 180 350 350 350 350 350 350 350 350 10 180 350 180 180 350 350 350 10 350 350 350 350 180 180 350 350 350 180 180 180 180 350 350 10 350 350 350 180 350 350 350 180 350 350 180 350 350 350 180 180 180 350 180 180 350 350 350 350 350 350 350 350 350 350 180 350 10 350 180 350 180 350 350 350 350 180 10 350 180 350 180 350 350 180 180 10 10 350 350 10 350 350 180 180 180 350 180 180 180 180 180 350 10 180 350 180 10 350 350 350 350 10 180 350 10 350 350 350 350 10 180 180 350 350 10 180 10 10 10 180 10 180 180 180 350 180 350 10 350 350 180 350 350 350 10 350 350 350 350 180 350 180 180 350 180 180 350 350 180 10 180 350 180 350 180 10 350 180 350 350 350 350 10 180 10 180 180 180 350 180 350 350 350 350 180 10 180 350 10 180 180 10 350 180 10 180 180 180 180 350 180 180 180 180 180 10 180 350 350 180 350 350 180 10 350 180 350 180 350 180 10 10 350 10 10 350 180 10 10 180 180 180 180 180 180 350 10 180 180 180 180 350 350 180 180 350 10 180 10 350 180 180 350 180 180 180 10 10 180 350 350 10 10 180 180 350 350 10 350 180 350 350 180 350 350 180 350 10 10 180 350 350 10 180 350 350 350 180 180 350 180 10 180 350 180 350 180 180 350 10 350 180 350 350 180 350 350 180 10 180 10 350 350 10 350 10 10 180 180 350 180 180 10 180 180 10 350 350 180 350 180 10 10 180 350 180 350 180 350 10 180 350 10 180 180 180 180 180 10 180 10 10 350 350 180 180 180 10 10 180 350 180 350 180 350 10 180 1 350 
c [Signal] Signal interruption. Caught signal: SIGTERM (15).
c [Label = 344] Minimize Makespan Labeling problem (Q-494_bus.mtx.rnd):
c [Main] Child pid 352 - 59953 terminated by signal 15.
c [Label = 343] Minimize Makespan Labeling problem (Q-494_bus.mtx.rnd):
c [Main] Child pid 349 - 59956 terminated by signal 15.
c [Main] Child pid 350 - 59955 terminated by signal 15.
c [Label = 342] Minimize Makespan Labeling problem (Q-494_bus.mtx.rnd):
c [Label = 340] Minimize Makespan Labeling problem (Q-494_bus.mtx.rnd):
c [Label = 341] Minimize Makespan Labeling problem (Q-494_bus.mtx.rnd):
c [Label = 347] Encoding starts with target value = 170:
c [Label = 347] Encoding duration: 2944ms.
c [Label = 347] Number of clauses: 1433121.
c [Label = 347] Number of variables: 424454.
c [Label = 347] Solving duration: 90 ms.
s [Label = 347] SAT (w = 170).
c [Label = 347] Label assignment: 347 347 347 347 347 347 347 347 347 347 347 347 347 347 347 177 347 177 347 347 347 347 347 177 347 177 347 347 347 347 347 347 347 347 347 347 177 347 347 347 347 177 177 347 347 347 347 177 347 7 347 177 347 347 347 347 347 347 347 347 177 347 347 347 347 347 347 347 347 347 347 347 347 347 347 347 177 347 347 347 177 347 347 347 347 347 347 177 177 347 7 177 177 347 347 347 177 347 177 7 177 347 347 347 177 347 177 347 7 347 347 347 177 347 7 177 347 177 177 177 347 177 177 177 347 177 347 347 347 347 347 347 347 347 7 177 347 177 177 347 347 347 7 347 347 347 347 177 177 347 347 347 177 177 177 177 347 347 7 347 347 347 177 347 347 347 177 347 347 177 347 347 347 177 177 177 347 177 177 347 347 347 347 347 347 347 347 347 347 177 347 7 347 177 347 177 347 347 347 347 177 7 347 177 347 177 347 347 177 177 7 7 347 347 7 347 347 177 177 177 347 177 177 177 177 177 347 7 177 347 177 7 347 347 347 347 7 177 347 7 347 347 347 347 7 177 177 347 347 7 177 7 7 7 177 7 177 177 177 347 177 347 7 347 347 177 347 347 347 7 347 347 347 347 177 347 177 177 347 177 177 347 347 177 7 177 347 177 347 177 7 347 177 347 347 347 347 7 177 7 177 177 177 347 177 347 347 347 347 177 7 177 347 7 177 177 7 347 177 7 177 177 177 177 347 177 177 177 177 177 7 177 347 347 177 347 347 177 7 347 177 347 177 347 177 7 7 347 7 7 347 177 7 7 177 177 177 177 177 177 347 7 177 177 177 177 347 347 177 177 347 7 177 7 347 177 177 347 177 177 177 7 7 177 347 347 7 7 177 177 347 347 7 347 177 347 347 177 347 347 177 347 7 7 177 347 347 7 177 347 347 347 177 177 347 177 7 177 347 177 347 177 177 347 7 347 177 347 347 177 347 347 177 7 177 7 347 347 7 347 7 7 177 177 347 177 177 7 177 177 7 347 347 177 347 177 7 7 177 347 177 347 177 347 7 177 347 7 177 177 177 177 177 7 177 7 7 347 347 177 177 177 7 7 177 347 177 347 177 347 7 177 1 347 
c [Main] Lowest label SAT is set to 347.
c [Label = 339] Minimize Makespan Labeling problem (Q-494_bus.mtx.rnd):
c [Label = 340] Encoding starts with target value = 170:
c [Label = 340] Encoding duration: 2415ms.
c [Label = 340] Number of clauses: 1149950.
c [Label = 340] Number of variables: 335040.
c [Label = 340] Solving duration: 0 ms.
s [Label = 340] UNSAT (w = 170).
c [Main] Highest label UNSAT is set to 340
c [Main] Kill lower label pid 339.
c [Label = 339] Encoding starts with target value = 170:
c [Signal] Signal interruption. Caught signal: SIGTERM (15).
c [Main] Child pid 339 - 59972 terminated by signal 15.
c [Label = 344] Encoding starts with target value = 170:
c [Label = 344] Encoding duration: 2917ms.
c [Label = 344] Number of clauses: 1418678.
c [Label = 344] Number of variables: 421490.
c [Label = 344] Solving duration: 102 ms.
s [Label = 344] SAT (w = 170).
c [Label = 344] Label assignment: 344 344 344 344 344 344 344 344 344 344 344 344 344 344 344 174 344 174 344 344 344 344 344 174 344 174 344 344 344 344 344 344 344 344 344 344 174 344 344 344 344 174 174 344 344 344 344 174 344 4 344 174 344 344 344 344 344 344 344 344 174 344 344 344 344 344 344 344 344 344 344 344 344 344 344 344 174 344 344 344 174 344 344 344 344 344 344 174 174 344 4 174 174 344 344 344 174 344 174 4 174 344 344 344 174 344 174 344 4 344 344 344 174 344 4 174 344 174 174 174 344 174 174 174 344 174 344 344 344 344 344 344 344 344 4 174 344 174 174 344 344 344 4 344 344 344 344 174 174 344 344 344 174 174 174 174 344 344 4 344 344 344 174 344 344 344 174 344 344 174 344 344 344 174 174 174 344 174 174 344 344 344 344 344 344 344 344 344 344 174 344 4 344 174 344 174 344 344 344 344 174 4 344 174 344 174 344 344 174 174 4 4 344 344 4 344 344 174 174 174 344 174 174 174 174 174 344 4 174 344 174 4 344 344 344 344 4 174 344 4 344 344 344 344 4 174 174 344 344 4 174 4 4 4 174 4 174 174 174 344 174 344 4 344 344 174 344 344 344 4 344 344 344 344 174 344 174 174 344 174 174 344 344 174 4 174 344 174 344 174 4 344 174 344 344 344 344 4 174 4 174 174 174 344 174 344 344 344 344 174 4 174 344 4 174 174 4 344 174 4 174 174 174 174 344 174 174 174 174 174 4 174 344 344 174 344 344 174 4 344 174 344 174 344 174 4 4 344 4 4 344 174 4 4 174 174 174 174 174 174 344 4 174 174 174 174 344 344 174 174 344 4 174 4 344 174 174 344 174 174 174 4 4 174 344 344 4 4 174 174 344 344 4 344 174 344 344 174 344 344 174 344 4 4 174 344 344 4 174 344 344 344 174 174 344 174 4 174 344 174 344 174 174 344 4 344 174 344 344 174 344 344 174 4 174 4 344 344 4 344 4 4 174 174 344 174 174 4 174 174 4 344 344 174 344 174 4 4 174 344 174 344 174 344 4 174 344 4 174 174 174 174 174 4 174 4 4 344 344 174 174 174 4 4 174 344 174 344 174 344 4 174 1 344 
c [Main] Lowest label SAT is set to 344.
c [Main] Kill higher label pid 345.
c [Main] Kill higher label pid 346.
c [Label = 345] Encoding starts with target value = 170:
c [Label = 345] Encoding duration: 3177ms.
c [Label = 345] Number of clauses: 1423492.
c [Label = 345] Number of variables: 422478.
c [Label = 345] Solving duration: 96 ms.
s [Label = 345] SAT (w = 170).
c [Label = 345] Label assignment: 345 345 345 345 345 345 345 345 345 345 345 345 345 345 345 175 345 175 345 345 345 345 345 175 345 175 345 345 345 345 345 345 345 345 345 345 175 345 345 345 345 175 175 345 345 345 345 175 345 5 345 175 345 345 345 345 345 345 345 345 175 345 345 345 345 345 345 345 345 345 345 345 345 345 345 345 175 345 345 345 175 345 345 345 345 345 345 175 175 345 5 175 175 345 345 345 175 345 175 5 175 345 345 345 175 345 175 345 5 345 345 345 175 345 5 175 345 175 175 175 345 175 175 175 345 175 345 345 345 345 345 345 345 345 5 175 345 175 175 345 345 345 5 345 345 345 345 175 175 345 345 345 175 175 175 175 345 345 5 345 345 345 175 345 345 345 175 345 345 175 345 345 345 175 175 175 345 175 175 345 345 345 345 345 345 345 345 345 345 175 345 5 345 175 345 175 345 345 345 345 175 5 345 175 345 175 345 345 175 175 5 5 345 345 5 345 345 175 175 175 345 175 175 175 175 175 345 5 175 345 175 5 345 345 345 345 5 175 345 5 345 345 345 345 5 175 175 345 345 5 175 5 5 5 175 5 175 175 175 345 175 345 5 345 345 175 345 345 345 5 345 345 345 345 175 345 175 175 345 175 175 345 345 175 5 175 345 175 345 175 5 345 175 345 345 345 345 5 175 5 175 175 175 345 175 345 345 345 345 175 5 175 345 5 175 175 5 345 175 5 175 175 175 175 345 175 175 175 175 175 5 175 345 345 175 345 345 175 5 345 175 345 175 345 175 5 5 345 5 5 345 175 5 5 175 175 175 175 175 175 345 5 175 175 175 175 345 345 175 175 345 5 175 5 345 175 175 345 175 175 175 5 5 175 345 345 5 5 175 175 345 345 5 345 175 345 345 175 345 345 175 345 5 5 175 345 345 5 175 345 345 345 175 175 345 175 5 175 345 175 345 175 175 345 5 345 175 345 345 175 345 345 175 5 175 5 345 345 5 345 5 5 175 175 345 175 175 5 175 175 5 345 345 175 345 175 5 5 175 345 175 345 175 345 5 175 345 5 175 175 175 175 175 5 175 5 5 345 345 175 175 175 5 5 175 345 175 345 175 345 5 175 1 345 
c [Signal] Signal interruption. Caught signal: SIGTERM (15).
c [Label = 346] Encoding starts with target value = 170:
c [Label = 346] Encoding duration: 3189ms.
c [Label = 346] Number of clauses: 1428307.
c [Label = 346] Number of variables: 423466.
c [Label = 346] Solving duration: 100 ms.
s [Label = 346] SAT (w = 170).
c [Label = 346] Label assignment: 346 346 346 346 346 346 346 346 346 346 346 346 346 346 346 176 346 176 346 346 346 346 346 176 346 176 346 346 346 346 346 346 346 346 346 346 176 346 346 346 346 176 176 346 346 346 346 176 346 6 346 176 346 346 346 346 346 346 346 346 176 346 346 346 346 346 346 346 346 346 346 346 346 346 346 346 176 346 346 346 176 346 346 346 346 346 346 176 176 346 6 176 176 346 346 346 176 346 176 6 176 346 346 346 176 346 176 346 6 346 346 346 176 346 6 176 346 176 176 176 346 176 176 176 346 176 346 346 346 346 346 346 346 346 6 176 346 176 176 346 346 346 6 346 346 346 346 176 176 346 346 346 176 176 176 176 346 346 6 346 346 346 176 346 346 346 176 346 346 176 346 346 346 176 176 176 346 176 176 346 346 346 346 346 346 346 346 346 346 176 346 6 346 176 346 176 346 346 346 346 176 6 346 176 346 176 346 346 176 176 6 6 346 346 6 346 346 176 176 176 346 176 176 176 176 176 346 6 176 346 176 6 346 346 346 346 6 176 346 6 346 346 346 346 6 176 176 346 346 6 176 6 6 6 176 6 176 176 176 346 176 346 6 346 346 176 346 346 346 6 346 346 346 346 176 346 176 176 346 176 176 346 346 176 6 176 346 176 346 176 6 346 176 346 346 346 346 6 176 6 176 176 176 346 176 346 346 346 346 176 6 176 346 6 176 176 6 346 176 6 176 176 176 176 346 176 176 176 176 176 6 176 346 346 176 346 346 176 6 346 176 346 176 346 176 6 6 346 6 6 346 176 6 6 176 176 176 176 176 176 346 6 176 176 176 176 346 346 176 176 346 6 176 6 346 176 176 346 176 176 176 6 6 176 346 346 6 6 176 176 346 346 6 346 176 346 346 176 346 346 176 346 6 6 176 346 346 6 176 346 346 346 176 176 346 176 6 176 346 176 346 176 176 346 6 346 176 346 346 176 346 346 176 6 176 6 346 346 6 346 6 6 176 176 346 176 176 6 176 176 6 346 346 176 346 176 6 6 176 346 176 346 176 346 6 176 346 6 176 176 176 176 176 6 176 6 6 346 346 176 176 176 6 6 176 346 176 346 176 346 6 176 1 346 
c [Signal] Signal interruption. Caught signal: SIGTERM (15).
c [Main] Child pid 345 - 59966 terminated by signal 15.
c [Main] Child pid 346 - 59965 terminated by signal 15.
c [Label = 341] Encoding starts with target value = 170:
c [Label = 341] Encoding duration: 2992ms.
c [Label = 341] Number of clauses: 1404234.
c [Label = 341] Number of variables: 418526.
c [Label = 341] Solving duration: 98 ms.
s [Label = 341] SAT (w = 170).
c [Label = 341] Label assignment: 341 341 341 341 341 341 341 341 341 341 341 341 341 341 341 171 341 171 341 341 341 341 341 171 341 171 341 341 341 341 341 341 341 341 341 341 171 341 341 341 341 171 171 341 341 341 341 171 341 1 341 171 341 341 341 341 341 341 341 341 171 341 341 341 341 341 341 341 341 341 341 341 341 341 341 341 171 341 341 341 171 341 341 341 341 341 341 171 171 341 1 171 171 341 341 341 171 341 171 1 171 341 341 341 171 341 171 341 1 341 341 341 171 341 1 171 341 171 171 171 341 171 171 171 341 171 341 341 341 341 341 341 341 341 1 171 341 171 171 341 341 341 1 341 341 341 341 171 171 341 341 341 171 171 171 171 341 341 1 341 341 341 171 341 341 341 171 341 341 171 341 341 341 171 171 171 341 171 171 341 341 341 341 341 341 341 341 341 341 171 341 1 341 171 341 171 341 341 341 341 171 1 341 171 341 171 341 341 171 171 1 1 341 341 1 341 341 171 171 171 341 171 171 171 171 171 341 1 171 341 171 1 341 341 341 341 1 171 341 1 341 341 341 341 1 171 171 341 341 1 171 1 1 1 171 1 171 171 171 341 171 341 1 341 341 171 341 341 341 1 341 341 341 341 171 341 171 171 341 171 171 341 341 171 1 171 341 171 341 171 1 341 171 341 341 341 341 1 171 1 171 171 171 341 171 341 341 341 341 171 1 171 341 1 171 171 1 341 171 1 171 171 171 171 341 171 171 171 171 171 1 171 341 341 171 341 341 171 1 341 171 341 171 341 171 1 1 341 1 1 341 171 1 1 171 171 171 171 171 171 341 1 171 171 171 171 341 341 171 171 341 1 171 1 341 171 171 341 171 171 171 1 1 171 341 341 1 1 171 171 341 341 1 341 171 341 341 171 341 341 171 341 1 1 171 341 341 1 171 341 341 341 171 171 341 171 1 171 341 171 341 171 171 341 1 341 171 341 341 171 341 341 171 1 171 1 341 341 1 341 1 1 171 171 341 171 171 1 171 171 1 341 341 171 341 171 1 1 171 341 171 341 171 341 1 171 341 1 171 171 171 171 171 1 171 1 1 341 341 171 171 171 1 1 171 341 171 341 171 341 1 171 171 341 
c [Label = 343] Encoding starts with target value = 170:
c [Label = 343] Encoding duration: 3009ms.
c [Label = 343] Number of clauses: 1413863.
c [Label = 343] Number of variables: 420502.
c [Label = 343] Solving duration: 102 ms.
s [Label = 343] SAT (w = 170).
c [Label = 343] Label assignment: 343 343 343 343 343 343 343 343 343 343 343 343 343 343 343 173 343 173 343 343 343 343 343 173 343 173 343 343 343 343 343 343 343 343 343 343 173 343 343 343 343 173 173 343 343 343 343 173 343 3 343 173 343 343 343 343 343 343 343 343 173 343 343 343 343 343 343 343 343 343 343 343 343 343 343 343 173 343 343 343 173 343 343 343 343 343 343 173 173 343 3 173 173 343 343 343 173 343 173 3 173 343 343 343 173 343 173 343 3 343 343 343 173 343 3 173 343 173 173 173 343 173 173 173 343 173 343 343 343 343 343 343 343 343 3 173 343 173 173 343 343 343 3 343 343 343 343 173 173 343 343 343 173 173 173 173 343 343 3 343 343 343 173 343 343 343 173 343 343 173 343 343 343 173 173 173 343 173 173 343 343 343 343 343 343 343 343 343 343 173 343 3 343 173 343 173 343 343 343 343 173 3 343 173 343 173 343 343 173 173 3 3 343 343 3 343 343 173 173 173 343 173 173 173 173 173 343 3 173 343 173 3 343 343 343 343 3 173 343 3 343 343 343 343 3 173 173 343 343 3 173 3 3 3 173 3 173 173 173 343 173 343 3 343 343 173 343 343 343 3 343 343 343 343 173 343 173 173 343 173 173 343 343 173 3 173 343 173 343 173 3 343 173 343 343 343 343 3 173 3 173 173 173 343 173 343 343 343 343 173 3 173 343 3 173 173 3 343 173 3 173 173 173 173 343 173 173 173 173 173 3 173 343 343 173 343 343 173 3 343 173 343 173 343 173 3 3 343 3 3 343 173 3 3 173 173 173 173 173 173 343 3 173 173 173 173 343 343 173 173 343 3 173 3 343 173 173 343 173 173 173 3 3 173 343 343 3 3 173 173 343 343 3 343 173 343 343 173 343 343 173 343 3 3 173 343 343 3 173 343 343 343 173 173 343 173 3 173 343 173 343 173 173 343 3 343 173 343 343 173 343 343 173 3 173 3 343 343 3 343 3 3 173 173 343 173 173 3 173 173 3 343 343 173 343 173 3 3 173 343 173 343 173 343 3 173 343 3 173 173 173 173 173 3 173 3 3 343 343 173 173 173 3 3 173 343 173 343 173 343 3 173 1 343 
c [Main] Lowest label SAT is set to 341.
c [Main] Kill higher label pid 342.
c [Main] Kill higher label pid 343.
c [Label = 342] Encoding starts with target value = 170:
c [Label = 342] Encoding duration: 3139ms.
c [Label = 342] Number of clauses: 1409049.
c [Label = 342] Number of variables: 419514.
c [Label = 342] Solving duration: 92 ms.
s [Label = 342] SAT (w = 170).
c [Label = 342] Label assignment: 342 342 342 342 342 342 342 342 342 342 342 342 342 342 342 172 342 172 342 342 342 342 342 172 342 172 342 342 342 342 342 342 342 342 342 342 172 342 342 342 342 172 172 342 342 342 342 172 342 2 342 172 342 342 342 342 342 342 342 342 172 342 342 342 342 342 342 342 342 342 342 342 342 342 342 342 172 342 342 342 172 342 342 342 342 342 342 172 172 342 2 172 172 342 342 342 172 342 172 2 172 342 342 342 172 342 172 342 2 342 342 342 172 342 2 172 342 172 172 172 342 172 172 172 342 172 342 342 342 342 342 342 342 342 2 172 342 172 172 342 342 342 2 342 342 342 342 172 172 342 342 342 172 172 172 172 342 342 2 342 342 342 172 342 342 342 172 342 342 172 342 342 342 172 172 172 342 172 172 342 342 342 342 342 342 342 342 342 342 172 342 2 342 172 342 172 342 342 342 342 172 2 342 172 342 172 342 342 172 172 2 2 342 342 2 342 342 172 172 172 342 172 172 172 172 172 342 2 172 342 172 2 342 342 342 342 2 172 342 2 342 342 342 342 2 172 172 342 342 2 172 2 2 2 172 2 172 172 172 342 172 342 2 342 342 172 342 342 342 2 342 342 342 342 172 342 172 172 342 172 172 342 342 172 2 172 342 172 342 172 2 342 172 342 342 342 342 2 172 2 172 172 172 342 172 342 342 342 342 172 2 172 342 2 172 172 2 342 172 2 172 172 172 172 342 172 172 172 172 172 2 172 342 342 172 342 342 172 2 342 172 342 172 342 172 2 2 342 2 2 342 172 2 2 172 172 172 172 172 172 342 2 172 172 172 172 342 342 172 172 342 2 172 2 342 172 172 342 172 172 172 2 2 172 342 342 2 2 172 172 342 342 2 342 172 342 342 172 342 342 172 342 2 2 172 342 342 2 172 342 342 342 172 172 342 172 2 172 342 172 342 172 172 342 2 342 172 342 342 172 342 342 172 2 172 2 342 342 2 342 2 2 172 172 342 172 172 2 172 172 2 342 342 172 342 172 2 2 172 342 172 342 172 342 2 172 342 2 172 172 172 172 172 2 172 2 2 342 342 172 172 172 2 2 172 342 172 342 172 342 2 172 1 342 
c [Signal] Signal interruption. Caught signal: SIGTERM (15).
c [Main] Child pid 342 - 59969 terminated by signal 15.
c [Signal] Signal interruption. Caught signal: SIGTERM (15).
c [Main] All children have completed.
r [Main] 
r [Main] Final results: 
r [Main] Lowest label SAT:  	341.
r [Main] Highest label UNSAT:	340.
r [Main] Total real time: 15825 ms.
r [Main] Total memory consumed: 3361.4 MB.
r [Main] 
