c [Version] Minimize Makespan Labeling Encoder version 1.0.0.
c [Param] Target value is set to 47.
c [Param] LB is predefined as 48.
c [Param] UB is predefined as 377.
c [Param] Target value is set to Antibandwidth.
c [Param] Vertices mode is set to Has hole.
c [Param] Result verification is ON.
c [Param] Memory limit is set to 30000.
c [Param] Real time limit is set to 1800.
c [Param] Worker count is set to 8.
c [Param] Max CNF size is set to 10.
c [Main] Search strategy: Iterating from upper bound.
c [Main] Search order: 377 376 375 374 373 372 371 370 369 368 367 366 365 364 363 362 361 360 359 358 357 356 355 354 353 352 351 350 349 348 347 346 345 344 343 342 341 340 339 338 337 336 335 334 333 332 331 330 329 328 327 326 325 324 323 322 321 320 319 318 317 316 315 314 313 312 311 310 309 308 307 306 305 304 303 302 301 300 299 298 297 296 295 294 293 292 291 290 289 288 287 286 285 284 283 282 281 280 279 278 277 276 275 274 273 272 271 270 269 268 267 266 265 264 263 262 261 260 259 258 257 256 255 254 253 252 251 250 249 248 247 246 245 244 243 242 241 240 239 238 237 236 235 234 233 232 231 230 229 228 227 226 225 224 223 222 221 220 219 218 217 216 215 214 213 212 211 210 209 208 207 206 205 204 203 202 201 200 199 198 197 196 195 194 193 192 191 190 189 188 187 186 185 184 183 182 181 180 179 178 177 176 175 174 173 172 171 170 169 168 167 166 165 164 163 162 161 160 159 158 157 156 155 154 153 152 151 150 149 148 147 146 145 144 143 142 141 140 139 138 137 136 135 134 133 132 131 130 129 128 127 126 125 124 123 122 121 120 119 118 117 116 115 114 113 112 111 110 109 108 107 106 105 104 103 102 101 100 99 98 97 96 95 94 93 92 91 90 89 88 87 86 85 84 83 82 81 80 79 78 77 76 75 74 73 72 71 70 69 68 67 66 65 64 63 62 61 60 59 58 57 56 55 54 53 52 51 50 49 48.
c [Main] Encoding and solving for graph: R-dwt__503.mtx.rnd.
c [Label = 376] Minimize Makespan Labeling problem (R-dwt__503.mtx.rnd):
c [Label = 377] Minimize Makespan Labeling problem (R-dwt__503.mtx.rnd):
c [Label = 375] Minimize Makespan Labeling problem (R-dwt__503.mtx.rnd):
c [Label = 374] Minimize Makespan Labeling problem (R-dwt__503.mtx.rnd):
c [Label = 373] Minimize Makespan Labeling problem (R-dwt__503.mtx.rnd):
c [Label = 370] Minimize Makespan Labeling problem (R-dwt__503.mtx.rnd):
c [Label = 372] Minimize Makespan Labeling problem (R-dwt__503.mtx.rnd):
c [Label = 371] Minimize Makespan Labeling problem (R-dwt__503.mtx.rnd):
c [Label = 377] Encoding starts with target value = 47:
c [Label = 377] Encoding duration: 7642ms.
c [Label = 377] Number of clauses: 4998294.
c [Label = 377] Number of variables: 533290.
c [Label = 377] Solving duration: 19551 ms.
s [Label = 377] SAT (w = 47).
c [Label = 377] Label assignment: 140 376 376 376 376 48 376 376 376 376 377 376 328 376 376 328 328 376 95 376 376 377 140 376 95 376 328 234 376 376 187 328 2 189 328 328 328 376 376 283 376 281 1 376 376 328 281 328 281 189 281 328 234 48 377 48 376 376 281 377 142 376 234 328 328 142 376 234 93 328 48 281 328 142 140 376 376 328 328 187 2 281 376 376 330 281 48 328 283 142 376 234 376 1 376 189 142 234 281 328 328 328 281 377 95 93 376 2 328 187 281 281 376 189 281 328 376 281 142 328 48 376 330 187 234 376 377 93 234 236 281 377 377 377 236 376 93 2 328 142 376 140 376 328 189 234 189 328 281 48 281 234 1 376 328 189 328 328 328 328 236 1 377 281 234 281 234 95 234 281 234 328 234 330 95 283 142 328 377 2 187 1 281 1 328 328 236 189 281 281 234 1 140 48 140 330 281 376 281 281 376 281 281 234 328 376 140 283 234 283 281 236 140 376 281 95 330 236 234 377 142 142 281 93 328 281 187 281 377 234 377 328 234 236 187 281 187 236 142 330 328 189 328 1 376 376 328 2 330 281 187 2 281 328 328 48 328 142 234 328 281 281 142 48 330 283 330 328 234 1 95 377 377 283 48 376 328 234 377 328 234 187 48 281 234 281 95 376 330 140 2 281 234 328 328 1 281 1 376 187 330 142 377 234 1 281 236 328 189 330 187 283 187 142 330 377 234 234 328 48 1 330 283 187 95 283 93 189 234 281 95 376 236 236 187 283 189 328 234 328 234 142 330 140 187 187 283 236 187 48 234 187 140 187 281 236 187 328 234 140 236 330 140 234 376 281 1 142 377 281 330 330 95 281 377 48 93 236 281 187 283 187 48 377 187 328 1 95 234 142 236 283 95 283 1 281 281 234 234 187 189 283 281 376 234 142 187 376 377 187 1 328 140 234 1 187 140 1 187 140 328 1 187 377 48 189 93 281 1 281 142 234 189 1 189 187 234 140 93 93 281 234 48 376 234 234 189 234 140 95 140 48 281 283 281 187 48 236 281 187 236 281 236 234 281 95 140 328 234 1 187 95 330 187 234 283 95 187 234 330 189 377 1 189 140 140 281 187 376 187 140 236 330 95 330 48 187 140 377 234 187 189 281 
c [Main] Lowest label SAT is set to 377.
c [Label = 369] Minimize Makespan Labeling problem (R-dwt__503.mtx.rnd):
c [Label = 375] Encoding starts with target value = 47:
c [Label = 375] Encoding duration: 7404ms.
c [Label = 375] Number of clauses: 4908530.
c [Label = 375] Number of variables: 509146.
c [Label = 375] Solving duration: 21316 ms.
s [Label = 375] SAT (w = 47).
c [Label = 375] Label assignment: 374 374 374 374 374 186 374 139 374 374 327 374 374 374 374 327 327 374 328 374 374 327 374 374 374 374 327 374 374 374 280 327 92 375 327 327 327 374 374 280 374 280 139 374 374 327 280 327 281 374 280 327 233 374 327 280 328 374 280 327 280 374 374 327 2 2 327 139 186 280 374 327 327 327 374 374 328 327 374 327 233 280 374 374 374 280 233 327 233 2 374 233 328 92 374 233 2 233 280 327 327 327 186 186 2 233 374 374 327 186 280 280 374 233 327 327 374 280 327 280 233 374 280 186 327 374 92 186 233 280 280 2 327 139 186 374 233 327 327 233 374 374 374 327 233 233 2 327 233 280 280 139 233 374 327 186 327 327 327 327 92 327 92 280 374 280 233 186 233 186 233 327 2 280 374 2 280 327 328 280 186 92 327 92 327 281 280 2 280 280 280 280 374 139 280 374 327 374 280 280 374 139 280 233 327 374 280 374 234 233 280 374 139 374 280 139 233 327 233 92 374 280 280 92 374 280 186 139 327 233 374 281 233 186 186 280 186 139 186 186 139 2 327 2 327 374 327 92 186 280 233 186 280 280 375 327 327 374 233 327 280 327 186 327 139 327 327 327 327 139 280 139 186 92 233 374 327 92 92 327 233 186 92 280 233 280 2 374 375 139 280 280 233 327 327 2 280 186 374 186 280 281 92 233 92 233 186 327 186 280 139 139 233 2 2 139 233 233 327 233 280 92 328 2 92 139 139 233 233 280 280 233 233 327 186 92 234 327 233 327 233 2 92 186 186 186 2 280 2 92 233 186 186 186 234 280 186 281 233 139 186 186 139 233 374 280 280 92 186 186 186 280 186 280 139 327 233 2 280 186 92 186 92 233 233 2 280 139 233 2 186 233 327 139 186 186 186 233 233 186 233 280 280 374 233 375 186 374 375 186 139 186 139 186 233 186 139 2 186 233 327 2 186 92 139 233 327 280 374 280 186 233 139 186 2 186 186 280 92 2 280 233 233 92 233 233 327 233 186 2 139 92 280 374 327 280 327 139 139 186 186 280 139 2 280 92 139 139 233 92 186 92 139 186 233 2 375 233 186 139 374 139 2 139 186 139 139 186 374 186 139 233 186 2 139 374 139 139 92 280 1 375 375 
c [Main] Lowest label SAT is set to 375.
c [Main] Kill higher label pid 376.
c [Label = 376] Encoding starts with target value = 47:
c [Label = 376] Encoding duration: 7408ms.
c [Label = 376] Number of clauses: 4913305.
c [Label = 376] Number of variables: 510152.
c [Signal] Signal interruption. Caught signal: SIGTERM (15).
c [Label = 368] Minimize Makespan Labeling problem (R-dwt__503.mtx.rnd):
c [Main] Child pid 376 - 59976 terminated by signal 15.
c [Label = 367] Minimize Makespan Labeling problem (R-dwt__503.mtx.rnd):
c [Label = 374] Encoding starts with target value = 47:
c [Label = 374] Encoding duration: 7445ms.
c [Label = 374] Number of clauses: 4894967.
c [Label = 374] Number of variables: 508140.
c [Label = 374] Solving duration: 22681 ms.
s [Label = 374] SAT (w = 47).
c [Label = 374] Label assignment: 373 373 373 373 373 138 373 373 373 373 2 326 2 373 373 326 326 373 185 373 373 326 138 373 279 373 326 185 373 373 2 326 279 2 326 326 326 373 373 232 373 279 2 373 373 326 2 326 279 279 279 326 326 279 326 138 327 373 279 326 91 373 373 326 91 232 326 373 279 279 138 326 326 326 91 373 185 326 91 326 185 279 373 373 232 279 373 326 2 232 373 232 326 91 373 279 185 232 279 326 326 326 279 2 279 374 373 185 326 185 279 279 373 185 326 326 373 279 326 232 373 373 185 185 138 373 232 279 326 2 279 279 232 279 185 373 138 373 326 91 373 326 373 326 279 232 2 326 373 2 279 91 91 373 326 232 326 326 326 326 373 185 2 279 373 279 232 279 185 279 232 279 232 2 138 373 185 326 279 232 185 232 326 185 326 373 326 138 279 279 138 2 373 185 138 373 232 373 279 279 373 326 279 232 326 373 138 138 232 326 279 373 138 373 279 91 91 279 232 91 279 2 279 326 373 279 185 232 2 232 279 280 232 279 185 373 138 232 232 185 326 326 326 91 232 373 326 326 232 279 232 185 279 326 326 279 326 185 232 326 279 279 232 185 91 91 185 326 91 326 91 91 232 232 374 373 326 185 185 326 232 232 185 279 232 279 91 373 91 232 138 279 232 326 326 138 279 185 373 279 91 138 279 232 373 2 232 326 373 2 185 185 2 326 138 2 232 232 326 279 232 185 327 138 373 373 185 2 232 279 91 232 279 373 185 232 2 326 232 326 232 138 185 185 185 185 138 279 232 326 232 138 138 185 233 91 185 280 232 138 326 138 138 232 373 279 326 2 232 279 373 326 279 279 373 326 279 185 279 185 2 185 138 279 185 232 232 373 185 91 138 326 232 373 232 232 279 232 232 185 91 138 279 373 232 138 185 373 279 185 91 326 138 185 326 185 138 326 185 232 326 185 185 232 374 373 185 279 138 279 185 91 185 373 91 185 232 2 91 138 279 232 185 91 232 232 326 232 138 279 138 279 279 138 185 138 326 326 279 185 185 279 373 91 279 232 138 138 232 185 185 373 2 185 232 279 326 185 185 91 138 232 138 91 2 138 279 185 373 185 138 232 232 2 279 232 185 138 1 279 91 279 374 
c [Main] Lowest label SAT is set to 374.
c [Label = 366] Minimize Makespan Labeling problem (R-dwt__503.mtx.rnd):
c [Label = 371] Encoding starts with target value = 47:
c [Label = 371] Encoding duration: 7678ms.
c [Label = 371] Number of clauses: 4854276.
c [Label = 371] Number of variables: 505122.
c [Label = 371] Solving duration: 24283 ms.
s [Label = 371] SAT (w = 47).
c [Label = 371] Label assignment: 276 370 370 370 182 277 370 135 370 370 2 324 229 370 370 323 323 370 371 370 370 88 230 370 136 323 323 324 370 370 2 323 88 143 323 323 323 370 370 135 370 276 89 370 370 323 323 323 229 229 276 323 370 323 89 2 324 370 276 324 190 370 277 323 2 135 323 370 89 229 135 323 323 230 183 370 276 323 135 135 182 276 370 370 183 276 324 323 96 96 370 229 323 230 370 182 371 229 276 323 323 323 135 88 136 323 370 276 323 182 276 276 370 324 324 323 370 276 371 276 276 370 2 182 230 370 135 136 135 229 276 135 88 324 276 370 229 277 323 182 277 2 370 323 182 229 183 323 183 2 276 2 230 370 135 182 323 324 229 323 277 371 2 276 276 276 229 277 229 2 229 2 230 2 277 183 230 323 96 135 182 88 323 88 323 370 229 277 276 276 2 182 323 324 2 323 136 370 276 276 370 370 276 229 323 370 2 324 276 371 276 324 135 370 230 229 229 324 229 230 183 2 276 229 370 276 182 324 2 229 323 277 229 371 182 370 183 49 370 370 229 229 323 183 323 370 323 88 277 276 370 276 276 229 229 136 323 370 229 323 276 323 276 136 2 229 324 323 135 88 371 88 89 371 277 370 136 89 89 323 229 182 277 276 229 276 230 370 2 135 277 276 229 323 323 371 135 96 370 182 2 229 89 229 277 230 183 323 277 229 276 371 230 230 2 2 229 229 323 371 135 324 371 2 277 324 136 183 229 276 229 183 136 324 182 135 182 323 183 323 229 276 371 182 182 182 135 276 276 277 229 182 182 182 230 230 182 277 229 135 324 323 135 276 370 276 88 230 277 370 277 136 182 276 49 371 276 183 276 182 2 182 276 135 182 135 136 88 182 2 230 371 2 277 324 276 229 229 229 182 183 371 276 370 229 324 182 370 135 182 49 182 135 136 371 182 135 371 182 229 323 371 182 88 323 182 323 276 2 276 324 370 371 324 135 182 135 182 88 323 276 229 371 182 229 229 88 229 229 182 135 136 276 371 370 183 136 49 88 182 371 276 324 183 276 276 135 88 135 135 182 183 2 182 229 370 371 182 136 2 183 89 136 135 182 135 230 182 370 182 135 183 88 2 88 324 229 135 89 1 182 143 371 
c [Main] Lowest label SAT is set to 371.
c [Main] Kill higher label pid 372.
c [Main] Kill higher label pid 373.
c [Label = 372] Encoding starts with target value = 47:
c [Label = 372] Encoding duration: 7347ms.
c [Label = 372] Number of clauses: 4867840.
c [Label = 372] Number of variables: 506128.
c [Signal] Signal interruption. Caught signal: SIGTERM (15).
c [Label = 373] Encoding starts with target value = 47:
c [Label = 373] Encoding duration: 7665ms.
c [Label = 373] Number of clauses: 4881403.
c [Label = 373] Number of variables: 507134.
c [Signal] Signal interruption. Caught signal: SIGTERM (15).
c [Label = 365] Minimize Makespan Labeling problem (R-dwt__503.mtx.rnd):
c [Main] Child pid 373 - 59979 terminated by signal 15.
c [Label = 364] Minimize Makespan Labeling problem (R-dwt__503.mtx.rnd):
c [Main] Child pid 372 - 59980 terminated by signal 15.
c [Label = 363] Minimize Makespan Labeling problem (R-dwt__503.mtx.rnd):
c [Label = 370] Encoding starts with target value = 47:
c [Label = 370] Encoding duration: 7313ms.
c [Label = 370] Number of clauses: 4840713.
c [Label = 370] Number of variables: 504116.
c [Label = 370] Solving duration: 29052 ms.
s [Label = 370] SAT (w = 47).
c [Label = 370] Label assignment: 369 369 369 369 370 369 369 134 369 322 134 322 322 369 369 322 322 369 88 369 369 134 369 369 228 2 322 369 369 369 322 322 228 87 322 322 322 369 369 228 369 275 2 369 369 322 323 322 229 369 275 322 87 276 116 275 323 369 275 87 276 322 369 322 88 322 228 134 181 275 322 322 322 228 369 275 182 369 134 228 322 275 369 369 275 275 275 322 370 323 369 228 322 87 369 181 322 228 275 322 322 322 229 2 228 276 369 181 322 181 275 275 369 369 322 322 369 275 181 275 276 369 87 181 228 369 229 181 323 134 275 229 229 2 87 369 276 275 322 322 369 275 369 322 228 228 322 275 322 275 275 134 369 369 228 370 322 322 229 322 134 134 87 275 369 275 228 275 228 322 228 228 275 181 275 322 163 322 135 134 181 135 322 2 322 369 2 369 275 275 275 2 369 163 275 181 228 369 275 228 322 2 275 181 322 369 275 322 134 370 275 275 134 369 275 87 229 134 228 134 181 369 228 275 369 275 181 322 228 228 276 276 228 181 181 369 181 182 134 181 181 87 322 275 322 369 322 87 2 275 322 134 275 275 323 181 322 323 228 322 275 275 323 228 87 229 228 322 228 87 69 2 163 69 323 369 134 87 134 322 228 322 229 228 228 369 275 369 370 229 87 275 181 322 322 181 275 228 369 181 69 276 116 228 275 322 322 322 369 2 134 2 322 322 323 2 228 228 322 181 134 116 182 276 369 87 228 275 228 275 181 228 210 2 181 134 323 322 181 322 228 323 181 228 181 181 228 181 229 135 181 181 370 181 229 322 181 276 228 134 87 370 134 228 369 275 2 2 134 181 2 87 370 275 2 69 276 275 275 181 135 181 276 228 228 135 69 87 88 228 369 87 228 2 369 181 181 228 228 181 87 87 275 369 228 276 134 369 323 181 182 322 134 181 69 181 134 69 181 134 322 182 134 87 2 370 2 275 369 275 2 87 163 2 181 181 181 370 87 275 275 228 134 87 228 228 2 87 87 182 134 116 275 369 181 134 134 2 182 181 322 275 228 275 275 181 322 181 181 181 181 275 2 181 228 323 370 228 181 116 322 228 228 87 369 134 275 181 369 181 134 275 181 87 228 369 228 134 1 275 369 229 370 
c [Main] Lowest label SAT is set to 370.
c [Label = 362] Minimize Makespan Labeling problem (R-dwt__503.mtx.rnd):
c [Label = 369] Encoding starts with target value = 47:
c [Label = 369] Encoding duration: 7338ms.
c [Label = 369] Number of clauses: 4827149.
c [Label = 369] Number of variables: 503110.
c [Label = 369] Solving duration: 22470 ms.
s [Label = 369] SAT (w = 47).
c [Label = 369] Label assignment: 368 368 368 368 369 369 368 369 368 368 2 133 321 368 368 321 321 368 228 368 368 227 321 368 274 181 321 368 368 368 86 321 274 87 321 321 321 368 368 180 368 274 133 368 368 274 133 321 275 2 227 321 227 369 227 2 322 368 274 227 322 368 368 321 228 322 234 369 274 281 275 321 321 180 321 368 369 274 321 2 86 321 368 368 227 274 369 321 87 369 368 321 322 2 368 86 322 227 274 321 321 274 275 274 86 368 368 274 321 274 274 274 368 274 368 321 368 274 180 180 322 368 2 180 227 368 227 133 133 133 274 275 2 275 369 368 180 227 321 322 321 227 368 321 86 227 322 321 321 87 274 133 86 368 180 369 321 368 86 321 369 228 180 274 368 274 227 274 227 227 227 227 227 180 368 86 2 321 275 181 180 133 321 2 321 275 181 321 274 274 227 369 368 180 86 368 368 368 274 133 368 133 274 227 321 368 274 368 228 228 274 275 180 368 274 228 275 181 227 227 274 322 227 87 368 274 180 133 133 227 86 275 227 321 180 274 86 181 2 275 181 2 321 2 234 368 321 227 133 274 187 321 274 321 227 180 321 369 227 321 274 321 86 133 180 228 180 321 2 228 227 133 133 368 322 368 321 274 369 227 227 321 369 274 227 180 2 368 2 228 2 274 227 321 321 86 140 275 368 274 133 86 274 227 368 274 86 321 274 180 321 133 2 86 2 180 227 227 321 86 133 227 227 322 368 227 180 2 227 274 133 227 274 369 180 2 322 321 227 321 227 86 134 140 180 180 275 181 274 369 180 86 321 180 228 274 180 275 227 133 181 86 133 134 368 274 181 2 181 321 133 2 369 274 369 180 322 321 274 180 134 180 322 86 187 228 2 180 134 322 274 228 180 368 321 180 227 227 227 180 227 2 274 368 227 86 133 368 86 180 2 87 133 180 2 180 133 86 180 228 321 275 227 227 180 322 133 274 321 274 133 86 180 134 86 180 140 2 86 274 274 227 321 180 227 227 2 86 2 275 133 274 274 228 2 133 227 2 181 180 86 274 274 227 274 134 133 321 227 275 180 368 133 180 227 86 2 134 180 227 86 180 86 228 2 133 274 180 368 180 133 321 180 2 134 368 181 133 133 274 1 275 369 
c [Main] Lowest label SAT is set to 369.
c [Label = 361] Minimize Makespan Labeling problem (R-dwt__503.mtx.rnd):
c [Label = 368] Encoding starts with target value = 47:
c [Label = 368] Encoding duration: 7326ms.
c [Label = 368] Number of clauses: 4813586.
c [Label = 368] Number of variables: 502104.
c [Label = 368] Solving duration: 22711 ms.
s [Label = 368] SAT (w = 47).
c [Label = 368] Label assignment: 367 367 367 367 320 179 367 226 367 367 85 367 367 367 367 320 320 367 226 367 367 320 367 367 367 85 320 367 367 367 179 320 273 179 320 320 320 367 367 85 367 273 132 367 367 320 179 320 273 367 273 320 179 367 320 273 321 367 273 226 367 367 367 320 367 2 320 226 85 273 367 320 320 320 367 367 320 320 226 320 179 273 367 367 226 273 2 320 273 367 367 226 320 226 367 273 2 226 273 320 320 320 273 273 2 367 367 273 320 179 273 273 367 367 273 320 367 273 226 273 273 367 85 179 320 367 226 179 2 320 273 273 320 226 320 367 367 226 320 2 367 132 367 320 273 226 179 320 179 179 273 226 2 367 320 2 320 320 132 320 85 226 85 273 367 273 226 2 226 273 226 132 273 85 179 273 320 320 226 132 179 226 320 226 320 367 132 273 273 273 132 226 226 85 132 320 273 367 273 273 367 320 273 226 320 367 273 367 226 132 273 367 132 367 273 226 2 226 226 320 367 2 273 179 367 273 179 367 85 226 367 274 226 2 179 367 2 320 367 179 179 132 320 273 226 367 320 132 85 273 226 273 273 320 2 226 320 367 226 320 273 320 179 273 85 132 320 320 85 320 2 132 85 132 367 367 132 85 320 320 226 2 273 273 226 273 179 367 367 226 2 273 226 320 320 273 273 273 367 179 226 2 320 226 2 226 179 320 273 85 132 132 179 132 2 132 226 226 320 2 226 320 132 367 179 132 85 179 226 273 132 226 2 226 179 132 179 320 226 320 226 273 132 179 179 179 273 226 179 132 226 179 2 179 227 273 179 274 226 132 132 2 132 226 367 273 320 132 85 2 226 85 273 273 320 132 367 179 273 179 85 179 273 179 179 2 132 320 179 85 179 367 226 226 367 85 179 226 226 179 2 367 273 367 226 179 179 367 273 179 320 273 132 179 2 179 132 2 179 132 320 2 179 132 85 2 320 273 367 273 320 132 85 85 85 179 226 179 85 273 273 226 226 85 226 226 132 226 132 179 132 273 273 367 320 226 320 320 226 179 179 273 273 132 179 85 132 132 226 320 179 179 132 179 226 179 132 85 179 226 132 85 273 226 2 132 273 179 367 179 132 179 320 320 273 367 132 132 85 1 1 179 368 
c [Main] Lowest label SAT is set to 368.
c [Label = 360] Minimize Makespan Labeling problem (R-dwt__503.mtx.rnd):
c [Label = 363] Encoding starts with target value = 47:
c [Label = 363] Encoding duration: 7566ms.
c [Label = 363] Number of clauses: 4745768.
c [Label = 363] Number of variables: 497074.
c [Label = 363] Solving duration: 22627 ms.
s [Label = 363] SAT (w = 47).
c [Label = 363] Label assignment: 362 362 362 362 222 315 362 268 362 362 174 174 80 362 362 315 315 362 269 362 362 127 174 362 80 362 315 362 362 362 2 315 127 315 315 315 315 362 362 221 362 268 221 362 362 315 316 315 316 127 268 315 315 316 268 127 316 362 268 315 174 315 362 315 315 80 315 315 315 268 127 315 315 174 174 268 268 315 315 80 2 268 362 362 268 268 362 315 127 316 362 221 269 174 362 268 2 221 268 315 315 315 127 221 80 363 362 269 315 174 268 268 362 268 315 315 362 268 268 268 363 362 127 174 174 362 222 221 127 175 268 80 80 221 316 362 174 315 315 174 362 315 362 315 2 221 2 315 2 80 268 174 174 362 362 363 315 315 80 315 362 268 174 268 362 268 221 315 221 221 221 127 221 268 362 315 174 315 268 268 174 221 174 222 315 362 175 315 268 268 80 268 362 221 2 269 268 362 268 221 362 315 268 174 315 362 127 315 221 80 268 362 127 362 268 127 127 127 221 174 268 80 221 315 362 268 174 268 174 221 362 269 221 2 174 362 80 363 2 2 268 315 315 127 221 362 315 268 221 268 221 2 268 315 315 268 315 316 221 315 268 174 80 127 127 221 268 315 127 315 315 127 221 315 2 362 315 80 362 315 221 80 127 268 221 268 174 362 127 127 2 268 221 315 315 268 268 268 362 174 127 174 127 221 315 221 2 315 2 127 174 221 2 80 2 2 221 221 315 362 80 315 269 174 2 315 268 2 221 268 221 221 80 362 174 80 2 315 221 315 221 268 268 174 174 174 2 221 316 316 174 174 2 174 222 127 174 269 221 127 315 2 127 221 362 268 221 221 221 268 362 80 363 268 362 268 175 268 268 174 222 174 174 2 174 174 80 315 221 221 362 315 127 362 2 221 268 221 221 174 2 80 268 362 221 316 127 362 80 174 128 315 127 174 80 174 127 315 174 174 315 269 221 221 363 363 362 268 174 268 174 80 174 221 80 174 221 2 80 315 268 221 2 174 221 221 80 80 127 269 127 127 268 2 221 127 174 127 268 174 2 268 127 315 268 221 127 127 221 268 174 362 80 174 221 316 80 174 174 127 2 80 80 127 2 127 268 174 362 174 127 362 268 80 127 362 127 1 221 127 174 80 363 
c [Label = 364] Encoding starts with target value = 47:
c [Label = 364] Encoding duration: 7153ms.
c [Label = 364] Number of clauses: 4759332.
c [Label = 364] Number of variables: 498080.
c [Signal] Signal interruption. Caught signal: SIGTERM (15).
c [Main] Lowest label SAT is set to 363.
c [Main] Kill higher label pid 364.
c [Main] Kill higher label pid 365.
c [Main] Kill higher label pid 366.
c [Main] Kill higher label pid 367.
c [Label = 365] Encoding starts with target value = 47:
c [Label = 365] Encoding duration: 7241ms.
c [Label = 365] Number of clauses: 4772895.
c [Label = 365] Number of variables: 499086.
c [Signal] Signal interruption. Caught signal: SIGTERM (15).
c [Label = 366] Encoding starts with target value = 47:
c [Label = 366] Encoding duration: 7276ms.
c [Label = 366] Number of clauses: 4786459.
c [Label = 366] Number of variables: 500092.
c [Signal] Signal interruption. Caught signal: SIGTERM (15).
c [Label = 367] Encoding starts with target value = 47:
c [Label = 367] Encoding duration: 7306ms.
c [Label = 367] Number of clauses: 4800022.
c [Label = 367] Number of variables: 501098.
c [Signal] Signal interruption. Caught signal: SIGTERM (15).
c [Label = 359] Minimize Makespan Labeling problem (R-dwt__503.mtx.rnd):
c [Main] Child pid 366 - 59994 terminated by signal 15.
c [Label = 358] Minimize Makespan Labeling problem (R-dwt__503.mtx.rnd):
c [Main] Child pid 364 - 59996 terminated by signal 15.
c [Main] Child pid 367 - 59993 terminated by signal 15.
c [Label = 356] Minimize Makespan Labeling problem (R-dwt__503.mtx.rnd):
c [Main] Child pid 365 - 59995 terminated by signal 15.
c [Label = 355] Minimize Makespan Labeling problem (R-dwt__503.mtx.rnd):
c [Label = 357] Minimize Makespan Labeling problem (R-dwt__503.mtx.rnd):
c [Label = 362] Encoding starts with target value = 47:
c [Label = 362] Encoding duration: 7746ms.
c [Label = 362] Number of clauses: 4732205.
c [Label = 362] Number of variables: 496068.
c [Label = 362] Solving duration: 28256 ms.
s [Label = 362] SAT (w = 47).
c [Label = 362] Label assignment: 361 361 361 361 361 173 361 267 361 267 268 361 314 361 361 314 314 361 267 361 361 79 362 361 126 361 314 268 361 361 314 314 79 315 314 314 314 361 361 314 361 267 315 361 361 314 220 314 361 362 267 314 361 173 267 314 315 361 267 79 362 361 268 314 361 2 314 79 173 267 2 314 314 79 314 361 267 314 315 314 173 267 361 361 267 267 362 314 315 361 361 220 314 220 361 267 126 220 267 314 314 314 220 220 2 361 361 267 314 173 267 267 361 268 361 314 361 267 267 267 173 361 79 173 361 361 314 126 220 220 267 2 314 267 220 361 173 173 314 314 267 126 361 314 126 220 2 314 126 126 267 79 361 361 314 173 314 314 314 314 220 267 220 267 361 267 220 173 220 220 220 314 361 315 173 126 268 314 267 220 173 173 314 314 314 361 79 173 267 267 126 267 361 220 2 361 267 361 267 220 361 220 267 173 314 361 361 362 267 2 267 362 126 361 361 220 361 267 220 220 267 315 267 173 314 267 173 267 79 220 361 268 220 362 173 361 173 173 126 126 173 2 314 126 314 361 314 267 79 267 220 267 267 267 361 267 314 361 220 314 267 314 126 79 79 314 220 314 314 220 314 220 173 173 361 361 2 173 220 314 220 173 220 267 220 361 362 361 361 314 173 267 220 314 314 362 267 79 361 173 79 314 173 220 173 221 2 314 126 220 173 267 2 2 126 126 220 220 314 173 2 220 267 314 126 173 220 126 220 267 314 267 2 267 173 2 126 314 173 314 220 267 79 173 173 173 2 267 2 220 220 126 173 173 221 314 173 220 220 126 79 126 126 267 361 267 315 220 173 267 79 2 267 267 220 79 267 268 267 173 220 173 79 2 220 173 2 173 220 314 220 2 79 267 362 173 220 220 220 173 79 314 267 361 220 126 173 361 126 173 314 173 126 173 2 173 126 361 173 173 314 173 173 2 79 362 220 267 361 267 79 126 314 79 2 173 173 2 79 126 267 220 126 173 220 220 2 220 173 267 126 79 267 361 314 126 2 79 267 173 126 267 173 126 267 173 126 126 220 220 173 126 2 173 220 126 2 126 220 315 126 315 361 2 2 126 173 173 361 173 126 173 173 79 79 2 220 126 221 126 126 1 362 
c [Main] Lowest label SAT is set to 362.
c [Label = 354] Minimize Makespan Labeling problem (R-dwt__503.mtx.rnd):
c [Label = 360] Encoding starts with target value = 47:
c [Label = 360] Encoding duration: 7261ms.
c [Label = 360] Number of clauses: 4705078.
c [Label = 360] Number of variables: 494056.
c [Label = 360] Solving duration: 28915 ms.
s [Label = 360] SAT (w = 47).
c [Label = 360] Label assignment: 171 359 359 359 218 77 359 359 359 359 265 360 171 359 359 312 312 359 359 359 359 312 265 359 2 312 312 77 359 359 171 312 312 171 312 312 312 359 359 2 359 265 360 359 359 218 312 312 265 265 265 312 218 218 124 265 313 359 265 96 265 359 312 312 2 2 312 359 266 265 265 312 312 360 265 359 359 312 313 312 218 265 359 359 190 265 171 312 218 2 359 312 312 124 359 265 218 218 265 312 312 312 124 124 171 171 359 265 312 171 265 265 359 265 312 312 359 265 312 219 218 359 265 171 359 359 124 359 77 312 265 218 359 359 359 359 171 313 312 2 359 265 359 312 218 218 218 312 218 218 265 359 143 359 312 2 312 312 359 312 49 359 124 265 359 265 218 171 218 124 218 77 219 265 171 218 266 312 77 218 171 77 172 265 312 359 312 218 265 265 171 312 359 77 265 359 312 359 265 265 359 312 265 218 312 359 265 77 171 218 265 171 124 359 265 124 265 77 218 124 265 2 265 265 359 265 171 265 359 218 265 266 218 77 171 359 2 312 265 171 124 265 312 218 218 359 312 312 359 265 218 265 265 312 265 312 312 265 218 312 265 312 2 96 359 359 359 312 124 77 2 124 312 312 171 359 77 96 96 218 218 2 359 265 218 265 171 359 2 124 171 265 218 312 312 265 265 359 359 171 359 265 124 218 218 359 77 312 218 124 171 359 218 171 2 359 218 218 312 171 2 77 124 171 218 49 77 265 218 265 265 218 2 124 171 2 171 312 218 312 218 265 359 171 171 171 171 218 77 77 218 171 218 171 219 2 171 266 218 124 77 77 124 218 359 265 312 312 312 265 359 2 218 265 312 360 171 266 265 171 124 171 124 218 171 77 2 218 218 124 171 265 313 124 77 124 171 218 218 171 2 2 265 359 218 77 171 359 2 171 265 265 124 171 2 171 124 2 171 77 312 265 171 2 312 77 77 265 218 265 124 2 265 124 2 171 218 218 77 77 265 218 312 77 218 218 2 218 124 171 124 77 265 171 265 125 124 312 265 171 77 265 49 218 171 124 124 124 218 359 171 218 359 171 218 77 218 171 171 124 218 2 2 2 218 124 265 171 359 171 124 2 312 77 77 77 218 124 313 171 1 171 360 
c [Main] Lowest label SAT is set to 360.
c [Main] Kill higher label pid 361.
c [Label = 361] Encoding starts with target value = 47:
c [Label = 361] Encoding duration: 7376ms.
c [Label = 361] Number of clauses: 4718641.
c [Label = 361] Number of variables: 495062.
c [Label = 361] Solving duration: 29973 ms.
s [Label = 361] SAT (w = 47).
c [Label = 361] Label assignment: 172 360 360 360 361 266 360 219 360 313 361 360 172 360 360 313 313 360 314 360 360 313 361 360 125 267 313 266 360 360 144 313 313 126 313 313 313 360 360 219 360 266 360 360 360 313 266 313 220 361 266 313 2 172 219 2 314 360 266 313 2 220 313 313 361 125 313 313 313 266 360 313 313 361 361 360 314 313 313 313 2 266 360 360 266 266 2 313 361 267 360 219 314 360 360 172 125 219 266 313 313 313 219 266 1 143 360 96 313 172 266 266 360 266 313 313 360 266 219 266 2 360 78 172 360 360 49 172 360 313 266 125 361 313 314 360 2 313 313 1 360 125 360 267 172 219 172 266 172 172 219 49 360 360 313 172 313 313 219 313 78 220 314 266 360 266 219 125 172 219 219 219 219 78 2 172 361 313 314 266 172 49 172 49 313 267 219 172 266 266 125 313 360 313 360 360 219 360 266 219 360 49 266 172 313 360 360 266 173 361 266 2 125 360 266 219 361 220 219 313 266 125 266 172 313 266 172 172 361 219 172 267 172 125 172 266 172 220 53 266 2 125 313 2 313 360 313 219 78 266 219 313 266 266 125 266 313 267 219 313 266 313 267 219 361 219 50 313 142 219 172 125 313 50 2 360 125 78 313 313 219 266 78 219 219 360 2 360 361 172 78 266 172 313 313 2 125 78 360 172 49 172 50 219 313 172 266 313 125 361 219 219 172 2 173 125 219 219 313 2 361 219 219 172 125 266 1 125 219 266 361 219 97 313 172 78 2 313 219 313 219 125 78 172 172 266 125 220 266 78 172 172 2 172 220 172 172 267 219 172 78 172 125 173 360 266 314 313 266 266 266 78 172 266 267 49 78 172 266 172 78 172 172 2 172 173 78 1 78 219 266 360 219 266 266 266 220 219 219 172 125 2 266 360 219 266 219 360 96 172 361 126 125 172 97 172 125 2 172 2 313 125 125 219 267 2 49 266 360 266 266 361 360 267 125 125 219 2 78 125 266 219 2 78 219 219 219 78 219 125 78 219 266 361 314 266 219 78 220 172 125 78 219 2 266 314 313 78 219 78 172 2 78 172 219 266 125 125 172 219 172 360 2 314 125 125 125 125 360 172 125 172 266 78 219 266 79 1 314 125 125 125 361 
c [Signal] Signal interruption. Caught signal: SIGTERM (15).
c [Label = 353] Minimize Makespan Labeling problem (R-dwt__503.mtx.rnd):
c [Main] Child pid 361 - 60008 terminated by signal 15.
c [Label = 352] Minimize Makespan Labeling problem (R-dwt__503.mtx.rnd):
c [Label = 355] Encoding starts with target value = 47:
c [Label = 355] Encoding duration: 7220ms.
c [Label = 355] Number of clauses: 4637260.
c [Label = 355] Number of variables: 489026.
c [Label = 355] Solving duration: 28091 ms.
s [Label = 355] SAT (w = 47).
c [Label = 355] Label assignment: 213 354 354 354 261 119 354 355 354 354 355 354 307 354 354 307 307 354 355 354 354 260 307 354 72 261 307 213 354 354 260 307 166 214 307 307 307 354 354 307 354 260 307 354 354 307 308 307 119 308 260 307 72 214 166 307 308 354 260 354 308 354 354 307 308 2 307 355 354 260 307 307 307 354 307 354 166 307 260 72 2 260 354 354 213 260 119 307 261 73 354 213 307 354 354 166 2 213 260 307 307 307 119 307 72 119 354 213 307 166 260 260 354 213 354 307 354 260 166 260 2 354 260 166 354 354 355 166 308 308 260 214 72 166 119 354 119 2 307 261 307 307 354 307 72 213 213 307 119 214 260 260 260 354 307 72 307 354 72 307 119 167 355 260 354 260 213 2 213 307 213 2 213 307 2 119 354 307 120 166 166 355 307 355 307 354 308 213 260 260 260 166 354 354 260 354 166 354 260 260 354 167 260 213 307 354 260 119 260 261 260 213 119 354 260 308 261 166 213 354 2 260 260 214 354 260 166 213 355 213 214 261 213 166 166 354 72 167 214 2 2 308 307 72 307 354 307 166 2 260 213 214 260 260 261 166 307 214 213 307 260 307 2 354 261 72 166 307 72 2 213 72 2 119 2 354 260 119 354 307 213 2 355 260 213 260 213 354 308 2 166 260 213 307 307 166 260 119 354 166 260 72 119 213 119 307 2 307 2 354 260 166 72 72 72 166 213 213 307 166 308 354 166 308 119 119 166 307 213 260 308 213 213 119 166 72 261 307 213 307 213 167 166 166 166 166 72 2 72 120 213 166 2 166 214 213 166 261 213 119 120 120 119 166 354 260 261 307 355 166 2 260 214 260 355 166 214 213 260 166 261 166 119 72 213 72 72 261 213 119 213 307 72 119 72 2 119 213 213 166 213 72 260 354 213 119 166 354 213 166 167 119 72 166 72 166 119 213 166 167 307 167 166 307 2 119 119 260 260 260 213 214 354 2 72 166 166 72 119 119 260 213 166 166 213 213 72 213 119 167 119 354 260 72 307 260 354 261 120 166 166 260 119 213 260 2 119 119 213 166 166 119 72 166 213 166 214 119 166 260 72 72 213 355 72 119 119 166 354 166 119 213 2 260 2 72 213 1 307 260 213 214 355 
c [Main] Lowest label SAT is set to 355.
c [Main] Kill higher label pid 356.
c [Main] Kill higher label pid 357.
c [Main] Kill higher label pid 358.
c [Main] Kill higher label pid 359.
c [Label = 356] Encoding starts with target value = 47:
c [Label = 356] Encoding duration: 7122ms.
c [Label = 356] Number of clauses: 4650824.
c [Label = 356] Number of variables: 490032.
c [Signal] Signal interruption. Caught signal: SIGTERM (15).
c [Label = 357] Encoding starts with target value = 47:
c [Label = 357] Encoding duration: 7183ms.
c [Label = 357] Number of clauses: 4664387.
c [Label = 357] Number of variables: 491038.
c [Signal] Signal interruption. Caught signal: SIGTERM (15).
c [Label = 358] Encoding starts with target value = 47:
c [Label = 358] Encoding duration: 6914ms.
c [Label = 358] Number of clauses: 4677951.
c [Label = 358] Number of variables: 492044.
c [Signal] Signal interruption. Caught signal: SIGTERM (15).
c [Label = 359] Encoding starts with target value = 47:
c [Label = 359] Encoding duration: 7338ms.
c [Label = 359] Number of clauses: 4691514.
c [Label = 359] Number of variables: 493050.
c [Label = 359] Solving duration: 28413 ms.
s [Label = 359] SAT (w = 47).
c [Label = 359] Label assignment: 358 358 358 358 311 264 358 311 358 311 217 358 358 358 358 311 311 358 311 358 358 217 358 358 2 358 311 358 358 358 264 311 170 2 311 311 311 358 358 123 358 264 311 358 358 311 170 311 123 358 264 311 217 358 311 264 312 358 264 311 237 358 358 311 358 75 311 170 311 123 358 311 311 170 358 358 170 311 311 311 264 264 358 358 217 264 358 311 190 49 358 217 311 311 358 76 2 217 264 311 311 311 123 264 2 358 358 264 311 170 264 264 358 358 311 311 358 264 123 264 264 358 217 170 217 358 217 170 170 311 264 358 311 311 170 358 358 311 311 264 358 2 358 311 2 217 217 264 264 216 264 170 358 358 311 49 311 311 2 311 75 143 217 264 358 264 217 76 217 264 217 123 170 170 76 264 170 311 311 217 170 76 217 217 311 358 143 264 264 264 264 76 170 170 264 311 311 358 264 264 358 311 264 170 311 358 217 264 264 190 264 358 123 358 264 311 2 143 217 170 76 217 264 49 358 264 170 358 217 217 358 265 217 2 170 358 2 96 264 2 311 358 311 217 217 358 311 311 76 264 217 264 264 311 2 170 311 2 217 311 264 217 49 123 170 123 123 311 2 311 2 2 170 123 2 358 123 123 311 311 217 76 143 217 217 358 264 358 217 217 217 264 170 311 311 2 264 96 358 170 123 264 123 217 311 264 76 311 358 123 217 123 217 217 358 170 217 217 311 2 170 311 123 358 76 170 2 358 217 264 96 217 2 169 170 123 2 311 217 311 217 76 122 170 170 170 2 217 76 143 170 170 2 170 218 217 170 265 217 123 96 358 123 264 358 264 170 170 75 76 76 123 49 264 311 123 264 76 264 170 190 170 217 264 170 264 123 311 217 217 264 358 217 76 358 123 170 217 217 170 358 264 264 358 217 264 217 358 264 170 96 311 123 170 217 170 123 2 170 264 311 358 123 217 311 264 76 264 264 264 170 264 217 49 2 170 217 217 76 2 264 217 170 76 217 217 123 76 123 49 123 311 264 2 217 264 217 311 96 170 2 264 123 2 264 49 311 123 217 311 170 76 170 170 217 76 217 170 170 217 2 311 2 96 2 123 123 170 358 170 123 76 170 217 122 358 170 123 311 264 1 1 359 
c [Signal] Signal interruption. Caught signal: SIGTERM (15).
c [Label = 351] Minimize Makespan Labeling problem (R-dwt__503.mtx.rnd):
c [Main] Child pid 357 - 60014 terminated by signal 15.
c [Label = 350] Minimize Makespan Labeling problem (R-dwt__503.mtx.rnd):
c [Main] Child pid 359 - 60012 terminated by signal 15.
c [Label = 349] Minimize Makespan Labeling problem (R-dwt__503.mtx.rnd):
c [Main] Child pid 356 - 60015 terminated by signal 15.
c [Main] Child pid 358 - 60013 terminated by signal 15.
c [Label = 347] Minimize Makespan Labeling problem (R-dwt__503.mtx.rnd):
c [Label = 348] Minimize Makespan Labeling problem (R-dwt__503.mtx.rnd):
c [Label = 354] Encoding starts with target value = 47:
c [Label = 354] Encoding duration: 7112ms.
c [Label = 354] Number of clauses: 4623697.
c [Label = 354] Number of variables: 488020.
c [Label = 354] Solving duration: 29531 ms.
s [Label = 354] SAT (w = 47).
c [Label = 354] Label assignment: 354 353 353 353 354 95 353 307 353 306 1 354 2 353 353 306 306 353 306 353 353 306 353 353 212 307 306 353 353 353 2 306 260 354 306 306 306 353 353 1 353 259 71 353 353 259 260 306 307 212 306 306 213 212 71 353 307 353 259 259 2 307 354 306 354 353 306 260 353 259 353 306 306 71 353 306 71 353 306 307 212 306 353 353 353 259 118 306 212 212 353 212 260 259 353 142 353 212 259 306 306 259 118 212 354 143 353 354 306 165 259 259 353 212 306 306 353 259 306 259 165 353 259 165 307 353 2 165 2 307 259 212 307 259 118 353 118 306 306 354 353 353 353 306 142 212 165 259 118 1 259 49 1 353 259 165 306 306 165 306 95 71 307 259 353 259 212 165 212 353 212 307 212 1 353 165 2 306 260 118 165 307 306 2 306 353 71 354 259 259 165 165 354 118 354 260 306 353 259 212 306 71 259 165 306 353 354 212 213 213 259 189 118 353 259 306 2 71 212 2 165 1 166 165 307 259 165 354 48 212 353 260 212 118 165 353 165 71 212 118 119 165 306 165 212 353 306 307 259 259 212 165 259 306 2 71 306 212 212 306 259 260 118 48 260 71 259 306 307 306 353 212 118 306 354 353 306 118 118 306 212 118 307 166 212 165 212 353 354 307 118 259 118 306 306 212 259 118 353 165 306 165 71 212 118 259 165 306 118 260 71 48 2 212 165 259 212 212 306 165 2 259 49 166 118 71 118 165 212 259 2 212 212 259 165 1 2 306 212 306 212 165 48 165 165 165 165 71 212 259 119 71 96 165 213 212 165 260 212 118 118 118 118 213 353 259 259 259 95 118 259 259 165 259 260 71 118 353 259 165 259 165 118 213 165 165 2 260 212 71 212 353 306 306 118 96 119 212 212 165 71 212 259 353 212 118 72 353 354 165 2 165 72 165 165 165 118 212 165 213 306 212 72 2 260 354 49 259 2 259 71 354 2 118 2 165 212 213 2 165 259 212 71 2 212 212 49 2 118 354 118 71 259 212 2 259 71 259 71 165 212 259 306 212 259 307 118 118 212 306 165 165 48 165 212 212 212 212 165 259 165 2 212 2 2 118 118 165 353 165 118 165 306 259 48 353 118 1 306 165 166 354 354 
c [Main] Lowest label SAT is set to 354.
c [Label = 346] Minimize Makespan Labeling problem (R-dwt__503.mtx.rnd):
c [Label = 348] Encoding starts with target value = 47:
c [Label = 348] Encoding duration: 7224ms.
c [Label = 348] Number of clauses: 4542316.
c [Label = 348] Number of variables: 481984.
c [Label = 348] Solving duration: 22434 ms.
s [Label = 348] SAT (w = 47).
c [Label = 348] Label assignment: 300 347 347 347 347 112 347 65 347 347 65 253 300 347 347 300 300 347 348 347 347 159 300 347 206 347 300 112 347 347 206 300 253 348 300 300 300 347 347 347 347 253 2 347 347 300 300 300 348 160 253 300 206 112 347 253 301 347 253 65 143 300 347 300 348 301 347 348 300 253 254 300 300 206 300 347 49 300 159 206 112 253 347 347 347 253 300 300 253 112 347 206 300 2 300 65 300 206 253 300 300 300 253 112 253 301 347 65 300 159 253 253 347 253 347 300 347 253 65 253 253 347 159 159 65 347 206 159 159 348 253 253 347 253 348 347 2 300 253 301 300 347 347 300 206 206 159 253 300 207 253 2 300 347 300 206 300 347 159 300 2 49 2 253 300 253 206 253 206 112 206 65 159 65 300 112 159 300 2 65 159 112 206 159 300 347 159 253 253 253 206 347 347 65 347 347 112 347 253 206 347 206 253 159 300 347 253 112 253 207 253 253 112 347 253 348 254 49 206 347 112 301 253 207 347 253 159 2 206 206 112 254 206 65 159 347 347 96 253 253 112 348 300 159 347 347 300 65 2 253 206 253 253 253 348 253 300 112 206 300 253 206 207 65 2 206 65 300 300 348 300 2 2 112 300 347 159 65 112 300 206 112 254 206 206 159 159 347 301 206 347 253 112 300 300 65 253 254 347 159 2 159 253 206 300 253 112 300 300 348 159 348 159 347 301 112 206 206 300 253 159 347 65 301 347 347 112 159 206 253 159 206 253 112 159 2 206 300 206 300 206 65 2 159 159 159 254 49 112 2 159 112 254 159 207 300 159 254 206 112 348 300 112 65 347 347 159 159 65 65 2 159 65 253 96 65 112 65 253 159 2 159 2 206 206 159 159 300 206 206 112 206 206 112 206 112 206 206 206 159 2 206 253 347 206 112 206 347 207 159 65 300 112 159 347 159 112 347 159 207 300 253 112 159 2 301 2 253 206 253 2 206 65 49 159 159 159 159 65 253 347 206 206 159 206 206 159 65 112 65 112 253 253 160 159 253 347 348 112 159 65 253 65 159 253 2 300 300 206 2 159 300 206 159 206 112 301 160 159 347 348 206 206 206 159 112 112 159 347 159 112 206 112 159 254 112 159 112 1 253 159 206 348 
c [Label = 349] Encoding starts with target value = 47:
c [Label = 349] Encoding duration: 7538ms.
c [Label = 349] Number of clauses: 4555879.
c [Label = 349] Number of variables: 482990.
c [Signal] Signal interruption. Caught signal: SIGTERM (15).
c [Main] Lowest label SAT is set to 348.
c [Main] Kill higher label pid 349.
c [Main] Kill higher label pid 350.
c [Main] Kill higher label pid 351.
c [Main] Kill higher label pid 352.
c [Main] Kill higher label pid 353.
c [Label = 350] Encoding starts with target value = 47:
c [Label = 350] Encoding duration: 7281ms.
c [Label = 350] Number of clauses: 4569443.
c [Label = 350] Number of variables: 483996.
c [Signal] Signal interruption. Caught signal: SIGTERM (15).
c [Label = 351] Encoding starts with target value = 47:
c [Label = 351] Encoding duration: 7311ms.
c [Label = 351] Number of clauses: 4583006.
c [Label = 351] Number of variables: 485002.
c [Signal] Signal interruption. Caught signal: SIGTERM (15).
c [Label = 352] Encoding starts with target value = 47:
c [Label = 352] Encoding duration: 7151ms.
c [Label = 352] Number of clauses: 4596570.
c [Label = 352] Number of variables: 486008.
c [Signal] Signal interruption. Caught signal: SIGTERM (15).
c [Label = 353] Encoding starts with target value = 47:
c [Label = 353] Encoding duration: 7555ms.
c [Label = 353] Number of clauses: 4610133.
c [Label = 353] Number of variables: 487014.
c [Signal] Signal interruption. Caught signal: SIGTERM (15).
c [Label = 345] Minimize Makespan Labeling problem (R-dwt__503.mtx.rnd):
c [Main] Child pid 353 - 60028 terminated by signal 15.
c [Label = 344] Minimize Makespan Labeling problem (R-dwt__503.mtx.rnd):
c [Main] Child pid 350 - 60031 terminated by signal 15.
c [Main] Child pid 349 - 60032 terminated by signal 15.
c [Label = 342] Minimize Makespan Labeling problem (R-dwt__503.mtx.rnd):
c [Main] Child pid 351 - 60030 terminated by signal 15.
c [Label = 343] Minimize Makespan Labeling problem (R-dwt__503.mtx.rnd):
c [Label = 341] Minimize Makespan Labeling problem (R-dwt__503.mtx.rnd):
c [Main] Child pid 352 - 60029 terminated by signal 15.
c [Label = 340] Minimize Makespan Labeling problem (R-dwt__503.mtx.rnd):
c [Label = 347] Encoding starts with target value = 47:
c [Label = 347] Encoding duration: 6962ms.
c [Label = 347] Number of clauses: 4528752.
c [Label = 347] Number of variables: 480978.
c [Label = 347] Solving duration: 27624 ms.
s [Label = 347] SAT (w = 47).
c [Label = 347] Label assignment: 252 346 346 346 205 2 346 346 346 346 205 2 252 346 346 299 299 346 347 346 346 347 252 346 64 64 299 252 346 346 205 299 2 111 299 299 299 346 346 300 346 252 205 346 346 299 2 299 300 64 252 299 205 64 158 205 300 346 252 2 253 346 346 299 206 111 299 2 299 205 205 299 299 158 252 346 158 299 2 158 111 252 346 346 252 252 111 299 64 2 346 205 253 205 346 253 111 205 252 299 299 299 300 252 64 111 346 2 299 158 252 252 346 252 346 299 346 252 346 252 253 346 158 158 299 346 205 158 159 347 252 253 347 299 158 346 111 111 299 252 299 205 346 299 252 205 252 252 2 205 252 205 111 346 299 64 299 346 158 299 158 347 300 252 346 252 205 64 205 346 205 64 252 158 2 64 158 299 159 205 158 2 205 205 299 346 158 252 252 252 111 111 299 2 111 205 346 346 252 205 346 2 252 158 299 346 205 252 206 64 252 64 111 346 252 300 205 347 205 299 64 111 252 111 346 252 158 346 159 205 253 253 205 111 158 346 111 300 347 2 158 111 299 64 299 346 299 346 158 252 158 252 252 252 64 299 299 2 205 299 252 299 2 2 158 206 346 299 158 346 252 2 2 346 111 346 64 64 2 299 205 64 347 205 205 158 64 346 206 158 111 252 111 299 299 111 111 300 346 158 299 64 158 205 111 299 2 299 111 299 252 299 205 64 206 346 205 205 299 64 347 346 300 111 205 299 2 111 205 252 206 205 111 299 158 206 111 299 205 299 205 111 158 205 158 158 111 2 2 159 158 111 252 158 206 252 158 253 205 111 300 64 111 252 346 252 347 205 2 64 299 158 253 252 158 299 253 2 252 158 206 158 253 111 205 206 299 300 112 159 347 252 346 158 252 158 158 205 205 158 111 64 252 346 205 2 205 346 64 158 300 158 111 158 64 158 111 64 158 64 299 64 111 346 347 253 299 252 205 252 2 205 347 2 158 158 158 252 64 2 252 205 205 64 205 205 300 64 111 111 111 299 252 64 158 158 346 158 159 158 2 252 346 111 252 2 299 64 158 346 158 205 158 158 205 64 253 158 158 205 205 158 111 300 64 111 252 158 346 158 111 2 346 158 158 252 111 1 346 64 64 111 347 
c [Main] Lowest label SAT is set to 347.
c [Label = 339] Minimize Makespan Labeling problem (R-dwt__503.mtx.rnd):
c [Label = 346] Encoding starts with target value = 47:
c [Label = 346] Encoding duration: 6775ms.
c [Label = 346] Number of clauses: 4515189.
c [Label = 346] Number of variables: 479972.
c [Label = 346] Solving duration: 21809 ms.
s [Label = 346] SAT (w = 47).
c [Label = 346] Label assignment: 298 345 345 345 345 95 345 345 345 345 48 299 298 345 345 298 298 345 251 345 345 204 143 345 157 251 298 346 345 345 96 298 251 157 298 298 298 345 345 1 345 251 2 345 345 204 204 298 345 63 157 298 110 299 251 63 299 345 251 346 63 345 345 298 298 299 345 345 251 251 299 298 298 157 298 298 251 251 204 2 110 251 345 345 251 251 298 298 110 345 345 298 298 48 345 252 299 204 251 298 298 298 2 298 157 298 345 251 298 345 251 251 345 298 251 298 345 251 251 204 110 345 63 157 63 345 157 157 204 49 251 96 157 2 251 345 110 205 298 299 345 157 345 298 157 204 110 251 299 110 251 63 298 345 251 157 298 298 157 298 204 251 204 251 298 251 204 110 204 2 204 63 298 251 345 96 49 298 251 251 157 345 157 251 298 345 2 110 251 251 157 251 345 204 63 298 251 345 251 204 345 204 251 157 298 345 63 110 251 110 251 346 110 345 251 1 298 251 204 204 345 110 204 204 345 251 157 2 48 204 299 252 204 251 157 345 110 345 298 110 298 157 298 49 345 345 298 251 2 251 204 251 251 251 298 251 298 251 204 298 251 204 110 346 204 63 2 298 63 346 157 298 204 2 298 345 63 110 204 204 204 157 204 204 204 157 63 345 298 157 345 251 298 298 298 252 251 2 345 251 2 49 2 204 204 205 345 298 298 204 204 1 63 110 298 2 204 204 298 251 157 2 2 63 345 345 204 63 204 251 63 204 298 2 157 158 157 298 157 298 204 252 252 157 157 157 157 251 345 204 157 63 110 157 205 110 157 252 204 110 2 298 110 251 345 251 205 204 205 251 345 157 251 251 346 251 298 345 251 157 204 157 110 110 204 63 49 346 204 63 110 157 63 345 157 2 204 204 204 157 63 63 251 345 204 345 110 345 157 157 49 298 110 157 49 157 110 110 157 110 298 110 110 157 204 346 204 251 298 251 2 157 49 2 157 157 157 110 63 345 251 204 251 157 204 204 2 157 298 345 110 251 251 63 2 110 49 2 251 157 251 251 345 298 251 204 298 298 204 252 157 110 157 157 204 345 110 157 157 2 299 157 157 63 110 110 251 157 345 157 110 345 251 157 346 346 157 1 204 110 157 157 346 
c [Main] Lowest label SAT is set to 346.
c [Label = 338] Minimize Makespan Labeling problem (R-dwt__503.mtx.rnd):
c [Label = 344] Encoding starts with target value = 47:
c [Label = 344] Encoding duration: 6800ms.
c [Label = 344] Number of clauses: 4488062.
c [Label = 344] Number of variables: 477960.
c [Label = 344] Solving duration: 21454 ms.
s [Label = 344] SAT (w = 47).
c [Label = 344] Label assignment: 344 343 343 343 344 343 343 344 343 343 155 296 297 343 343 296 296 343 2 343 343 296 108 343 61 343 296 95 343 343 297 296 2 297 296 296 296 343 343 155 343 249 155 343 343 296 297 296 250 297 249 296 203 202 250 108 297 343 249 249 61 343 93 296 203 202 296 344 61 156 296 296 296 249 297 296 344 249 296 2 203 249 343 343 249 249 108 296 297 344 343 202 297 249 343 108 202 202 249 296 296 296 2 202 108 344 343 49 296 155 249 249 343 189 250 296 343 249 249 202 61 343 296 155 296 343 250 344 296 297 249 203 250 249 344 343 156 343 296 108 343 108 343 296 108 202 202 296 48 202 249 156 296 343 108 344 296 296 250 296 343 155 250 249 249 249 202 189 202 2 202 249 250 155 95 48 250 296 156 249 155 250 155 250 296 250 156 202 249 249 203 343 109 344 109 203 250 343 249 202 343 344 249 155 296 343 109 48 203 203 249 61 108 343 249 296 297 155 202 1 61 202 202 202 343 249 155 48 155 202 249 250 202 344 155 249 155 344 108 61 296 297 296 61 297 343 296 2 344 249 343 62 249 202 297 249 296 344 202 296 249 156 344 2 156 155 155 296 250 249 61 2 250 1 109 343 142 155 2 296 202 62 2 249 202 249 61 343 297 250 344 249 202 296 296 344 249 250 343 249 1 62 1 202 108 189 343 296 202 250 155 2 48 108 108 108 202 202 296 95 297 2 2 203 343 155 109 202 202 249 297 202 203 344 155 2 109 296 202 296 202 344 2 155 155 155 61 155 109 156 155 108 203 155 203 61 155 250 202 108 250 108 108 249 343 249 249 142 155 62 156 249 344 249 2 155 156 344 249 155 297 155 61 203 155 203 142 202 156 155 61 296 296 344 344 250 202 202 202 155 249 61 249 343 202 62 108 343 62 155 250 296 108 155 203 155 108 109 155 203 296 203 202 297 156 108 156 249 297 249 297 62 297 250 1 155 108 109 61 109 249 202 343 61 202 202 2 343 202 203 108 2 249 61 297 203 296 2 61 155 343 249 155 61 249 344 108 108 108 249 155 95 2 155 202 109 297 108 155 297 108 236 95 2 109 108 108 155 343 155 108 344 155 249 2 344 109 108 1 203 62 203 344 
c [Main] Lowest label SAT is set to 344.
c [Main] Kill higher label pid 345.
c [Label = 345] Encoding starts with target value = 47:
c [Label = 345] Encoding duration: 6980ms.
c [Label = 345] Number of clauses: 4501625.
c [Label = 345] Number of variables: 478966.
c [Signal] Signal interruption. Caught signal: SIGTERM (15).
c [Label = 337] Minimize Makespan Labeling problem (R-dwt__503.mtx.rnd):
c [Main] Child pid 345 - 60046 terminated by signal 15.
c [Label = 336] Minimize Makespan Labeling problem (R-dwt__503.mtx.rnd):
c [Label = 342] Encoding starts with target value = 47:
c [Label = 342] Encoding duration: 6839ms.
c [Label = 342] Number of clauses: 4460935.
c [Label = 342] Number of variables: 475948.
c [Label = 342] Solving duration: 22030 ms.
s [Label = 342] SAT (w = 47).
c [Label = 342] Label assignment: 341 341 341 341 341 341 341 342 341 341 294 341 2 341 341 294 294 341 294 341 341 153 106 341 59 341 294 341 341 341 59 294 247 106 294 294 294 341 341 106 341 247 153 341 341 294 2 294 341 106 247 294 143 341 247 2 295 341 247 294 153 153 341 294 153 59 294 342 294 200 153 294 294 200 153 294 294 247 341 96 2 247 341 341 341 247 2 294 106 106 341 200 294 247 341 294 59 200 247 294 294 294 341 153 106 341 341 294 294 341 247 247 341 294 294 294 341 247 294 247 341 341 247 153 341 341 190 153 247 143 247 49 153 294 341 341 143 153 294 59 341 59 341 294 106 200 153 294 59 153 247 153 106 341 200 96 294 294 247 294 247 200 153 247 341 247 200 2 200 247 200 200 200 294 341 59 200 294 294 200 153 200 153 200 294 341 247 341 247 247 106 2 341 294 96 341 200 341 247 247 341 294 247 200 294 341 153 341 247 2 247 2 153 341 247 247 153 247 200 200 294 59 200 153 341 247 153 294 106 200 341 248 200 2 153 341 153 341 294 294 200 106 294 153 153 341 294 247 247 247 153 49 247 294 106 341 294 294 200 294 247 294 106 200 247 200 247 294 96 341 153 153 200 200 2 341 200 200 200 294 200 2 200 247 200 247 2 341 153 294 2 247 200 294 294 294 247 200 341 153 200 106 247 200 2 153 106 294 2 200 153 200 59 106 59 59 200 200 294 59 106 247 294 2 247 341 2 2 200 247 294 200 2 247 153 200 2 294 200 294 200 2 200 200 153 153 2 247 2 200 153 153 49 153 201 153 153 248 200 106 247 59 106 247 341 247 153 153 294 294 341 106 294 247 294 294 200 294 247 153 200 153 49 106 200 106 106 153 200 106 247 106 247 341 106 200 200 200 200 153 2 2 247 341 200 341 106 341 96 153 153 153 106 153 153 153 106 2 153 2 294 49 200 247 247 59 295 247 59 247 247 153 294 247 96 153 153 49 59 49 247 200 49 59 200 200 96 59 2 2 106 294 247 2 294 247 247 247 153 153 59 247 294 2 247 341 106 106 153 200 153 49 200 153 200 2 59 106 153 153 153 106 106 106 106 106 106 153 341 153 106 59 341 200 341 341 200 106 247 1 49 1 342 
c [Label = 343] Encoding starts with target value = 47:
c [Label = 343] Encoding duration: 6741ms.
c [Label = 343] Number of clauses: 4474498.
c [Label = 343] Number of variables: 476954.
c [Label = 343] Solving duration: 22222 ms.
s [Label = 343] SAT (w = 47).
c [Label = 343] Label assignment: 154 342 342 342 343 107 342 342 342 342 342 342 154 342 342 295 295 342 342 342 342 295 2 342 60 295 295 155 342 342 107 295 201 154 295 295 295 342 342 201 342 248 295 342 342 295 2 295 249 2 248 295 2 154 296 107 296 342 248 342 107 342 296 295 154 60 295 342 342 248 60 295 295 342 155 342 296 295 201 295 107 248 342 342 342 248 2 295 154 154 342 201 296 342 342 154 60 201 248 295 295 295 248 248 107 96 342 143 295 154 248 248 342 2 295 295 342 248 342 248 107 342 201 154 201 342 201 201 154 249 248 96 342 342 249 342 96 295 295 154 342 107 342 295 154 201 154 295 108 107 248 248 2 342 295 49 295 295 154 295 295 342 295 248 342 248 201 61 201 248 201 154 295 248 107 60 342 295 342 248 154 201 201 202 295 249 295 107 248 248 61 295 342 249 96 49 296 342 248 248 342 295 248 201 295 342 2 60 202 60 248 2 107 342 248 295 96 248 201 248 60 107 248 201 342 248 154 2 342 201 2 249 201 154 154 248 154 248 201 107 295 2 295 60 201 342 295 201 201 248 201 248 248 295 107 342 295 154 201 295 248 155 107 201 343 342 201 295 154 295 107 2 295 202 154 342 154 154 248 295 201 60 295 248 201 248 2 342 154 201 295 248 201 295 295 2 248 342 342 154 202 2 202 201 295 248 154 295 2 342 248 201 108 60 2 107 201 201 295 107 201 342 296 49 295 295 2 154 201 248 201 201 154 342 154 201 49 295 201 295 201 60 201 154 154 154 60 248 154 295 201 107 49 154 202 60 154 249 201 107 248 2 107 248 342 248 248 249 248 60 343 342 60 248 295 201 60 154 248 154 201 154 107 107 154 154 201 248 201 60 2 60 201 248 2 295 201 201 201 154 154 60 248 342 201 2 154 342 2 154 248 295 107 154 154 154 107 2 154 107 295 107 154 201 343 2 248 248 2 248 201 2 343 201 49 154 201 154 60 2 248 201 107 154 201 201 296 201 2 60 107 342 248 60 295 248 296 248 248 154 154 248 295 60 248 201 107 107 201 201 154 107 248 154 201 2 107 154 154 248 154 343 2 248 108 107 107 154 342 154 107 154 248 248 295 155 108 1 295 61 49 60 343 
c [Label = 340] Encoding starts with target value = 47:
c [Label = 340] Encoding duration: 6749ms.
c [Label = 340] Number of clauses: 4433808.
c [Label = 340] Number of variables: 473936.
c [Label = 340] Solving duration: 22258 ms.
s [Label = 340] SAT (w = 47).
c [Label = 340] Label assignment: 292 339 339 339 339 292 339 339 339 339 151 104 292 339 339 292 292 339 339 339 339 198 292 339 2 245 292 292 339 339 245 292 198 245 292 292 292 339 339 2 339 245 198 339 339 292 292 292 198 57 245 292 245 104 143 245 293 339 245 339 292 339 339 292 245 104 339 198 339 245 245 292 292 339 292 339 104 292 245 2 151 245 339 339 245 245 245 292 245 292 339 198 292 339 339 151 104 198 245 292 292 292 198 198 2 104 339 292 292 151 245 245 339 104 245 292 339 245 151 245 104 339 57 151 292 339 2 151 2 339 245 245 339 339 104 339 245 339 292 292 339 245 339 292 2 198 292 292 245 2 245 198 57 339 198 2 292 292 198 292 104 151 57 245 292 245 198 96 198 198 198 49 292 57 292 245 151 292 198 104 151 151 198 151 292 339 57 292 245 245 57 245 292 198 57 292 104 339 245 198 339 198 245 151 292 339 57 104 245 2 245 245 104 339 245 57 57 198 198 339 104 292 245 245 339 245 151 104 339 198 292 246 198 151 151 339 2 104 151 151 292 245 292 49 339 339 292 339 198 245 198 96 245 245 292 151 292 151 198 292 245 198 2 151 57 339 151 292 49 198 57 57 198 96 292 339 245 104 104 292 198 2 339 245 198 245 57 339 57 49 151 245 198 292 292 151 245 151 339 151 49 2 151 198 339 198 104 292 245 57 151 151 245 2 57 339 198 198 292 151 2 151 198 245 57 339 198 292 198 245 339 198 2 151 151 2 292 292 151 292 198 245 339 151 151 151 245 198 2 198 198 151 245 151 199 57 151 246 198 104 198 245 104 245 339 245 198 198 104 245 339 2 245 245 339 339 245 292 245 151 198 151 104 245 198 245 2 198 151 57 292 245 57 104 96 151 198 198 198 151 57 2 245 339 198 104 151 339 292 151 151 292 104 151 2 151 104 2 151 104 292 151 151 339 339 292 104 245 245 245 104 57 339 151 2 151 151 2 57 104 245 198 151 151 198 198 198 57 104 292 104 339 245 57 151 245 339 198 198 151 151 245 339 57 245 104 104 292 198 339 151 292 57 151 198 151 57 151 151 49 2 2 2 2 151 104 104 151 339 151 104 292 198 199 198 292 151 104 198 49 1 1 340 
c [Main] Lowest label SAT is set to 342.
c [Main] Kill higher label pid 343.
c [Label = 335] Minimize Makespan Labeling problem (R-dwt__503.mtx.rnd):
c [Label = 334] Minimize Makespan Labeling problem (R-dwt__503.mtx.rnd):
c [Main] Lowest label SAT is set to 340.
c [Main] Kill higher label pid 341.
c [Label = 341] Encoding starts with target value = 47:
c [Label = 341] Encoding duration: 6807ms.
c [Label = 341] Number of clauses: 4447371.
c [Label = 341] Number of variables: 474942.
c [Signal] Signal interruption. Caught signal: SIGTERM (15).
c [Label = 333] Minimize Makespan Labeling problem (R-dwt__503.mtx.rnd):
c [Main] Child pid 341 - 60050 terminated by signal 15.
c [Label = 332] Minimize Makespan Labeling problem (R-dwt__503.mtx.rnd):
c [Label = 339] Encoding starts with target value = 47:
c [Label = 339] Encoding duration: 6878ms.
c [Label = 339] Number of clauses: 4420244.
c [Label = 339] Number of variables: 472930.
c [Label = 339] Solving duration: 21283 ms.
s [Label = 339] SAT (w = 47).
c [Label = 339] Label assignment: 197 338 338 338 338 150 338 338 338 338 103 2 291 338 338 291 291 338 244 338 338 339 150 338 291 338 291 197 338 338 291 291 244 292 291 291 291 338 338 244 338 244 338 338 338 291 291 291 291 150 244 291 197 292 244 2 292 338 244 244 197 338 338 291 291 2 338 338 338 2 292 291 291 244 291 338 103 244 291 244 143 244 338 338 338 244 2 291 2 2 338 197 338 56 338 197 2 197 244 291 291 291 56 56 2 291 338 197 291 150 244 244 338 197 338 291 338 244 244 244 197 338 103 150 291 338 48 197 150 338 244 197 244 244 103 338 1 291 291 291 291 291 338 291 197 197 197 291 291 197 244 338 150 338 103 150 291 338 244 291 56 103 56 244 244 244 197 150 197 338 197 244 197 244 291 2 103 291 244 244 150 244 291 244 291 291 103 150 244 244 150 338 338 338 150 338 244 338 244 244 338 291 244 197 291 338 197 291 244 2 244 292 103 338 244 56 291 244 197 56 197 2 197 197 338 244 150 197 339 197 56 245 197 150 150 244 2 103 2 197 291 150 291 2 338 338 291 244 103 244 291 197 244 197 291 338 291 2 197 291 244 197 198 103 95 244 244 291 244 56 150 56 103 103 291 338 150 103 56 291 197 291 56 244 197 244 150 338 291 93 103 244 197 291 291 2 244 103 338 150 103 150 103 197 338 291 197 291 150 48 150 103 197 2 150 197 197 197 291 2 103 338 48 197 338 338 244 197 197 244 245 197 197 103 150 103 1 291 197 291 197 2 339 150 150 150 2 244 197 56 150 150 1 150 198 150 150 245 197 103 244 150 103 244 338 244 245 338 244 291 56 244 150 244 339 244 150 197 244 150 339 150 197 150 150 244 103 291 197 244 56 291 103 56 150 56 150 197 197 150 150 2 244 338 197 1 103 338 150 150 56 291 103 150 2 150 103 2 150 197 291 197 197 95 338 150 103 244 291 244 197 150 56 339 150 150 103 1 56 1 244 197 103 56 197 197 244 56 197 291 103 338 244 2 103 150 56 339 103 150 291 244 244 197 244 56 103 103 103 56 150 2 103 150 197 142 197 150 150 56 197 244 2 56 56 103 244 150 338 150 103 197 339 150 338 197 150 103 338 150 1 292 339 
c [Main] Lowest label SAT is set to 339.
c [Label = 331] Minimize Makespan Labeling problem (R-dwt__503.mtx.rnd):
c [Label = 338] Encoding starts with target value = 47:
c [Label = 338] Encoding duration: 6498ms.
c [Label = 338] Number of clauses: 4406681.
c [Label = 338] Number of variables: 471924.
c [Label = 338] Solving duration: 21343 ms.
s [Label = 338] SAT (w = 47).
c [Label = 338] Label assignment: 149 337 337 337 337 149 337 196 337 337 291 338 96 337 337 290 290 337 197 337 337 338 337 337 102 150 290 290 337 337 102 290 290 55 290 290 290 337 337 196 337 243 337 337 337 243 149 290 244 338 196 290 337 149 290 2 291 337 243 290 2 337 337 290 2 55 290 196 337 243 338 290 290 55 337 337 197 290 196 49 102 290 337 337 337 243 2 290 338 2 337 290 291 243 337 291 102 196 243 290 290 243 150 2 55 96 337 291 290 149 243 243 337 290 290 290 337 243 290 243 149 337 243 149 196 337 49 149 55 244 243 2 197 290 150 337 2 102 290 102 337 102 337 290 102 196 337 290 2 55 243 243 55 337 290 56 290 290 197 290 243 197 244 243 337 243 196 102 196 149 196 196 290 290 149 102 337 290 244 243 149 244 196 291 290 244 338 149 243 243 102 102 149 196 49 291 290 337 243 243 337 290 243 196 290 337 337 2 197 338 243 2 102 337 243 197 338 197 196 196 102 55 243 55 290 243 149 102 244 196 244 244 196 2 149 243 55 291 2 291 150 2 290 2 196 337 290 290 149 243 196 102 243 290 338 290 290 2 196 290 243 290 55 196 338 197 243 290 196 197 55 2 149 243 150 337 196 196 196 196 196 102 196 243 196 243 2 337 338 244 337 243 196 290 290 149 243 150 337 149 243 55 243 196 149 102 55 290 102 196 243 196 2 102 102 149 196 196 290 290 55 243 197 96 337 243 196 337 196 243 291 196 55 291 149 55 102 290 149 290 196 2 244 149 149 149 2 197 149 244 196 149 2 149 197 102 149 244 196 102 149 102 102 243 337 243 338 196 149 291 149 243 291 243 244 290 102 149 243 149 244 149 244 49 149 55 337 149 196 196 2 102 55 196 2 143 196 196 196 149 55 2 243 337 196 103 149 337 49 149 291 149 102 149 2 149 102 55 149 2 290 2 149 338 291 102 243 243 2 243 290 49 337 149 55 149 196 2 55 2 243 196 290 149 196 196 197 196 102 291 102 290 243 338 337 243 337 338 243 149 290 243 243 55 243 291 102 102 196 244 149 243 55 149 196 149 338 150 149 196 338 55 55 55 2 102 102 149 337 149 102 149 149 55 196 149 102 102 243 102 1 55 338 
c [Main] Lowest label SAT is set to 338.
c [Label = 330] Minimize Makespan Labeling problem (R-dwt__503.mtx.rnd):
c [Label = 334] Encoding starts with target value = 47:
c [Label = 334] Encoding duration: 6409ms.
c [Label = 334] Number of clauses: 4352427.
c [Label = 334] Number of variables: 467900.
c [Label = 334] Solving duration: 22588 ms.
s [Label = 334] SAT (w = 47).
c [Label = 334] Label assignment: 334 333 333 333 98 145 333 287 333 286 2 98 2 333 333 286 286 333 49 333 333 287 333 333 239 287 286 333 333 333 239 286 193 334 286 286 286 333 333 192 333 239 192 333 333 239 287 286 287 240 192 286 240 145 192 334 287 333 239 51 96 287 333 286 99 98 286 287 333 239 334 286 286 51 239 333 193 286 240 193 2 286 333 333 239 239 334 286 334 99 333 286 240 51 333 2 240 192 239 286 286 239 287 192 98 334 333 240 286 145 239 239 333 2 286 286 333 239 51 239 334 333 2 145 239 333 98 51 51 287 239 96 98 192 287 333 145 286 286 2 333 239 333 286 240 192 2 239 239 99 239 49 98 333 286 334 286 286 193 286 145 193 51 239 333 239 192 145 192 193 192 239 286 2 333 145 2 286 287 193 145 146 192 2 286 333 193 145 239 239 98 192 334 51 99 333 286 333 239 145 333 286 239 192 286 333 240 333 193 240 239 334 98 333 239 287 334 193 192 286 2 98 239 240 333 239 145 98 98 192 239 240 192 239 145 333 98 193 334 334 240 240 286 2 192 333 286 193 145 239 192 51 239 286 240 51 286 2 192 286 239 146 98 51 49 98 51 286 192 146 333 333 192 286 240 333 240 2 286 192 192 145 49 192 192 333 2 333 334 240 334 239 145 286 286 2 239 287 333 145 286 2 192 192 145 145 98 286 145 287 192 192 333 98 2 192 192 192 286 2 193 286 193 99 333 192 51 2 192 239 2 192 98 287 145 51 240 286 192 286 192 2 51 145 145 145 334 193 99 287 145 98 146 145 193 333 145 240 192 98 287 146 98 193 333 239 192 51 193 146 145 51 2 239 146 51 146 239 239 145 287 145 145 98 145 99 98 286 146 145 333 240 98 145 239 146 146 192 192 145 2 334 239 333 192 146 192 333 240 145 2 286 98 145 2 145 98 2 145 99 286 334 98 98 49 240 51 239 239 239 192 334 2 146 2 145 192 2 51 240 239 192 286 51 192 192 193 51 98 240 98 286 239 334 2 239 192 287 193 145 239 239 192 98 239 49 286 98 192 146 145 287 98 145 192 2 334 146 145 286 334 98 98 51 2 98 98 145 333 145 98 239 287 239 51 333 99 98 192 1 334 240 334 
c [Main] Lowest label SAT is set to 334.
c [Main] Kill higher label pid 335.
c [Main] Kill higher label pid 336.
c [Main] Kill higher label pid 337.
c [Label = 336] Encoding starts with target value = 47:
c [Label = 336] Encoding duration: 6938ms.
c [Label = 336] Number of clauses: 4379554.
c [Label = 336] Number of variables: 469912.
c [Label = 336] Solving duration: 23210 ms.
s [Label = 336] SAT (w = 47).
c [Label = 336] Label assignment: 237 335 335 335 336 96 335 147 335 335 49 242 288 335 335 288 288 335 143 335 335 289 335 335 336 336 288 335 335 335 288 288 241 2 288 288 288 335 335 147 335 241 288 335 335 288 100 288 241 336 241 288 194 96 49 2 289 335 241 241 336 288 335 288 336 336 288 241 335 143 289 288 288 143 194 335 147 288 49 143 96 241 335 335 335 241 2 288 289 336 335 194 288 194 288 336 2 194 241 288 288 288 241 289 2 241 335 2 288 147 241 241 335 335 288 288 335 241 49 241 242 335 147 147 53 335 49 53 148 194 241 336 147 241 242 335 288 194 241 288 335 335 335 288 2 194 288 241 241 190 241 49 194 335 288 2 288 288 148 288 100 143 195 241 241 241 194 2 194 241 194 49 241 147 241 96 49 288 143 49 147 49 288 49 288 335 49 100 241 241 335 336 241 241 335 241 100 335 241 288 335 335 241 194 288 335 194 96 194 289 241 242 100 335 241 289 289 49 194 194 241 336 241 194 288 241 147 241 49 194 195 242 194 2 147 335 335 242 242 242 100 335 288 194 288 335 288 143 241 241 335 2 241 194 288 53 288 336 194 288 241 241 242 53 289 289 147 288 49 96 194 2 49 100 96 335 147 241 100 288 194 96 49 194 194 147 194 335 195 194 96 241 100 288 288 100 147 143 335 147 194 2 53 194 100 241 241 288 241 288 194 49 288 2 190 147 194 194 288 2 148 241 147 194 194 147 100 335 194 241 289 194 2 241 147 147 289 288 194 288 194 2 143 147 147 147 2 49 2 49 147 100 96 147 195 194 147 242 194 100 49 96 100 147 335 335 195 147 49 335 147 147 336 241 96 147 242 336 241 147 195 147 195 335 147 2 49 100 194 53 289 2 49 100 335 96 241 194 194 147 194 2 241 335 194 242 194 335 336 147 289 288 100 147 194 147 100 2 147 241 288 2 100 190 100 336 49 241 288 241 2 335 288 96 147 147 100 2 53 2 335 194 194 335 194 194 147 53 100 2 100 241 241 2 190 194 49 49 143 147 336 241 147 2 241 237 288 100 100 143 147 194 49 147 194 336 194 147 147 288 289 288 335 289 2 100 241 147 335 147 100 335 147 53 96 100 147 100 194 1 1 1 336 
c [Signal] Signal interruption. Caught signal: SIGTERM (15).
c [Label = 335] Encoding starts with target value = 47:
c [Label = 335] Encoding duration: 7036ms.
c [Label = 335] Number of clauses: 4365990.
c [Label = 335] Number of variables: 468906.
c [Signal] Signal interruption. Caught signal: SIGTERM (15).
c [Label = 337] Encoding starts with target value = 47:
c [Label = 337] Encoding duration: 6758ms.
c [Label = 337] Number of clauses: 4393117.
c [Label = 337] Number of variables: 470918.
c [Signal] Signal interruption. Caught signal: SIGTERM (15).
c [Label = 329] Minimize Makespan Labeling problem (R-dwt__503.mtx.rnd):
c [Main] Child pid 336 - 60061 terminated by signal 15.
c [Label = 328] Minimize Makespan Labeling problem (R-dwt__503.mtx.rnd):
c [Main] Child pid 335 - 60062 terminated by signal 15.
c [Label = 327] Minimize Makespan Labeling problem (R-dwt__503.mtx.rnd):
c [Main] Child pid 337 - 60060 terminated by signal 15.
c [Label = 326] Minimize Makespan Labeling problem (R-dwt__503.mtx.rnd):
c [Label = 331] Encoding starts with target value = 47:
c [Label = 331] Encoding duration: 6784ms.
c [Label = 331] Number of clauses: 4311736.
c [Label = 331] Number of variables: 464882.
c [Label = 331] Solving duration: 22586 ms.
s [Label = 331] SAT (w = 47).
c [Label = 331] Label assignment: 237 329 329 329 284 190 329 143 329 329 96 96 237 329 329 281 281 329 143 329 329 284 284 329 331 284 281 2 329 329 237 281 96 284 281 281 281 329 329 143 329 234 284 329 329 281 237 281 329 237 234 281 284 331 96 237 329 329 234 190 237 284 237 281 284 49 329 96 284 190 284 237 281 284 284 329 143 281 143 143 2 234 329 329 284 234 237 281 284 237 329 187 281 96 329 237 2 187 234 281 281 281 96 190 49 190 329 2 281 49 234 234 330 2 237 281 330 234 96 96 190 329 2 140 143 329 96 143 49 143 234 49 143 190 143 329 331 329 281 284 329 237 329 281 237 187 284 281 237 331 234 284 49 329 281 331 281 281 190 281 96 96 143 234 281 234 187 190 143 190 187 49 143 2 237 190 284 281 190 143 140 2 237 2 281 330 96 190 234 234 49 237 284 2 49 284 143 329 234 234 329 96 234 187 281 329 284 190 234 49 234 331 140 329 234 284 284 96 187 143 2 49 234 237 96 234 140 2 96 187 190 281 187 331 140 330 49 96 2 2 143 237 281 331 329 330 281 143 2 234 143 190 234 234 284 143 281 2 187 281 234 96 237 143 284 96 190 281 143 143 237 96 143 143 190 330 143 96 190 281 187 190 143 234 187 234 331 330 284 143 96 234 187 281 281 331 49 190 329 49 143 331 96 187 281 284 49 281 331 96 140 143 237 49 331 2 187 187 281 237 49 190 96 49 96 143 2 284 187 234 2 329 49 190 140 49 237 281 187 281 187 237 2 96 140 140 49 143 49 190 187 49 331 140 234 237 140 281 187 93 190 331 93 234 329 234 143 284 96 190 190 49 331 234 2 2 96 2 234 140 284 140 331 49 187 96 49 284 143 143 190 237 96 96 331 2 187 187 187 140 2 331 234 330 187 237 140 329 237 140 2 281 93 187 49 140 93 331 140 96 281 2 140 49 190 190 190 234 331 234 2 237 2 2 143 140 140 331 2 331 234 187 329 2 187 187 49 187 49 237 93 2 234 49 2 190 96 284 190 140 331 234 96 331 234 143 93 281 187 143 140 237 49 140 187 237 49 96 187 96 284 49 49 49 2 93 140 140 330 140 93 237 2 49 2 331 187 93 143 331 331 49 1 
c [Main] Lowest label SAT is set to 331.
c [Main] Kill higher label pid 332.
c [Main] Kill higher label pid 333.
c [Label = 333] Encoding starts with target value = 47:
c [Label = 333] Encoding duration: 6572ms.
c [Label = 333] Number of clauses: 4338863.
c [Label = 333] Number of variables: 466894.
c [Signal] Signal interruption. Caught signal: SIGTERM (15).
c [Label = 332] Encoding starts with target value = 47:
c [Label = 332] Encoding duration: 6540ms.
c [Label = 332] Number of clauses: 4325300.
c [Label = 332] Number of variables: 465888.
c [Signal] Signal interruption. Caught signal: SIGTERM (15).
c [Label = 325] Minimize Makespan Labeling problem (R-dwt__503.mtx.rnd):
c [Main] Child pid 332 - 60065 terminated by signal 15.
c [Main] Child pid 333 - 60064 terminated by signal 15.
c [Label = 324] Minimize Makespan Labeling problem (R-dwt__503.mtx.rnd):
c [Label = 323] Minimize Makespan Labeling problem (R-dwt__503.mtx.rnd):
c [Label = 330] Encoding starts with target value = 47:
c [Label = 330] Encoding duration: 6642ms.
c [Label = 330] Number of clauses: 4298173.
c [Label = 330] Number of variables: 463876.
c [Label = 330] Solving duration: 21551 ms.
s [Label = 330] SAT (w = 47).
c [Label = 330] Label assignment: 1 1 1 1 1 95 1 236 1 1 330 1 48 1 1 48 48 1 330 1 1 48 1 1 283 1 48 1 1 1 48 48 95 142 48 48 48 1 1 330 1 95 48 1 1 329 189 48 283 48 95 48 283 1 236 142 1 1 95 236 1 329 1 48 283 142 48 95 1 95 48 48 48 189 1 329 236 48 48 48 142 95 1 1 1 95 142 48 48 95 1 142 48 189 1 142 1 142 95 48 48 48 95 95 1 1 1 142 48 189 95 95 1 1 48 48 1 95 236 95 1 1 330 189 236 1 236 330 48 189 95 283 236 330 95 1 95 48 48 283 1 142 1 48 1 142 1 48 283 1 95 189 48 1 48 142 48 48 236 48 189 330 48 95 1 95 142 95 234 283 142 236 95 236 95 142 48 48 95 95 189 189 48 48 48 1 189 95 95 95 283 95 1 189 1 1 95 1 95 95 1 283 95 142 48 1 1 142 95 48 95 283 236 1 95 48 1 330 142 189 283 142 95 142 48 95 189 283 236 142 1 48 142 283 189 1 330 236 142 142 281 142 48 142 189 1 48 236 330 95 142 330 95 48 283 189 48 142 142 48 95 48 95 236 330 236 330 48 48 330 1 1 95 95 95 1 48 282 95 48 142 142 330 95 142 95 283 1 142 142 142 95 189 48 48 142 95 189 1 189 330 1 236 142 189 283 1 48 95 330 236 330 48 48 283 142 142 142 48 1 330 330 236 48 142 189 142 283 142 95 236 1 283 189 189 330 48 48 189 48 142 95 236 189 189 189 142 330 142 95 142 189 95 189 95 48 189 48 142 236 189 283 236 95 1 95 189 48 95 283 330 330 142 95 236 189 95 283 95 189 48 189 283 283 142 95 48 189 142 236 283 48 236 236 1 330 189 142 142 189 189 283 95 1 142 1 189 1 283 189 236 189 236 142 283 189 236 142 189 95 48 283 189 236 330 283 189 95 142 95 189 1 189 189 48 189 189 142 283 95 95 142 142 283 142 142 48 142 236 95 236 189 95 48 48 189 189 189 236 189 1 95 236 142 95 95 236 282 142 330 189 330 236 189 142 283 142 189 142 236 1 236 142 330 142 236 95 189 1 189 236 283 95 236 236 1 142 236 330 283 142 142 95 
c [Main] Lowest label SAT is set to 330.
c [Label = 322] Minimize Makespan Labeling problem (R-dwt__503.mtx.rnd):
c [Label = 326] Encoding starts with target value = 47:
c [Label = 326] Encoding duration: 6424ms.
c [Label = 326] Number of clauses: 4181785.
c [Label = 326] Number of variables: 437720.
c [Label = 326] Solving duration: 19210 ms.
s [Label = 326] UNSAT (w = 47).
c [Label = 329] Encoding starts with target value = 47:
c [Label = 329] Encoding duration: 6612ms.
c [Label = 329] Number of clauses: 4213686.
c [Label = 329] Number of variables: 440738.
c [Label = 329] Solving duration: 19154 ms.
s [Label = 329] UNSAT (w = 47).
c [Main] Highest label UNSAT is set to 326
c [Main] Kill lower label pid 322.
c [Main] Kill lower label pid 323.
c [Main] Kill lower label pid 324.
c [Main] Kill lower label pid 325.
c [Label = 322] Encoding starts with target value = 47:
c [Label = 322] Encoding duration: 6279ms.
c [Label = 322] Number of clauses: 4127531.
c [Label = 322] Number of variables: 433696.
c [Signal] Signal interruption. Caught signal: SIGTERM (15).
c [Label = 323] Encoding starts with target value = 47:
c [Label = 323] Encoding duration: 6281ms.
c [Label = 323] Number of clauses: 4141094.
c [Label = 323] Number of variables: 434702.
c [Signal] Signal interruption. Caught signal: SIGTERM (15).
c [Label = 324] Encoding starts with target value = 47:
c [Label = 324] Encoding duration: 6366ms.
c [Label = 324] Number of clauses: 4154658.
c [Label = 324] Number of variables: 435708.
c [Signal] Signal interruption. Caught signal: SIGTERM (15).
c [Label = 325] Encoding starts with target value = 47:
c [Label = 325] Encoding duration: 6245ms.
c [Label = 325] Number of clauses: 4168221.
c [Label = 325] Number of variables: 436714.
c [Signal] Signal interruption. Caught signal: SIGTERM (15).
c [Main] Highest label UNSAT is set to 329
c [Main] Kill lower label pid 322.
c [Main] Kill lower label pid 323.
c [Main] Kill lower label pid 324.
c [Main] Kill lower label pid 325.
c [Main] Kill lower label pid 327.
c [Main] Kill lower label pid 328.
c [Label = 328] Encoding starts with target value = 47:
c [Label = 328] Encoding duration: 6563ms.
c [Label = 328] Number of clauses: 4208912.
c [Label = 328] Number of variables: 439732.
c [Signal] Signal interruption. Caught signal: SIGTERM (15).
c [Label = 327] Encoding starts with target value = 47:
c [Label = 327] Encoding duration: 6597ms.
c [Label = 327] Number of clauses: 4195348.
c [Label = 327] Number of variables: 438726.
c [Signal] Signal interruption. Caught signal: SIGTERM (15).
c [Main] Child pid 322 - 60088 terminated by signal 15.
c [Main] Child pid 324 - 60086 terminated by signal 15.
c [Main] Child pid 323 - 60087 terminated by signal 15.
c [Main] Child pid 325 - 60085 terminated by signal 15.
c [Main] Child pid 327 - 60081 terminated by signal 15.
c [Main] Child pid 328 - 60080 terminated by signal 15.
c [Signal] Signal interruption. Caught signal: SIGTERM (15).
c [Main] All children have completed.
r [Main] 
r [Main] Final results: 
r [Main] Lowest label SAT:  	330.
r [Main] Highest label UNSAT:	329.
r [Main] Total real time: 218841 ms.
r [Main] Total memory consumed: 10324.1 MB.
r [Main] 
