c [Version] Minimize Makespan Labeling Encoder version 1.0.0.
c [Param] LB is predefined as 18.
c [Param] UB is predefined as 210.
c [Param] Memory limit is set to 30000.
c [Param] Real time limit is set to 1800.
c [Param] Max CNF size is set to 10.
c [Main] Search strategy: Incremental from upper bound.
c [Main] Encoding and solving for graph: N-bcsstk07.mtx.rnd.
c [Incremental] Minimize Makespan Labeling Antibandwidth problem (N-bcsstk07.mtx.rnd):
c [Incremental] Encoding starts with target value = 17:
c [Incremental] Encoding duration: 3061ms.
c [Incremental] Number of clauses: 3513944.
c [Incremental] Number of variables: 250530.
c [Incremental] Solving for max label = 210:
c [Incremental] Solving duration: 40792 ms.
s [Incremental] SAT (label = 210).
Label assignment: 142 143 210 79 210 144 122 210 210 96 19 63 169 199 210 111 210 6 210 105 156 107 94 18 159 68 190 21 210 122 72 193 192 176 178 204 33 186 52 176 176 176 70 193 201 82 18 34 210 40 203 91 171 35 183 176 131 177 159 90 57 161 102 106 43 35 188 18 139 208 160 168 193 108 118 210 153 193 193 159 22 193 184 117 176 52 156 176 101 159 85 210 51 113 67 142 176 108 11 159 35 91 147 155 33 170 149 125 88 181 206 159 145 198 26 125 193 88 108 151 159 1 105 142 205 210 159 142 129 195 87 125 18 45 210 90 163 1 52 65 112 8 152 125 74 115 86 24 93 99 32 164 125 86 121 125 202 176 103 98 140 20 35 69 126 105 41 180 108 210 35 92 66 9 18 71 73 53 176 174 36 182 104 134 77 112 176 69 159 161 159 166 111 18 1 95 53 47 162 59 104 108 176 111 61 53 69 142 90 189 108 81 69 73 150 70 136 108 142 127 1 71 193 1 5 107 53 193 52 2 60 56 17 2 74 87 12 69 130 193 210 123 187 193 100 173 70 52 70 124 49 37 36 18 14 98 125 70 179 1 1 158 1 52 39 148 35 200 36 210 125 95 83 116 125 176 154 1 176 159 176 1 210 7 4 80 157 10 62 135 142 128 142 1 35 74 108 139 69 23 18 108 19 19 35 109 30 15 35 55 159 18 142 19 52 210 129 193 64 76 193 42 97 1 185 75 107 78 70 137 196 19 91 25 142 16 108 120 191 176 52 53 69 133 84 163 29 52 36 193 165 31 13 35 36 194 159 142 38 18 91 1 29 58 167 172 47 114 145 35 139 2 138 159 124 146 18 124 18 89 119 87 210 91 28 159 18 52 110 44 141 27 197 1 159 53 193 1 48 207 21 50 175 193 46 128 69 132 70 210 1 209 90 86 1 141 3 18 54 86 
c [Incremental] Max used label: 210.
c [Incremental] Label 210 is removed from searching.
c [Incremental] Solving for max label = 209:
c [Incremental] Solving duration: 29709 ms.
s [Incremental] SAT (label = 209).
Label assignment: 107 165 209 84 39 140 180 209 104 100 18 59 133 200 86 105 170 9 209 104 158 209 94 18 159 68 190 1 53 53 72 158 196 175 53 204 164 19 192 18 141 176 69 131 191 79 1 82 158 35 117 92 171 35 176 175 113 187 159 56 52 157 104 106 36 36 189 107 138 31 209 1 126 142 19 209 151 201 193 170 162 192 184 111 176 175 104 175 96 161 85 61 46 8 66 140 184 154 18 203 87 88 147 5 72 136 150 52 1 112 209 192 23 95 26 129 193 87 104 153 158 1 90 144 205 124 20 141 76 19 91 69 18 124 192 175 160 1 53 65 110 13 152 109 209 115 89 24 86 90 32 50 18 90 168 90 202 1 70 98 142 1 38 1 134 121 40 18 127 72 35 83 199 44 18 35 158 53 175 209 36 182 104 132 75 53 176 158 35 177 52 87 111 1 1 97 155 47 195 64 209 103 176 43 63 51 1 141 124 196 124 81 124 124 163 53 119 106 141 2 72 36 193 1 18 107 139 196 54 2 146 21 16 19 35 1 1 73 116 193 1 123 41 14 101 53 70 18 69 209 49 42 159 107 119 94 175 166 174 121 141 36 1 55 186 35 36 197 209 71 122 93 78 11 141 53 34 70 176 35 52 121 158 7 6 80 159 99 60 149 125 173 18 73 36 69 52 204 69 52 187 18 18 1 35 108 1 86 107 52 4 158 141 19 52 120 10 209 67 57 106 103 62 19 185 77 124 36 69 137 196 123 86 107 141 183 158 18 143 18 18 52 89 135 25 130 29 74 167 188 145 27 125 114 69 194 56 156 209 158 138 3 28 135 167 30 48 169 153 1 192 178 175 69 123 153 107 124 172 72 89 89 207 86 33 90 87 55 17 181 148 45 198 1 36 70 73 206 22 128 192 15 102 192 201 179 58 208 37 192 70 35 175 90 118 141 12 107 70 35 
c [Incremental] Max used label: 209.
c [Incremental] Label 209 is removed from searching.
c [Incremental] Solving for max label = 208:
c [Incremental] Solving duration: 487 ms.
s [Incremental] SAT (label = 208).
Label assignment: 106 165 208 84 38 140 180 208 104 100 18 59 133 200 86 107 170 9 208 104 157 208 94 18 159 68 190 1 53 53 72 157 196 174 53 204 164 19 191 18 140 176 69 131 191 79 1 82 157 35 117 92 171 35 176 174 113 187 159 55 52 157 104 106 40 36 189 106 138 31 208 1 126 142 19 208 151 201 193 170 162 191 184 111 175 174 104 174 96 161 85 61 46 8 66 140 184 154 18 203 87 88 147 5 72 136 150 52 1 112 206 191 23 95 26 129 193 87 104 153 157 1 89 144 205 123 20 140 76 19 91 69 18 124 191 174 160 1 53 65 110 13 152 109 208 115 89 24 86 89 32 50 18 89 168 89 202 1 70 98 142 1 38 1 134 121 39 18 127 72 35 83 199 44 18 35 157 56 175 205 36 182 104 132 75 53 176 157 35 177 52 90 111 1 1 97 155 47 195 64 205 103 176 43 63 51 1 140 123 196 123 81 123 123 163 53 119 106 140 2 72 36 192 1 18 106 139 196 54 2 146 21 16 19 35 1 1 72 116 193 1 123 41 14 101 53 70 18 69 208 49 42 158 106 119 94 174 166 174 121 140 36 1 55 186 35 36 197 208 73 122 93 78 11 140 53 34 70 176 35 52 121 157 7 6 80 159 99 60 149 125 173 18 72 36 69 52 204 69 52 187 18 18 1 35 108 1 86 106 52 4 157 140 19 52 120 10 208 67 57 106 103 62 19 185 77 123 36 71 137 196 123 86 107 141 183 106 18 143 18 18 52 89 135 25 130 29 74 167 188 145 27 125 114 69 194 55 156 157 157 138 3 28 135 167 30 48 169 153 1 191 178 174 69 123 153 106 123 172 72 89 89 207 86 33 89 87 55 17 181 148 45 198 1 36 70 72 206 22 128 191 15 102 191 201 179 58 208 37 191 70 35 174 88 118 140 12 105 70 35 
c [Incremental] Max used label: 208.
c [Incremental] Label 208 is removed from searching.
c [Incremental] Solving for max label = 207:
c [Incremental] Solving duration: 9915 ms.
s [Incremental] SAT (label = 207).
Label assignment: 87 204 173 65 105 129 173 139 26 130 52 113 45 105 114 35 183 125 156 54 122 102 190 122 105 192 164 32 1 88 173 104 111 188 112 61 41 35 139 156 105 207 156 156 190 181 57 56 83 81 75 105 42 3 190 122 72 119 118 207 30 173 71 165 197 207 173 83 71 3 27 18 6 19 179 158 25 67 3 11 98 1 193 149 190 105 190 66 147 142 3 79 144 88 151 20 4 20 68 143 35 207 145 22 139 137 141 156 190 37 18 122 185 78 55 117 20 139 40 69 86 207 18 159 50 105 207 20 119 173 133 122 122 5 119 190 80 207 54 135 54 190 85 37 66 155 1 64 146 100 82 163 173 156 173 173 139 190 173 44 62 28 96 139 3 18 190 97 54 105 190 89 167 115 176 3 139 106 103 170 141 194 96 140 136 86 156 49 8 34 31 77 46 29 20 52 190 109 207 138 51 47 1 154 195 88 156 37 190 110 48 173 37 139 15 102 142 71 49 37 173 35 105 207 177 13 139 2 156 87 157 190 178 122 88 79 206 173 199 54 36 189 21 175 60 207 88 88 88 139 90 9 71 190 172 180 119 43 105 119 88 207 136 139 7 71 71 64 3 207 99 35 207 202 3 207 200 207 95 2 39 207 122 132 207 196 38 58 190 124 139 63 136 71 156 156 207 54 123 53 105 1 207 207 190 160 150 153 1 128 54 190 190 169 88 173 161 101 92 70 156 70 59 207 108 152 173 122 116 107 174 54 173 134 139 205 88 37 24 52 93 122 207 171 127 148 187 52 1 207 156 190 126 1 102 186 207 190 156 122 74 79 16 102 1 184 91 53 166 71 139 35 20 173 37 1 37 173 156 33 62 20 71 156 17 32 190 190 198 182 49 191 131 207 168 37 121 162 203 10 20 201 23 156 76 188 73 120 84 14 139 94 66 122 12 88 122 190 207 1 
c [Incremental] Max used label: 207.
c [Incremental] Label 207 is removed from searching.
c [Incremental] Solving for max label = 206:
c [Incremental] Solving duration: 11094 ms.
s [Incremental] SAT (label = 206).
Label assignment: 104 189 148 53 36 18 170 53 109 100 18 59 133 53 172 151 3 1 155 104 1 142 92 18 159 64 189 1 155 53 73 138 204 70 189 67 180 20 189 18 19 176 69 129 206 79 1 82 121 35 119 98 172 36 176 172 113 172 159 53 52 52 103 106 40 39 189 107 147 31 50 38 126 52 55 206 152 201 193 155 166 189 184 195 206 172 104 1 191 18 84 206 30 146 198 189 178 158 144 206 87 88 63 9 71 136 26 52 36 112 206 199 23 96 18 121 189 172 104 153 155 172 90 149 45 121 2 159 76 19 88 141 36 35 142 206 160 90 70 173 110 13 58 115 206 62 87 24 97 189 32 46 138 87 87 90 150 1 70 98 140 1 36 53 136 128 41 18 132 70 206 83 68 42 167 35 53 66 172 60 44 187 104 132 75 56 176 53 35 177 19 117 206 1 1 206 86 165 202 131 206 103 176 99 162 35 2 107 125 164 121 81 129 124 168 65 114 116 159 1 182 206 52 3 18 54 138 196 1 8 138 19 16 18 69 1 1 70 139 193 86 123 43 14 101 189 69 19 81 155 72 155 87 2 117 94 172 161 189 121 138 36 1 19 186 18 36 197 155 49 120 93 85 11 155 181 143 70 155 48 189 121 142 7 3 78 157 102 61 20 124 172 18 73 36 69 52 200 70 1 188 18 18 1 36 106 1 86 111 145 2 2 138 155 53 122 10 108 80 57 104 105 6 172 174 22 121 98 69 137 5 133 86 107 86 183 154 19 203 19 18 64 89 135 25 127 29 74 206 172 47 27 123 115 69 15 87 18 206 36 206 90 192 136 77 28 51 153 100 91 189 179 163 69 130 153 107 125 171 156 54 99 206 35 33 205 87 1 169 175 159 4 194 1 35 21 36 171 34 124 189 12 172 189 201 185 57 190 37 70 70 134 176 95 118 138 17 2 73 206 
c [Incremental] Max used label: 206.
c [Incremental] Label 206 is removed from searching.
c [Incremental] Solving for max label = 205:
c [Incremental] Solving duration: 509 ms.
s [Incremental] SAT (label = 205).
Label assignment: 103 188 148 52 35 18 170 52 109 100 18 59 133 52 171 151 3 1 154 103 1 142 92 18 159 64 188 1 154 52 73 137 204 70 188 67 180 20 188 18 18 176 69 129 205 79 1 82 120 35 119 98 171 36 175 171 113 171 159 52 52 52 103 106 40 39 188 107 147 31 50 38 126 52 55 205 152 195 193 154 166 188 184 194 205 171 103 1 191 18 84 205 30 146 198 188 178 158 144 205 86 88 63 9 71 136 26 52 35 112 205 199 23 96 18 121 188 171 103 153 154 171 90 149 45 120 1 159 76 18 88 141 35 35 142 205 160 90 69 173 110 13 58 115 205 62 86 24 97 188 32 46 137 86 1 90 150 1 69 98 140 1 35 52 136 128 41 18 132 69 205 83 68 42 167 35 52 66 172 60 44 187 103 132 75 56 176 52 35 177 18 117 205 1 1 205 86 165 202 131 205 103 176 99 162 35 1 107 125 164 120 81 129 124 168 65 114 116 159 1 182 205 52 3 18 54 137 196 1 8 138 18 16 18 69 86 1 69 139 193 86 123 43 14 101 188 69 18 81 154 72 1 86 1 117 94 171 161 188 120 137 35 1 18 186 18 35 197 154 49 120 93 85 11 154 181 143 69 154 48 188 120 142 7 3 78 157 102 61 20 124 171 18 73 35 69 52 200 70 1 188 19 18 1 35 105 2 86 111 145 1 1 137 155 53 122 10 108 80 57 103 104 6 171 174 22 120 98 69 137 5 133 86 107 86 183 154 18 203 18 18 64 89 135 25 127 29 74 205 171 47 27 123 115 69 15 87 18 205 35 205 90 192 136 77 28 51 153 100 91 188 179 163 69 130 153 107 125 171 156 54 99 205 35 33 205 1 1 169 172 159 4 189 1 35 21 35 171 34 124 188 12 171 188 201 185 57 190 37 69 69 134 176 95 118 137 17 1 73 205 
c [Incremental] Max used label: 205.
c [Incremental] Label 205 is removed from searching.
c [Incremental] Solving for max label = 204:
c [Incremental] Solving duration: 9006 ms.
s [Incremental] SAT (label = 204).
Label assignment: 1 136 119 130 204 204 80 99 78 184 204 204 105 204 204 172 79 122 169 93 170 96 197 132 55 118 86 90 37 102 119 187 86 79 42 51 158 45 35 136 116 204 170 187 187 8 115 31 111 202 67 1 156 204 170 58 193 101 108 130 91 37 66 15 68 180 102 62 60 100 52 113 59 72 127 170 65 63 35 186 61 187 100 46 110 85 41 18 43 83 141 187 86 46 163 1 32 187 104 64 153 1 154 121 100 1 168 35 153 129 119 186 159 27 14 26 81 144 151 131 125 135 18 18 69 117 136 96 38 204 106 123 170 120 170 150 10 18 204 4 21 176 40 151 35 183 169 69 16 129 28 112 22 79 151 187 73 72 100 42 204 88 170 1 6 18 23 93 187 1 204 34 47 30 117 168 187 136 153 153 204 50 134 96 1 20 204 39 204 153 153 69 24 124 134 166 54 87 153 200 136 128 182 148 192 73 136 164 18 92 113 5 1 147 13 76 175 144 35 126 133 136 178 170 1 1 126 169 75 34 204 113 171 195 186 117 7 53 2 147 140 34 142 181 17 119 161 1 18 114 138 157 56 79 12 1 170 83 90 204 134 18 145 153 1 52 152 18 20 179 35 170 9 137 96 204 11 204 18 186 1 1 1 174 86 149 70 84 187 1 106 103 133 18 18 165 146 151 66 18 1 204 72 127 153 162 126 116 35 52 79 64 1 95 35 106 109 54 199 29 18 89 187 107 161 1 57 186 201 103 173 1 53 33 1 110 1 47 44 58 58 170 187 3 177 204 196 76 204 100 35 204 187 149 18 94 18 107 96 187 98 187 103 119 204 198 144 160 155 204 1 18 82 185 73 187 52 119 136 139 71 56 170 35 191 79 48 153 194 152 37 188 74 82 19 39 1 62 190 69 36 189 167 187 49 52 204 25 187 170 102 103 204 168 143 97 147 77 203 170 
c [Incremental] Max used label: 204.
c [Incremental] Label 204 is removed from searching.
c [Incremental] Solving for max label = 203:
c [Incremental] Solving duration: 463 ms.
s [Incremental] SAT (label = 203).
Label assignment: 1 136 116 130 203 203 80 99 78 184 203 203 105 203 203 172 79 125 169 93 169 96 197 132 55 118 86 90 37 99 117 186 86 79 42 51 158 45 35 135 116 203 168 186 186 8 115 31 111 202 67 1 156 203 169 58 193 101 108 130 91 37 66 15 68 180 101 62 60 100 52 113 59 72 127 169 65 63 35 186 61 186 100 46 110 82 41 18 43 83 141 186 88 46 163 1 32 186 104 64 152 1 154 121 100 2 168 35 151 102 118 186 159 27 14 26 81 144 151 131 122 135 18 18 69 117 135 96 38 203 106 123 169 120 169 150 10 18 203 4 21 176 40 151 35 183 169 69 16 129 28 112 22 79 151 186 73 72 100 42 203 85 169 1 6 18 23 93 185 1 203 34 47 30 117 168 186 136 152 153 203 50 134 96 1 20 203 39 203 152 152 69 24 124 134 166 54 87 151 200 135 128 182 148 192 73 135 164 18 92 113 5 1 147 13 76 175 144 35 126 133 133 178 169 1 1 126 169 75 34 203 113 171 195 186 117 7 53 187 147 140 34 139 181 17 118 161 1 18 114 138 157 56 79 12 1 169 83 90 203 134 18 145 152 1 52 152 18 20 179 35 169 9 137 96 203 11 203 18 186 1 1 1 174 86 149 70 84 186 1 106 103 133 18 18 165 146 151 66 18 1 203 72 127 152 162 126 116 35 52 79 64 1 95 35 106 109 54 199 29 18 89 186 107 161 1 57 186 201 103 173 1 53 33 1 119 1 47 44 58 58 168 185 3 177 203 196 76 202 100 35 202 186 149 18 94 18 107 96 186 98 186 107 118 202 198 144 160 155 203 1 18 82 185 73 186 52 117 135 142 71 56 168 35 191 79 48 152 194 170 37 188 74 82 19 39 1 62 190 69 36 189 167 186 49 52 203 25 186 169 101 103 203 168 143 97 147 77 203 169 
c [Incremental] Max used label: 203.
c [Incremental] Label 203 is removed from searching.
c [Incremental] Solving for max label = 202:
c [Incremental] Solving duration: 557 ms.
s [Incremental] SAT (label = 202).
Label assignment: 1 136 116 130 202 202 83 98 78 184 202 200 105 202 202 172 79 122 168 93 168 96 197 132 55 118 86 90 37 99 117 185 86 79 42 51 158 45 35 134 115 202 166 185 183 8 115 31 111 202 67 1 156 202 165 58 193 101 108 130 91 37 66 15 68 180 100 62 60 98 52 113 59 72 127 168 65 61 35 183 168 183 98 85 110 82 41 18 46 79 141 183 86 44 163 3 32 183 104 64 151 1 154 121 100 4 69 37 151 129 117 185 159 27 14 26 80 144 150 131 135 131 18 23 69 114 134 96 38 202 106 123 165 120 168 149 10 18 202 92 21 176 40 149 35 183 168 69 16 129 28 119 22 79 149 185 73 72 96 42 35 88 168 1 1 18 18 93 185 1 202 140 9 30 115 168 185 123 112 153 202 50 132 96 1 21 202 39 202 35 148 69 24 124 132 166 54 87 142 200 136 128 182 170 192 73 134 164 18 102 113 5 1 147 13 76 175 144 35 126 132 134 178 168 1 1 126 168 75 34 202 113 171 195 185 115 7 53 187 147 140 202 152 181 17 117 161 1 18 114 138 157 56 79 12 6 168 81 90 202 131 18 145 151 1 52 151 18 20 179 35 168 53 137 96 202 11 202 20 185 2 1 1 174 86 149 70 84 185 1 106 103 133 18 18 165 146 149 62 18 1 202 72 127 151 162 125 116 35 52 79 62 1 95 40 106 109 54 199 29 19 89 185 107 161 1 57 185 201 103 173 1 54 33 1 110 1 43 47 58 63 168 185 49 177 202 196 76 202 96 35 202 186 149 18 94 18 107 96 185 98 185 103 119 48 198 144 160 155 202 1 18 79 185 73 185 52 117 134 139 71 56 168 35 191 79 45 151 194 169 37 188 74 82 20 39 1 62 190 69 36 189 166 185 167 52 202 25 185 168 100 103 202 166 143 97 147 77 202 168 
c [Incremental] Max used label: 202.
c [Incremental] Label 202 is removed from searching.
c [Incremental] Solving for max label = 201:
c [Incremental] Solving duration: 10299 ms.
s [Incremental] SAT (label = 201).
Label assignment: 53 155 125 53 36 18 53 108 104 100 18 41 84 130 180 151 53 119 199 104 91 145 89 18 162 64 189 1 201 53 73 104 69 70 153 79 113 87 138 18 19 182 69 184 188 201 1 82 128 35 24 86 172 201 184 184 94 172 162 53 52 52 103 1 15 36 123 108 18 18 50 129 124 52 58 1 110 120 196 2 166 104 184 51 182 19 167 1 39 18 92 68 30 149 164 162 182 163 141 123 87 88 63 9 71 167 26 52 142 112 89 201 75 71 38 33 162 18 111 19 98 175 159 35 45 53 2 160 72 118 86 141 36 35 142 195 40 91 70 60 106 13 53 103 162 62 2 115 97 201 32 46 145 87 87 91 137 1 70 26 140 1 36 132 103 148 121 133 120 70 193 83 102 42 167 35 53 66 172 59 44 187 104 201 70 36 178 53 35 177 19 114 127 1 1 104 93 190 6 135 194 86 181 99 28 35 108 144 125 167 121 81 125 126 170 53 48 103 162 1 53 108 52 1 88 54 86 35 1 8 184 19 16 121 69 1 4 70 19 18 18 49 43 14 57 1 69 201 69 155 72 5 87 87 117 95 179 158 154 128 150 36 1 19 183 18 36 199 137 47 120 150 85 11 155 104 31 70 201 35 52 145 143 7 3 78 157 101 61 20 123 172 128 74 36 69 88 198 69 1 70 131 18 1 38 201 201 91 36 145 2 184 145 87 52 122 77 108 22 168 87 200 12 171 174 155 121 167 152 137 186 120 103 52 52 182 162 19 147 1 18 52 96 150 80 21 29 71 201 165 35 27 35 150 69 23 87 120 109 36 18 90 136 138 56 17 67 116 89 87 201 179 167 69 35 1 108 125 184 156 53 86 139 105 25 201 87 1 169 176 161 76 65 201 138 70 36 184 10 107 201 34 173 197 146 185 55 191 37 70 70 134 179 180 192 138 19 87 2 184 
c [Incremental] Max used label: 201.
c [Incremental] Label 201 is removed from searching.
c [Incremental] Solving for max label = 200:
c [Incremental] Solving duration: 8309 ms.
s [Incremental] SAT (label = 200).
Label assignment: 38 114 55 186 166 166 183 130 53 195 7 36 135 89 54 81 148 183 87 105 200 40 106 111 98 95 146 20 142 132 74 4 133 114 53 10 179 200 166 111 23 115 88 21 149 176 115 196 166 183 19 132 116 166 183 39 174 53 81 22 3 200 1 116 103 200 149 131 141 138 19 113 80 12 183 56 173 121 145 3 140 2 183 167 183 72 38 200 193 69 184 2 30 93 117 2 16 104 149 2 200 200 175 99 147 62 68 149 113 120 80 200 172 160 171 83 20 36 200 79 183 94 1 35 136 74 198 39 3 36 2 47 55 60 130 182 159 200 149 109 200 36 15 112 98 85 183 44 119 191 187 35 149 183 35 107 77 132 128 8 82 18 128 91 80 21 169 55 149 36 111 19 200 84 200 166 149 180 27 158 131 96 183 62 131 45 56 129 81 102 148 188 87 36 1 28 3 131 53 25 148 132 64 168 33 71 106 132 92 124 21 63 40 73 189 166 177 37 94 183 76 38 71 186 200 164 37 81 94 46 134 200 154 54 64 200 14 72 63 127 29 162 152 75 51 55 88 72 58 19 178 151 19 183 66 137 64 63 105 70 21 199 20 181 157 24 1 166 54 139 98 21 65 125 131 149 118 149 183 53 121 71 2 34 200 106 99 194 166 97 132 17 37 183 200 149 26 166 87 166 183 48 37 123 166 197 121 42 166 53 90 166 115 114 52 200 67 39 192 126 110 183 78 1 54 36 76 11 79 156 144 18 200 6 166 185 5 38 46 183 97 41 200 72 52 183 97 200 166 104 94 43 155 166 183 190 39 110 56 166 132 22 143 70 50 61 31 89 38 147 89 115 57 88 161 38 163 77 183 86 110 122 18 149 153 59 1 183 49 100 2 101 13 115 200 200 2 130 9 70 149 41 53 149 32 150 132 106 94 166 123 98 19 108 170 165 97 183 96 4 
c [Incremental] Max used label: 200.
c [Incremental] Label 200 is removed from searching.
c [Incremental] Solving for max label = 199:
c [Incremental] Solving duration: 547 ms.
s [Incremental] SAT (label = 199).
Label assignment: 38 114 55 186 165 165 182 130 53 195 8 36 135 89 54 80 148 182 87 105 199 40 106 111 97 95 146 20 142 131 74 4 133 114 53 10 179 199 165 111 23 114 88 21 148 176 113 196 165 182 19 131 115 165 182 39 174 53 80 22 3 199 1 116 103 199 148 131 141 138 27 113 80 12 183 63 173 121 145 3 140 2 182 167 182 72 38 199 193 69 184 2 30 93 117 2 16 104 149 2 199 199 175 99 147 62 68 148 113 120 80 199 172 160 171 83 20 36 199 79 182 94 1 35 136 74 198 39 3 90 2 46 55 60 130 182 159 199 148 109 199 36 15 112 97 85 182 119 170 191 187 35 147 182 35 111 77 131 128 43 82 18 128 91 80 21 169 55 148 36 111 19 199 84 199 165 148 180 26 158 131 96 182 62 131 45 56 129 80 107 148 188 87 36 1 28 3 132 53 25 148 131 63 168 33 71 106 131 92 124 21 63 40 77 189 165 177 37 94 182 75 38 71 186 199 164 37 80 94 46 134 199 154 54 63 199 14 73 64 127 29 162 152 78 51 55 88 72 58 19 178 151 19 182 66 137 63 63 105 70 21 199 20 181 157 24 1 165 54 139 97 21 65 125 131 148 118 148 182 53 121 71 2 34 199 106 99 194 7 97 131 17 37 182 199 148 26 165 86 165 182 48 37 123 165 197 121 42 165 53 94 165 114 114 52 199 67 39 192 126 110 182 81 1 54 36 76 11 79 156 144 18 199 6 165 185 5 38 46 182 97 41 199 72 52 182 97 199 165 104 94 44 155 165 182 190 43 110 60 165 130 22 143 70 50 61 31 89 38 147 89 114 57 88 161 38 163 77 182 98 110 122 18 148 153 59 1 182 49 100 2 101 13 114 199 199 2 130 9 70 148 47 53 148 32 150 131 102 94 165 123 97 19 108 166 165 97 182 96 4 
c [Incremental] Max used label: 199.
c [Incremental] Label 199 is removed from searching.
c [Incremental] Solving for max label = 198:
c [Incremental] Solving duration: 9409 ms.
s [Incremental] SAT (label = 198).
Label assignment: 53 155 125 53 36 18 53 108 104 100 18 41 84 130 180 151 53 119 198 104 91 145 89 18 162 64 189 1 198 53 73 104 69 70 153 79 15 87 138 18 19 180 69 181 188 198 1 56 128 35 24 86 172 198 181 181 94 172 162 53 52 52 103 1 13 36 123 108 18 18 50 129 124 52 58 181 110 120 196 2 166 104 181 51 181 19 164 1 39 18 83 68 30 145 164 162 197 163 141 123 87 88 63 9 71 164 26 52 142 112 89 198 75 71 182 33 162 18 111 19 98 175 159 35 45 53 2 160 72 118 86 141 36 35 142 195 40 91 70 60 106 17 53 103 162 62 2 115 97 198 31 46 145 87 87 91 137 1 70 26 140 1 36 121 103 147 121 130 120 70 193 82 102 42 163 35 53 65 172 59 44 187 104 181 70 36 178 53 35 177 19 114 127 1 1 105 93 190 6 135 194 86 181 101 28 35 108 144 125 167 121 81 125 126 170 53 48 103 162 1 53 108 52 1 88 54 86 35 1 8 181 19 16 121 69 1 4 70 184 18 18 49 43 14 148 1 69 198 69 155 72 7 87 87 117 95 179 158 154 128 147 36 1 19 183 18 36 69 137 47 120 147 85 11 155 104 23 70 198 35 52 145 143 133 3 78 157 99 61 20 124 172 128 74 36 198 88 198 69 1 70 131 18 1 38 180 198 91 36 145 2 181 145 87 52 124 77 108 22 168 87 198 12 171 174 155 121 164 152 137 76 120 103 52 52 181 162 19 149 1 18 52 96 150 80 21 25 71 198 165 35 27 35 146 69 29 87 122 109 36 18 90 136 138 57 34 67 113 92 87 198 179 164 69 35 1 108 125 181 156 53 86 139 107 32 198 87 1 169 186 161 132 66 198 142 70 36 1 10 110 198 116 173 197 146 185 55 191 37 70 70 134 179 176 192 138 5 87 198 181 
c [Incremental] Max used label: 198.
c [Incremental] Label 198 is removed from searching.
c [Incremental] Solving for max label = 197:
c [Incremental] Solving duration: 451 ms.
s [Incremental] SAT (label = 197).
Label assignment: 53 155 125 53 36 18 53 108 104 100 18 41 84 129 180 151 53 119 197 104 91 145 89 18 162 64 189 1 197 54 73 104 69 70 147 79 15 88 138 18 19 180 69 180 188 197 1 56 128 35 24 86 172 197 180 180 94 172 162 53 52 52 103 1 13 36 123 108 18 18 50 129 130 52 58 180 114 120 196 2 166 104 180 51 180 19 163 1 181 18 83 68 30 144 164 162 197 163 113 123 89 88 63 9 74 163 26 52 142 112 89 197 75 71 182 33 162 18 111 19 98 175 159 35 45 53 2 160 72 118 86 141 36 35 142 195 40 91 71 60 106 17 53 103 162 62 2 153 97 197 31 46 145 87 87 91 137 1 70 26 140 1 36 127 103 146 121 129 120 70 193 82 102 42 163 35 53 65 172 59 44 187 104 180 70 36 178 53 35 177 19 115 127 1 1 105 93 190 6 135 194 86 180 101 28 35 108 144 125 167 121 81 125 126 170 53 48 103 162 1 54 108 52 1 88 159 86 35 1 8 180 19 16 121 69 1 4 70 184 18 18 49 43 14 148 1 69 197 69 155 72 7 87 87 117 95 179 158 154 128 144 36 1 19 183 18 36 69 137 47 120 146 85 11 155 110 23 71 197 35 52 145 143 133 3 78 157 99 61 20 124 172 128 74 36 197 88 197 69 1 70 131 18 1 38 180 197 91 37 145 2 180 145 87 52 124 77 108 22 168 90 197 12 171 174 155 121 163 152 137 76 120 103 52 52 180 162 19 149 1 18 52 96 150 80 21 25 71 197 165 35 27 35 146 69 29 87 122 109 36 18 91 136 138 57 34 67 112 92 87 197 179 161 69 35 1 108 125 180 156 53 86 139 107 32 197 87 1 169 186 56 132 66 197 142 70 36 1 10 110 197 116 173 197 146 185 55 191 39 70 70 134 179 176 192 138 5 87 197 180 
c [Incremental] Max used label: 197.
c [Incremental] Label 197 is removed from searching.
c [Incremental] Solving for max label = 196:
c [Incremental] Solving duration: 15704 ms.
s [Incremental] SAT (label = 196).
Label assignment: 53 155 128 53 36 18 54 70 104 63 18 41 99 128 179 151 145 176 179 105 196 145 133 18 196 64 94 1 145 53 73 104 188 70 153 79 15 162 138 18 19 90 69 179 179 94 1 183 128 39 24 86 130 137 181 179 94 91 162 53 56 52 111 1 13 36 94 108 18 18 136 128 124 56 58 179 196 120 36 2 166 104 179 76 52 19 162 2 39 18 83 68 30 104 165 162 28 163 4 86 179 148 77 9 71 162 26 52 145 158 196 191 6 71 147 33 162 18 111 19 160 175 162 196 45 53 2 162 77 119 84 179 36 35 145 195 40 89 138 60 111 17 53 103 196 62 2 182 97 196 31 46 145 87 196 91 137 1 70 26 67 1 145 121 65 145 129 95 1 70 193 103 140 42 159 35 53 142 177 131 44 187 35 179 70 36 196 53 35 177 19 114 189 1 120 111 94 172 103 135 194 90 179 101 168 35 111 143 125 167 121 81 121 126 170 35 164 103 162 1 53 108 196 1 145 54 93 39 1 8 181 19 16 128 73 1 4 70 184 18 22 49 43 14 152 1 69 92 69 157 80 7 87 194 118 117 179 159 196 128 138 36 1 19 185 18 36 73 144 47 128 145 85 11 155 104 10 70 196 196 106 145 179 51 3 82 157 50 61 23 124 172 128 74 36 196 90 156 69 1 70 111 18 1 35 180 1 102 36 52 2 174 145 146 35 124 186 108 96 169 87 162 12 86 132 70 122 1 171 137 57 120 110 52 56 179 161 19 149 1 18 52 193 150 27 116 25 78 196 162 35 101 123 196 73 38 87 162 109 36 18 91 98 173 48 29 103 112 55 87 90 141 155 69 179 1 108 127 179 154 53 162 52 107 32 179 88 1 75 21 162 34 66 128 35 69 36 53 20 113 196 115 178 162 67 134 59 100 37 70 72 73 196 173 192 139 5 190 88 196 
c [Incremental] Max used label: 196.
c [Incremental] Label 196 is removed from searching.
c [Incremental] Solving for max label = 195:
c [Incremental] Solving duration: 404 ms.
s [Incremental] SAT (label = 195).
Label assignment: 52 155 127 53 36 18 59 70 104 63 18 41 99 127 178 151 144 174 178 105 195 144 133 18 195 64 94 1 144 53 73 105 188 70 153 79 15 161 139 18 19 90 69 178 178 84 1 183 127 39 24 86 130 137 181 178 94 91 161 53 56 52 110 1 13 37 93 108 18 18 136 127 128 56 58 178 195 120 36 2 166 109 178 76 52 19 161 1 39 18 83 67 30 106 165 161 28 163 5 86 178 148 77 9 71 161 26 52 144 158 195 195 6 71 147 33 161 18 110 19 160 177 161 195 45 54 2 161 72 119 69 178 35 35 144 195 40 89 144 60 110 17 57 103 195 62 2 182 97 195 31 46 144 88 195 91 137 1 71 26 68 1 144 122 103 144 129 95 1 70 194 103 140 42 159 35 53 145 179 131 44 187 35 178 173 36 195 53 35 177 18 114 189 1 120 110 93 172 86 135 86 90 178 101 168 35 110 142 125 167 122 81 123 125 170 35 164 103 161 1 53 108 195 1 144 54 92 39 1 8 181 19 16 127 73 1 4 69 184 18 22 49 43 14 152 1 69 93 69 160 80 3 87 193 118 117 178 162 195 127 139 36 1 19 185 18 36 73 138 47 127 144 85 11 156 105 10 70 195 195 104 144 178 51 3 82 157 50 61 23 124 172 127 74 37 195 90 156 69 1 70 111 18 1 35 180 1 102 36 52 2 178 144 146 35 124 186 108 96 169 88 161 12 86 132 175 126 1 171 137 57 120 110 52 56 176 161 19 149 1 18 52 191 150 27 116 25 78 195 161 35 101 121 195 73 38 87 161 108 36 18 91 98 20 48 29 103 112 55 87 90 141 161 69 178 1 108 127 178 154 53 161 52 107 32 178 87 1 75 21 161 34 66 127 35 69 36 53 20 113 195 115 178 161 65 134 55 100 37 70 76 73 195 173 192 143 7 190 88 195 
c [Incremental] Max used label: 195.
c [Incremental] Label 195 is removed from searching.
c [Incremental] Solving for max label = 194:
c [Incremental] Solving duration: 552 ms.
s [Incremental] SAT (label = 194).
Label assignment: 53 155 126 53 36 18 54 70 104 63 18 41 100 126 177 151 143 180 177 105 194 143 133 18 194 64 94 1 143 53 73 104 188 70 153 79 15 160 138 18 19 90 69 177 177 92 1 183 126 39 24 86 130 137 181 177 93 91 160 53 56 52 109 98 13 36 89 108 18 18 136 126 129 56 58 177 111 120 36 2 166 104 177 76 52 19 160 2 48 18 83 68 30 104 165 160 28 161 109 86 177 148 77 101 71 160 22 52 143 99 194 191 6 71 147 33 160 18 109 19 160 175 160 194 45 53 2 160 72 119 84 177 36 35 143 194 40 89 138 60 106 17 53 103 194 62 2 182 97 194 31 46 143 87 194 91 137 1 70 26 67 1 143 121 65 143 127 95 1 70 193 1 145 42 158 35 53 146 177 131 44 187 35 177 70 36 194 53 35 177 19 114 189 1 120 106 92 172 5 135 194 90 177 101 168 35 109 142 125 167 121 81 121 125 170 35 164 103 160 1 53 108 194 1 143 54 92 39 1 8 179 19 16 126 73 1 4 70 184 18 22 49 43 14 144 1 69 89 69 157 80 7 87 194 118 117 177 163 194 126 138 36 1 19 185 18 36 73 140 47 126 143 85 11 155 104 10 70 194 194 106 143 177 51 102 82 162 50 61 23 124 172 126 74 36 194 90 156 69 1 70 1 18 1 35 180 109 102 36 52 2 174 143 152 35 124 186 108 96 169 87 160 12 86 132 70 122 1 178 137 57 120 109 52 56 171 159 19 149 1 18 52 115 150 27 116 25 78 194 160 35 9 128 194 73 38 87 160 108 36 18 91 7 173 39 29 1 112 55 87 89 141 155 69 177 1 108 126 177 154 53 160 52 107 32 177 88 1 75 21 160 34 66 123 35 69 36 53 20 113 194 110 176 160 59 134 55 9 37 70 72 73 194 173 192 139 3 190 88 194 
c [Incremental] Max used label: 194.
c [Incremental] Label 194 is removed from searching.
c [Incremental] Solving for max label = 193:
c [Incremental] Solving duration: 182290 ms.
s [Incremental] SAT (label = 193).
Label assignment: 142 1 1 137 18 159 142 18 154 163 125 24 9 91 1 57 103 69 142 1 125 193 190 1 1 46 186 193 176 18 193 18 17 159 125 33 66 158 91 159 91 193 38 72 18 44 104 180 18 18 95 73 35 141 193 142 84 25 69 176 35 142 120 165 183 172 91 142 19 148 116 123 176 52 169 1 52 192 137 185 127 87 193 81 125 108 176 70 133 35 193 18 145 35 35 193 143 112 193 68 125 134 8 122 193 159 51 69 193 101 193 74 28 67 168 69 174 108 87 193 113 53 52 158 18 18 69 86 20 60 78 69 159 74 138 176 119 69 55 132 176 117 97 124 69 35 159 92 27 86 23 85 35 125 131 159 159 108 91 152 32 193 120 142 147 74 61 107 107 142 176 86 109 82 176 138 121 126 94 102 52 31 113 86 79 140 1 193 156 164 1 34 30 88 90 69 18 184 1 176 1 176 159 26 150 56 57 1 176 64 108 69 142 52 179 176 85 1 35 125 1 176 39 118 105 121 98 142 69 41 191 69 177 22 86 1 125 36 110 176 176 193 130 63 114 40 142 2 56 18 69 170 91 160 182 75 139 105 108 53 52 52 193 52 11 39 125 52 176 171 1 125 173 29 193 1 83 91 35 70 96 157 103 48 193 188 88 149 135 35 124 65 121 193 125 142 193 108 1 35 1 153 120 159 71 14 129 189 159 99 35 193 103 193 18 35 15 86 147 20 176 159 59 91 50 80 106 175 10 52 13 74 86 162 176 181 120 35 100 142 108 142 105 128 167 144 58 89 4 178 21 86 49 52 1 77 69 18 103 159 193 155 6 42 151 43 12 146 166 159 35 52 108 52 74 37 18 104 142 124 35 193 52 18 187 176 18 52 136 16 18 111 45 3 57 18 18 18 76 47 86 115 125 52 7 193 54 5 35 87 108 93 1 74 62 35 176 161 35 193 
c [Incremental] Max used label: 193.
c [Incremental] Label 193 is removed from searching.
c [Incremental] Solving for max label = 192:
c [Incremental] Solving duration: 463625 ms.
s [Incremental] SAT (label = 192).
Label assignment: 107 113 1 90 18 175 1 124 81 65 192 141 32 175 123 192 192 169 18 105 158 18 47 35 72 183 2 2 36 69 175 73 124 39 67 98 33 52 1 192 18 192 20 103 156 14 53 17 19 123 116 192 79 19 1 124 34 90 106 73 55 71 192 2 134 154 103 141 86 19 55 35 192 1 180 158 24 79 55 141 135 90 158 10 158 141 35 39 49 71 74 131 145 192 27 54 111 184 85 161 120 189 115 148 175 192 80 36 192 192 69 158 97 48 162 149 192 1 106 1 46 192 35 37 93 192 192 18 18 21 96 38 175 170 141 158 12 38 87 177 1 152 130 107 106 146 175 181 25 5 59 84 88 158 68 90 71 175 18 102 95 2 141 1 23 192 6 132 54 1 124 112 171 54 124 19 56 144 136 151 22 164 124 138 192 69 124 18 123 182 56 100 133 179 2 175 1 76 54 126 158 140 158 50 165 139 103 107 89 168 18 163 70 36 166 124 153 122 107 54 1 121 141 43 89 107 175 123 175 173 172 192 187 19 158 42 150 90 143 55 175 78 9 159 16 69 88 137 175 73 167 73 192 107 45 109 157 40 37 141 73 192 89 38 108 141 52 19 88 62 72 52 37 31 141 90 29 18 157 71 1 140 1 51 63 82 142 38 119 175 141 96 89 175 158 36 19 56 175 18 18 110 192 175 155 2 71 11 52 44 158 107 175 99 141 89 117 4 7 94 35 55 160 192 186 64 141 121 128 129 57 105 1 58 2 158 56 124 15 175 138 88 36 30 185 114 192 8 37 158 20 188 190 158 72 101 124 91 141 52 174 158 127 175 175 191 125 13 77 52 86 141 141 72 124 35 107 73 120 53 72 3 88 106 147 90 192 158 118 176 21 61 66 86 71 37 175 104 75 26 1 92 124 36 28 60 175 83 56 1 18 41 124 39 113 107 178 107 86 158 
c [Incremental] Max used label: 192.
c [Incremental] Label 192 is removed from searching.
c [Incremental] Solving for max label = 191:
c [Incremental] Solving duration: 682600 ms.
s [Incremental] SAT (label = 191).
Label assignment: 140 169 88 177 1 53 72 72 134 50 106 10 184 123 1 119 18 43 2 89 1 86 112 19 36 161 140 159 140 70 157 70 89 18 133 83 63 106 1 18 89 174 19 191 140 15 53 45 157 157 68 189 123 19 99 18 61 132 89 140 174 2 123 163 129 187 174 1 89 26 96 55 72 70 171 41 160 75 86 174 120 173 155 17 191 123 106 35 108 1 179 36 24 123 167 123 126 116 124 149 36 106 22 33 174 157 32 36 140 81 140 106 131 162 90 191 89 106 174 89 164 18 53 172 91 87 106 69 72 151 135 53 105 25 1 190 114 52 1 127 106 73 170 87 38 69 174 31 49 89 57 102 19 122 74 103 2 123 1 147 128 166 35 70 28 1 94 21 104 1 191 185 146 8 70 191 140 97 93 85 1 84 111 123 61 191 18 88 3 51 52 153 5 39 53 36 157 152 182 12 191 106 36 66 33 70 140 123 52 77 88 48 157 191 113 140 11 87 157 174 18 35 35 111 106 88 106 89 37 186 148 52 46 70 191 175 136 174 9 53 140 100 130 144 150 174 1 157 138 139 188 79 174 47 67 64 191 168 121 36 18 122 72 174 34 172 53 2 36 6 19 191 65 174 157 123 158 18 18 72 92 72 1 117 181 105 82 114 23 151 123 157 123 174 106 191 71 191 36 1 174 82 55 157 55 55 165 142 106 176 157 35 123 40 121 140 80 139 39 1 191 18 154 191 145 152 71 140 7 109 107 104 140 178 174 98 35 157 16 174 123 36 62 58 119 101 115 157 19 155 121 143 4 1 20 76 106 89 69 191 106 191 118 14 125 44 183 95 174 54 157 1 140 140 53 38 123 35 1 180 140 157 138 157 30 122 53 191 27 59 71 141 137 19 18 53 174 157 60 56 86 29 105 89 13 191 89 110 157 69 19 54 105 140 78 156 140 42 72 53 
c [Incremental] Max used label: 191.
c [Incremental] Label 191 is removed from searching.
c [Incremental] Solving for max label = 190:
c [Signal] Signal interruption. Caught signal: SIGTERM (15).
c [Main] Lim pid ends with result: 254.
r [Main] 
r [Main] Final results: 
r [Main] Total real time: 1806926 ms.
r [Main] Total memory consumed: 1082.2 MB.
r [Main] 
