c [Version] Minimize Makespan Labeling Encoder version 1.0.0.
c [Param] LB is predefined as 69.
c [Param] UB is predefined as 342.
c [Param] Memory limit is set to 30000.
c [Param] Real time limit is set to 1800.
c [Param] Max CNF size is set to 10.
c [Main] Search strategy: Incremental from upper bound.
c [Main] Encoding and solving for graph: W-685_bus.mtx.rnd.
c [Incremental] Minimize Makespan Labeling Antibandwidth problem (W-685_bus.mtx.rnd):
c [Incremental] Encoding starts with target value = 68:
c [Incremental] Encoding duration: 2956ms.
c [Incremental] Number of clauses: 3319376.
c [Incremental] Number of variables: 671604.
c [Incremental] Solving for max label = 342:
c [Incremental] Solving duration: 168591 ms.
s [Incremental] SAT (label = 342).
Label assignment: 274 1 1 138 1 1 342 234 261 1 1 1 341 254 1 1 1 341 17 341 317 1 342 274 342 1 1 166 341 341 342 1 1 341 1 338 1 287 341 1 255 234 1 242 342 1 1 1 1 1 274 1 341 259 1 289 274 23 1 37 16 90 45 340 285 341 341 342 326 206 215 51 274 1 341 342 1 1 1 288 50 1 46 273 342 1 206 342 341 342 283 55 333 334 38 1 265 5 137 286 341 1 187 220 1 1 335 1 273 270 341 341 341 124 157 226 1 242 1 116 341 1 1 205 1 1 329 1 227 138 342 252 167 98 1 121 1 1 70 341 42 1 342 1 206 271 269 274 1 342 1 1 119 84 1 1 216 170 274 171 341 341 1 271 166 137 1 1 341 303 273 341 341 274 341 1 341 206 251 1 261 1 105 1 1 341 1 1 206 126 273 335 221 1 1 143 1 330 206 247 1 87 273 70 1 1 208 210 54 320 206 267 309 341 319 141 1 1 138 244 274 313 337 241 129 273 342 174 188 1 341 2 342 291 192 138 1 312 1 138 232 157 176 182 331 156 138 342 293 1 1 318 297 274 183 225 296 314 1 262 342 205 1 198 228 292 275 153 206 1 1 1 268 151 257 274 30 282 29 223 1 28 35 205 273 246 342 210 24 284 127 34 149 26 27 224 181 18 327 1 1 131 180 342 317 178 250 342 342 342 274 261 166 274 342 142 342 1 205 342 280 248 205 205 137 206 187 342 1 1 301 114 322 342 342 1 69 1 1 342 342 332 226 205 243 1 206 273 279 190 1 165 1 1 274 342 342 342 324 138 122 273 342 342 1 342 1 273 342 295 272 1 273 274 258 209 1 342 325 143 238 186 136 137 138 273 184 206 274 8 170 160 342 150 1 53 23 277 6 342 1 273 272 342 290 1 206 310 206 342 1 274 138 146 273 342 123 221 103 342 306 342 105 298 31 191 1 342 278 1 120 273 1 206 1 10 273 308 274 342 342 109 111 307 1 304 1 75 305 218 273 131 205 302 328 1 273 342 137 229 342 113 315 273 102 101 342 342 22 47 274 213 1 2 32 1 78 21 327 205 14 161 15 148 342 77 56 63 68 67 43 64 66 100 20 19 205 1 123 91 245 88 273 193 101 331 143 204 205 102 206 301 177 342 127 138 342 1 196 162 169 144 211 260 1 133 342 274 231 138 115 1 130 342 189 258 236 207 215 204 1 124 266 194 140 342 214 274 205 152 235 323 202 1 300 154 249 321 205 1 255 265 71 273 1 117 273 263 336 104 335 138 1 195 242 237 221 239 131 222 74 342 273 264 9 216 191 81 203 238 92 132 145 139 82 159 168 41 170 212 12 206 95 125 97 175 276 342 225 135 299 158 147 274 342 311 294 273 164 173 110 171 76 339 179 128 200 118 13 230 36 163 89 112 134 240 281 253 199 155 197 79 99 205 40 72 201 154 73 80 217 316 172 7 233 4 219 58 256 39 25 185 93 3 85 86 108 107 59 2 57 96 83 62 11 94 106 33 65 60 61 44 49 48 52 
c [Incremental] Max used label: 342.
c [Incremental] Label 342 is removed from searching.
c [Incremental] Solving for max label = 341:
c [Incremental] Solving duration: 1103 ms.
s [Incremental] SAT (label = 341).
Label assignment: 273 1 1 341 1 1 341 234 261 1 1 1 341 254 1 1 1 341 17 341 317 1 341 273 341 1 1 166 341 341 341 1 1 341 1 338 1 287 341 1 255 234 1 242 341 1 1 1 1 1 273 1 341 259 1 289 273 23 1 37 16 90 45 340 285 341 341 341 326 205 215 51 273 1 341 341 1 1 1 288 50 1 46 273 341 1 206 341 341 341 283 55 333 334 38 1 265 5 137 286 341 1 187 220 1 1 335 1 273 270 341 341 341 124 157 226 1 242 1 116 341 1 1 205 1 1 329 1 227 138 341 252 167 98 1 121 1 1 69 341 42 1 341 1 205 271 269 274 1 341 1 1 119 84 1 1 216 170 273 171 341 341 1 271 166 137 1 1 341 303 273 341 341 273 341 1 341 1 251 1 261 1 105 1 1 341 1 1 206 126 273 335 221 1 1 143 1 330 205 247 1 87 273 70 1 1 208 210 54 320 205 267 309 341 319 141 1 1 138 244 273 313 337 241 129 273 341 174 188 1 341 2 341 291 192 137 1 312 1 137 232 157 176 182 331 156 137 205 293 1 1 318 297 273 183 225 296 314 1 262 341 205 1 198 228 292 275 153 206 1 1 1 268 151 257 273 30 282 29 223 1 28 35 205 273 246 341 210 24 284 127 34 149 26 27 224 181 18 327 1 1 131 180 341 317 178 250 341 341 341 274 261 166 274 200 142 341 1 205 341 280 248 205 205 137 341 187 341 1 1 301 114 322 206 341 1 69 1 1 341 341 332 226 205 341 1 206 273 279 190 1 165 1 1 273 341 341 341 324 273 122 273 341 341 1 341 1 273 341 295 272 1 273 273 258 209 1 341 325 143 238 186 136 137 138 273 184 205 273 8 170 160 341 150 1 53 23 277 6 341 1 273 272 341 290 1 205 310 206 341 1 273 138 146 273 341 123 221 103 341 306 341 105 298 31 191 1 341 278 1 120 273 1 205 1 10 273 308 273 341 341 109 111 307 1 304 1 75 305 218 273 131 205 302 328 1 273 341 137 229 341 113 315 273 102 101 341 97 22 47 273 213 1 1 32 1 78 21 327 205 14 161 15 148 341 77 56 63 68 67 43 64 66 100 20 19 205 1 123 91 245 88 273 193 101 331 143 204 205 102 206 301 177 341 127 137 341 1 196 162 169 144 211 260 1 133 341 273 231 137 115 1 130 341 189 258 236 207 215 204 1 124 266 194 140 341 214 274 205 152 235 323 202 1 300 154 249 321 205 1 255 265 71 273 1 117 273 263 336 104 335 138 1 195 242 237 221 239 131 222 74 341 273 264 9 216 191 81 164 240 92 132 145 139 82 159 168 41 170 212 12 205 95 125 97 175 276 341 225 135 299 158 147 274 341 311 294 273 163 173 110 171 76 339 179 128 200 118 13 230 36 165 89 112 134 243 281 253 199 155 197 79 99 203 40 72 201 154 73 80 217 316 172 7 233 4 219 58 256 39 25 185 93 3 85 86 108 107 59 2 57 96 83 62 11 94 106 33 65 60 61 44 49 48 52 
c [Incremental] Max used label: 341.
c [Incremental] Label 341 is removed from searching.
c [Incremental] Solving for max label = 340:
c [Incremental] Solving duration: 598 ms.
s [Incremental] UNSAT (label = 340).
c [Main] Work pid ends with result: 0.
r [Main] 
r [Main] Final results: 
r [Main] Total real time: 173423 ms.
r [Main] Total memory consumed: 1388.4 MB.
r [Main] 
c [Signal] Signal interruption. Caught signal: SIGTERM (15).
