c [Version] Minimize Makespan Labeling Encoder version 1.0.0.
c [Param] LB is predefined as 46.
c [Param] UB is predefined as 222.
c [Param] Memory limit is set to 30000.
c [Param] Real time limit is set to 1800.
c [Param] Worker count is set to 8.
c [Param] Max CNF size is set to 10.
c [Main] Search strategy: Iterating from upper bound.
c [Main] Search order: 222 221 220 219 218 217 216 215 214 213 212 211 210 209 208 207 206 205 204 203 202 201 200 199 198 197 196 195 194 193 192 191 190 189 188 187 186 185 184 183 182 181 180 179 178 177 176 175 174 173 172 171 170 169 168 167 166 165 164 163 162 161 160 159 158 157 156 155 154 153 152 151 150 149 148 147 146 145 144 143 142 141 140 139 138 137 136 135 134 133 132 131 130 129 128 127 126 125 124 123 122 121 120 119 118 117 116 115 114 113 112 111 110 109 108 107 106 105 104 103 102 101 100 99 98 97 96 95 94 93 92 91 90 89 88 87 86 85 84 83 82 81 80 79 78 77 76 75 74 73 72 71 70 69 68 67 66 65 64 63 62 61 60 59 58 57 56 55 54 53 52 51 50 49 48 47 46.
c [Main] Encoding and solving for graph: P-can__445.mtx.rnd.
c [Label = 221] Encoding duration: 2276ms.
c [Label = 221] Number of clauses: 1824412.
c [Label = 221] Number of variables: 262699.
c [Label = 221] Solving duration: 17611 ms.
s [Label = 221] SAT (w = 45).
Label assignment: 86 118 131 216 62 49 201 82 100 140 134 49 174 221 176 63 189 4 62 86 211 131 84 200 131 221 176 221 113 28 102 18 2 212 14 83 69 221 70 17 42 176 131 169 131 41 122 45 131 114 4 221 213 86 197 177 4 59 163 22 176 11 153 176 16 139 8 4 150 91 84 35 188 24 176 165 31 195 33 34 32 40 138 14 4 10 174 36 111 37 14 15 1 105 29 3 5 219 101 204 176 91 67 56 131 154 159 182 126 215 104 183 1 86 157 1 176 133 1 191 64 221 138 173 171 209 176 162 86 136 93 176 1 176 1 81 1 95 131 61 121 1 158 1 1 218 71 1 1 146 221 176 221 47 221 221 210 131 60 1 94 1 86 181 193 91 147 217 221 175 1 168 1 86 196 140 221 91 89 107 48 131 192 107 131 1 2 166 1 148 93 79 221 221 13 176 176 4 127 221 86 176 105 130 190 176 1 221 46 176 221 221 221 77 221 108 46 176 60 139 66 86 84 131 221 90 221 59 1 208 221 88 1 151 94 221 98 60 57 180 168 26 153 115 46 131 125 77 221 178 221 1 71 167 123 221 20 50 85 131 142 203 221 6 119 60 102 110 176 187 3 125 161 176 221 27 114 136 48 46 67 83 176 12 176 80 23 78 176 39 7 9 15 16 164 206 145 112 176 221 166 141 86 1 159 70 62 170 105 131 131 221 176 214 83 1 176 1 124 68 176 186 221 112 96 92 168 198 129 1 129 120 221 202 54 221 1 95 221 207 109 221 30 85 143 179 1 144 80 131 176 185 137 176 1 1 155 205 221 21 221 131 149 60 94 221 86 47 117 1 221 74 50 60 44 46 152 46 221 158 99 57 91 25 150 184 86 220 58 65 221 49 221 104 221 69 172 176 143 176 52 73 131 135 87 19 1 129 43 103 46 221 194 106 221 68 131 176 199 53 221 128 131 132 97 1 1 176 176 176 51 72 221 156 76 116 75 113 160 221 154 221 55 38 221 
c [Main] Lowest label SAT is set to 221.
c [Main] Kill higher label pid 222.
c [Label = 222] Encoding duration: 2336ms.
c [Label = 222] Number of clauses: 1833416.
c [Label = 222] Number of variables: 263638.
c [Signal] Signal interruption. Caught signal: SIGTERM (15).
c [Main] Child pid 222 - 1374023 terminated by signal 15.
c [Label = 216] Encoding duration: 2260ms.
c [Label = 216] Number of clauses: 1779395.
c [Label = 216] Number of variables: 258004.
c [Label = 216] Solving duration: 24912 ms.
s [Label = 216] SAT (w = 45).
Label assignment: 8 137 216 121 81 16 45 47 178 216 171 136 153 76 76 126 33 32 126 58 142 174 108 126 216 49 78 216 171 11 171 126 121 216 171 191 32 155 198 129 8 171 70 165 81 187 81 97 177 167 152 52 126 126 2 87 122 205 2 81 30 216 144 23 78 176 126 63 119 32 63 18 216 139 171 122 81 2 171 132 16 74 50 122 61 216 61 171 42 162 204 216 77 2 53 211 32 16 81 1 126 38 37 36 119 171 122 21 76 172 116 145 165 216 216 66 27 83 120 140 40 171 5 82 166 63 171 1 81 216 170 192 216 61 109 121 171 171 130 216 216 8 216 108 163 1 168 182 29 171 171 171 216 157 76 43 175 171 74 11 1 36 82 186 107 39 184 133 146 143 216 118 79 216 69 34 31 167 199 171 216 150 88 126 216 81 216 97 77 197 50 216 147 23 30 2 171 216 209 126 115 56 171 3 5 164 216 89 46 1 143 126 171 25 20 81 81 105 92 1 138 72 61 94 194 100 74 171 216 47 16 56 190 114 183 117 10 75 10 215 11 181 134 48 36 85 167 216 216 185 171 16 31 36 171 216 216 216 98 53 195 110 92 216 179 126 52 124 171 5 171 68 171 160 75 4 216 84 95 5 18 196 104 216 171 8 216 216 36 188 141 216 47 68 14 12 50 159 200 112 86 125 171 7 46 3 171 122 24 63 171 31 28 30 113 149 173 216 75 46 166 147 18 123 216 18 36 69 17 123 108 171 62 33 74 193 126 81 206 51 216 22 216 123 101 81 136 216 216 126 1 216 202 67 81 168 169 1 103 48 126 126 41 164 108 21 124 161 208 95 216 59 77 180 189 210 60 57 158 65 119 213 126 126 47 91 82 93 54 34 81 106 201 156 154 216 2 6 171 216 212 216 101 10 96 214 102 151 55 121 131 171 128 19 73 148 31 98 126 56 26 135 71 80 44 64 91 2 9 216 78 99 207 90 15 76 203 1 143 127 35 55 111 106 13 
c [Main] Lowest label SAT is set to 216.
c [Main] Kill higher label pid 217.
c [Main] Kill higher label pid 218.
c [Main] Kill higher label pid 219.
c [Main] Kill higher label pid 220.
c [Label = 217] Encoding duration: 2289ms.
c [Label = 217] Number of clauses: 1788398.
c [Label = 217] Number of variables: 258943.
c [Signal] Signal interruption. Caught signal: SIGTERM (15).
c [Label = 219] Encoding duration: 2215ms.
c [Label = 219] Number of clauses: 1806405.
c [Label = 219] Number of variables: 260821.
c [Signal] Signal interruption. Caught signal: SIGTERM (15).
c [Label = 220] Encoding duration: 2294ms.
c [Label = 220] Number of clauses: 1815409.
c [Label = 220] Number of variables: 261760.
c [Signal] Signal interruption. Caught signal: SIGTERM (15).
c [Label = 218] Encoding duration: 2268ms.
c [Label = 218] Number of clauses: 1797402.
c [Label = 218] Number of variables: 259882.
c [Signal] Signal interruption. Caught signal: SIGTERM (15).
c [Main] Child pid 218 - 1374027 terminated by signal 15.
c [Main] Child pid 219 - 1374026 terminated by signal 15.
c [Main] Child pid 220 - 1374025 terminated by signal 15.
c [Main] Child pid 217 - 1374028 terminated by signal 15.
c [Label = 214] Encoding duration: 2342ms.
c [Label = 214] Number of clauses: 1761388.
c [Label = 214] Number of variables: 256126.
c [Label = 214] Solving duration: 29742 ms.
s [Label = 214] SAT (w = 45).
Label assignment: 169 29 46 99 169 1 188 109 194 102 169 214 151 124 141 108 125 57 113 214 169 13 106 183 92 201 198 13 169 106 49 149 99 91 214 214 46 4 197 169 185 169 214 79 1 37 136 90 145 62 169 31 128 110 214 1 91 195 119 184 13 113 118 214 186 91 34 91 169 79 1 151 214 152 13 124 137 214 58 12 79 148 49 107 161 107 124 96 174 43 46 34 34 79 39 96 42 44 44 17 214 124 214 136 103 214 124 103 169 127 214 177 169 214 1 5 214 104 34 169 79 36 6 169 214 199 46 124 58 46 214 91 214 134 16 51 46 1 58 141 1 139 214 46 156 1 34 124 91 91 167 214 91 182 190 214 214 13 79 16 38 41 1 78 52 171 176 29 180 1 144 55 1 58 214 1 1 207 85 67 6 156 140 46 214 91 120 97 169 124 51 124 214 103 124 214 46 169 29 189 1 214 68 187 147 58 132 103 214 212 206 91 1 1 16 208 111 62 169 1 1 88 124 33 1 53 165 202 29 214 70 178 114 28 46 166 169 169 98 214 79 170 18 54 1 14 1 1 10 200 34 34 45 1 175 214 91 46 76 49 40 16 168 151 129 22 2 138 47 4 153 1 53 116 169 17 169 32 4 4 46 214 205 214 169 122 59 9 214 121 181 150 74 169 210 112 57 136 132 116 91 91 1 100 152 107 169 123 25 50 214 214 46 124 101 169 46 1 173 169 169 214 169 94 214 108 1 73 5 87 66 169 56 63 191 214 27 172 80 69 26 60 91 86 61 130 91 46 72 105 82 214 61 161 65 142 93 1 19 131 136 46 1 124 46 75 214 169 11 102 48 83 169 164 163 214 157 162 214 61 146 214 46 169 23 159 192 204 214 214 158 214 196 148 133 15 213 214 79 94 211 84 64 143 24 35 117 169 7 214 126 214 8 209 169 135 214 115 124 124 214 89 104 155 214 95 107 203 71 169 30 81 154 124 2 169 160 20 169 179 214 3 193 21 77 
c [Main] Lowest label SAT is set to 214.
c [Main] Kill higher label pid 215.
c [Label = 215] Encoding duration: 2224ms.
c [Label = 215] Number of clauses: 1770391.
c [Label = 215] Number of variables: 257065.
c [Signal] Signal interruption. Caught signal: SIGTERM (15).
c [Main] Child pid 215 - 1374030 terminated by signal 15.
c [Label = 212] Encoding duration: 2348ms.
c [Label = 212] Number of clauses: 1743381.
c [Label = 212] Number of variables: 254248.
c [Label = 212] Solving duration: 30782 ms.
s [Label = 212] SAT (w = 45).
Label assignment: 93 8 77 82 1 209 196 122 136 149 10 202 138 1 167 122 122 46 109 1 171 32 93 212 167 65 1 167 167 32 167 25 108 122 77 206 67 212 93 80 89 46 212 76 180 1 212 124 165 63 167 30 112 90 187 127 94 77 98 170 22 109 212 212 1 98 212 8 192 153 145 191 84 167 167 108 122 147 67 212 212 30 46 111 158 91 91 212 20 37 212 212 58 1 144 71 137 197 72 18 122 126 46 122 122 32 112 122 161 125 122 107 148 12 212 167 212 130 212 139 77 208 33 148 24 6 77 85 88 63 1 167 92 148 131 116 77 194 212 167 1 119 199 51 167 47 175 100 61 167 1 3 167 32 2 8 13 36 55 212 46 23 122 150 120 41 173 46 122 77 117 77 167 75 55 1 29 212 176 1 207 19 212 46 91 167 101 123 160 55 153 121 212 212 102 212 212 167 77 212 167 48 1 123 1 77 152 122 1 211 212 167 212 28 77 27 128 155 193 50 70 83 42 1 165 167 167 212 12 53 203 77 98 188 2 167 34 167 47 74 11 172 212 8 6 1 1 122 212 179 46 47 127 1 167 122 122 49 212 164 174 122 167 1 167 46 14 9 212 212 167 140 162 46 166 212 157 201 198 184 68 2 78 31 57 91 46 212 210 134 81 163 212 167 212 97 46 167 43 91 122 122 15 59 156 110 1 92 7 48 190 40 62 122 105 159 106 182 167 118 167 195 1 113 212 77 21 86 212 129 91 11 46 73 212 186 3 56 212 3 212 66 135 76 167 69 96 167 47 99 46 200 178 1 18 169 122 212 212 1 1 181 167 131 53 212 77 77 1 94 212 1 1 143 132 1 142 151 189 212 122 75 79 133 46 168 104 212 1 54 154 1 1 26 1 205 1 212 167 44 212 146 167 35 204 177 17 149 212 107 103 185 1 5 183 114 4 39 122 122 141 92 120 38 60 91 111 212 46 45 212 122 167 115 52 1 91 64 53 16 167 212 95 87 212 
c [Main] Lowest label SAT is set to 212.
c [Main] Kill higher label pid 213.
c [Label = 213] Encoding duration: 2489ms.
c [Label = 213] Number of clauses: 1752384.
c [Label = 213] Number of variables: 255187.
c [Signal] Signal interruption. Caught signal: SIGTERM (15).
c [Main] Child pid 213 - 1374037 terminated by signal 15.
c [Label = 210] Encoding duration: 2338ms.
c [Label = 210] Number of clauses: 1725374.
c [Label = 210] Number of variables: 252370.
c [Label = 210] Solving duration: 53856 ms.
s [Label = 210] SAT (w = 45).
Label assignment: 112 210 210 120 210 165 179 93 27 97 177 210 46 210 156 91 96 52 106 184 135 189 138 165 147 33 120 165 210 117 50 210 91 104 48 46 210 165 165 174 120 58 195 165 164 82 194 35 128 8 136 210 123 94 210 31 98 210 42 168 165 106 95 188 120 91 1 113 48 165 169 48 119 120 8 210 91 3 69 210 103 210 54 165 210 106 198 41 210 1 165 52 17 1 37 54 43 91 54 68 95 129 90 117 98 176 114 120 154 122 25 210 136 210 165 165 49 124 52 8 7 165 36 152 210 1 63 93 57 62 9 210 120 120 84 100 50 8 60 210 210 99 153 61 139 1 175 210 209 1 143 93 1 171 160 46 66 204 97 1 1 38 102 182 32 137 127 133 120 107 99 46 165 53 106 1 206 192 1 61 28 210 166 59 148 16 93 22 165 91 165 114 162 102 105 48 105 165 210 144 13 210 3 47 165 8 146 115 191 53 163 131 2 5 46 1 111 89 161 1 83 121 210 51 8 74 143 199 210 88 1 187 91 151 78 170 210 210 5 130 46 178 165 210 140 8 8 3 1 141 165 165 23 149 181 3 150 53 1 45 39 71 165 47 186 151 185 12 1 210 210 19 205 103 7 134 159 20 99 172 75 1 85 1 10 86 193 1 151 154 77 210 88 11 87 106 72 210 210 120 24 92 46 81 210 165 165 110 157 3 165 201 1 109 138 139 109 165 210 1 1 142 58 26 210 118 18 44 210 74 1 64 3 46 59 162 46 167 210 46 55 210 108 2 46 120 197 150 64 3 208 210 1 97 207 165 116 46 30 210 15 155 165 203 1 101 57 70 210 120 210 40 210 196 210 46 14 1 148 165 104 79 65 4 48 143 7 62 210 60 1 46 93 1 132 109 34 76 46 210 53 3 67 29 200 158 107 145 165 56 91 157 173 106 153 117 202 210 120 125 165 210 98 190 180 21 126 48 75 210 165 80 183 35 46 73 97 46 1 47 6 165 46 46 165 
c [Main] Lowest label SAT is set to 210.
c [Main] Kill higher label pid 211.
c [Label = 211] Encoding duration: 2344ms.
c [Label = 211] Number of clauses: 1734377.
c [Label = 211] Number of variables: 253309.
c [Signal] Signal interruption. Caught signal: SIGTERM (15).
c [Main] Child pid 211 - 1374040 terminated by signal 15.
c [Label = 209] Encoding duration: 2339ms.
c [Label = 209] Number of clauses: 1716370.
c [Label = 209] Number of variables: 251431.
c [Label = 209] Solving duration: 65632 ms.
s [Label = 209] SAT (w = 45).
Label assignment: 144 119 51 74 159 1 182 91 172 169 209 193 209 17 134 107 153 124 209 1 209 9 91 141 138 64 46 61 164 74 209 105 48 114 62 11 1 95 139 177 40 197 51 115 153 39 6 139 174 209 209 29 104 1 74 57 209 57 23 59 115 209 119 168 190 74 105 77 209 149 1 171 110 74 151 33 1 36 59 6 62 205 187 74 209 119 74 209 183 1 1 82 209 68 94 209 136 119 1 34 6 132 64 96 15 209 103 6 164 14 56 38 170 57 46 102 68 127 70 141 150 209 209 164 3 199 198 91 203 164 51 167 50 164 52 89 51 1 209 145 164 49 164 15 164 209 209 119 5 188 121 54 159 147 3 21 80 158 164 46 125 126 91 59 46 178 184 162 95 194 48 119 157 60 19 181 24 64 176 64 209 209 133 19 16 209 1 88 164 104 164 14 46 55 12 46 202 165 1 98 107 1 119 74 123 160 130 12 28 196 4 152 46 96 62 209 76 109 164 131 81 209 209 94 150 209 115 64 73 209 119 142 86 158 26 164 155 164 164 132 150 128 92 1 114 94 1 107 15 173 1 101 177 204 195 22 152 85 149 192 1 209 175 179 19 18 1 112 209 6 152 1 119 164 164 164 148 14 84 96 1 209 118 209 162 166 49 14 42 69 177 164 68 155 209 109 51 154 140 6 109 117 186 129 164 164 164 209 67 1 191 3 46 66 99 164 58 11 160 1 164 1 61 91 163 102 14 20 1 43 106 164 209 1 209 156 78 59 11 41 83 209 1 119 200 32 72 164 46 108 201 31 7 146 100 209 16 185 46 25 107 207 102 113 122 10 106 208 1 209 209 65 46 113 164 27 180 209 1 1 115 164 122 113 209 176 75 119 1 13 113 29 46 147 97 119 116 54 8 143 70 71 189 161 209 45 111 164 44 209 104 91 30 209 141 4 37 49 35 60 164 56 4 87 90 47 79 46 120 46 206 209 144 137 93 2 139 53 135 209 209 95 209 63 119 
c [Main] Lowest label SAT is set to 209.
c [Label = 206] Encoding duration: 2112ms.
c [Label = 206] Number of clauses: 1689360.
c [Label = 206] Number of variables: 248614.
c [Label = 206] Solving duration: 84770 ms.
s [Label = 206] SAT (w = 45).
Label assignment: 68 26 206 206 61 6 26 170 161 96 206 180 206 197 146 75 134 141 162 1 96 25 161 14 206 206 1 1 26 71 161 63 195 154 107 1 132 159 134 118 103 6 206 206 134 161 1 168 120 85 71 1 171 73 14 47 206 71 161 75 185 206 206 71 41 71 206 71 206 176 161 6 100 79 110 130 135 23 126 1 96 58 1 137 174 64 206 1 124 71 1 154 46 1 161 1 130 161 149 132 1 163 145 59 161 206 38 25 71 1 1 143 71 206 161 161 161 179 161 147 71 206 35 206 144 206 32 31 206 106 119 104 96 4 71 206 206 147 116 86 1 59 116 91 61 52 37 145 9 206 24 206 160 206 150 9 1 1 71 76 25 172 161 206 206 142 122 116 146 153 104 194 99 206 98 136 101 1 166 1 1 1 34 1 151 161 161 202 178 128 80 71 206 161 161 116 206 27 1 14 51 1 66 94 50 206 46 17 161 108 161 161 177 109 140 1 46 71 73 84 71 116 196 14 18 191 116 206 189 206 82 188 2 156 129 21 161 36 206 90 123 137 155 16 46 15 161 51 116 125 131 165 44 46 20 116 141 43 206 14 187 116 71 1 67 111 1 54 14 164 28 158 51 6 25 161 83 46 206 51 115 49 116 93 74 113 206 72 116 108 102 65 206 78 205 46 96 70 6 206 190 72 87 75 206 139 109 50 161 71 19 116 33 138 124 83 183 137 12 161 45 42 96 206 81 161 30 8 26 193 51 182 206 206 100 206 117 46 114 133 116 92 200 154 1 71 7 206 206 51 105 1 22 47 63 46 147 206 173 26 77 5 161 53 116 1 206 206 1 192 6 1 203 71 57 116 156 167 60 206 55 132 184 71 206 206 186 198 128 3 66 127 116 206 121 40 161 169 1 206 10 71 204 146 181 157 56 1 55 143 91 1 29 201 154 153 88 113 13 69 95 97 161 175 39 26 2 116 72 206 48 112 25 206 59 152 206 11 62 89 199 51 53 148 98 
c [Main] Lowest label SAT is set to 206.
c [Main] Kill higher label pid 207.
c [Main] Kill higher label pid 208.
c [Label = 208] Encoding duration: 2300ms.
c [Label = 208] Number of clauses: 1707367.
c [Label = 208] Number of variables: 250492.
c [Signal] Signal interruption. Caught signal: SIGTERM (15).
c [Label = 207] Encoding duration: 2080ms.
c [Label = 207] Number of clauses: 1698363.
c [Label = 207] Number of variables: 249553.
c [Signal] Signal interruption. Caught signal: SIGTERM (15).
c [Main] Child pid 208 - 1374043 terminated by signal 15.
c [Main] Child pid 207 - 1374046 terminated by signal 15.
c [Label = 205] Encoding duration: 1978ms.
c [Label = 205] Number of clauses: 1680356.
c [Label = 205] Number of variables: 247675.
c [Label = 205] Solving duration: 85563 ms.
s [Label = 205] SAT (w = 45).
Label assignment: 77 115 125 36 179 46 1 205 42 2 40 205 91 205 55 140 116 150 41 147 33 115 136 57 115 205 117 115 48 93 1 1 1 34 126 205 160 31 1 19 79 160 70 1 107 168 80 201 1 205 45 160 160 67 118 183 1 205 205 16 104 28 160 160 96 160 52 165 47 205 115 58 154 160 115 160 205 115 1 188 53 205 160 157 110 175 132 4 124 1 1 205 6 205 167 1 1 25 1 160 71 180 205 205 22 204 54 76 205 137 205 26 83 177 46 128 73 115 91 46 136 14 121 115 155 205 160 133 205 60 50 153 46 21 1 109 126 205 1 48 91 79 86 70 141 9 136 2 159 115 115 160 2 82 205 135 70 147 160 1 1 166 205 174 199 35 37 1 91 10 46 3 92 70 98 196 160 115 48 145 84 1 1 81 110 9 25 205 115 90 203 151 105 160 132 70 47 160 18 205 205 142 163 106 96 70 205 160 54 70 29 205 205 17 1 205 13 160 160 8 169 205 187 202 148 1 205 126 158 70 20 143 160 1 160 118 1 46 94 39 205 170 160 205 172 205 64 1 189 119 2 90 89 171 99 205 115 111 205 181 161 1 160 62 150 73 152 205 69 115 93 205 139 65 46 48 7 127 110 97 1 205 195 104 1 56 160 49 101 57 30 59 63 205 195 190 142 91 136 205 136 5 9 100 110 46 25 115 1 205 17 160 160 149 2 3 47 157 205 8 6 103 2 162 205 138 115 70 46 205 178 205 205 1 2 75 192 1 160 88 1 112 62 205 46 120 70 72 15 205 129 134 198 38 194 46 160 108 205 59 2 81 115 156 1 66 2 44 1 1 47 104 47 146 115 182 23 11 1 186 205 92 70 27 70 115 51 105 57 160 193 205 1 12 93 43 205 160 205 136 115 150 191 91 205 32 176 87 200 113 81 160 197 205 205 24 173 122 85 144 160 160 205 164 123 94 61 46 102 114 46 95 91 78 160 185 74 131 3 2 130 184 205 142 68 
c [Main] Lowest label SAT is set to 205.
c [Label = 203] Encoding duration: 2123ms.
c [Label = 203] Number of clauses: 1662349.
c [Label = 203] Number of variables: 245797.
c [Label = 203] Solving duration: 180449 ms.
s [Label = 203] SAT (w = 45).
Label assignment: 113 48 203 142 47 198 167 68 175 84 67 160 46 158 190 10 1 39 90 107 68 203 203 74 81 1 126 53 187 6 95 4 46 1 203 1 155 158 113 86 47 9 152 113 157 1 156 1 50 162 62 113 48 130 203 117 135 1 105 183 46 54 67 156 126 28 46 1 203 64 46 1 46 68 203 113 131 113 203 130 203 2 83 114 77 7 49 46 164 113 72 17 158 97 203 30 79 181 1 20 80 37 1 128 98 46 110 102 92 1 24 180 97 46 68 158 203 31 203 188 114 68 35 46 203 194 14 15 56 203 189 203 50 89 124 140 4 199 203 33 113 46 195 1 203 184 5 52 82 203 4 169 203 172 158 158 203 3 158 158 203 1 158 70 158 178 58 1 41 63 50 106 67 52 144 122 1 102 174 1 1 59 1 163 151 11 93 158 65 13 89 158 57 158 158 203 157 71 18 145 55 46 8 158 25 173 38 141 108 54 113 106 202 203 112 158 12 158 3 46 27 60 45 1 158 203 3 103 158 182 201 203 1 1 1 158 1 158 1 120 100 88 78 3 158 1 202 61 51 176 78 179 43 49 1 1 107 21 203 203 73 104 158 90 68 101 113 129 203 135 149 58 97 1 91 113 65 132 135 32 1 1 158 12 203 121 166 158 203 113 177 23 203 49 123 148 85 143 113 130 192 26 29 2 65 203 68 9 112 46 46 1 203 61 99 60 203 138 1 102 94 186 203 171 1 1 125 193 158 203 137 58 1 203 8 46 1 175 134 115 1 191 106 203 113 119 91 203 111 112 203 203 51 69 1 68 196 200 161 1 61 113 87 46 153 96 110 197 113 134 1 203 136 46 22 1 55 54 76 57 127 203 66 113 158 154 203 158 116 16 146 150 91 203 1 2 113 158 91 1 50 203 203 113 203 44 1 94 158 40 19 185 133 123 158 102 75 1 159 170 66 134 109 34 165 168 115 158 2 1 158 158 1 118 1 203 158 147 59 36 114 158 42 139 203 
c [Main] Lowest label SAT is set to 203.
c [Main] Kill higher label pid 204.
c [Label = 204] Encoding duration: 2009ms.
c [Label = 204] Number of clauses: 1671353.
c [Label = 204] Number of variables: 246736.
c [Signal] Signal interruption. Caught signal: SIGTERM (15).
c [Main] Child pid 204 - 1374053 terminated by signal 15.
c [Label = 200] Encoding duration: 1748ms.
c [Label = 200] Number of clauses: 1635339.
c [Label = 200] Number of variables: 242980.
c [Label = 200] Solving duration: 403673 ms.
s [Label = 200] SAT (w = 45).
Label assignment: 2 155 94 6 155 61 115 155 38 110 65 152 200 155 20 123 162 5 53 98 111 98 155 140 155 110 20 93 167 2 180 200 155 200 41 65 134 132 154 1 35 6 51 155 200 66 86 171 8 155 200 44 7 57 7 65 65 173 200 90 20 200 155 54 200 196 71 16 51 1 200 52 25 16 110 110 33 200 155 155 65 46 110 200 151 200 149 65 18 200 110 6 155 188 102 65 12 67 191 31 49 169 46 22 1 155 88 57 200 200 68 40 195 155 1 2 55 179 2 19 200 155 87 136 110 46 99 107 52 75 63 84 27 92 121 155 4 12 110 110 1 135 8 95 47 1 72 2 74 80 110 1 187 166 20 61 65 100 116 129 46 112 200 163 155 24 82 139 32 155 125 47 200 155 143 141 110 28 76 98 65 155 186 97 155 185 200 200 200 8 155 200 131 1 200 73 65 109 200 34 110 181 133 200 200 155 155 65 151 58 4 144 42 189 1 200 85 4 97 1 65 145 110 200 155 81 110 37 2 48 2 178 197 1 46 10 175 47 79 170 155 168 8 200 140 103 3 200 122 164 155 153 70 142 200 200 157 156 110 193 114 120 3 88 184 53 36 26 78 18 172 9 200 59 65 49 200 118 200 200 110 1 2 92 65 57 161 110 7 15 43 200 48 46 45 200 110 155 177 155 200 200 200 200 110 63 155 57 1 200 192 17 96 2 155 199 155 200 65 13 200 65 14 65 110 1 200 53 64 119 106 1 109 56 200 155 126 23 200 60 7 137 51 105 77 29 182 155 158 155 58 200 75 20 200 155 138 61 53 47 6 110 2 98 106 200 183 155 165 65 91 94 174 93 101 1 150 155 5 47 20 89 39 190 52 91 62 108 154 110 146 104 7 128 30 65 93 1 117 81 200 200 80 176 152 159 200 194 130 110 69 102 155 155 144 11 110 50 110 1 111 198 9 113 21 200 200 1 200 147 72 1 83 160 200 124 148 110 106 6 52 127 47 47 155 
c [Main] Lowest label SAT is set to 200.
c [Main] Kill higher label pid 201.
c [Main] Kill higher label pid 202.
c [Label = 202] Encoding duration: 2095ms.
c [Label = 202] Number of clauses: 1653346.
c [Label = 202] Number of variables: 244858.
c [Signal] Signal interruption. Caught signal: SIGTERM (15).
c [Label = 201] Encoding duration: 1954ms.
c [Label = 201] Number of clauses: 1644342.
c [Label = 201] Number of variables: 243919.
c [Signal] Signal interruption. Caught signal: SIGTERM (15).
c [Main] Child pid 202 - 1374059 terminated by signal 15.
c [Main] Child pid 201 - 1374065 terminated by signal 15.
c [Label = 192] Encoding duration: 1904ms.
c [Label = 192] Number of clauses: 1563311.
c [Label = 192] Number of variables: 235468.
c [Signal] Signal interruption. Caught signal: SIGTERM (15).
c [Label = 193] Encoding duration: 1874ms.
c [Label = 193] Number of clauses: 1572314.
c [Label = 193] Number of variables: 236407.
c [Signal] Signal interruption. Caught signal: SIGTERM (15).
c [Label = 195] Encoding duration: 2056ms.
c [Label = 195] Number of clauses: 1590321.
c [Label = 195] Number of variables: 238285.
c [Signal] Signal interruption. Caught signal: SIGTERM (15).
c [Label = 198] Encoding duration: 1877ms.
c [Label = 198] Number of clauses: 1617332.
c [Label = 198] Number of variables: 241102.
c [Signal] Signal interruption. Caught signal: SIGTERM (15).
c [Label = 196] Encoding duration: 1879ms.
c [Label = 196] Number of clauses: 1599325.
c [Label = 196] Number of variables: 239224.
c [Signal] Signal interruption. Caught signal: SIGTERM (15).
c [Label = 197] Encoding duration: 1878ms.
c [Label = 197] Number of clauses: 1608328.
c [Label = 197] Number of variables: 240163.
c [Signal] Signal interruption. Caught signal: SIGTERM (15).
c [Label = 199] Encoding duration: 1743ms.
c [Label = 199] Number of clauses: 1626335.
c [Label = 199] Number of variables: 242041.
c [Signal] Signal interruption. Caught signal: SIGTERM (15).
c [Main] Lim pid ends with result: 254.
c [Main] All children have completed.
r [Main] 
r [Main] Final results: 
r [Main] Lowest label SAT:  	200.
r [Main] Highest label UNSAT:	-.
r [Main] Total real time: 1812806 ms.
r [Main] Total memory consumed: 5324.3 MB.
r [Main] 
c [Label = 194] Encoding duration: 1962ms.
c [Label = 194] Number of clauses: 1581318.
c [Label = 194] Number of variables: 237346.
c [Signal] Signal interruption. Caught signal: SIGTERM (15).
