c [Version] Minimize Makespan Labeling Encoder version 1.0.0.
c [Param] LB is predefined as 194.
c [Param] UB is predefined as 409.
c [Param] Memory limit is set to 30000.
c [Param] Real time limit is set to 1800.
c [Param] Worker count is set to 8.
c [Param] Max CNF size is set to 10.
c [Main] Search strategy: Iterating from upper bound.
c [Main] Search order: 409 408 407 406 405 404 403 402 401 400 399 398 397 396 395 394 393 392 391 390 389 388 387 386 385 384 383 382 381 380 379 378 377 376 375 374 373 372 371 370 369 368 367 366 365 364 363 362 361 360 359 358 357 356 355 354 353 352 351 350 349 348 347 346 345 344 343 342 341 340 339 338 337 336 335 334 333 332 331 330 329 328 327 326 325 324 323 322 321 320 319 318 317 316 315 314 313 312 311 310 309 308 307 306 305 304 303 302 301 300 299 298 297 296 295 294 293 292 291 290 289 288 287 286 285 284 283 282 281 280 279 278 277 276 275 274 273 272 271 270 269 268 267 266 265 264 263 262 261 260 259 258 257 256 255 254 253 252 251 250 249 248 247 246 245 244 243 242 241 240 239 238 237 236 235 234 233 232 231 230 229 228 227 226 225 224 223 222 221 220 219 218 217 216 215 214 213 212 211 210 209 208 207 206 205 204 203 202 201 200 199 198 197 196 195 194.
c [Main] Encoding and solving for graph: S-sherman4.mtx.rnd.
c [Label = 407] Minimize Makespan Labeling problem (S-sherman4.mtx.rnd):
c [Label = 409] Minimize Makespan Labeling problem (S-sherman4.mtx.rnd):
c [Label = 405] Minimize Makespan Labeling problem (S-sherman4.mtx.rnd):
c [Label = 408] Minimize Makespan Labeling problem (S-sherman4.mtx.rnd):
c [Label = 406] Minimize Makespan Labeling problem (S-sherman4.mtx.rnd):
c [Label = 404] Minimize Makespan Labeling problem (S-sherman4.mtx.rnd):
c [Label = 402] Minimize Makespan Labeling problem (S-sherman4.mtx.rnd):
c [Label = 403] Minimize Makespan Labeling problem (S-sherman4.mtx.rnd):
c [Label = 407] Encoding starts with target value = 193:
c [Label = 407] Encoding duration: 6224ms.
c [Label = 407] Number of clauses: 4347349.
c [Label = 407] Number of variables: 780084.
c [Label = 407] Solving duration: 286558 ms.
s [Label = 407] SAT (w = 193).
c [Label = 407]Label assignment: 204 119 304 88 399 272 225 216 147 227 8 182 190 360 171 193 282 349 403 357 247 316 63 211 331 20 184 210 115 36 334 73 358 320 231 127 311 177 56 265 202 67 183 65 312 69 406 34 82 50 402 376 215 96 399 131 149 21 11 75 346 88 365 355 320 162 406 228 319 206 398 256 174 89 185 213 104 308 202 285 58 394 116 332 134 102 324 98 111 237 182 267 375 64 246 303 106 49 368 49 12 230 232 59 87 11 363 110 381 226 41 98 235 196 169 345 74 51 70 340 166 328 399 404 16 81 320 234 22 382 213 29 356 407 34 187 198 86 281 34 13 53 251 238 158 104 233 277 27 103 117 396 173 252 388 19 386 15 268 199 221 164 45 145 33 386 234 326 195 266 126 197 315 376 85 354 337 32 162 244 94 245 246 177 250 1 23 52 396 147 162 57 213 43 312 78 186 132 280 13 233 114 148 90 61 384 185 124 350 242 167 340 278 335 213 150 44 186 32 375 46 367 293 162 209 83 175 296 29 227 379 139 222 79 348 294 70 144 254 170 391 396 257 148 333 376 53 344 160 207 157 141 71 70 295 401 206 385 67 136 259 54 213 206 311 359 364 306 395 314 122 387 53 176 234 249 323 129 370 305 2 212 383 107 26 341 155 329 24 207 175 34 298 341 324 322 219 97 406 91 183 247 233 101 143 84 253 118 260 236 347 325 273 297 138 372 218 217 77 246 393 41 156 271 352 300 288 299 62 154 137 172 19 313 343 20 341 13 163 112 340 392 109 376 318 189 406 220 45 105 214 188 342 116 390 100 276 192 262 141 133 176 110 40 220 366 355 327 406 108 400 130 290 183 289 3 241 168 5 85 127 227 47 11 28 141 310 263 283 182 223 309 192 17 377 301 244 243 270 37 66 351 95 93 31 201 46 146 200 387 229 292 364 72 405 162 159 118 397 194 281 239 92 20 326 340 205 135 264 227 380 125 220 60 376 13 364 121 14 29 172 113 51 275 255 128 399 173 284 25 165 38 368 336 389 240 151 126 180 262 86 18 263 128 51 140 14 80 369 330 119 4 69 120 181 286 123 355 261 353 35 225 203 40 208 281 224 287 371 161 203 244 191 9 145 400 178 361 132 192 55 153 338 307 319 68 30 20 227 378 355 10 48 76 39 321 185 32 291 317 251 302 179 391 99 222 339 42 374 258 362 267 283 373 366 225 269 142 7 279 248 246 152 274 325 6 
c [Main] Lowest label SAT is set to 407.
c [Main] Kill higher label pid 408.
c [Main] Kill higher label pid 409.
c [Label = 409] Encoding starts with target value = 193:
c [Label = 409] Encoding duration: 6237ms.
c [Label = 409] Number of clauses: 4363660.
c [Label = 409] Number of variables: 782388.
c [Signal] Signal interruption. Caught signal: SIGTERM (15).
c [Label = 408] Encoding starts with target value = 193:
c [Label = 408] Encoding duration: 6410ms.
c [Label = 408] Number of clauses: 4355505.
c [Label = 408] Number of variables: 781236.
c [Signal] Signal interruption. Caught signal: SIGTERM (15).
c [Label = 401] Minimize Makespan Labeling problem (S-sherman4.mtx.rnd):
c [Main] Child pid 408 - 797465 terminated by signal 15.
c [Label = 400] Minimize Makespan Labeling problem (S-sherman4.mtx.rnd):
c [Main] Child pid 409 - 797464 terminated by signal 15.
c [Label = 399] Minimize Makespan Labeling problem (S-sherman4.mtx.rnd):
c [Label = 406] Encoding starts with target value = 193:
c [Label = 406] Encoding duration: 6229ms.
c [Label = 406] Number of clauses: 4339194.
c [Label = 406] Number of variables: 778932.
c [Label = 406] Solving duration: 534320 ms.
s [Label = 406] SAT (w = 193).
c [Label = 406]Label assignment: 87 404 183 379 283 149 106 96 14 115 311 83 80 233 79 84 163 221 293 252 130 219 351 86 244 301 60 104 3 333 264 369 258 220 121 16 196 57 341 148 85 365 70 359 207 372 297 323 370 336 295 276 111 393 296 18 36 309 299 374 257 377 277 269 209 81 287 112 222 90 273 137 79 378 73 100 394 197 86 174 339 271 4 228 44 406 239 384 12 132 84 144 289 351 127 169 403 343 235 366 299 124 122 354 387 299 238 385 292 106 321 400 120 76 59 264 353 348 362 210 40 208 282 280 317 383 190 108 319 261 104 327 242 297 322 84 85 376 170 324 303 337 128 133 55 385 109 171 313 401 9 296 47 140 289 308 277 313 159 77 114 45 340 17 325 292 111 239 70 148 13 99 213 258 386 248 237 320 63 136 396 135 125 60 140 305 310 345 290 29 64 353 104 329 191 389 62 15 175 316 109 402 46 391 358 273 89 43 234 126 81 215 158 231 88 52 344 79 318 286 347 285 177 76 100 371 37 193 319 109 272 38 118 375 239 182 364 44 128 75 267 297 141 39 211 292 335 255 59 104 32 53 367 364 195 294 86 291 361 51 155 347 94 103 201 227 272 172 279 202 23 260 338 65 108 128 192 405 253 203 289 95 288 7 315 251 45 217 325 95 38 332 186 229 224 206 105 395 288 387 83 131 108 392 39 381 128 2 152 114 256 225 156 185 8 250 94 117 356 123 282 321 22 160 221 180 163 181 349 28 19 84 307 205 232 317 246 302 34 26 226 270 1 276 204 82 293 102 330 397 111 93 232 405 278 396 158 80 138 56 42 76 26 321 113 241 284 218 297 6 275 31 194 66 179 290 131 50 298 388 27 119 350 300 326 71 199 164 176 92 106 192 98 314 263 200 147 124 143 324 368 230 398 380 328 77 342 20 78 251 120 187 268 361 280 56 72 11 278 58 166 134 375 301 236 223 86 19 154 112 277 25 106 341 263 308 274 5 306 319 68 399 360 161 134 51 281 48 151 307 50 334 240 244 247 137 61 403 95 150 373 324 165 24 341 35 317 390 269 212 12 312 363 10 69 173 31 259 157 265 322 107 96 321 101 167 116 178 272 91 97 153 67 298 21 297 49 243 33 84 352 59 212 189 214 357 346 308 110 282 252 304 331 355 333 220 74 319 188 198 128 184 54 266 382 114 237 327 262 146 249 142 168 245 254 106 145 30 307 164 139 129 41 162 216 299 
c [Main] Lowest label SAT is set to 406.
c [Label = 398] Minimize Makespan Labeling problem (S-sherman4.mtx.rnd):
c [Label = 404] Encoding starts with target value = 193:
c [Label = 404] Encoding duration: 6087ms.
c [Label = 404] Number of clauses: 4322883.
c [Label = 404] Number of variables: 776628.
c [Label = 404] Solving duration: 1106143 ms.
s [Label = 404] SAT (w = 193).
c [Label = 404]Label assignment: 165 67 257 25 357 244 168 164 95 182 2 141 147 295 140 171 237 306 358 315 193 264 24 153 298 376 143 173 63 393 314 29 321 289 190 90 266 131 7 211 152 20 136 17 261 37 369 386 32 397 359 333 172 56 357 84 106 368 364 55 315 31 348 318 285 139 372 188 275 164 354 206 142 42 149 176 53 265 152 232 8 340 73 286 106 57 282 54 69 192 143 204 336 22 200 246 74 404 313 27 362 191 182 11 39 362 317 70 351 169 404 56 182 147 130 305 11 10 36 288 120 271 344 358 384 48 274 183 375 337 176 1 309 381 390 158 151 26 243 393 375 404 209 202 121 56 175 241 379 54 64 352 125 200 350 375 364 376 215 147 191 122 401 94 386 356 194 291 137 214 83 160 268 333 38 314 300 393 125 203 51 199 186 134 197 370 389 6 349 98 127 4 176 396 265 40 144 78 235 375 180 66 115 41 18 342 146 89 315 187 143 299 233 294 179 110 400 145 379 336 3 336 242 125 165 35 114 249 380 181 338 99 212 49 308 239 45 104 198 138 339 353 204 109 278 350 397 307 124 176 106 111 21 33 259 367 151 366 14 105 221 12 165 164 260 303 333 263 345 258 80 336 397 132 194 193 277 77 327 255 357 164 349 62 378 310 113 281 392 174 112 393 253 299 280 276 167 58 358 30 138 193 182 54 104 50 200 61 213 194 315 279 222 252 101 324 185 178 44 186 346 394 102 222 312 236 254 249 11 108 91 155 375 262 302 387 304 374 102 82 292 340 72 334 283 150 373 168 404 59 177 157 297 74 343 60 232 162 219 116 97 139 71 391 189 319 318 287 369 56 355 87 240 134 250 358 207 118 360 46 92 182 17 376 402 107 267 230 248 143 169 267 163 388 329 256 208 186 218 402 28 301 56 38 399 147 403 96 161 323 183 249 331 19 347 123 125 75 345 129 224 205 38 387 290 293 151 88 217 184 354 94 170 5 330 377 333 76 385 380 154 65 15 229 205 103 344 126 238 395 119 393 319 296 322 210 122 81 156 210 43 383 226 86 404 104 382 47 332 284 68 371 16 79 135 231 85 326 228 318 386 183 155 393 166 225 195 251 335 125 159 220 148 361 106 369 117 313 93 158 4 122 288 263 272 34 9 387 182 344 320 365 13 23 393 269 133 379 245 270 201 234 128 341 52 196 297 398 328 210 316 204 223 311 325 169 216 100 384 227 200 193 121 247 273 363 
c [Main] Lowest label SAT is set to 404.
c [Main] Kill higher label pid 405.
c [Label = 405] Encoding starts with target value = 193:
c [Label = 405] Encoding duration: 6301ms.
c [Label = 405] Number of clauses: 4331038.
c [Label = 405] Number of variables: 777780.
c [Signal] Signal interruption. Caught signal: SIGTERM (15).
c [Label = 397] Minimize Makespan Labeling problem (S-sherman4.mtx.rnd):
c [Main] Child pid 405 - 797468 terminated by signal 15.
c [Label = 396] Minimize Makespan Labeling problem (S-sherman4.mtx.rnd):
c [Label = 403] Encoding starts with target value = 193:
c [Label = 403] Encoding duration: 6122ms.
c [Label = 403] Number of clauses: 4314727.
c [Label = 403] Number of variables: 775476.
c [Label = 403] Solving duration: 1125907 ms.
s [Label = 403] SAT (w = 193).
c [Label = 403]Label assignment: 193 293 85 331 390 117 178 189 264 184 362 215 209 52 234 203 119 58 402 54 149 96 339 194 62 382 223 190 286 363 47 334 36 77 177 279 90 227 353 138 200 346 214 333 92 325 397 359 321 358 402 23 187 300 392 276 258 382 388 312 57 329 23 37 83 233 399 184 79 182 13 158 224 313 197 189 288 93 200 125 353 12 284 68 267 293 79 310 289 168 211 158 20 337 174 103 293 347 48 333 389 173 174 350 318 388 50 293 14 180 369 302 170 206 233 45 351 345 319 71 243 81 403 403 383 311 83 172 380 30 190 362 51 400 359 207 199 328 109 381 376 368 159 146 248 307 172 118 376 296 289 5 236 162 15 382 8 391 145 206 173 243 349 266 377 11 173 75 210 147 276 201 96 33 304 55 70 377 232 148 294 161 167 226 157 395 379 357 6 260 231 355 188 356 100 309 223 274 124 376 172 291 246 317 338 16 197 272 55 163 220 69 127 66 189 253 364 221 371 18 361 27 112 230 192 322 244 101 372 166 25 259 152 315 53 108 316 263 155 235 17 3 150 254 83 24 360 60 241 193 258 254 335 323 94 401 195 9 344 255 140 352 189 183 89 56 41 100 7 84 278 29 367 226 172 155 83 281 33 88 399 189 26 306 376 49 246 74 378 191 238 359 95 72 79 83 183 299 399 320 216 171 172 295 256 303 155 283 151 169 57 81 141 107 268 34 175 186 326 165 4 365 252 141 58 122 116 102 351 251 266 217 382 86 59 383 61 375 245 280 66 13 292 22 82 209 399 183 342 297 186 208 63 290 16 287 129 206 144 247 269 225 289 365 185 42 30 78 398 292 13 272 110 216 114 399 156 229 393 301 270 166 330 387 366 240 91 126 115 213 179 97 204 379 19 99 139 163 143 366 334 65 298 305 370 205 342 262 206 28 166 106 40 343 403 242 237 289 6 222 136 164 312 382 76 67 196 273 142 176 10 271 183 348 21 385 40 282 386 373 218 293 332 128 154 257 1 239 113 379 229 371 43 64 34 132 250 277 219 140 324 384 130 272 348 265 394 314 32 80 285 396 340 275 212 111 274 38 123 44 365 181 199 365 192 134 169 105 31 223 198 135 210 393 265 401 228 36 269 202 350 250 73 98 82 327 341 382 166 2 46 393 354 336 367 96 210 374 104 87 160 121 227 17 308 169 62 364 19 137 49 157 133 35 39 178 143 261 383 131 153 149 249 120 81 393 
c [Main] Lowest label SAT is set to 403.
c [Label = 395] Minimize Makespan Labeling problem (S-sherman4.mtx.rnd):
c [Label = 402] Encoding starts with target value = 193:
c [Label = 402] Encoding duration: 6136ms.
c [Label = 402] Number of clauses: 4306572.
c [Label = 402] Number of variables: 774324.
c [Label = 402] Solving duration: 1351059 ms.
s [Label = 402] SAT (w = 193).
c [Label = 402]Label assignment: 9 100 319 144 216 335 397 3 85 394 177 26 24 265 46 14 336 278 217 271 377 297 147 11 279 195 33 1 102 175 266 146 248 290 380 95 314 39 163 359 10 152 25 157 305 136 209 184 137 178 215 235 396 124 207 84 68 198 204 130 269 139 237 251 304 44 210 391 296 7 226 363 35 138 19 1 125 311 10 347 163 227 108 286 66 106 283 114 89 376 26 365 235 147 379 332 108 168 262 149 208 387 380 162 138 206 262 111 229 402 178 112 380 18 48 267 159 165 134 293 53 302 222 218 194 122 307 388 187 242 1 176 264 210 189 20 12 143 315 185 200 170 371 374 63 123 391 330 187 104 101 219 49 364 230 196 223 201 355 18 387 53 166 84 183 226 387 282 27 354 84 10 300 246 120 272 275 186 42 374 117 364 381 37 368 203 187 155 219 71 41 161 1 181 309 126 33 93 345 191 389 109 54 140 150 232 14 86 273 386 32 289 341 277 1 59 169 33 190 235 161 238 331 42 8 138 53 313 192 398 241 68 370 122 261 337 121 76 373 47 236 219 371 67 293 239 174 268 51 4 69 61 145 135 315 214 13 225 153 73 358 160 2 400 321 278 255 316 219 310 88 242 172 38 387 375 308 99 246 312 211 2 240 96 191 263 55 301 182 5 50 175 322 288 284 293 398 115 211 141 26 378 388 118 78 119 372 112 360 375 259 291 352 332 81 247 390 396 132 383 221 179 69 355 274 339 327 326 156 65 83 30 195 298 276 194 270 205 56 87 280 227 105 235 299 22 210 396 174 113 396 21 287 110 231 116 340 17 356 57 74 36 90 180 391 258 251 291 210 103 226 75 334 26 333 212 371 40 205 129 82 384 158 202 178 58 317 342 331 26 401 317 17 187 233 302 359 387 356 178 149 277 107 127 171 18 173 72 17 243 384 320 256 151 220 52 45 91 219 34 346 369 131 194 281 277 15 94 353 392 228 82 396 164 234 199 253 97 198 193 28 100 150 344 362 70 224 49 328 182 40 171 258 275 252 367 60 100 31 361 133 187 343 92 166 79 197 128 245 303 98 203 154 96 27 325 82 250 351 254 182 395 10 179 6 348 380 324 244 42 10 358 23 203 80 213 43 249 77 16 159 62 292 318 305 142 165 194 393 223 260 203 162 148 171 294 29 188 323 306 372 338 43 232 123 385 285 167 236 366 261 368 349 249 257 399 357 68 194 350 368 382 64 329 295 203 
c [Main] Lowest label SAT is set to 402.
c [Label = 394] Minimize Makespan Labeling problem (S-sherman4.mtx.rnd):
c [Label = 395] Encoding starts with target value = 193:
c [Label = 395] Encoding duration: 6459ms.
c [Label = 395] Number of clauses: 4249483.
c [Label = 395] Number of variables: 766260.
c [Signal] Signal interruption. Caught signal: SIGTERM (15).
c [Label = 396] Encoding starts with target value = 193:
c [Label = 396] Encoding duration: 6145ms.
c [Label = 396] Number of clauses: 4257639.
c [Label = 396] Number of variables: 767412.
c [Signal] Signal interruption. Caught signal: SIGTERM (15).
c [Label = 397] Encoding starts with target value = 193:
c [Label = 397] Encoding duration: 6295ms.
c [Label = 397] Number of clauses: 4265794.
c [Label = 397] Number of variables: 768564.
c [Signal] Signal interruption. Caught signal: SIGTERM (15).
c [Label = 398] Encoding starts with target value = 193:
c [Label = 398] Encoding duration: 6262ms.
c [Label = 398] Number of clauses: 4273950.
c [Label = 398] Number of variables: 769716.
c [Signal] Signal interruption. Caught signal: SIGTERM (15).
c [Label = 399] Encoding starts with target value = 193:
c [Label = 399] Encoding duration: 6091ms.
c [Label = 399] Number of clauses: 4282105.
c [Label = 399] Number of variables: 770868.
c [Signal] Signal interruption. Caught signal: SIGTERM (15).
c [Label = 400] Encoding starts with target value = 193:
c [Label = 400] Encoding duration: 5957ms.
c [Label = 400] Number of clauses: 4290261.
c [Label = 400] Number of variables: 772020.
c [Signal] Signal interruption. Caught signal: SIGTERM (15).
c [Label = 401] Encoding starts with target value = 193:
c [Label = 401] Encoding duration: 6156ms.
c [Label = 401] Number of clauses: 4298416.
c [Label = 401] Number of variables: 773172.
c [Signal] Signal interruption. Caught signal: SIGTERM (15).
c [Main] Lim pid ends with result: 254.
c [Main] All children have completed.
r [Main] 
r [Main] Final results: 
r [Main] Lowest label SAT:  	402.
r [Main] Highest label UNSAT:	-.
r [Main] Total real time: 1811990 ms.
r [Main] Total memory consumed: 12679 MB.
r [Main] 
c [Label = 394] Encoding starts with target value = 193:
c [Label = 394] Encoding duration: 7181ms.
c [Label = 394] Number of clauses: 4241328.
c [Label = 394] Number of variables: 765108.
c [Signal] Signal interruption. Caught signal: SIGTERM (15).
