c [Version] Minimize Makespan Labeling Encoder version 1.0.0.
c [Param] LB is predefined as 76.
c [Param] UB is predefined as 536.
c [Param] Memory limit is set to 30000.
c [Param] Real time limit is set to 1800.
c [Param] Worker count is set to 8.
c [Param] Max CNF size is set to 10.
c [Main] Search strategy: Iterating from upper bound.
c [Main] Search order: 536 535 534 533 532 531 530 529 528 527 526 525 524 523 522 521 520 519 518 517 516 515 514 513 512 511 510 509 508 507 506 505 504 503 502 501 500 499 498 497 496 495 494 493 492 491 490 489 488 487 486 485 484 483 482 481 480 479 478 477 476 475 474 473 472 471 470 469 468 467 466 465 464 463 462 461 460 459 458 457 456 455 454 453 452 451 450 449 448 447 446 445 444 443 442 441 440 439 438 437 436 435 434 433 432 431 430 429 428 427 426 425 424 423 422 421 420 419 418 417 416 415 414 413 412 411 410 409 408 407 406 405 404 403 402 401 400 399 398 397 396 395 394 393 392 391 390 389 388 387 386 385 384 383 382 381 380 379 378 377 376 375 374 373 372 371 370 369 368 367 366 365 364 363 362 361 360 359 358 357 356 355 354 353 352 351 350 349 348 347 346 345 344 343 342 341 340 339 338 337 336 335 334 333 332 331 330 329 328 327 326 325 324 323 322 321 320 319 318 317 316 315 314 313 312 311 310 309 308 307 306 305 304 303 302 301 300 299 298 297 296 295 294 293 292 291 290 289 288 287 286 285 284 283 282 281 280 279 278 277 276 275 274 273 272 271 270 269 268 267 266 265 264 263 262 261 260 259 258 257 256 255 254 253 252 251 250 249 248 247 246 245 244 243 242 241 240 239 238 237 236 235 234 233 232 231 230 229 228 227 226 225 224 223 222 221 220 219 218 217 216 215 214 213 212 211 210 209 208 207 206 205 204 203 202 201 200 199 198 197 196 195 194 193 192 191 190 189 188 187 186 185 184 183 182 181 180 179 178 177 176 175 174 173 172 171 170 169 168 167 166 165 164 163 162 161 160 159 158 157 156 155 154 153 152 151 150 149 148 147 146 145 144 143 142 141 140 139 138 137 136 135 134 133 132 131 130 129 128 127 126 125 124 123 122 121 120 119 118 117 116 115 114 113 112 111 110 109 108 107 106 105 104 103 102 101 100 99 98 97 96 95 94 93 92 91 90 89 88 87 86 85 84 83 82 81 80 79 78 77 76.
c [Main] Encoding and solving for graph: X-can__715.mtx.rnd.
c [Label = 536] Minimize Makespan Labeling problem (X-can__715.mtx.rnd):
c [Label = 535] Minimize Makespan Labeling problem (X-can__715.mtx.rnd):
c [Label = 534] Minimize Makespan Labeling problem (X-can__715.mtx.rnd):
c [Label = 531] Minimize Makespan Labeling problem (X-can__715.mtx.rnd):
c [Label = 530] Minimize Makespan Labeling problem (X-can__715.mtx.rnd):
c [Label = 529] Minimize Makespan Labeling problem (X-can__715.mtx.rnd):
c [Label = 533] Minimize Makespan Labeling problem (X-can__715.mtx.rnd):
c [Label = 532] Minimize Makespan Labeling problem (X-can__715.mtx.rnd):
c [Label = 536] Encoding starts with target value = 75:
c [Label = 536] Encoding duration: 11822ms.
c [Label = 536] Number of clauses: 9578373.
c [Label = 536] Number of variables: 1220664.
c [Label = 536] Solving duration: 343505 ms.
s [Label = 536] SAT (w = 75).
c [Label = 536]Label assignment: 532 451 8 11 166 384 58 387 273 84 480 1 529 526 1 415 534 301 309 224 350 318 288 84 53 200 313 341 462 340 83 421 372 282 469 376 230 1 76 263 76 35 507 529 16 160 152 17 438 532 323 315 462 460 1 155 522 144 495 197 198 28 192 312 462 331 363 461 536 97 133 295 536 398 461 90 269 38 307 190 506 22 533 76 404 128 516 504 329 235 146 196 461 10 74 23 392 177 4 121 75 135 94 351 57 56 268 327 536 511 380 336 247 275 292 34 345 41 223 301 160 473 417 220 145 508 72 181 112 150 132 102 521 387 158 187 355 76 318 499 47 78 229 76 32 534 522 486 402 143 111 309 359 468 165 435 382 486 187 77 391 447 356 410 216 173 168 374 387 430 182 425 384 134 490 301 454 307 73 92 444 46 294 271 24 285 62 75 87 151 324 383 135 162 148 394 109 387 119 175 1 368 13 163 384 502 7 496 90 116 3 225 81 158 37 12 462 63 299 83 242 375 423 357 397 36 43 510 346 79 151 185 100 40 436 433 151 492 93 427 312 189 301 83 272 73 389 387 226 118 467 259 485 117 462 64 217 454 117 411 71 214 361 142 484 250 115 343 253 66 234 15 249 406 455 401 450 207 29 5 310 387 344 273 226 210 151 179 246 390 373 267 145 405 51 500 232 498 76 500 73 465 241 225 202 255 524 493 477 376 338 234 379 274 21 258 463 298 84 473 358 137 96 314 352 501 96 86 192 376 462 311 339 535 366 470 387 336 472 180 39 54 342 158 234 491 31 525 365 348 265 474 496 226 487 333 233 489 26 245 536 384 309 20 360 353 330 252 281 419 523 89 526 462 451 222 125 293 75 316 203 386 306 116 226 147 211 388 513 114 236 100 80 126 426 42 309 422 312 385 337 254 153 291 431 233 243 270 141 215 416 308 61 150 33 138 154 189 232 240 189 312 159 488 429 237 239 188 157 60 309 187 498 297 276 401 159 384 528 500 413 411 244 439 186 320 516 378 322 483 534 384 464 434 494 512 384 476 458 206 369 301 447 2 50 475 141 150 251 105 161 122 172 403 374 530 384 227 519 68 481 312 368 136 518 531 234 534 393 175 108 421 59 192 395 140 262 383 446 150 106 225 405 412 300 448 278 112 418 148 523 65 321 453 293 149 229 290 334 83 407 457 370 225 509 347 55 497 441 176 478 423 233 130 301 443 414 131 103 376 124 238 287 226 349 309 387 364 354 409 309 309 309 387 492 225 156 279 238 452 208 45 49 283 428 129 52 517 69 400 104 396 173 307 228 30 317 284 98 302 123 14 70 301 312 113 384 219 291 505 67 201 235 231 101 445 536 183 449 18 257 213 466 209 158 325 4 469 514 164 335 174 328 110 420 306 377 319 399 520 9 462 95 88 212 75 204 75 194 326 84 305 367 381 459 503 66 421 456 296 127 291 225 536 482 170 308 371 273 120 178 79 289 408 169 508 303 75 332 479 155 99 221 248 398 235 184 82 44 193 266 256 535 442 191 280 75 260 167 261 218 269 437 85 286 199 25 301 527 83 91 230 362 27 171 107 515 191 206 304 264 471 198 309 277 432 435 6 139 424 440 48 205 195 19 
c [Main] Lowest label SAT is set to 536.
c [Label = 528] Minimize Makespan Labeling problem (X-can__715.mtx.rnd):
c [Label = 529] Encoding starts with target value = 75:
c [Label = 529] Encoding duration: 11305ms.
c [Label = 529] Number of clauses: 9469484.
c [Label = 529] Number of variables: 1210101.
c [Label = 529] Solving duration: 374887 ms.
s [Label = 529] SAT (w = 75).
c [Label = 529]Label assignment: 179 489 260 316 34 377 1 16 150 470 1 524 1 4 205 526 1 300 4 10 23 1 136 345 383 435 389 511 375 374 340 79 184 15 142 392 436 401 77 153 85 1 29 1 468 174 453 22 170 302 426 226 150 425 25 191 34 126 52 150 62 359 57 49 520 67 58 529 163 144 41 252 522 225 120 109 176 86 92 456 499 51 31 505 251 400 424 477 148 75 331 483 198 38 377 55 105 175 480 420 30 4 146 529 450 444 458 106 1 1 150 232 334 488 164 399 4 489 194 3 162 96 352 475 133 70 390 512 425 469 459 441 493 487 302 335 274 114 443 154 407 488 77 108 357 3 31 232 457 422 333 6 409 509 195 14 360 1 276 326 529 488 353 169 133 69 486 421 240 133 463 491 83 511 299 313 278 504 90 110 429 2 33 430 5 164 109 238 398 191 42 23 65 72 460 221 96 156 476 226 528 203 31 165 150 373 226 27 335 103 34 101 137 225 392 296 68 45 361 519 311 75 358 353 418 473 60 151 130 322 455 302 1 388 366 222 155 59 93 528 526 481 53 150 54 282 335 451 22 485 335 413 342 206 152 158 143 243 321 76 19 254 452 150 382 147 135 226 147 414 302 14 263 171 355 266 410 151 8 397 423 66 217 172 138 449 485 11 24 335 161 367 82 210 518 312 285 182 79 6 348 160 299 451 301 454 242 503 391 128 362 472 48 225 291 39 458 111 448 267 433 139 386 159 408 264 115 466 129 225 529 180 288 227 151 447 151 385 415 106 381 427 528 335 83 151 75 259 309 74 428 305 396 208 131 141 459 62 434 287 123 127 294 190 344 320 365 461 184 204 220 485 333 347 465 246 172 124 377 528 496 337 185 510 482 289 167 464 511 432 419 187 283 175 521 494 528 406 343 150 119 292 235 301 56 150 192 215 300 446 335 281 170 113 40 502 284 273 387 211 508 185 482 7 121 72 301 158 454 2 290 122 247 36 197 307 497 377 234 445 307 157 479 500 116 458 95 44 212 517 219 377 64 330 92 379 295 116 98 455 13 310 303 300 319 272 301 488 73 147 207 270 453 34 34 354 237 308 95 201 495 395 166 223 151 328 404 214 364 178 318 293 468 218 132 503 258 112 279 91 150 262 181 308 454 474 439 14 17 269 341 147 350 467 371 369 302 76 47 343 526 412 485 405 81 43 71 458 527 223 249 492 301 21 315 26 94 89 102 431 216 298 410 80 393 378 451 363 349 223 377 271 125 394 241 454 46 336 327 177 226 437 227 438 277 82 149 346 200 61 401 529 150 209 372 349 75 314 487 233 188 186 457 229 368 104 529 324 97 440 118 369 145 376 351 172 304 490 402 168 410 157 412 87 514 100 199 59 248 231 485 18 194 117 339 356 513 402 230 403 286 317 196 78 416 152 12 80 471 506 28 75 239 110 452 307 75 458 375 515 323 236 265 268 507 225 75 325 516 134 498 209 275 307 183 306 99 380 377 332 412 140 228 35 9 75 478 50 250 261 335 336 255 484 417 32 189 297 224 410 302 442 476 450 244 253 20 173 151 454 84 256 411 257 245 410 280 33 462 377 193 384 525 370 202 63 213 329 501 523 34 88 107 37 338 
c [Label = 531] Encoding starts with target value = 75:
c [Label = 531] Encoding duration: 11549ms.
c [Label = 531] Number of clauses: 9500595.
c [Label = 531] Number of variables: 1213119.
c [Signal] Signal interruption. Caught signal: SIGTERM (15).
c [Label = 530] Encoding starts with target value = 75:
c [Label = 530] Encoding duration: 11607ms.
c [Label = 530] Number of clauses: 9485040.
c [Label = 530] Number of variables: 1211610.
c [Signal] Signal interruption. Caught signal: SIGTERM (15).
c [Main] Lowest label SAT is set to 529.
c [Main] Kill higher label pid 530.
c [Main] Kill higher label pid 531.
c [Main] Kill higher label pid 532.
c [Main] Kill higher label pid 533.
c [Main] Kill higher label pid 534.
c [Main] Kill higher label pid 535.
c [Label = 532] Encoding starts with target value = 75:
c [Label = 532] Encoding duration: 11711ms.
c [Label = 532] Number of clauses: 9516151.
c [Label = 532] Number of variables: 1214628.
c [Signal] Signal interruption. Caught signal: SIGTERM (15).
c [Label = 535] Encoding starts with target value = 75:
c [Label = 535] Encoding duration: 11643ms.
c [Label = 535] Number of clauses: 9562817.
c [Label = 535] Number of variables: 1219155.
c [Signal] Signal interruption. Caught signal: SIGTERM (15).
c [Label = 534] Encoding starts with target value = 75:
c [Label = 534] Encoding duration: 11375ms.
c [Label = 534] Number of clauses: 9547262.
c [Label = 534] Number of variables: 1217646.
c [Signal] Signal interruption. Caught signal: SIGTERM (15).
c [Label = 533] Encoding starts with target value = 75:
c [Label = 533] Encoding duration: 11613ms.
c [Label = 533] Number of clauses: 9531706.
c [Label = 533] Number of variables: 1216137.
c [Signal] Signal interruption. Caught signal: SIGTERM (15).
c [Label = 527] Minimize Makespan Labeling problem (X-can__715.mtx.rnd):
c [Main] Child pid 535 - 803752 terminated by signal 15.
c [Label = 526] Minimize Makespan Labeling problem (X-can__715.mtx.rnd):
c [Main] Child pid 531 - 803756 terminated by signal 15.
c [Label = 525] Minimize Makespan Labeling problem (X-can__715.mtx.rnd):
c [Main] Child pid 534 - 803753 terminated by signal 15.
c [Label = 524] Minimize Makespan Labeling problem (X-can__715.mtx.rnd):
c [Main] Child pid 533 - 803754 terminated by signal 15.
c [Label = 523] Minimize Makespan Labeling problem (X-can__715.mtx.rnd):
c [Main] Child pid 530 - 803757 terminated by signal 15.
c [Label = 522] Minimize Makespan Labeling problem (X-can__715.mtx.rnd):
c [Main] Child pid 532 - 803755 terminated by signal 15.
c [Label = 521] Minimize Makespan Labeling problem (X-can__715.mtx.rnd):
c [Label = 528] Encoding starts with target value = 75:
c [Label = 528] Encoding duration: 11691ms.
c [Label = 528] Number of clauses: 9453929.
c [Label = 528] Number of variables: 1208592.
c [Label = 528] Solving duration: 247160 ms.
s [Label = 528] SAT (w = 75).
c [Label = 528]Label assignment: 34 18 157 276 37 210 1 156 312 252 501 238 378 6 57 229 526 36 136 73 220 273 124 511 111 76 395 308 79 457 63 304 53 488 76 335 528 464 105 232 60 1 12 502 190 503 155 70 218 198 454 2 495 271 472 183 5 117 36 483 466 221 14 284 250 1 41 40 415 377 185 362 393 114 116 112 103 76 73 387 9 453 303 494 76 219 33 136 462 327 200 197 260 4 507 474 391 412 340 196 185 188 423 421 462 71 433 202 19 470 518 453 379 461 275 162 206 142 376 13 59 341 472 469 86 306 184 332 76 81 375 237 454 469 406 516 474 446 395 226 77 33 460 132 21 125 329 390 84 147 454 25 419 322 257 20 129 177 72 194 476 360 89 247 519 350 496 245 269 76 454 429 478 399 410 444 10 30 73 290 269 29 11 255 509 521 122 340 83 56 9 61 36 225 401 454 81 64 86 387 46 513 307 247 399 386 520 189 44 515 262 211 129 425 32 1 11 176 526 307 93 118 42 75 350 526 453 302 141 52 217 134 15 62 65 498 472 322 367 277 45 433 414 79 51 211 427 195 163 115 264 323 253 139 278 205 376 191 73 76 239 387 525 76 463 454 149 225 228 98 211 60 356 101 236 376 38 151 75 1 428 75 339 321 228 382 55 188 95 493 505 207 301 303 31 223 397 481 124 2 161 345 382 415 371 315 181 430 294 263 383 382 333 337 411 315 440 258 66 150 171 264 97 17 92 248 514 67 310 263 402 491 266 54 300 454 47 153 301 91 168 26 37 232 451 131 48 8 338 471 232 138 314 165 186 152 180 36 525 291 448 211 199 439 27 325 154 228 328 427 172 232 365 68 489 298 346 159 148 501 22 232 307 425 110 377 342 320 472 123 45 467 43 497 215 504 135 214 270 528 128 414 23 526 349 324 482 334 231 86 385 354 74 158 145 380 211 447 397 243 397 454 400 528 265 420 455 49 249 477 372 301 241 436 96 379 420 456 260 439 311 192 36 528 453 459 296 485 300 24 457 3 232 339 182 318 376 468 373 151 267 524 508 262 268 475 339 82 304 484 242 137 283 251 262 522 366 36 370 174 224 438 500 36 230 299 130 452 167 468 528 358 100 36 102 307 213 430 293 58 519 285 292 359 490 374 369 259 364 173 348 120 106 418 166 403 209 496 305 76 171 382 119 480 164 379 489 479 417 229 244 512 211 36 389 352 90 143 297 379 351 193 528 208 355 69 203 331 160 382 363 340 469 190 357 321 121 256 455 254 450 35 377 295 288 303 300 506 87 314 77 398 201 50 104 246 528 140 16 389 281 289 379 301 492 422 449 354 523 235 108 478 353 127 169 2 413 397 187 287 502 88 394 322 515 407 445 233 316 470 80 222 432 34 347 451 464 317 39 358 85 265 481 19 99 381 437 361 216 488 517 28 373 485 286 378 240 499 109 473 425 107 79 179 378 144 486 261 388 204 272 19 146 212 126 392 510 336 94 234 282 434 7 280 36 353 368 170 175 443 319 525 527 435 178 309 374 393 431 409 458 330 227 408 326 343 14 78 395 75 113 442 82 48 464 441 465 232 416 133 114 279 396 15 344 313 405 404 275 487 187 426 384 274 424 
c [Main] Lowest label SAT is set to 528.
c [Label = 520] Minimize Makespan Labeling problem (X-can__715.mtx.rnd):
c [Label = 523] Encoding starts with target value = 75:
c [Label = 523] Encoding duration: 10960ms.
c [Label = 523] Number of clauses: 9224916.
c [Label = 523] Number of variables: 1149567.
c [Label = 523] Solving duration: 243932 ms.
s [Label = 523] SAT (w = 75).
c [Label = 523]Label assignment: 412 510 24 265 494 161 508 488 286 318 361 455 198 382 153 409 155 338 499 2 520 502 474 107 150 116 438 192 199 176 117 501 490 498 352 494 173 522 25 450 81 20 40 1 373 393 167 16 357 386 196 247 101 332 356 398 511 96 389 432 375 405 41 1 434 1 399 468 197 52 323 295 478 86 311 138 60 131 32 443 66 503 376 78 80 479 495 446 225 242 97 426 419 164 150 320 88 291 419 485 321 403 193 521 146 483 424 164 389 2 446 450 277 401 423 211 300 53 331 482 281 349 280 445 76 512 1 177 119 408 300 134 199 186 9 117 402 147 326 59 444 509 89 519 189 481 454 73 430 178 392 45 213 460 187 476 89 181 484 226 218 436 331 349 225 259 288 133 447 128 75 150 127 508 486 324 123 492 17 228 468 500 505 406 373 427 140 46 36 523 221 5 369 35 355 89 315 103 445 411 431 115 515 286 149 448 382 75 104 84 1 410 79 253 490 276 151 7 142 108 351 20 467 210 227 452 263 249 302 307 430 504 2 1 421 93 164 442 361 178 245 221 492 395 491 406 362 76 163 188 365 334 1 141 395 493 74 224 4 374 519 328 42 103 159 230 126 263 225 435 161 507 462 162 207 42 212 50 518 501 317 274 246 23 29 265 26 11 457 239 143 448 243 360 469 445 13 185 76 178 480 120 487 354 39 464 359 414 290 262 345 83 124 299 50 111 300 225 302 169 91 349 429 99 489 225 373 340 296 44 375 386 279 317 489 95 459 181 323 396 15 282 220 293 407 144 2 303 336 390 397 439 21 332 435 519 448 75 287 217 233 56 326 135 489 366 178 375 54 371 391 309 350 145 417 151 191 190 398 162 31 205 278 484 46 136 415 314 363 87 260 10 420 148 22 55 6 463 450 166 204 337 71 225 212 137 12 206 300 313 472 298 425 77 452 335 164 146 14 245 202 241 441 2 78 320 412 151 272 375 151 269 392 53 327 510 349 333 411 461 300 370 271 51 94 306 61 125 300 225 321 494 130 300 244 3 473 222 339 284 156 156 347 63 348 160 342 308 300 304 325 150 523 477 47 15 523 226 151 41 395 467 431 70 18 180 285 61 170 450 346 225 48 53 248 322 129 75 340 151 101 329 251 344 386 387 440 319 68 449 381 168 436 81 118 52 448 172 336 465 413 184 203 174 92 154 28 379 417 225 158 229 422 236 342 497 85 98 238 165 355 261 100 89 250 297 65 208 216 437 394 268 388 219 84 58 289 466 400 408 67 468 80 232 200 34 266 343 182 330 444 312 433 456 418 225 152 215 310 301 90 264 407 294 110 88 157 43 273 177 132 69 103 8 362 275 234 368 383 248 270 247 471 87 197 385 38 450 201 62 372 33 345 122 501 323 483 169 179 159 517 305 155 114 73 475 516 14 453 64 106 1 209 428 240 225 380 450 71 19 30 137 316 341 448 79 450 57 450 171 183 84 267 521 175 72 491 37 496 364 231 102 159 514 510 470 415 333 300 511 358 252 257 84 163 27 416 256 63 283 82 258 181 353 214 254 377 458 139 451 113 513 378 89 506 292 195 105 194 164 367 223 109 121 178 112 408 384 336 49 404 255 102 235 237 
c [Main] Lowest label SAT is set to 523.
c [Main] Kill higher label pid 524.
c [Main] Kill higher label pid 525.
c [Main] Kill higher label pid 526.
c [Main] Kill higher label pid 527.
c [Label = 525] Encoding starts with target value = 75:
c [Label = 525] Encoding duration: 10975ms.
c [Label = 525] Number of clauses: 9256027.
c [Label = 525] Number of variables: 1152585.
c [Signal] Signal interruption. Caught signal: SIGTERM (15).
c [Label = 524] Encoding starts with target value = 75:
c [Label = 524] Encoding duration: 10954ms.
c [Label = 524] Number of clauses: 9240472.
c [Label = 524] Number of variables: 1151076.
c [Signal] Signal interruption. Caught signal: SIGTERM (15).
c [Label = 526] Encoding starts with target value = 75:
c [Label = 526] Encoding duration: 11245ms.
c [Label = 526] Number of clauses: 9266948.
c [Label = 526] Number of variables: 1154094.
c [Signal] Signal interruption. Caught signal: SIGTERM (15).
c [Label = 527] Encoding starts with target value = 75:
c [Label = 527] Encoding duration: 11852ms.
c [Label = 527] Number of clauses: 9438373.
c [Label = 527] Number of variables: 1207083.
c [Signal] Signal interruption. Caught signal: SIGTERM (15).
c [Label = 519] Minimize Makespan Labeling problem (X-can__715.mtx.rnd):
c [Main] Child pid 526 - 804308 terminated by signal 15.
c [Label = 518] Minimize Makespan Labeling problem (X-can__715.mtx.rnd):
c [Main] Child pid 524 - 804310 terminated by signal 15.
c [Main] Child pid 525 - 804309 terminated by signal 15.
c [Label = 516] Minimize Makespan Labeling problem (X-can__715.mtx.rnd):
c [Main] Child pid 527 - 804307 terminated by signal 15.
c [Label = 515] Minimize Makespan Labeling problem (X-can__715.mtx.rnd):
c [Label = 517] Minimize Makespan Labeling problem (X-can__715.mtx.rnd):
c [Label = 521] Encoding starts with target value = 75:
c [Label = 521] Encoding duration: 11093ms.
c [Label = 521] Number of clauses: 9193805.
c [Label = 521] Number of variables: 1146549.
c [Label = 521] Solving duration: 273424 ms.
s [Label = 521] SAT (w = 75).
c [Label = 521]Label assignment: 506 149 220 10 226 391 84 218 490 516 458 399 133 66 213 520 249 481 388 441 111 521 235 300 224 308 332 24 51 98 299 132 207 518 171 249 514 478 330 99 114 422 114 295 414 145 353 521 15 254 8 195 382 189 76 410 495 445 426 393 399 325 337 12 141 3 45 451 293 163 324 334 263 273 50 450 58 383 324 413 121 233 197 2 348 69 499 509 74 438 158 245 419 194 396 472 264 465 340 365 249 400 89 511 219 401 38 385 229 465 465 39 246 361 22 124 299 19 54 488 353 159 433 423 402 149 359 296 309 403 131 145 149 494 236 350 133 411 103 20 407 135 154 40 457 394 74 67 108 216 508 161 288 391 284 479 62 7 151 375 473 86 412 58 44 406 13 107 102 347 305 75 241 208 300 33 302 401 150 292 310 159 6 58 214 421 420 5 289 63 453 169 300 257 56 75 30 299 32 453 85 444 205 233 234 461 315 113 298 148 215 313 438 281 432 270 196 160 266 470 336 226 300 317 458 27 35 163 101 277 358 43 247 320 386 353 154 300 279 372 275 29 443 505 47 166 489 352 328 252 141 223 212 379 110 52 282 221 217 442 219 294 417 300 192 471 34 300 299 398 238 18 300 58 46 248 26 109 1 164 521 13 300 474 375 294 222 481 54 304 320 370 344 299 61 239 309 5 450 17 410 364 299 520 126 131 188 49 491 363 405 93 299 291 173 389 130 426 468 517 144 481 346 375 77 351 82 435 295 300 513 300 362 231 475 157 341 183 430 410 375 286 139 395 272 375 269 317 193 122 142 283 253 146 380 37 469 149 76 278 71 118 80 244 60 261 38 460 113 219 231 125 432 300 37 321 436 369 410 354 427 375 304 492 507 238 512 91 439 191 256 64 326 155 73 493 39 255 92 356 324 112 128 38 325 307 186 262 300 426 455 319 105 117 477 343 410 149 306 240 41 70 137 116 168 8 450 199 68 271 324 314 28 424 375 73 457 88 434 368 378 144 148 72 218 187 440 334 149 149 313 162 112 156 323 462 174 173 403 233 184 174 484 366 233 260 138 290 444 467 152 147 32 242 202 97 79 375 416 227 397 88 94 149 16 65 431 83 316 14 143 374 324 463 9 11 228 139 369 311 448 320 226 406 376 237 300 68 243 342 428 180 398 90 201 316 306 274 374 114 129 57 36 515 158 395 480 37 216 148 209 245 206 53 177 58 374 437 250 360 268 299 375 315 331 322 496 308 140 449 405 285 300 178 179 134 451 136 280 476 305 483 355 165 333 378 182 181 487 95 225 59 429 226 316 224 318 415 464 300 208 167 267 106 143 54 204 234 521 370 53 312 296 305 226 23 301 300 127 190 297 4 123 133 446 203 120 142 258 299 21 407 425 367 230 75 466 390 5 404 441 81 78 338 345 329 456 335 339 519 48 51 308 497 485 299 224 406 144 349 151 250 42 127 381 25 145 151 31 151 503 153 172 498 175 299 384 486 76 210 265 371 410 96 55 375 33 198 501 510 303 447 452 232 500 119 287 100 259 373 115 377 387 126 327 459 176 454 40 145 104 170 57 13 251 467 200 379 418 409 215 394 375 87 185 392 276 357 374 408 211 502 412 482 504 
c [Main] Lowest label SAT is set to 521.
c [Main] Kill higher label pid 522.
c [Label = 522] Encoding starts with target value = 75:
c [Label = 522] Encoding duration: 10916ms.
c [Label = 522] Number of clauses: 9209361.
c [Label = 522] Number of variables: 1148058.
c [Signal] Signal interruption. Caught signal: SIGTERM (15).
c [Label = 514] Minimize Makespan Labeling problem (X-can__715.mtx.rnd):
c [Main] Child pid 522 - 804312 terminated by signal 15.
c [Label = 513] Minimize Makespan Labeling problem (X-can__715.mtx.rnd):
c [Label = 520] Encoding starts with target value = 75:
c [Label = 520] Encoding duration: 12672ms.
c [Label = 520] Number of clauses: 9178250.
c [Label = 520] Number of variables: 1145040.
c [Label = 520] Solving duration: 257401 ms.
s [Label = 520] SAT (w = 75).
c [Label = 520]Label assignment: 3 300 197 304 5 474 4 46 2 491 462 25 350 379 490 297 223 469 38 49 494 503 150 295 40 437 124 28 37 220 272 485 15 384 438 343 11 498 68 445 312 499 150 86 299 47 344 514 252 188 340 492 272 108 478 310 389 237 376 472 291 487 517 305 372 301 44 6 121 474 268 257 208 105 327 442 394 360 298 95 203 183 210 56 325 64 463 403 452 122 341 209 502 2 232 1 10 106 345 196 302 373 134 99 39 502 410 226 474 515 430 300 170 432 261 431 240 61 44 257 467 313 288 484 417 300 362 451 418 314 117 77 109 102 41 273 318 99 238 332 265 421 108 324 464 482 434 332 443 297 248 476 346 226 229 500 152 512 408 391 29 464 392 286 477 216 520 328 161 131 288 270 225 27 137 132 271 321 488 410 172 489 51 86 479 390 314 397 146 307 264 510 245 247 381 255 406 5 57 127 520 221 244 323 59 485 228 260 285 320 206 302 429 194 519 171 315 504 126 282 308 330 368 447 435 520 98 300 269 306 388 157 441 156 358 59 227 70 377 347 444 281 375 78 405 304 355 150 253 175 426 213 428 330 75 302 240 82 336 274 359 189 205 447 333 416 228 120 454 470 125 63 167 329 349 218 436 267 261 54 447 122 485 199 258 144 29 410 306 276 433 317 409 147 39 495 314 404 411 266 119 422 129 152 303 282 311 507 374 300 285 484 274 356 516 274 135 180 49 199 168 184 363 20 440 419 299 402 40 294 2 40 227 493 228 176 370 352 451 72 518 235 207 357 227 197 111 364 192 445 371 382 334 139 378 22 389 204 483 190 71 77 302 72 332 400 66 145 166 484 165 169 519 294 140 260 174 67 36 30 274 367 473 163 427 150 119 494 439 366 155 299 151 212 115 484 31 116 272 349 94 225 475 455 259 91 86 74 225 290 122 149 254 324 418 241 315 124 319 151 468 219 107 375 77 520 407 511 445 257 152 365 491 496 243 134 347 225 520 509 225 182 303 393 185 138 91 274 213 225 225 227 342 240 202 33 148 80 154 186 41 193 335 178 361 508 217 309 375 289 342 81 130 262 43 386 302 407 415 184 76 272 506 215 450 246 31 481 401 55 343 335 57 151 266 47 173 48 296 302 47 144 104 225 252 87 505 369 288 317 427 425 293 444 214 65 123 287 354 272 331 83 492 93 466 231 222 316 281 451 465 339 113 284 420 395 338 378 46 13 158 279 280 73 383 152 520 101 124 128 249 326 276 69 263 387 201 8 191 164 303 461 376 100 21 385 349 423 14 122 376 200 187 239 141 501 282 224 7 240 412 89 52 409 292 58 31 62 44 115 159 396 26 34 39 32 413 98 118 452 280 75 448 110 347 92 97 122 195 455 424 256 236 223 136 143 160 81 44 55 12 153 224 103 471 322 250 69 149 233 283 296 96 276 399 460 179 335 114 234 19 85 112 221 380 50 278 251 370 398 79 142 88 162 18 376 211 53 29 119 389 277 488 60 453 369 459 242 45 486 275 9 456 497 133 262 474 181 230 376 105 461 30 117 35 503 449 42 104 444 458 226 353 24 177 348 121 351 446 198 40 224 274 513 84 23 16 337 377 17 90 480 457 451 414 
c [Main] Lowest label SAT is set to 520.
c [Label = 512] Minimize Makespan Labeling problem (X-can__715.mtx.rnd):
c [Label = 518] Encoding starts with target value = 75:
c [Label = 518] Encoding duration: 10925ms.
c [Label = 518] Number of clauses: 9147139.
c [Label = 518] Number of variables: 1142022.
c [Label = 518] Solving duration: 242363 ms.
s [Label = 518] SAT (w = 75).
c [Label = 518]Label assignment: 1 273 58 514 486 1 1 457 209 143 1 1 1 150 468 199 1 504 7 5 1 509 184 469 111 429 213 322 388 300 454 1 14 98 104 453 518 455 92 501 90 19 15 475 479 474 392 75 491 65 444 1 149 7 436 169 1 397 479 133 134 78 456 416 136 358 64 498 375 175 10 20 125 129 138 97 50 80 119 487 1 43 234 101 341 242 107 517 349 218 373 128 346 443 440 1 126 496 293 244 1 25 251 1 2 498 199 69 183 510 481 444 226 44 294 513 294 76 416 1 501 403 135 444 76 19 1 322 84 293 36 492 283 393 427 246 207 110 68 292 444 451 264 470 473 11 485 292 404 412 177 491 282 82 300 463 431 1 6 269 394 381 117 201 449 212 9 400 194 337 200 113 93 288 402 103 415 77 79 354 343 18 13 226 72 230 306 132 240 264 115 205 369 131 320 301 164 488 229 426 510 406 428 157 264 36 105 35 420 309 518 250 402 170 452 29 24 52 246 419 271 144 332 373 486 468 336 356 385 517 301 518 1 482 145 340 108 30 81 140 27 439 189 133 30 171 407 304 26 61 215 484 1 118 379 230 121 18 387 444 148 302 329 295 444 442 410 363 272 47 250 45 369 383 371 355 323 23 46 22 300 494 375 254 195 225 63 465 226 395 380 172 367 186 31 39 185 55 49 479 245 325 432 319 266 471 262 437 369 375 181 503 480 208 42 208 205 278 255 445 396 291 311 495 17 151 127 399 398 374 139 146 226 83 280 326 423 40 461 168 39 460 247 221 425 286 59 514 420 134 210 353 321 444 326 37 440 512 104 462 88 160 189 281 317 395 372 198 192 322 264 223 226 382 299 152 151 73 241 450 3 228 219 347 163 175 249 348 23 360 493 287 397 263 270 243 245 248 417 375 94 25 152 459 446 401 294 310 198 389 424 365 315 102 28 217 76 404 157 333 285 33 284 1 158 229 438 369 222 142 264 339 176 413 130 402 248 99 178 29 351 193 477 307 444 62 151 489 36 36 434 430 297 100 324 467 435 86 305 155 151 267 282 8 350 395 7 89 479 135 151 407 370 425 362 378 515 369 235 340 335 418 314 274 275 338 48 91 408 276 154 466 20 369 252 135 459 180 147 166 247 167 334 191 57 414 290 161 21 165 153 96 441 344 483 423 515 253 197 450 332 304 345 322 237 256 54 444 405 326 473 39 258 4 116 39 87 124 232 227 328 312 137 259 402 228 457 421 330 433 266 239 141 444 152 316 60 397 71 152 202 19 174 67 313 277 320 66 375 204 433 41 245 260 416 482 391 51 421 190 289 156 263 214 298 257 27 361 265 473 283 377 224 511 366 133 376 133 283 364 211 85 303 126 133 386 70 135 123 198 472 490 114 95 402 253 463 336 251 318 508 368 74 422 188 502 16 1 485 251 134 109 369 133 341 353 34 216 390 10 411 196 179 187 261 345 476 409 279 352 379 151 302 35 231 365 516 225 506 375 30 247 505 322 447 162 331 233 38 236 208 397 342 238 384 173 464 359 182 500 159 47 53 296 32 416 206 203 122 300 56 106 472 232 327 397 507 497 112 419 120 515 499 246 261 448 478 324 220 308 357 12 458 268 51 
c [Main] Lowest label SAT is set to 518.
c [Main] Kill higher label pid 519.
c [Label = 519] Encoding starts with target value = 75:
c [Label = 519] Encoding duration: 11256ms.
c [Label = 519] Number of clauses: 9162694.
c [Label = 519] Number of variables: 1143531.
c [Signal] Signal interruption. Caught signal: SIGTERM (15).
c [Label = 511] Minimize Makespan Labeling problem (X-can__715.mtx.rnd):
c [Main] Child pid 519 - 804828 terminated by signal 15.
c [Label = 510] Minimize Makespan Labeling problem (X-can__715.mtx.rnd):
c [Label = 514] Encoding starts with target value = 75:
c [Label = 514] Encoding duration: 10842ms.
c [Label = 514] Number of clauses: 9084917.
c [Label = 514] Number of variables: 1135986.
c [Label = 514] Solving duration: 252527 ms.
s [Label = 514] SAT (w = 75).
c [Label = 514]Label assignment: 1 514 10 1 508 11 1 497 85 141 1 344 469 440 478 26 374 1 11 1 1 509 188 216 103 43 440 87 330 113 443 454 45 56 140 481 1 495 35 443 449 489 1 225 11 443 432 448 10 11 408 1 88 368 36 198 511 38 505 252 443 501 491 314 441 506 458 487 60 185 400 451 488 333 259 311 70 86 33 422 18 1 11 47 155 468 1 289 358 291 113 230 192 11 52 10 446 162 424 467 10 331 72 1 496 513 378 114 11 1 321 406 300 338 440 1 300 69 136 512 438 247 242 362 427 13 1 178 507 161 301 353 106 342 224 328 318 107 125 28 406 160 375 216 1 450 514 437 383 106 387 390 389 108 34 457 106 5 1 402 441 191 137 398 19 434 86 3 316 104 205 225 59 238 355 382 51 504 48 204 260 149 499 225 61 16 73 325 361 374 233 450 287 189 115 225 252 290 420 421 371 286 1 276 74 1 375 456 442 411 405 181 62 40 475 64 57 490 375 247 358 49 174 237 300 471 440 214 146 1 418 139 500 503 221 415 224 323 112 200 210 27 340 96 492 219 357 435 202 120 365 441 512 84 135 224 319 53 44 444 211 308 327 169 119 124 132 215 256 182 100 4 152 392 160 295 144 300 445 462 366 443 190 78 365 361 77 3 450 322 399 313 277 183 477 322 449 300 476 470 211 98 188 139 97 244 463 334 296 186 368 174 412 102 388 235 255 300 85 217 239 17 111 95 176 355 66 426 394 180 93 429 296 374 484 359 216 346 324 175 31 491 209 322 449 393 320 461 433 300 317 440 304 82 20 46 295 22 98 159 117 214 224 373 500 493 37 28 161 118 416 257 510 216 265 345 158 83 171 473 30 353 167 391 267 374 282 79 32 164 170 7 485 222 291 248 157 417 360 443 307 370 374 409 300 401 151 296 280 439 241 145 70 221 12 188 187 156 200 348 87 366 312 331 214 285 303 50 294 425 374 266 310 24 411 355 245 450 206 494 181 179 459 261 285 259 150 390 280 474 374 449 162 251 81 141 449 89 127 264 207 42 290 464 375 202 453 480 184 162 332 249 76 386 386 447 423 379 349 376 312 363 204 263 58 277 54 94 201 105 131 193 289 15 407 87 101 449 436 374 90 271 276 181 142 154 128 381 6 224 326 71 220 130 129 375 139 356 341 122 231 355 270 414 269 228 366 196 403 278 397 388 223 2 396 486 425 279 68 372 306 262 272 139 449 498 482 163 177 178 450 449 85 72 63 246 250 333 134 297 197 25 21 274 364 254 109 337 1 203 408 472 227 374 497 336 397 146 278 302 309 384 352 466 369 99 141 428 300 234 305 404 285 472 377 332 410 310 199 300 166 281 172 315 210 350 39 253 465 273 408 479 80 252 430 123 212 210 347 213 29 236 374 165 143 450 292 450 221 430 395 375 360 243 299 329 354 293 78 8 195 173 374 218 288 419 219 121 86 275 414 374 110 194 284 283 124 138 91 9 268 333 335 483 455 291 208 222 67 297 257 92 14 408 185 226 65 232 148 367 126 67 298 85 116 339 371 240 75 216 229 343 258 351 139 168 153 431 23 214 380 220 385 374 55 413 147 502 433 460 236 452 133 483 41 
c [Main] Lowest label SAT is set to 514.
c [Main] Kill higher label pid 515.
c [Main] Kill higher label pid 516.
c [Main] Kill higher label pid 517.
c [Label = 515] Encoding starts with target value = 75:
c [Label = 515] Encoding duration: 11458ms.
c [Label = 515] Number of clauses: 9100472.
c [Label = 515] Number of variables: 1137495.
c [Signal] Signal interruption. Caught signal: SIGTERM (15).
c [Label = 516] Encoding starts with target value = 75:
c [Label = 516] Encoding duration: 10810ms.
c [Label = 516] Number of clauses: 9116028.
c [Label = 516] Number of variables: 1139004.
c [Signal] Signal interruption. Caught signal: SIGTERM (15).
c [Label = 517] Encoding starts with target value = 75:
c [Label = 517] Encoding duration: 11101ms.
c [Label = 517] Number of clauses: 9131583.
c [Label = 517] Number of variables: 1140513.
c [Signal] Signal interruption. Caught signal: SIGTERM (15).
c [Label = 509] Minimize Makespan Labeling problem (X-can__715.mtx.rnd):
c [Main] Child pid 517 - 804830 terminated by signal 15.
c [Label = 508] Minimize Makespan Labeling problem (X-can__715.mtx.rnd):
c [Main] Child pid 516 - 804831 terminated by signal 15.
c [Label = 507] Minimize Makespan Labeling problem (X-can__715.mtx.rnd):
c [Main] Child pid 515 - 804832 terminated by signal 15.
c [Label = 506] Minimize Makespan Labeling problem (X-can__715.mtx.rnd):
c [Label = 513] Encoding starts with target value = 75:
c [Label = 513] Encoding duration: 10827ms.
c [Label = 513] Number of clauses: 9069361.
c [Label = 513] Number of variables: 1134477.
c [Label = 513] Solving duration: 373691 ms.
s [Label = 513] SAT (w = 75).
c [Label = 513]Label assignment: 479 1 168 432 484 288 1 173 363 271 25 113 122 90 510 461 451 474 288 363 1 1 201 335 136 420 255 448 324 176 76 61 142 108 81 451 450 156 204 368 107 159 8 1 465 510 439 447 247 110 439 500 324 475 513 288 1 78 1 86 262 481 3 465 58 54 11 239 438 213 112 397 126 238 160 139 12 104 14 67 500 105 15 389 148 328 194 422 214 410 435 380 375 284 213 330 193 261 364 353 206 54 234 509 493 489 391 288 266 376 83 381 364 369 181 103 227 76 275 448 10 428 251 498 144 33 451 423 202 76 325 513 492 65 124 93 214 333 265 289 137 502 34 438 6 24 198 217 183 316 79 14 64 495 15 19 513 23 70 236 16 98 82 292 407 51 502 13 439 135 391 398 199 437 214 109 429 19 186 72 452 477 57 242 213 175 207 331 132 138 418 237 386 97 164 281 194 392 81 393 304 296 488 155 150 510 43 499 93 378 223 213 379 400 19 356 364 69 438 71 203 491 438 438 288 150 233 366 196 52 133 442 264 16 511 147 438 424 150 462 88 64 485 513 493 100 273 163 236 391 93 364 463 134 358 438 287 392 70 349 371 263 347 322 439 475 407 298 213 225 138 9 141 259 480 213 243 301 377 505 250 249 231 352 316 94 64 497 204 75 7 439 364 58 504 230 75 390 152 437 89 336 382 205 120 409 460 277 39 235 174 81 249 502 75 306 486 473 341 75 346 308 123 348 161 151 162 313 342 300 243 413 18 101 402 283 87 274 338 288 512 95 267 319 37 139 443 476 195 258 363 354 429 49 472 457 411 40 145 253 35 24 51 312 214 513 494 36 355 192 79 128 243 80 399 394 246 2 288 19 408 326 478 418 281 138 197 513 421 171 245 269 32 417 415 55 208 215 79 325 253 310 105 225 501 415 272 274 300 226 288 63 289 94 191 464 112 269 146 158 93 508 286 303 27 248 214 311 340 295 130 253 149 268 139 214 503 16 376 75 468 61 343 374 453 165 214 45 315 21 441 450 288 332 450 18 120 370 317 256 96 190 466 412 77 42 47 44 289 270 445 172 362 276 325 470 13 214 425 320 252 35 444 26 55 430 207 30 59 111 294 61 213 307 210 62 403 288 218 455 344 357 365 291 56 279 376 121 224 31 359 323 375 301 301 288 22 102 318 93 29 250 436 304 329 314 143 394 269 439 438 431 206 423 345 17 188 289 48 339 352 218 4 88 388 327 282 358 427 396 205 118 408 439 116 170 157 73 99 182 50 328 449 68 414 228 179 364 350 375 129 363 334 288 288 454 438 387 483 469 232 299 222 211 513 220 513 458 496 417 404 360 376 200 321 54 378 46 400 288 373 13 243 184 471 416 119 18 363 419 434 316 92 178 309 106 41 20 241 184 384 214 312 17 229 185 367 187 467 364 85 75 28 66 363 305 166 385 115 221 440 257 438 438 395 127 490 278 75 405 177 438 260 60 131 293 383 453 189 317 23 93 53 209 219 433 376 107 140 38 406 337 290 361 297 426 169 459 289 254 280 372 180 401 117 125 114 251 91 93 84 365 506 244 168 285 482 326 154 446 153 487 74 507 240 513 456 64 302 167 216 351 5 212 109 
c [Main] Lowest label SAT is set to 513.
c [Label = 505] Minimize Makespan Labeling problem (X-can__715.mtx.rnd):
c [Label = 512] Encoding starts with target value = 75:
c [Label = 512] Encoding duration: 11103ms.
c [Label = 512] Number of clauses: 9053806.
c [Label = 512] Number of variables: 1132968.
c [Label = 512] Solving duration: 234427 ms.
s [Label = 512] SAT (w = 75).
c [Label = 512]Label assignment: 175 410 26 1 316 35 512 1 460 375 462 15 247 422 215 478 34 509 144 1 151 1 187 182 260 48 360 190 342 277 262 380 62 489 96 24 1 425 227 347 219 239 14 174 24 463 428 234 29 496 261 176 310 333 437 390 505 373 1 178 101 324 39 265 107 477 388 501 292 69 103 411 36 186 480 106 425 387 471 327 466 474 44 38 113 1 17 26 184 276 112 420 461 139 119 512 227 309 28 488 32 451 190 1 205 1 455 512 490 1 196 417 337 45 224 348 184 325 395 7 369 321 427 486 76 449 479 463 92 88 109 256 136 463 129 447 146 76 153 109 326 25 212 134 1 55 494 184 393 225 411 48 192 437 226 8 133 1 512 334 134 311 476 424 30 183 25 10 95 340 109 76 485 263 160 99 49 207 470 134 66 51 457 398 49 395 138 185 142 210 130 377 335 125 123 171 409 312 76 31 508 429 499 151 131 1 467 20 406 133 27 227 151 35 9 19 259 23 134 298 152 307 332 176 37 143 72 295 438 68 75 404 46 283 235 112 58 83 76 313 293 184 181 127 214 209 222 189 226 147 463 401 3 118 462 141 334 491 67 79 94 318 11 439 506 301 76 184 184 300 219 5 280 413 329 296 382 174 52 511 387 108 184 257 409 352 418 22 392 211 145 87 109 78 155 361 287 438 432 246 209 463 388 421 111 289 510 423 149 338 433 381 417 259 393 452 107 383 254 438 159 105 11 320 203 248 227 365 368 355 364 120 226 44 21 419 463 189 294 389 37 40 202 463 472 101 502 18 59 103 101 148 63 344 357 176 135 109 376 226 258 218 206 58 475 228 364 495 267 291 430 232 114 101 104 446 161 240 394 273 285 197 459 151 386 33 243 284 438 164 188 397 349 158 301 43 110 439 309 201 315 426 59 184 75 121 378 151 61 77 268 452 166 54 221 463 58 163 75 314 351 288 101 109 101 385 26 259 198 71 183 301 47 74 412 184 387 396 253 42 339 336 439 238 489 507 242 199 438 484 463 108 251 345 442 463 132 193 303 312 117 178 72 450 332 435 448 464 335 255 445 407 278 455 454 2 411 184 151 322 212 388 173 41 414 441 306 469 75 264 371 354 205 18 216 403 93 377 250 36 229 213 150 341 64 304 388 102 91 209 314 483 177 403 341 131 481 167 109 112 169 364 123 402 236 157 2 98 97 84 317 482 377 170 500 50 165 85 13 359 162 34 297 214 176 486 375 57 334 372 479 346 122 377 65 473 274 231 370 128 458 6 100 400 154 172 200 313 99 401 266 204 353 208 410 487 279 476 463 497 358 360 244 184 116 89 220 168 408 474 367 418 463 133 269 375 391 101 376 299 343 328 385 180 187 356 492 115 386 86 194 380 208 82 405 109 410 140 73 249 504 453 270 271 233 391 468 387 302 416 384 56 136 179 302 90 212 350 394 4 300 241 404 493 434 436 275 195 331 362 415 227 245 411 390 81 498 305 137 456 217 290 70 440 26 176 60 282 308 281 211 366 212 12 323 363 132 387 302 330 226 207 481 103 223 399 53 461 487 126 455 16 156 252 319 272 503 286 379 124 431 302 178 465 315 444 38 191 469 443 374 230 237 6 80 
c [Main] Lowest label SAT is set to 512.
c [Label = 504] Minimize Makespan Labeling problem (X-can__715.mtx.rnd):
c [Label = 511] Encoding starts with target value = 75:
c [Label = 511] Encoding duration: 11168ms.
c [Label = 511] Number of clauses: 9038250.
c [Label = 511] Number of variables: 1131459.
c [Label = 511] Solving duration: 233439 ms.
s [Label = 511] SAT (w = 75).
c [Label = 511]Label assignment: 65 505 39 290 1 499 472 485 325 358 427 272 467 293 357 1 511 1 4 14 3 509 424 452 335 301 447 438 240 385 450 438 54 22 111 425 11 1 361 354 104 472 486 472 145 455 186 32 474 287 391 487 418 493 14 283 498 390 1 449 161 500 112 386 189 450 105 12 191 431 113 15 319 145 133 88 450 76 75 159 471 384 100 95 162 496 494 53 185 268 234 466 274 255 255 471 381 264 176 20 8 242 237 77 450 1 184 256 14 1 171 185 36 322 151 10 260 76 255 1 150 268 152 428 429 450 2 210 97 410 245 400 24 363 335 208 88 230 394 142 329 59 99 510 193 25 31 243 370 396 36 105 390 321 218 48 366 1 508 318 148 399 403 75 167 412 1 323 152 134 435 312 330 371 260 349 150 511 436 26 253 466 477 280 44 451 142 94 478 480 28 373 67 155 310 277 132 114 437 35 480 380 468 126 105 459 78 260 189 85 13 356 80 276 504 1 77 511 101 115 155 174 236 475 309 42 265 123 209 1 397 23 497 436 294 150 263 353 120 211 418 401 260 362 482 446 114 305 352 362 190 393 374 302 193 407 166 235 443 197 460 140 416 114 342 404 212 109 110 362 356 6 314 454 250 375 373 274 376 40 343 343 483 489 108 295 442 62 415 192 146 228 168 84 154 361 130 333 365 491 405 469 260 405 345 461 30 369 223 432 280 33 164 163 125 445 15 226 359 308 73 51 76 389 253 155 27 16 383 90 346 298 177 98 149 296 458 466 30 353 225 164 34 223 299 341 495 163 434 453 339 303 465 340 170 15 204 110 317 384 188 330 255 456 408 75 264 43 239 304 338 81 228 137 183 289 492 215 356 420 233 190 475 202 349 440 426 232 266 278 75 463 457 244 194 47 377 215 193 114 200 258 331 451 124 448 484 382 260 363 264 128 261 330 377 5 450 282 141 131 475 49 400 471 320 117 218 50 269 169 430 469 86 224 449 257 268 275 195 55 260 93 414 160 64 476 111 173 82 9 267 89 250 473 348 27 436 206 158 301 217 501 259 493 153 317 508 163 411 223 214 75 153 316 325 288 368 57 38 392 45 135 284 107 110 61 248 262 221 379 459 441 198 7 138 168 355 405 209 102 439 219 336 260 383 179 418 129 157 335 378 479 273 350 438 103 330 118 185 189 265 190 24 254 231 242 490 141 324 178 481 347 351 17 229 163 182 175 64 79 70 260 464 444 395 462 343 201 247 35 433 167 265 326 268 281 465 122 375 213 74 46 466 252 156 417 60 342 52 53 335 205 63 291 30 374 121 147 343 220 119 507 264 241 116 115 255 187 72 68 401 334 418 372 433 211 307 175 249 196 189 270 438 268 268 198 21 285 15 154 360 106 511 87 327 92 492 292 387 139 29 251 489 227 403 419 246 96 298 83 173 330 226 400 180 260 339 143 367 222 502 37 511 422 165 132 133 398 299 216 199 91 409 503 71 181 19 41 375 203 306 437 388 193 510 268 297 136 151 423 286 114 58 56 238 311 75 300 402 363 337 506 413 325 207 190 66 400 69 421 279 1 313 505 172 114 271 114 488 255 364 280 161 105 328 144 332 406 470 276 315 18 127 451 344 
c [Main] Lowest label SAT is set to 511.
c [Label = 503] Minimize Makespan Labeling problem (X-can__715.mtx.rnd):
c [Label = 507] Encoding starts with target value = 75:
c [Label = 507] Encoding duration: 11223ms.
c [Label = 507] Number of clauses: 8976028.
c [Label = 507] Number of variables: 1125423.
c [Label = 507] Solving duration: 282162 ms.
s [Label = 507] SAT (w = 75).
c [Label = 507]Label assignment: 471 283 17 1 451 453 503 56 97 374 246 459 501 1 488 1 502 462 1 480 504 505 83 291 104 69 124 449 447 369 449 439 468 1 142 487 1 496 71 151 278 399 25 495 490 109 430 41 478 1 393 1 141 176 1 352 283 141 1 354 176 1 131 505 449 4 8 61 481 278 130 21 465 146 19 124 36 40 277 449 9 1 66 97 148 1 473 499 433 203 211 358 205 1 344 1 225 147 359 455 1 391 73 390 76 86 289 423 1 2 449 179 300 376 433 470 364 88 427 1 95 377 299 404 76 1 1 446 147 358 461 449 272 222 273 226 151 140 116 179 374 15 273 423 15 502 14 179 398 300 486 502 219 76 300 10 247 50 3 300 203 382 44 98 315 387 13 250 64 208 358 351 78 226 433 91 304 491 352 103 324 392 489 135 344 245 118 175 76 75 216 242 254 477 202 225 147 216 333 200 494 433 193 151 308 307 378 413 374 170 15 358 419 353 1 53 210 66 249 203 60 493 279 372 303 485 30 358 403 464 71 425 84 277 327 150 433 224 134 176 469 447 452 127 52 352 357 394 145 248 449 335 15 157 100 424 126 8 54 432 87 313 311 306 420 297 252 206 436 374 433 6 291 129 279 85 367 186 45 283 366 216 187 72 349 163 120 16 32 297 198 63 254 450 34 506 171 201 289 476 352 368 189 344 264 381 46 375 149 198 334 4 178 204 62 374 11 276 429 310 372 18 122 217 333 174 317 384 232 192 110 108 163 66 195 320 449 75 323 332 47 467 410 278 251 415 1 218 111 354 222 343 220 352 194 112 494 12 106 409 280 269 472 74 263 348 24 504 369 328 22 268 113 449 274 164 315 238 352 230 229 374 177 318 356 433 299 48 223 421 241 325 340 4 232 484 83 440 132 278 65 375 81 285 234 185 58 143 181 315 299 419 76 78 35 28 78 222 168 416 119 283 172 286 253 212 340 139 367 5 432 258 504 121 447 433 443 83 336 389 361 329 298 372 412 169 151 355 274 26 353 81 287 237 116 503 427 431 408 321 191 55 444 372 165 309 20 162 358 448 436 454 138 445 42 49 83 295 395 426 330 101 438 281 507 507 255 257 244 160 302 213 283 7 76 119 144 269 271 81 371 196 322 347 376 417 93 215 33 81 316 319 305 411 90 277 498 186 275 99 222 447 141 339 80 373 130 214 386 182 51 166 428 479 407 31 235 81 83 317 151 180 105 266 155 159 362 472 279 350 345 158 209 434 76 483 297 363 152 239 360 497 231 156 167 254 401 342 89 265 197 202 306 433 233 297 353 405 125 29 128 385 153 4 292 96 500 38 240 466 301 161 441 270 435 449 173 449 372 396 221 261 449 370 291 77 477 106 70 183 406 22 379 124 433 236 375 227 79 262 39 283 68 374 79 348 27 338 480 282 449 383 137 293 158 428 107 296 388 456 115 469 422 82 375 123 442 284 92 322 409 348 402 329 437 188 458 94 433 436 463 331 418 482 29 184 346 414 154 460 114 181 326 117 288 341 259 337 207 290 498 136 228 102 43 380 57 449 457 428 400 37 256 397 67 312 365 372 133 423 492 150 190 243 227 297 59 199 267 314 294 475 260 474 23 
c [Main] Lowest label SAT is set to 507.
c [Main] Kill higher label pid 508.
c [Main] Kill higher label pid 509.
c [Main] Kill higher label pid 510.
c [Label = 508] Encoding starts with target value = 75:
c [Label = 508] Encoding duration: 10700ms.
c [Label = 508] Number of clauses: 8991584.
c [Label = 508] Number of variables: 1126932.
c [Signal] Signal interruption. Caught signal: SIGTERM (15).
c [Label = 509] Encoding starts with target value = 75:
c [Label = 509] Encoding duration: 11153ms.
c [Label = 509] Number of clauses: 9007139.
c [Label = 509] Number of variables: 1128441.
c [Signal] Signal interruption. Caught signal: SIGTERM (15).
c [Label = 510] Encoding starts with target value = 75:
c [Label = 510] Encoding duration: 11081ms.
c [Label = 510] Number of clauses: 9022695.
c [Label = 510] Number of variables: 1129950.
c [Signal] Signal interruption. Caught signal: SIGTERM (15).
c [Label = 502] Minimize Makespan Labeling problem (X-can__715.mtx.rnd):
c [Main] Child pid 510 - 804915 terminated by signal 15.
c [Label = 501] Minimize Makespan Labeling problem (X-can__715.mtx.rnd):
c [Main] Child pid 508 - 804930 terminated by signal 15.
c [Main] Child pid 509 - 804924 terminated by signal 15.
c [Label = 500] Minimize Makespan Labeling problem (X-can__715.mtx.rnd):
c [Label = 499] Minimize Makespan Labeling problem (X-can__715.mtx.rnd):
c [Label = 505] Encoding starts with target value = 75:
c [Label = 505] Encoding duration: 11267ms.
c [Label = 505] Number of clauses: 8944917.
c [Label = 505] Number of variables: 1122405.
c [Label = 505] Solving duration: 288726 ms.
s [Label = 505] SAT (w = 75).
c [Label = 505]Label assignment: 504 438 20 411 317 504 2 488 271 226 479 1 133 1 8 7 67 455 3 458 147 471 79 153 205 454 35 98 197 249 110 75 1 14 145 4 500 58 143 435 98 1 127 226 459 151 395 485 1 176 432 355 123 501 344 218 1 335 10 122 196 453 452 11 373 490 1 283 58 255 255 1 472 136 441 199 391 104 269 446 1 43 66 209 213 502 48 312 287 450 381 441 96 500 495 298 184 248 464 462 246 364 313 470 465 139 505 505 64 156 443 17 320 44 285 167 390 357 495 55 342 315 354 431 356 503 15 198 157 404 127 422 322 353 332 280 150 394 298 355 263 46 251 329 410 169 16 281 160 149 376 68 274 480 263 20 494 36 486 374 420 136 140 331 460 25 476 482 449 136 365 283 269 42 437 328 396 493 227 211 294 150 49 318 64 359 363 208 497 219 37 207 19 214 423 221 120 448 381 366 27 327 499 404 242 379 154 355 173 141 478 255 442 412 1 349 181 2 306 431 236 451 346 346 473 381 32 450 323 238 399 333 1 1 43 218 152 26 108 379 88 123 127 115 334 93 356 436 227 212 352 241 487 229 356 150 468 1 457 175 417 339 378 129 55 158 469 355 291 247 79 504 325 382 348 421 356 406 9 28 260 431 280 271 125 74 108 21 257 348 418 430 130 20 474 431 377 289 151 475 344 110 389 270 341 340 1 76 358 286 393 424 427 275 306 172 30 57 261 244 192 430 163 276 60 155 119 295 505 286 265 105 345 225 289 148 115 11 305 344 239 466 75 190 262 505 206 477 243 431 429 69 50 278 290 338 463 490 214 304 344 150 64 33 228 68 450 303 47 151 376 279 361 347 361 222 379 237 344 56 426 197 356 34 419 177 180 383 289 131 413 87 324 45 136 107 337 73 335 182 288 438 495 450 407 109 65 231 118 368 188 387 117 150 491 505 150 195 254 373 272 81 423 101 166 260 430 75 190 444 171 301 78 366 300 440 200 330 93 483 441 356 120 106 300 415 193 174 85 18 180 21 188 235 104 23 494 344 306 179 445 178 430 476 128 240 52 233 362 116 170 83 268 401 369 449 302 430 151 58 71 293 77 84 250 80 266 96 223 86 203 75 252 314 456 113 150 139 210 186 100 220 179 414 133 496 267 258 435 150 143 114 183 330 292 494 307 168 87 335 59 216 447 225 53 350 297 505 461 129 2 425 296 103 144 467 202 161 24 370 45 329 112 227 384 388 6 254 367 408 70 403 122 311 281 264 349 351 95 234 366 61 230 334 217 130 139 41 309 91 247 425 356 64 344 375 349 283 356 280 400 350 432 280 372 138 253 409 208 259 132 416 110 256 135 97 22 428 48 381 263 405 272 137 185 385 5 437 498 284 189 89 300 492 277 306 94 380 272 245 62 40 38 194 392 326 371 308 433 282 159 501 439 122 419 434 204 127 165 54 398 134 343 147 375 82 436 124 271 142 424 75 63 356 316 16 484 338 494 121 286 111 201 31 481 431 402 336 198 29 172 348 187 61 225 397 72 414 386 321 146 39 404 272 299 232 12 99 13 102 150 211 273 329 254 360 51 431 164 494 489 310 162 64 215 191 126 319 90 461 401 11 197 92 224 
c [Main] Lowest label SAT is set to 505.
c [Main] Kill higher label pid 506.
c [Label = 506] Encoding starts with target value = 75:
c [Label = 506] Encoding duration: 11163ms.
c [Label = 506] Number of clauses: 8960473.
c [Label = 506] Number of variables: 1123914.
c [Signal] Signal interruption. Caught signal: SIGTERM (15).
c [Label = 498] Minimize Makespan Labeling problem (X-can__715.mtx.rnd):
c [Main] Child pid 506 - 804932 terminated by signal 15.
c [Label = 497] Minimize Makespan Labeling problem (X-can__715.mtx.rnd):
c [Label = 504] Encoding starts with target value = 75:
c [Label = 504] Encoding duration: 11038ms.
c [Label = 504] Number of clauses: 8929362.
c [Label = 504] Number of variables: 1120896.
c [Label = 504] Solving duration: 246784 ms.
s [Label = 504] SAT (w = 75).
c [Label = 504]Label assignment: 19 1 226 492 1 204 491 1 376 418 1 1 4 1 504 1 24 321 5 150 1 1 127 151 82 229 70 76 23 430 309 7 52 20 64 8 504 197 447 1 105 380 468 459 434 493 223 58 130 450 283 191 151 227 39 204 2 142 488 108 98 490 502 1 57 1 42 1 199 204 83 1 460 173 257 76 40 91 99 16 482 11 489 196 123 216 467 16 158 320 428 294 190 12 122 317 340 379 430 478 18 1 219 46 472 169 286 190 8 501 30 170 148 163 353 107 361 59 189 1 379 248 151 250 297 1 3 377 84 102 1 451 430 106 93 151 151 172 273 157 266 75 375 117 1 371 21 157 389 396 76 15 504 433 392 19 430 287 465 277 85 365 315 140 421 402 347 25 370 181 157 223 92 425 424 295 401 14 453 161 1 362 1 239 54 403 116 274 155 445 44 359 417 423 443 311 105 151 331 170 490 63 305 262 92 499 503 476 304 94 183 198 61 429 463 152 66 477 43 151 97 186 301 301 202 496 246 214 104 15 71 355 493 1 195 77 143 228 75 175 493 504 346 76 461 446 302 76 67 171 321 256 135 208 151 444 415 500 333 450 226 151 410 470 200 354 431 211 245 160 356 343 363 73 301 313 380 144 480 369 397 452 165 411 436 151 136 429 355 151 45 383 334 471 458 419 5 348 50 41 368 309 243 169 358 310 449 9 187 271 75 504 377 258 53 109 164 300 475 387 146 382 125 71 394 141 466 299 110 246 151 76 254 6 309 455 1 33 205 185 464 293 308 474 375 61 275 260 355 151 457 194 367 220 307 429 207 481 234 424 437 432 440 37 465 281 133 410 184 221 121 498 418 140 7 222 473 314 174 51 292 420 301 84 265 355 386 225 344 400 302 446 353 217 318 306 24 428 151 504 154 347 17 384 390 305 80 339 328 376 303 282 393 441 454 385 199 188 288 120 303 215 462 485 319 414 286 126 430 390 355 312 226 103 338 412 76 121 430 29 329 420 209 413 284 269 318 151 232 498 434 95 113 236 34 192 357 388 421 261 149 355 361 354 372 407 168 35 241 379 211 173 233 422 182 56 435 285 48 314 242 98 456 349 247 65 368 434 26 224 86 158 430 436 291 381 487 366 230 90 302 290 430 351 430 423 139 131 375 378 395 227 427 280 47 17 204 128 322 133 486 497 62 350 267 151 296 201 180 166 249 76 354 495 272 13 145 76 89 150 138 212 96 360 241 330 375 176 336 406 194 244 150 177 153 324 345 302 115 416 159 237 442 289 137 255 499 301 81 426 191 479 404 114 167 263 399 112 69 361 134 504 413 337 76 60 364 193 118 32 38 327 322 375 36 302 348 10 429 249 405 203 302 218 23 503 469 497 279 316 68 484 341 438 323 124 494 374 119 448 375 352 111 378 455 204 231 355 264 325 33 17 178 151 279 335 391 251 397 298 278 159 88 439 171 268 45 355 22 213 227 451 252 499 136 342 408 78 87 270 27 302 423 483 409 65 315 238 72 210 9 146 453 55 253 194 179 375 276 151 373 315 206 452 332 215 28 31 235 75 5 259 71 101 398 350 187 377 49 129 71 132 74 100 240 147 156 503 321 79 429 162 345 504 326 
c [Main] Lowest label SAT is set to 504.
c [Label = 496] Minimize Makespan Labeling problem (X-can__715.mtx.rnd):
c [Label = 501] Encoding starts with target value = 75:
c [Label = 501] Encoding duration: 10991ms.
c [Label = 501] Number of clauses: 8882695.
c [Label = 501] Number of variables: 1116369.
c [Label = 501] Solving duration: 249545 ms.
s [Label = 501] SAT (w = 75).
c [Label = 501]Label assignment: 493 471 7 55 1 8 2 6 107 352 2 291 1 15 1 296 10 492 391 13 1 478 85 433 110 76 135 351 82 67 263 433 37 1 125 352 1 496 90 426 140 1 34 1 28 433 241 479 378 15 351 2 113 495 395 165 42 134 457 174 433 1 1 501 176 339 458 1 277 63 125 448 412 248 404 94 18 428 160 194 347 1 501 76 331 1 212 5 189 259 203 426 465 384 326 1 132 426 424 1 126 192 244 499 76 287 269 319 15 483 188 436 428 205 353 490 358 139 351 1 206 351 198 345 79 501 16 188 445 196 263 194 489 214 160 239 177 211 403 270 112 1 90 330 487 12 497 270 392 66 77 8 427 76 280 1 435 3 197 421 327 368 266 199 433 417 177 30 213 343 31 492 426 277 218 277 191 56 429 93 191 13 500 341 480 401 204 427 477 402 151 130 195 363 267 316 111 413 410 426 378 398 24 151 165 17 359 194 180 217 486 165 227 300 501 462 72 460 165 358 452 83 358 269 278 497 294 371 380 468 173 10 14 476 284 333 330 283 131 283 23 181 192 249 65 88 340 355 71 71 147 398 20 375 188 85 322 366 150 81 159 309 419 409 175 162 376 194 264 120 160 473 422 352 263 245 184 427 40 4 101 263 459 186 192 323 75 35 434 174 259 418 427 492 491 53 243 438 209 317 85 108 399 302 160 143 29 261 224 369 427 449 338 411 463 113 267 312 99 390 208 35 146 113 164 229 387 440 142 342 334 282 481 407 494 396 109 346 383 315 41 444 293 433 160 271 348 447 352 188 98 179 385 352 338 498 305 25 320 219 201 85 88 470 443 160 68 202 352 218 277 450 233 184 267 226 151 234 315 27 298 174 249 169 276 58 200 288 285 114 258 381 228 424 295 485 417 265 183 182 152 192 480 417 492 259 373 59 264 313 428 230 353 78 464 9 319 292 165 207 358 431 432 351 149 430 358 108 184 64 43 352 261 104 367 186 358 484 200 304 11 195 413 216 382 355 97 342 262 488 316 390 377 357 286 386 390 426 301 222 364 48 344 332 349 379 7 60 374 433 388 281 102 253 335 394 405 195 225 417 168 433 50 474 263 439 246 466 319 437 226 455 153 194 308 194 250 129 238 138 358 117 242 187 171 360 431 124 361 89 144 86 391 275 398 163 54 121 501 416 290 82 260 397 74 393 325 26 500 32 390 52 46 2 301 100 127 143 95 167 467 236 422 96 453 61 279 319 336 426 160 225 249 349 272 47 350 433 232 469 188 39 82 148 221 354 210 156 94 190 414 472 145 21 316 24 174 44 425 346 237 475 251 420 427 446 405 172 274 306 92 362 178 158 70 220 329 188 257 247 166 442 99 123 338 119 115 433 161 299 358 185 400 80 314 328 496 133 103 141 22 274 378 273 73 165 231 97 304 297 349 57 122 157 240 277 218 289 389 461 91 84 501 482 215 295 106 307 116 318 38 83 87 33 319 423 19 90 441 252 451 113 254 36 415 354 321 155 150 49 406 268 69 55 292 352 154 223 170 105 85 235 255 417 337 365 456 86 45 99 128 118 356 408 51 137 62 324 136 326 370 54 433 9 372 193 310 454 311 326 256 111 430 303 427 
c [Main] Lowest label SAT is set to 501.
c [Main] Kill higher label pid 502.
c [Main] Kill higher label pid 503.
c [Label = 503] Encoding starts with target value = 75:
c [Label = 503] Encoding duration: 10991ms.
c [Label = 503] Number of clauses: 8913806.
c [Label = 503] Number of variables: 1119387.
c [Signal] Signal interruption. Caught signal: SIGTERM (15).
c [Label = 502] Encoding starts with target value = 75:
c [Label = 502] Encoding duration: 11535ms.
c [Label = 502] Number of clauses: 8898251.
c [Label = 502] Number of variables: 1117878.
c [Signal] Signal interruption. Caught signal: SIGTERM (15).
c [Label = 495] Minimize Makespan Labeling problem (X-can__715.mtx.rnd):
c [Main] Child pid 503 - 804995 terminated by signal 15.
c [Label = 494] Minimize Makespan Labeling problem (X-can__715.mtx.rnd):
c [Main] Child pid 502 - 805454 terminated by signal 15.
c [Label = 493] Minimize Makespan Labeling problem (X-can__715.mtx.rnd):
c [Label = 499] Encoding starts with target value = 75:
c [Label = 499] Encoding duration: 10823ms.
c [Label = 499] Number of clauses: 8851584.
c [Label = 499] Number of variables: 1113351.
c [Label = 499] Solving duration: 324564 ms.
s [Label = 499] SAT (w = 75).
c [Label = 499]Label assignment: 216 496 23 484 42 418 487 459 293 384 59 26 28 394 343 496 458 254 14 6 483 393 493 280 421 103 425 447 200 380 214 152 43 26 102 18 456 1 267 141 100 475 496 26 293 285 253 22 245 340 177 211 115 472 75 117 474 391 303 121 128 48 1 393 440 250 69 352 35 419 106 44 215 388 148 466 130 160 192 374 497 498 373 499 93 5 125 8 331 198 334 313 192 10 267 20 135 278 391 238 117 499 228 486 11 480 346 181 492 40 113 75 336 241 77 194 227 147 267 149 270 313 276 327 323 496 3 447 132 200 497 371 448 365 258 297 366 263 463 249 299 200 417 267 34 28 1 498 382 16 339 7 391 129 52 82 192 87 469 405 360 50 76 308 260 96 120 2 236 488 72 47 420 226 300 439 452 51 36 264 157 32 223 226 42 221 213 275 76 117 153 176 496 56 277 177 125 268 77 86 49 151 490 227 267 181 175 73 184 379 282 435 471 192 282 363 325 369 418 359 146 34 208 203 259 482 343 364 462 200 107 117 489 148 204 468 108 458 105 493 138 131 99 194 464 104 291 37 161 425 193 414 465 256 289 117 408 304 63 318 498 301 413 273 154 366 121 249 161 95 267 491 232 333 199 41 197 158 91 403 364 372 249 390 174 301 424 346 78 119 132 140 74 174 478 60 420 337 438 485 117 99 89 307 267 445 163 282 401 247 189 188 283 375 473 294 76 392 358 350 364 497 309 139 156 302 101 272 375 174 361 111 134 42 151 142 286 479 150 192 68 54 30 284 70 75 9 364 427 434 98 66 80 226 346 174 281 168 230 429 271 430 112 26 331 192 75 218 270 300 341 322 233 123 13 155 381 226 117 208 234 269 349 314 364 117 426 262 240 383 293 476 251 225 84 143 267 246 205 117 235 91 417 249 151 442 217 363 173 411 348 356 169 432 255 67 267 315 257 279 201 300 371 499 395 371 346 329 185 21 466 424 283 64 116 147 447 192 274 33 301 225 498 410 452 319 412 114 496 496 179 42 99 416 4 25 34 207 237 296 347 439 76 275 305 384 346 125 72 287 451 314 363 195 275 481 417 324 407 310 317 265 71 202 396 65 295 267 354 402 180 152 289 497 74 436 53 192 415 192 115 125 353 335 433 248 292 125 126 117 44 127 200 182 186 187 466 94 236 289 312 431 35 357 85 443 348 77 38 222 437 62 423 499 316 31 321 170 191 398 144 345 110 183 470 196 17 378 207 74 192 171 344 50 358 29 86 266 225 284 74 349 447 133 336 330 159 477 469 496 81 348 283 495 192 212 118 326 178 496 409 460 399 75 110 387 15 400 206 225 450 359 174 417 306 370 243 447 50 275 210 351 447 440 447 12 261 372 192 327 447 1 455 88 386 192 167 376 404 328 39 125 83 372 124 192 58 417 251 496 446 90 377 125 342 499 174 166 422 219 428 76 92 434 97 288 110 316 447 332 450 494 136 231 224 79 57 475 145 311 338 109 397 27 162 441 336 164 467 385 172 287 389 46 290 45 209 229 298 265 117 406 24 445 242 207 55 355 252 444 395 413 190 457 320 220 19 269 461 267 453 449 122 454 239 362 244 368 498 137 45 367 165 499 61 
c [Main] Lowest label SAT is set to 499.
c [Main] Kill higher label pid 500.
c [Label = 500] Encoding starts with target value = 75:
c [Label = 500] Encoding duration: 11489ms.
c [Label = 500] Number of clauses: 8867140.
c [Label = 500] Number of variables: 1114860.
c [Signal] Signal interruption. Caught signal: SIGTERM (15).
c [Label = 492] Minimize Makespan Labeling problem (X-can__715.mtx.rnd):
c [Main] Child pid 500 - 805456 terminated by signal 15.
c [Label = 491] Minimize Makespan Labeling problem (X-can__715.mtx.rnd):
c [Label = 498] Encoding starts with target value = 75:
c [Label = 498] Encoding duration: 11113ms.
c [Label = 498] Number of clauses: 8836029.
c [Label = 498] Number of variables: 1111842.
c [Label = 498] Solving duration: 242096 ms.
s [Label = 498] SAT (w = 75).
c [Label = 498]Label assignment: 7 451 21 15 1 34 1 82 444 292 1 233 450 151 480 1 227 1 34 230 23 16 152 107 95 141 59 347 186 187 105 272 70 6 80 454 201 445 464 272 109 300 15 4 14 105 439 488 452 221 424 497 428 32 399 385 493 308 1 424 115 3 331 364 182 179 43 25 443 150 124 223 473 131 103 76 392 79 456 279 20 108 6 58 424 22 145 176 173 444 372 289 225 462 423 481 99 429 349 478 469 349 214 12 490 481 173 484 380 472 444 333 161 361 246 208 423 349 36 18 148 219 185 496 112 494 429 349 341 349 4 217 55 159 394 444 151 164 256 347 422 27 455 81 10 227 26 346 438 88 410 459 151 406 240 273 227 27 468 122 120 324 212 384 466 330 460 39 205 173 170 163 383 286 424 72 30 458 459 75 62 463 1 107 402 135 124 187 92 498 165 401 196 157 67 312 138 366 267 173 123 438 479 239 383 489 227 497 125 144 1 382 198 455 304 1 347 24 380 444 71 448 341 354 450 471 183 196 160 1 301 150 11 403 397 439 132 294 380 365 407 158 335 122 441 458 444 146 348 258 444 274 350 93 332 227 154 1 51 150 274 355 415 264 346 311 252 347 414 270 380 26 245 403 115 464 136 354 48 94 257 269 259 416 336 349 259 486 152 197 204 215 269 263 28 487 327 381 90 243 150 98 349 273 386 420 85 495 249 260 151 361 261 342 149 269 177 274 343 151 216 422 360 147 247 91 476 389 313 252 102 211 48 498 274 73 369 40 297 394 54 53 405 286 455 74 459 492 81 266 272 156 220 359 338 37 326 7 123 280 303 75 59 57 461 306 345 408 385 109 139 61 482 367 411 375 310 199 380 262 226 286 435 409 379 121 6 305 445 89 277 404 107 226 388 18 380 151 371 182 222 184 391 426 323 211 377 65 349 309 422 251 275 384 99 498 152 315 316 177 390 447 199 20 437 257 422 319 293 378 150 322 87 9 433 424 194 457 278 33 253 421 170 151 291 450 77 274 254 5 229 46 115 52 210 290 64 49 189 321 84 31 425 418 431 97 170 395 349 96 349 206 329 307 417 41 477 422 285 244 402 442 446 274 412 284 49 225 331 328 374 248 379 348 449 192 485 75 255 139 143 199 241 258 298 209 100 387 285 116 119 60 302 203 172 134 150 6 334 358 235 191 296 287 231 162 489 498 491 170 283 8 380 224 105 356 129 106 234 370 318 184 103 57 218 57 29 396 266 259 225 348 113 274 36 465 450 117 35 126 199 62 120 48 95 171 314 128 27 242 453 42 337 474 151 17 207 174 440 197 320 13 193 271 212 130 467 419 66 202 69 213 107 63 47 188 373 344 236 456 175 354 361 140 182 393 20 265 352 270 340 2 281 107 424 41 498 209 68 429 475 424 101 110 349 83 170 57 325 268 124 230 470 111 305 250 44 339 86 299 357 198 80 45 351 81 368 178 434 58 194 228 295 421 118 317 153 28 76 226 400 424 261 238 413 180 353 363 78 104 436 114 282 19 50 376 155 225 176 427 398 276 200 349 284 38 483 432 195 369 137 249 274 133 362 127 167 273 168 225 165 169 190 166 485 171 123 232 430 142 237 288 301 181 56 
c [Main] Lowest label SAT is set to 498.
c [Label = 490] Minimize Makespan Labeling problem (X-can__715.mtx.rnd):
c [Label = 496] Encoding starts with target value = 75:
c [Label = 496] Encoding duration: 10909ms.
c [Label = 496] Number of clauses: 8804918.
c [Label = 496] Number of variables: 1108824.
c [Label = 496] Solving duration: 220384 ms.
s [Label = 496] SAT (w = 75).
c [Label = 496]Label assignment: 1 496 57 1 15 6 468 42 134 305 1 120 1 68 256 3 491 284 437 16 1 1 159 390 93 80 176 219 451 422 270 2 28 487 338 164 49 1 70 134 91 5 495 496 481 218 422 1 384 79 263 37 367 16 16 403 25 92 496 214 303 352 150 254 221 493 14 59 450 166 316 9 338 131 143 211 263 98 166 468 7 11 50 73 422 13 204 16 168 477 428 56 472 493 392 179 82 402 361 47 166 270 175 1 483 242 422 91 496 194 147 394 122 403 347 277 261 94 91 12 372 393 369 421 97 482 45 217 207 361 251 378 318 153 166 439 188 282 119 184 189 265 317 126 275 493 69 259 76 146 426 15 436 104 238 487 343 440 22 334 150 358 52 376 414 421 61 36 229 149 171 431 166 32 422 314 310 250 416 140 128 476 10 398 316 312 283 201 76 166 151 316 346 326 436 197 216 298 422 408 40 152 478 272 166 486 84 261 326 77 110 166 384 437 462 22 85 24 166 478 446 134 477 221 272 19 71 412 383 21 318 166 23 231 272 422 421 145 124 461 87 286 339 165 1 390 340 420 346 160 373 300 295 183 345 400 334 1 438 365 227 302 29 299 174 227 425 322 244 418 89 29 228 378 477 271 315 81 41 278 133 134 169 396 419 302 490 280 347 253 367 333 334 252 496 155 26 490 162 465 361 360 347 167 424 451 445 127 405 180 417 286 137 35 347 225 18 272 379 354 66 17 53 471 347 225 156 356 411 185 139 138 243 317 345 347 390 483 249 404 377 453 258 240 351 112 451 30 316 288 144 132 237 226 327 83 466 488 420 107 397 91 375 63 309 30 102 169 136 182 489 402 329 390 496 310 198 387 407 267 279 403 266 323 241 91 121 251 101 33 118 158 332 388 331 262 166 362 285 214 289 355 320 439 232 477 316 37 243 300 296 241 347 318 494 290 91 141 347 347 454 117 402 2 384 187 406 75 313 35 91 181 108 353 377 409 444 335 391 115 319 169 177 64 331 381 47 286 248 484 347 321 375 75 44 16 328 58 234 195 441 51 247 114 274 354 260 33 334 376 203 67 411 451 442 476 163 346 154 157 264 311 375 257 62 301 211 16 422 244 205 336 239 186 86 458 106 91 227 91 386 436 422 169 348 387 276 196 206 341 347 43 357 241 150 72 467 123 324 362 125 346 242 130 380 306 27 423 116 171 88 474 166 4 421 287 402 202 224 199 200 170 460 75 220 48 192 422 291 401 395 304 161 286 30 13 20 292 337 55 176 31 172 230 225 244 434 96 215 269 393 268 342 427 90 485 433 480 236 259 46 463 410 259 214 213 475 34 350 330 359 476 209 349 100 148 273 300 366 432 415 466 328 122 449 339 38 132 103 255 208 329 375 366 307 166 435 413 211 412 25 436 111 294 193 166 173 166 233 246 297 400 429 190 241 319 374 430 399 492 191 495 129 325 363 382 390 286 142 254 443 426 401 496 385 346 455 478 166 361 74 368 57 105 14 469 452 389 95 281 235 293 91 78 456 136 54 113 109 464 470 223 222 371 447 370 308 178 75 344 60 495 135 179 459 364 99 448 340 392 65 391 210 479 225 301 39 287 245 212 361 473 457 8 468 
c [Main] Lowest label SAT is set to 496.
c [Main] Kill higher label pid 497.
c [Label = 497] Encoding starts with target value = 75:
c [Label = 497] Encoding duration: 10919ms.
c [Label = 497] Number of clauses: 8820473.
c [Label = 497] Number of variables: 1110333.
c [Label = 497] Solving duration: 259289 ms.
s [Label = 497] SAT (w = 75).
c [Signal] Signal interruption. Caught signal: SIGTERM (15).
c [Label = 489] Minimize Makespan Labeling problem (X-can__715.mtx.rnd):
c [Main] Child pid 497 - 805503 terminated by signal 15.
c [Label = 488] Minimize Makespan Labeling problem (X-can__715.mtx.rnd):
c [Label = 495] Encoding starts with target value = 75:
c [Label = 495] Encoding duration: 10665ms.
c [Label = 495] Number of clauses: 8789362.
c [Label = 495] Number of variables: 1107315.
c [Label = 495] Solving duration: 258289 ms.
s [Label = 495] SAT (w = 75).
c [Label = 495]Label assignment: 393 476 45 70 397 188 494 66 120 456 450 495 479 481 465 55 288 470 451 465 345 14 263 352 130 325 150 447 293 153 355 399 179 144 342 300 392 10 192 372 31 495 26 490 88 381 166 492 253 213 419 475 127 214 138 106 27 98 205 368 357 475 491 480 465 460 188 473 210 38 31 16 3 269 473 472 421 63 42 261 375 64 49 383 91 167 333 63 315 145 338 405 211 43 138 65 288 371 54 87 288 17 215 481 391 75 320 213 31 7 428 443 267 205 246 486 226 462 453 435 132 350 297 430 103 407 30 382 420 446 440 252 40 458 450 297 161 104 97 213 205 53 451 272 477 44 383 55 385 202 81 43 394 450 69 142 450 349 41 280 465 421 74 257 362 304 62 1 205 195 363 325 195 86 356 58 150 343 154 162 266 35 244 334 31 410 140 303 186 451 309 288 47 420 206 433 94 315 177 55 251 411 468 220 450 493 59 52 296 78 216 33 97 451 451 198 363 277 234 456 274 300 458 450 413 254 50 464 426 6 173 442 412 2 172 109 106 57 149 299 45 375 287 121 436 120 299 404 89 200 125 206 1 148 120 453 96 337 12 71 310 229 380 233 426 426 484 475 288 383 270 32 227 11 270 317 377 225 61 485 224 287 471 270 307 235 195 302 288 458 121 414 290 25 493 157 291 345 312 460 119 365 230 176 450 315 1 345 363 208 237 203 443 110 276 120 437 116 120 389 231 243 147 126 242 373 449 347 73 205 460 121 330 43 241 102 222 470 432 114 56 238 232 196 440 400 40 101 300 195 207 278 336 178 281 280 106 390 316 418 136 258 270 29 199 112 100 285 183 335 83 203 120 306 395 270 68 490 117 460 483 379 120 416 375 288 223 45 332 160 202 438 354 298 73 313 290 137 120 376 158 51 33 356 171 121 5 351 239 107 286 374 417 463 169 4 275 170 300 248 454 222 359 210 327 195 324 130 384 39 36 159 195 93 318 439 445 155 375 429 367 211 206 396 251 165 76 451 30 28 113 453 361 167 146 111 451 197 424 141 427 450 55 190 402 369 489 75 205 375 60 195 139 388 185 249 259 290 431 250 366 133 298 431 152 331 194 213 323 164 441 403 378 55 142 130 409 288 107 34 458 300 375 364 53 9 201 71 478 78 358 329 487 108 182 448 213 450 475 299 156 308 375 180 218 340 390 474 187 281 348 422 289 30 415 398 84 439 95 174 228 219 458 444 168 181 383 305 495 55 118 406 459 129 262 273 128 212 223 420 37 319 67 328 295 24 256 339 299 55 205 196 344 63 118 495 375 209 188 55 151 72 15 288 300 80 193 187 143 189 408 185 374 482 455 284 128 452 294 314 120 217 291 385 449 225 401 203 283 292 436 245 322 265 99 467 438 326 48 466 450 204 483 131 221 288 434 191 134 19 282 30 326 458 365 360 390 386 90 338 138 92 271 268 281 82 300 321 120 216 46 63 495 213 356 355 77 353 138 301 346 279 53 21 206 461 264 13 8 225 163 122 20 247 240 224 105 255 370 124 463 115 187 195 483 236 18 120 85 299 425 271 457 79 22 123 175 383 260 135 311 184 383 31 341 300 423 300 469 493 300 488 387 23 182 
c [Main] Lowest label SAT is set to 495.
c [Label = 487] Minimize Makespan Labeling problem (X-can__715.mtx.rnd):
c [Label = 493] Encoding starts with target value = 75:
c [Label = 493] Encoding duration: 10594ms.
c [Label = 493] Number of clauses: 8758251.
c [Label = 493] Number of variables: 1104297.
c [Label = 493] Solving duration: 269975 ms.
s [Label = 493] SAT (w = 75).
c [Label = 493]Label assignment: 396 493 1 6 408 225 1 12 78 164 13 53 490 34 459 1 489 493 2 487 32 9 144 356 135 204 147 344 391 291 340 58 251 64 276 489 1 1 76 419 144 8 41 1 1 314 185 156 243 154 370 480 344 262 493 151 250 105 20 114 167 158 27 493 87 456 487 4 87 128 221 23 1 142 147 150 207 129 412 206 474 468 310 76 352 130 75 43 295 239 219 138 405 491 150 483 394 98 328 458 69 360 275 11 465 31 367 75 487 25 419 210 76 484 393 29 289 127 151 22 111 383 243 435 199 37 489 419 267 162 361 242 268 332 488 247 104 379 113 360 174 451 70 225 15 229 36 360 424 173 124 412 63 163 402 254 70 462 479 76 333 175 105 269 285 286 301 492 400 375 211 271 487 345 286 79 309 12 248 146 200 69 406 205 70 49 91 237 81 412 225 224 210 222 155 351 417 264 372 218 3 347 28 241 412 485 413 442 235 82 39 145 102 337 17 190 209 151 412 344 100 94 419 328 304 477 75 154 231 150 303 73 27 466 381 350 149 433 150 450 327 455 444 97 486 69 344 403 216 150 341 202 492 143 252 101 133 65 293 223 61 321 74 164 450 302 166 292 299 92 238 30 307 246 343 273 267 161 127 457 164 119 210 342 290 136 117 33 150 339 95 258 210 18 475 302 343 438 103 281 230 249 215 407 69 419 454 447 316 210 357 305 268 300 482 110 435 116 419 70 304 288 137 84 439 359 403 345 410 210 330 106 331 412 17 421 89 59 385 144 16 471 335 182 80 399 344 301 259 186 419 225 399 115 436 478 148 397 113 265 146 229 251 70 470 337 343 287 226 183 364 342 217 399 369 449 279 244 152 452 274 419 269 443 323 229 109 298 355 153 245 240 277 284 67 68 5 44 324 412 393 285 21 285 280 417 232 306 373 208 192 311 322 75 19 476 155 254 322 248 78 261 418 50 243 171 210 181 225 52 225 207 51 48 179 286 419 420 334 71 463 285 210 392 395 112 401 268 361 47 412 487 403 118 431 488 229 398 141 231 249 71 448 225 429 349 26 453 211 159 179 75 180 464 380 14 412 210 165 72 253 262 283 387 382 445 178 412 323 134 231 24 329 213 306 96 282 229 422 77 338 336 397 374 312 297 266 195 13 76 427 75 348 414 131 144 487 71 57 80 74 344 423 428 123 377 435 371 492 361 493 263 220 45 315 389 212 390 62 430 120 296 255 228 409 328 172 345 191 214 150 320 76 418 177 227 151 194 461 198 210 469 69 394 388 440 432 427 233 285 193 302 252 418 176 492 411 478 157 285 139 425 360 46 415 417 426 366 354 317 201 326 344 231 368 343 234 268 225 272 269 146 257 132 419 346 7 160 493 418 419 42 169 108 437 414 441 104 384 353 38 75 126 168 196 231 361 230 148 438 253 35 318 107 337 362 88 363 140 54 225 203 229 251 360 56 93 66 404 247 38 412 122 285 365 360 184 325 262 226 294 344 446 10 286 86 272 121 361 270 170 83 187 434 282 460 154 386 493 79 32 278 416 189 313 342 60 80 256 90 125 481 269 88 319 85 55 419 99 150 260 487 267 473 358 236 197 378 472 188 376 467 308 60 40 
c [Main] Lowest label SAT is set to 493.
c [Main] Kill higher label pid 494.
c [Label = 494] Encoding starts with target value = 75:
c [Label = 494] Encoding duration: 11060ms.
c [Label = 494] Number of clauses: 8773807.
c [Label = 494] Number of variables: 1105806.
c [Signal] Signal interruption. Caught signal: SIGTERM (15).
c [Label = 486] Minimize Makespan Labeling problem (X-can__715.mtx.rnd):
c [Main] Child pid 494 - 805542 terminated by signal 15.
c [Label = 485] Minimize Makespan Labeling problem (X-can__715.mtx.rnd):
c [Label = 486] Encoding starts with target value = 75:
c [Label = 486] Encoding duration: 10912ms.
c [Label = 486] Number of clauses: 8649363.
c [Label = 486] Number of variables: 1093734.
c [Signal] Signal interruption. Caught signal: SIGTERM (15).
c [Label = 488] Encoding starts with target value = 75:
c [Label = 488] Encoding duration: 10706ms.
c [Label = 488] Number of clauses: 8680474.
c [Label = 488] Number of variables: 1096752.
c [Signal] Signal interruption. Caught signal: SIGTERM (15).
c [Label = 490] Encoding starts with target value = 75:
c [Label = 490] Encoding duration: 11328ms.
c [Label = 490] Number of clauses: 8711585.
c [Label = 490] Number of variables: 1099770.
c [Signal] Signal interruption. Caught signal: SIGTERM (15).
c [Label = 491] Encoding starts with target value = 75:
c [Label = 491] Encoding duration: 10827ms.
c [Label = 491] Number of clauses: 8727140.
c [Label = 491] Number of variables: 1101279.
c [Signal] Signal interruption. Caught signal: SIGTERM (15).
c [Label = 487] Encoding starts with target value = 75:
c [Label = 487] Encoding duration: 10900ms.
c [Label = 487] Number of clauses: 8664918.
c [Label = 487] Number of variables: 1095243.
c [Signal] Signal interruption. Caught signal: SIGTERM (15).
c [Label = 492] Encoding starts with target value = 75:
c [Label = 492] Encoding duration: 11079ms.
c [Label = 492] Number of clauses: 8742696.
c [Label = 492] Number of variables: 1102788.
c [Signal] Signal interruption. Caught signal: SIGTERM (15).
c [Main] Lim pid ends with result: 254.
c [Main] All children have completed.
r [Main] 
r [Main] Final results: 
r [Main] Lowest label SAT:  	493.
r [Main] Highest label UNSAT:	-.
r [Main] Total real time: 1812017 ms.
r [Main] Total memory consumed: 23326.9 MB.
r [Main] 
c [Label = 485] Encoding starts with target value = 75:
c [Label = 485] Encoding duration: 11714ms.
c [Label = 485] Number of clauses: 8633807.
c [Label = 485] Number of variables: 1092225.
c [Signal] Signal interruption. Caught signal: SIGTERM (15).
c [Label = 489] Encoding starts with target value = 75:
c [Label = 489] Encoding duration: 11020ms.
c [Label = 489] Number of clauses: 8696029.
c [Label = 489] Number of variables: 1098261.
c [Signal] Signal interruption. Caught signal: SIGTERM (15).
