c [Version] Minimize Makespan Labeling Encoder version 1.0.0.
c [Param] LB is predefined as 111.
c [Param] UB is predefined as 662.
c [Param] Memory limit is set to 30000.
c [Param] Real time limit is set to 1800.
c [Param] Worker count is set to 8.
c [Main] Search strategy: Iterating Breadth First Search.
c [Main] Search order: 386 248 524 179 317 455 593 144 213 282 351 420 489 558 628 127 161 196 230 265 299 334 368 403 437 472 506 541 575 610 645 118 135 152 170 187 204 221 239 256 273 290 308 325 342 359 377 394 411 428 446 463 480 497 515 532 549 566 584 601 619 636 654 114 122 131 139 148 156 165 174 183 191 200 208 217 225 234 243 252 260 269 277 286 294 303 312 321 329 338 346 355 363 372 381 390 398 407 415 424 432 441 450 459 467 476 484 493 501 510 519 528 536 545 553 562 570 579 588 597 605 614 623 632 640 649 658 112 116 120 124 129 133 137 141 146 150 154 158 163 167 172 176 181 185 189 193 198 202 206 210 215 219 223 227 232 236 241 245 250 254 258 262 267 271 275 279 284 288 292 296 301 305 310 314 319 323 327 331 336 340 344 348 353 357 361 365 370 374 379 383 388 392 396 400 405 409 413 417 422 426 430 434 439 443 448 452 457 461 465 469 474 478 482 486 491 495 499 503 508 512 517 521 526 530 534 538 543 547 551 555 560 564 568 572 577 581 586 590 595 599 603 607 612 616 621 625 630 634 638 642 647 651 656 660 111 113 115 117 119 121 123 125 128 130 132 134 136 138 140 142 145 147 149 151 153 155 157 159 162 164 166 168 171 173 175 177 180 182 184 186 188 190 192 194 197 199 201 203 205 207 209 211 214 216 218 220 222 224 226 228 231 233 235 237 240 242 244 246 249 251 253 255 257 259 261 263 266 268 270 272 274 276 278 280 283 285 287 289 291 293 295 297 300 302 304 306 309 311 313 315 318 320 322 324 326 328 330 332 335 337 339 341 343 345 347 349 352 354 356 358 360 362 364 366 369 371 373 375 378 380 382 384 387 389 391 393 395 397 399 401 404 406 408 410 412 414 416 418 421 423 425 427 429 431 433 435 438 440 442 444 447 449 451 453 456 458 460 462 464 466 468 470 473 475 477 479 481 483 485 487 490 492 494 496 498 500 502 504 507 509 511 513 516 518 520 522 525 527 529 531 533 535 537 539 542 544 546 548 550 552 554 556 559 561 563 565 567 569 571 573 576 578 580 582 585 587 589 591 594 596 598 600 602 604 606 608 611 613 615 617 620 622 624 626 629 631 633 635 637 639 641 643 646 648 650 652 655 657 659 661 126 143 160 169 178 195 212 229 238 247 264 281 298 307 316 333 350 367 376 385 402 419 436 445 454 471 488 505 514 523 540 557 574 583 592 609 618 627 644 653 662.
c [Main] Encoding and solving for graph: U-662_bus.mtx.rnd.
c [Label = 144] Encoding duration: 656ms.
c [Label = 144] Number of clauses: 524186.
c [Label = 144] Number of variables: 189332.
c [Label = 144] Solving duration: 0 ms.
s [Label = 144] UNSAT (w = 110).
c [Main] Highest label UNSAT is set to 144
c [Label = 179] Encoding duration: 922ms.
c [Label = 179] Number of clauses: 766928.
c [Label = 179] Number of variables: 235672.
c [Label = 179] Solving duration: 0 ms.
s [Label = 179] UNSAT (w = 110).
c [Main] Highest label UNSAT is set to 179
c [Label = 213] Encoding duration: 1126ms.
c [Label = 213] Number of clauses: 1002735.
c [Label = 213] Number of variables: 280688.
c [Label = 213] Solving duration: 0 ms.
s [Label = 213] UNSAT (w = 110).
c [Main] Highest label UNSAT is set to 213
c [Label = 248] Encoding duration: 1790ms.
c [Label = 248] Number of clauses: 1457248.
c [Label = 248] Number of variables: 397862.
c [Label = 248] Solving duration: 5651 ms.
s [Label = 248] UNSAT (w = 110).
c [Main] Highest label UNSAT is set to 248
c [Label = 593] Encoding duration: 6057ms.
c [Label = 593] Number of clauses: 4489277.
c [Label = 593] Number of variables: 1067144.
c [Label = 593] Solving duration: 1036 ms.
s [Label = 593] SAT (w = 110).
Label assignment: 1 111 221 215 321 552 112 113 114 2 224 115 3 116 117 118 4 5 6 7 8 9 144 119 10 11 12 13 14 15 16 17 18 19 20 21 22 23 24 25 26 27 28 29 123 30 31 32 33 34 35 36 37 38 39 40 41 42 43 329 44 45 46 47 48 49 50 120 51 121 52 53 150 122 124 54 55 56 57 58 59 60 61 62 133 63 64 65 66 290 67 68 69 70 125 71 72 73 74 75 128 76 77 78 163 134 79 172 80 81 82 83 84 85 86 143 168 87 265 88 89 90 91 147 92 201 93 94 173 95 96 176 130 97 165 98 99 100 101 248 102 164 140 103 174 166 104 126 127 105 106 107 108 109 110 129 131 324 132 235 135 136 137 138 139 141 404 202 142 243 336 145 146 148 149 210 180 151 152 153 200 203 175 154 187 260 170 245 155 156 211 157 158 185 159 160 223 161 196 162 167 169 189 171 177 240 178 179 181 182 327 183 184 247 186 188 190 266 191 192 258 401 193 204 194 394 195 197 198 199 295 287 214 205 206 207 208 309 382 283 209 212 259 213 281 320 216 217 218 261 219 220 267 222 225 238 310 470 268 227 262 256 226 228 229 230 487 231 311 296 232 233 234 253 236 312 237 263 239 241 242 244 246 249 250 400 251 531 279 368 252 269 354 254 255 286 257 264 270 271 272 352 313 371 273 274 275 314 369 280 437 276 277 345 334 339 278 282 395 297 284 323 285 288 289 347 291 292 293 358 298 299 294 300 338 302 301 303 353 304 305 322 306 488 307 432 308 355 325 412 316 315 317 318 319 328 330 326 331 332 333 335 337 340 341 342 379 343 344 383 410 373 508 346 348 349 350 460 351 356 357 391 359 360 361 362 363 364 365 366 367 370 372 374 431 230 441 375 557 484 474 376 445 380 440 544 381 405 110 574 413 377 448 378 578 517 408 384 468 385 386 387 388 389 438 428 396 390 392 419 393 397 402 406 398 399 486 409 403 415 407 417 411 414 418 416 420 423 426 421 422 429 449 424 25 425 430 427 463 485 467 433 434 435 436 515 439 514 11 496 444 458 455 450 443 577 451 446 500 447 466 456 457 452 453 454 459 461 462 110 465 469 464 471 472 475 476 473 480 483 477 478 501 568 479 489 579 502 481 558 482 575 490 491 492 493 498 581 494 495 497 516 128 572 543 569 19 499 503 518 504 505 521 110 506 559 42 507 509 570 510 511 512 513 536 519 520 540 571 110 528 522 523 80 525 549 524 216 526 527 529 109 542 530 532 533 110 534 535 562 580 537 538 539 541 110 173 110 51 545 590 546 547 110 548 550 551 591 553 554 555 110 556 73 560 561 173 110 563 564 565 566 567 576 573 110 311 110 582 17 583 584 222 585 593 110 110 586 587 588 589 592 135 311 10 49 192 110 17 156 369 23 378 110 110 321 201 110 126 186 110 110 183 442 192 99 44 63 10 152 171 109 182 126 109 109 320 136 55 229 91 293 
c [Main] Lowest label SAT is set to 593.
c [Label = 317] Encoding duration: 2393ms.
c [Label = 317] Number of clauses: 1935797.
c [Label = 317] Number of variables: 489218.
c [Label = 317] Solving duration: 7053 ms.
s [Label = 317] UNSAT (w = 110).
c [Label = 282] Encoding duration: 2007ms.
c [Label = 282] Number of clauses: 1693055.
c [Label = 282] Number of variables: 442878.
c [Label = 282] Solving duration: 6354 ms.
s [Label = 282] UNSAT (w = 110).
c [Main] Highest label UNSAT is set to 282
c [Main] Highest label UNSAT is set to 317
c [Label = 351] Encoding duration: 2930ms.
c [Label = 351] Number of clauses: 2384036.
c [Label = 351] Number of variables: 605068.
c [Label = 351] Solving duration: 253380 ms.
s [Label = 351] SAT (w = 110).
Label assignment: 13 325 182 24 242 290 344 347 351 219 1 320 59 290 47 348 241 253 2 295 226 212 9 351 327 323 345 303 219 302 351 227 213 226 17 347 287 347 289 316 2 1 348 25 184 206 351 338 332 156 342 95 4 229 342 38 331 331 1 53 241 339 280 250 200 351 265 350 225 49 234 286 148 332 178 53 54 304 232 205 272 348 18 210 25 306 264 349 313 1 328 10 326 351 99 348 322 282 1 234 351 229 308 348 173 63 196 336 3 345 294 233 307 348 310 1 351 284 184 337 298 190 53 209 276 178 279 232 351 274 237 48 233 214 312 348 345 273 351 59 341 93 21 278 102 211 317 213 7 261 247 246 351 207 351 322 29 1 345 244 350 179 221 334 235 222 350 51 344 221 326 301 1 27 67 153 111 336 243 238 59 59 26 3 184 268 9 168 341 182 31 334 345 351 236 85 83 325 35 351 157 339 57 14 249 33 145 351 277 97 30 347 319 341 351 108 231 55 300 351 176 331 230 87 105 202 166 345 349 233 40 61 173 58 251 262 324 2 351 53 331 237 351 28 332 349 333 274 159 66 228 65 30 65 1 241 351 288 32 212 39 348 180 331 189 70 13 342 351 177 98 315 172 245 221 271 332 199 344 333 285 335 24 227 321 241 218 241 20 351 154 350 11 225 350 187 92 351 69 186 43 85 171 348 266 255 228 228 48 181 164 63 6 1 220 351 201 339 351 90 2 289 94 297 179 82 68 230 293 351 350 195 237 241 216 103 342 73 56 198 351 350 77 8 208 240 334 45 351 351 344 1 343 236 106 241 1 351 1 349 59 194 163 351 318 155 36 52 76 44 101 330 241 225 241 14 34 182 20 344 19 167 241 9 13 207 42 235 197 82 13 293 317 234 73 70 194 60 6 109 351 350 348 8 275 259 351 341 351 351 183 341 351 263 46 45 80 97 241 257 329 200 351 12 192 85 274 223 239 335 320 225 348 317 351 240 70 54 210 104 351 88 152 347 292 351 84 221 74 351 346 351 75 337 41 241 351 146 335 351 129 351 8 165 232 22 254 240 351 62 89 351 179 197 23 1 188 203 351 334 95 333 16 241 45 293 351 351 351 351 112 25 233 191 351 111 110 30 51 351 348 217 69 100 351 193 351 54 351 130 129 2 348 351 170 91 160 15 351 63 79 238 351 9 197 64 212 351 351 351 221 329 222 5 200 185 41 241 232 72 47 340 241 2 351 110 107 102 71 351 30 113 110 344 351 96 314 84 115 269 241 351 240 188 81 241 311 22 110 124 128 41 351 240 296 123 193 239 215 224 351 351 299 110 110 86 194 223 21 78 127 283 43 237 309 114 18 270 351 169 281 87 102 267 248 147 351 351 351 121 37 117 227 126 260 305 241 165 291 204 23 241 174 68 110 23 175 258 162 158 150 149 143 142 139 141 241 140 134 119 135 50 351 256 133 132 144 1 138 151 137 240 120 136 161 252 21 131 116 118 122 125 
c [Label = 489] Encoding duration: 4585ms.
c [Label = 489] Number of clauses: 3554229.
c [Label = 489] Number of variables: 858614.
c [Signal] Signal interruption. Caught signal: SIGTERM (15).
c [Main] Lowest label SAT is set to 351.
c [Main] Kill higher label pid 558.
c [Main] Kill higher label pid 489.
c [Main] Kill higher label pid 455.
c [Main] Kill higher label pid 420.
c [Main] Kill higher label pid 524.
c [Main] Kill higher label pid 386.
c [Label = 420] Encoding duration: 3627ms.
c [Label = 420] Number of clauses: 2862586.
c [Label = 420] Number of variables: 696424.
c [Signal] Signal interruption. Caught signal: SIGTERM (15).
c [Label = 558] Encoding duration: 5516ms.
c [Label = 558] Number of clauses: 4246535.
c [Label = 558] Number of variables: 1020804.
c [Signal] Signal interruption. Caught signal: SIGTERM (15).
c [Label = 386] Encoding duration: 3374ms.
c [Label = 386] Number of clauses: 2626779.
c [Label = 386] Number of variables: 651408.
c [Signal] Signal interruption. Caught signal: SIGTERM (15).
c [Label = 455] Encoding duration: 4310ms.
c [Label = 455] Number of clauses: 3318422.
c [Label = 455] Number of variables: 813598.
c [Signal] Signal interruption. Caught signal: SIGTERM (15).
c [Label = 524] Encoding duration: 4882ms.
c [Label = 524] Number of clauses: 3796972.
c [Label = 524] Number of variables: 904954.
c [Signal] Signal interruption. Caught signal: SIGTERM (15).
c [Main] Child pid 524 - 715904 terminated by signal 15.
c [Main] Child pid 386 - 715902 terminated by signal 15.
c [Main] Child pid 420 - 715913 terminated by signal 15.
c [Main] Child pid 455 - 715907 terminated by signal 15.
c [Main] Child pid 489 - 715914 terminated by signal 15.
c [Main] Child pid 558 - 715916 terminated by signal 15.
c [Label = 321] Encoding duration: 2436ms.
c [Label = 321] Number of clauses: 1963539.
c [Label = 321] Number of variables: 494514.
c [Label = 321] Solving duration: 7562 ms.
s [Label = 321] UNSAT (w = 110).
c [Label = 319] Encoding duration: 2455ms.
c [Label = 319] Number of clauses: 1949668.
c [Label = 319] Number of variables: 491866.
c [Label = 319] Solving duration: 7548 ms.
s [Label = 319] UNSAT (w = 110).
c [Main] Highest label UNSAT is set to 321
c [Main] Kill lower label pid 319.
c [Label = 329] Encoding duration: 2549ms.
c [Label = 329] Number of clauses: 2019023.
c [Label = 329] Number of variables: 505106.
c [Label = 329] Solving duration: 7494 ms.
s [Label = 329] UNSAT (w = 110).
c [Label = 325] Encoding duration: 2576ms.
c [Label = 325] Number of clauses: 1991281.
c [Label = 325] Number of variables: 499810.
c [Label = 325] Solving duration: 7676 ms.
s [Label = 325] UNSAT (w = 110).
c [Main] Highest label UNSAT is set to 329
c [Main] Kill lower label pid 327.
c [Main] Kill lower label pid 323.
c [Main] Kill lower label pid 325.
c [Signal] Signal interruption. Caught signal: SIGTERM (15).
c [Signal] Signal interruption. Caught signal: SIGTERM (15).
c [Main] Child pid 327 - 715975 terminated by signal 15.
c [Main] Child pid 323 - 715974 terminated by signal 15.
c [Label = 334] Encoding duration: 2784ms.
c [Label = 334] Number of clauses: 2266133.
c [Label = 334] Number of variables: 582560.
c [Label = 334] Solving duration: 452675 ms.
s [Label = 334] SAT (w = 110).
Label assignment: 51 203 300 334 224 223 204 132 334 334 224 155 176 334 9 334 294 334 113 174 5 147 224 162 163 295 334 334 206 219 334 114 334 315 120 322 334 114 7 334 136 3 219 176 20 143 334 211 148 12 334 224 1 1 275 224 224 115 121 1 201 7 297 201 9 1 334 334 224 2 190 334 35 334 334 251 334 1 223 334 334 334 224 1 224 216 9 2 4 224 334 7 114 4 11 224 128 139 7 241 167 303 77 185 4 274 224 332 281 136 142 9 291 334 179 334 4 255 334 224 334 246 316 234 334 114 334 334 334 334 27 166 321 334 224 8 224 6 115 224 194 220 253 203 163 149 39 180 224 21 221 3 114 308 224 132 334 224 199 283 301 114 334 1 239 152 10 210 248 334 6 134 224 1 171 325 334 4 1 224 14 22 333 224 263 224 191 51 142 224 334 220 1 4 334 25 22 334 10 306 212 334 334 2 111 3 334 144 329 22 51 224 302 115 220 334 196 258 224 224 153 224 334 8 12 3 280 178 305 183 114 334 334 9 333 224 334 334 220 51 334 154 260 173 165 9 154 170 3 197 112 25 13 175 176 334 293 224 259 334 158 334 334 140 224 334 224 40 224 106 23 47 17 224 224 334 7 334 4 182 334 230 334 224 130 114 229 4 151 40 334 147 120 232 178 16 6 9 334 261 110 21 265 74 231 237 334 334 334 8 334 185 334 55 114 334 170 334 224 238 334 57 174 334 38 226 2 243 331 334 245 28 334 287 256 141 9 334 224 334 235 334 334 224 334 202 334 224 224 18 334 7 198 20 326 334 233 236 247 116 224 313 15 334 139 124 25 224 334 121 23 220 150 224 145 23 70 252 224 168 224 334 176 334 224 23 334 334 334 21 12 334 334 288 334 4 122 334 285 135 82 250 172 334 2 286 311 224 309 152 220 43 75 228 216 4 117 220 4 159 118 249 334 117 185 225 334 257 314 207 224 19 205 24 318 224 122 4 224 23 268 224 193 224 334 224 29 213 173 242 282 129 76 290 161 192 296 186 60 160 114 156 98 334 189 334 188 208 334 334 304 334 270 4 224 224 121 326 114 150 51 284 292 114 14 269 324 34 157 158 252 2 30 244 209 224 89 45 288 334 15 277 50 9 161 73 334 25 334 9 155 6 44 334 264 224 5 108 23 117 23 138 224 29 28 41 334 216 58 320 26 334 143 330 55 334 156 114 137 36 49 37 123 334 327 61 83 46 146 323 101 187 164 2 133 334 56 104 110 317 48 328 126 127 1 10 112 334 54 319 308 279 90 7 215 262 326 312 42 119 177 62 227 1 65 59 278 71 88 195 240 334 72 53 97 218 64 169 334 330 79 78 125 326 63 289 4 299 334 334 80 222 84 52 266 33 298 113 334 105 19 87 200 4 85 217 267 68 334 184 131 93 94 272 95 32 202 107 214 86 254 183 181 276 31 69 102 100 92 271 103 81 334 109 67 99 66 310 96 273 91 307 
c [Main] Lowest label SAT is set to 334.
c [Main] Kill higher label pid 340.
c [Main] Kill higher label pid 344.
c [Main] Kill higher label pid 336.
c [Main] Kill higher label pid 346.
c [Main] Kill higher label pid 338.
c [Main] Kill higher label pid 342.
c [Label = 340] Encoding duration: 3118ms.
c [Label = 340] Number of clauses: 2307746.
c [Label = 340] Number of variables: 590504.
c [Signal] Signal interruption. Caught signal: SIGTERM (15).
c [Label = 336] Encoding duration: 3127ms.
c [Label = 336] Number of clauses: 2280004.
c [Label = 336] Number of variables: 585208.
c [Signal] Signal interruption. Caught signal: SIGTERM (15).
c [Label = 346] Encoding duration: 3084ms.
c [Label = 346] Number of clauses: 2349359.
c [Label = 346] Number of variables: 598448.
c [Signal] Signal interruption. Caught signal: SIGTERM (15).
c [Label = 344] Encoding duration: 3154ms.
c [Label = 344] Number of clauses: 2335488.
c [Label = 344] Number of variables: 595800.
c [Signal] Signal interruption. Caught signal: SIGTERM (15).
c [Label = 338] Encoding duration: 2982ms.
c [Label = 338] Number of clauses: 2293875.
c [Label = 338] Number of variables: 587856.
c [Signal] Signal interruption. Caught signal: SIGTERM (15).
c [Label = 342] Encoding duration: 3116ms.
c [Label = 342] Number of clauses: 2321617.
c [Label = 342] Number of variables: 593152.
c [Signal] Signal interruption. Caught signal: SIGTERM (15).
c [Main] Child pid 338 - 715969 terminated by signal 15.
c [Main] Child pid 342 - 715966 terminated by signal 15.
c [Main] Child pid 346 - 715970 terminated by signal 15.
c [Main] Child pid 340 - 715978 terminated by signal 15.
c [Main] Child pid 344 - 715979 terminated by signal 15.
c [Main] Child pid 336 - 715977 terminated by signal 15.
c [Label = 330] Encoding duration: 2037ms.
c [Label = 330] Number of clauses: 2022579.
c [Label = 330] Number of variables: 506430.
c [Label = 330] Solving duration: 6056 ms.
s [Label = 330] UNSAT (w = 110).
c [Main] Highest label UNSAT is set to 330
c [Label = 331] Encoding duration: 3041ms.
c [Label = 331] Number of clauses: 2245326.
c [Label = 331] Number of variables: 578588.
c [Label = 331] Solving duration: 289422 ms.
s [Label = 331] SAT (w = 110).
Label assignment: 213 115 210 63 94 208 86 97 7 331 331 258 331 112 97 281 31 221 111 296 292 256 180 141 86 328 204 97 68 78 302 152 331 201 25 94 97 210 97 129 162 9 95 295 207 57 97 97 72 290 156 294 331 75 64 331 25 43 210 217 208 217 88 129 331 1 265 130 93 216 304 227 220 98 196 53 211 214 76 331 46 97 214 278 97 331 331 221 331 221 211 318 97 111 207 97 221 206 88 221 111 301 220 138 16 208 330 43 184 6 322 135 97 86 91 220 98 331 91 97 65 79 331 91 97 97 44 230 168 81 103 221 135 110 43 208 97 82 94 321 249 15 331 263 208 331 98 216 98 207 298 331 207 331 196 331 97 331 97 319 269 43 331 42 155 32 213 307 150 329 210 208 45 221 331 331 331 97 331 74 192 201 331 114 73 97 212 137 250 97 237 169 239 331 209 208 211 199 209 173 166 165 90 94 259 322 331 331 87 211 208 172 167 92 170 135 279 122 136 99 67 221 331 207 89 221 178 97 319 97 210 141 221 98 33 117 93 280 210 5 300 86 97 39 208 221 89 331 271 209 328 89 210 331 201 331 317 264 93 231 207 331 36 284 35 98 297 331 241 58 306 276 96 14 331 40 274 207 42 252 94 152 235 305 91 111 331 91 331 195 270 98 262 92 331 49 315 123 211 331 16 204 90 331 303 232 325 331 233 55 98 98 131 97 221 330 209 159 43 206 331 201 331 277 186 164 98 43 229 209 200 87 331 97 163 15 285 331 207 135 134 207 98 330 208 97 331 100 92 125 33 113 313 66 179 221 331 202 77 151 97 91 133 2 207 36 312 190 207 91 210 331 331 70 114 221 331 208 201 293 221 97 142 34 207 208 167 309 28 245 324 149 208 221 204 330 331 203 182 331 197 71 202 107 125 331 207 331 132 68 31 177 273 87 168 246 310 209 331 223 154 207 158 176 57 206 159 330 209 161 208 331 331 209 221 255 186 89 31 120 26 192 326 24 319 110 205 90 209 268 209 86 331 143 1 97 275 98 331 86 331 257 97 331 316 111 331 330 80 272 331 224 311 208 331 1 195 282 28 302 152 331 49 22 260 17 120 8 98 331 126 242 214 98 84 326 188 308 1 237 69 331 193 97 247 287 97 320 225 24 30 266 190 217 330 234 331 228 202 331 145 327 61 331 147 331 1 238 98 48 2 184 95 189 194 86 60 90 94 98 56 97 210 331 116 193 157 144 219 243 207 47 97 160 331 210 10 127 299 97 86 97 101 175 75 131 97 111 111 331 146 50 237 62 21 119 185 111 27 171 283 54 286 139 83 222 12 38 226 148 261 118 198 331 191 331 19 102 104 108 288 289 114 124 187 29 221 51 109 244 154 331 314 267 130 183 106 13 331 207 221 141 18 323 240 59 140 254 331 236 215 207 218 105 41 121 174 207 85 176 128 176 221 156 153 1 253 52 291 248 37 3 331 20 173 11 174 23 181 251 4 111 
c [Main] Lowest label SAT is set to 331.
c [Main] Kill higher label pid 332.
c [Main] Kill higher label pid 333.
c [Label = 333] Encoding duration: 2314ms.
c [Label = 333] Number of clauses: 2259197.
c [Label = 333] Number of variables: 581236.
c [Signal] Signal interruption. Caught signal: SIGTERM (15).
c [Label = 332] Encoding duration: 2246ms.
c [Label = 332] Number of clauses: 2252262.
c [Label = 332] Number of variables: 579912.
c [Signal] Signal interruption. Caught signal: SIGTERM (15).
c [Main] Child pid 333 - 716015 terminated by signal 15.
c [Main] Child pid 332 - 716014 terminated by signal 15.
c [Signal] Signal interruption. Caught signal: SIGTERM (15).
c [Main] All children have completed.
r [Main] 
r [Main] Final results: 
r [Main] Lowest label SAT:  	331.
r [Main] Highest label UNSAT:	330.
r [Main] Total real time: 564009 ms.
r [Main] Total memory consumed: 9925.7 MB.
r [Main] 
