c [Version] Minimize Makespan Labeling Encoder version 1.0.0.
c [Param] LB is predefined as 43.
c [Param] UB is predefined as 525.
c [Param] Memory limit is set to 30000.
c [Param] Real time limit is set to 1800.
c [Main] Search strategy: Incremental from upper bound.
c [Main] Encoding and solving for graph: N-bcsstk07.mtx.rnd.
c [Incremental] Minimize Makespan Labeling Antibandwidth problem (N-bcsstk07.mtx.rnd):
c [Incremental] Encoding starts with target value = 42:
c [Incremental] Encoding duration: 7662ms.
c [Incremental] Number of clauses: 9228427.
c [Incremental] Number of variables: 661290.
c [Incremental] Solving for max label = 525:
c [Incremental] Solving duration: 566217 ms.
s [Incremental] SAT (label = 525).
Label assignment: 516 450 24 415 58 326 250 513 217 493 506 41 122 346 323 451 28 494 395 220 394 59 317 434 367 413 312 505 4 157 423 8 311 327 475 359 488 340 67 200 80 458 136 479 457 291 227 409 454 147 145 94 128 380 504 100 485 271 361 335 53 47 279 139 338 362 155 101 162 396 492 253 164 104 365 231 84 125 509 356 487 154 466 449 135 113 393 343 268 242 275 400 246 258 82 308 447 243 491 143 477 172 266 289 106 112 234 141 436 478 383 428 331 35 182 357 183 523 54 70 287 240 309 422 31 525 370 15 472 27 360 281 427 397 522 215 176 418 166 502 205 514 26 181 1 142 300 187 21 421 288 498 350 301 508 293 330 238 252 373 230 98 105 20 402 299 87 496 511 108 385 439 40 354 138 374 465 305 33 92 116 171 284 167 408 296 194 16 412 199 198 29 12 60 285 387 97 318 302 42 315 497 11 25 295 368 435 202 237 130 114 329 123 377 168 178 405 229 144 180 37 71 358 259 62 10 236 146 262 175 140 420 203 177 325 44 222 474 515 55 191 185 429 363 469 18 426 115 6 476 332 212 264 208 165 174 149 72 5 2 153 307 235 322 81 49 386 319 414 495 404 430 297 483 156 111 463 257 417 481 91 462 467 480 501 255 339 83 443 379 233 126 517 151 456 448 195 314 3 500 482 461 193 93 64 30 103 88 214 216 251 342 277 489 336 57 411 158 173 270 210 13 303 90 23 445 61 437 440 225 133 503 96 34 99 107 464 68 197 351 520 228 89 410 364 313 263 169 375 179 424 378 188 211 366 254 282 192 507 66 276 280 433 161 391 129 444 119 355 349 521 460 471 9 468 19 63 334 298 292 152 272 46 416 22 376 134 247 484 248 473 294 452 341 48 438 510 124 267 407 14 499 392 321 7 86 256 244 52 17 519 265 290 398 226 518 369 209 524 207 
c [Incremental] Max used label: 525.
c [Incremental] Label 525 is removed from searching.
c [Incremental] Solving for max label = 524:
c [Incremental] Solving duration: 23614 ms.
s [Incremental] SAT (label = 524).
Label assignment: 24 493 427 415 58 217 250 472 8 442 506 36 462 479 323 51 28 450 397 48 380 59 317 239 367 413 242 513 4 157 423 516 406 311 359 494 487 340 67 200 80 458 132 291 504 127 227 409 454 147 488 87 128 399 121 106 491 143 361 328 53 356 279 126 338 94 253 101 164 407 275 383 135 104 365 224 84 133 509 347 466 154 45 496 136 113 206 343 27 357 246 403 172 167 492 310 348 243 446 134 299 289 401 393 102 112 478 141 205 264 204 294 41 287 76 445 183 225 54 211 422 240 333 441 78 477 370 15 438 85 436 281 430 331 148 428 176 418 125 502 305 181 190 175 1 522 378 65 329 42 316 498 354 300 364 421 345 238 252 20 511 98 105 523 390 385 100 435 303 108 388 177 296 485 130 374 465 258 182 284 355 368 309 469 449 169 194 16 412 199 198 283 138 49 261 70 97 81 285 166 297 497 11 278 188 452 21 202 237 273 114 292 251 377 324 178 405 301 150 174 515 71 358 255 62 10 236 146 293 31 332 286 203 180 325 260 187 474 410 55 191 216 375 363 490 115 402 437 387 476 18 185 267 208 131 165 149 302 2 5 153 197 235 322 64 219 336 319 408 505 404 26 241 420 156 111 44 470 417 483 83 459 467 313 480 274 173 40 88 398 233 489 503 151 304 448 195 23 3 500 426 34 193 90 353 91 79 463 29 43 244 25 277 495 218 57 411 517 37 144 209 13 318 89 77 50 61 512 379 226 107 46 96 468 99 86 464 68 19 520 158 429 276 391 349 295 213 501 471 215 519 179 9 298 366 282 269 192 507 66 272 280 344 392 424 256 351 499 93 339 248 460 425 6 486 69 63 334 395 32 152 259 508 416 33 376 129 247 484 30 473 35 214 481 444 440 510 124 207 443 14 75 382 321 373 229 524 249 52 17 521 7 290 389 265 518 369 210 254 342 
c [Incremental] Max used label: 524.
c [Incremental] Label 524 is removed from searching.
c [Incremental] Solving for max label = 523:
c [Incremental] Solving duration: 796 ms.
s [Incremental] SAT (label = 523).
Label assignment: 24 493 427 415 58 217 250 472 8 442 506 36 462 479 323 51 28 450 397 48 380 59 317 239 367 413 242 513 4 157 423 516 406 311 359 494 487 340 67 200 80 458 132 291 504 127 227 409 454 147 488 87 128 399 121 106 491 143 361 328 53 356 279 126 338 94 253 101 164 407 275 383 135 104 365 224 84 133 509 347 466 154 45 496 136 113 206 343 27 357 246 403 172 167 492 310 348 243 446 134 299 289 401 393 102 112 490 141 205 264 204 294 41 287 76 445 183 225 54 211 422 240 333 441 78 477 370 15 438 85 436 281 430 331 148 428 176 418 125 502 305 181 190 175 1 520 378 65 329 42 316 498 354 300 364 421 345 238 252 20 511 98 105 523 390 385 100 435 303 108 388 177 296 171 130 374 465 258 182 284 355 368 309 469 449 169 194 16 412 199 198 283 138 49 261 70 97 81 285 166 297 497 11 278 188 452 21 202 237 273 114 292 251 377 324 178 405 301 150 174 514 71 358 255 62 10 236 146 293 31 332 286 203 180 325 260 187 474 410 55 191 216 375 363 485 115 402 437 387 476 18 185 267 208 131 165 149 302 2 5 153 197 235 322 64 219 336 319 408 505 404 26 241 420 156 111 44 470 417 483 83 459 467 313 478 274 173 40 88 398 233 489 503 151 304 448 195 23 3 500 426 34 193 90 353 91 79 463 29 43 244 25 277 495 218 57 411 517 37 144 209 13 318 89 77 50 61 512 379 226 107 46 96 468 99 86 464 68 19 519 158 429 276 391 349 295 213 501 471 215 515 179 9 298 366 282 269 192 507 66 272 280 344 392 424 256 351 499 93 339 248 460 425 6 486 69 63 334 395 32 152 259 508 416 33 376 129 247 484 30 473 35 214 480 444 440 510 124 207 443 14 75 382 321 373 229 522 249 52 17 521 7 290 389 265 518 369 210 254 342 
c [Incremental] Max used label: 523.
c [Incremental] Label 523 is removed from searching.
c [Incremental] Solving for max label = 522:
c [Incremental] Solving duration: 26357 ms.
s [Incremental] SAT (label = 522).
Label assignment: 24 493 427 415 58 217 250 472 8 442 506 36 462 479 323 51 28 450 397 48 380 59 317 239 367 413 242 513 4 157 423 516 406 311 359 495 487 340 67 200 80 458 132 291 504 127 227 409 454 147 488 87 128 399 121 106 494 143 361 328 53 356 279 126 338 94 253 101 164 407 275 383 135 104 365 224 84 133 509 347 466 154 45 496 136 113 206 343 27 357 246 403 172 167 491 310 348 243 446 134 299 289 401 393 102 112 490 141 205 264 204 294 41 287 76 445 183 225 54 211 412 240 333 449 78 520 372 15 438 85 436 281 430 331 148 428 176 418 125 505 305 181 190 175 1 502 378 65 329 42 316 498 354 300 364 421 345 238 252 20 511 98 105 477 390 385 100 435 303 108 388 177 296 171 130 374 465 258 182 284 355 368 309 469 441 169 194 16 408 199 198 283 138 49 261 70 97 81 285 166 297 497 11 278 188 461 21 202 237 273 114 292 251 377 324 178 405 301 150 174 514 71 358 255 62 10 236 146 293 31 332 286 203 180 325 260 187 474 486 55 191 216 370 363 485 115 402 437 387 476 18 185 267 208 131 165 149 302 2 5 153 197 235 322 64 219 336 319 414 481 404 26 241 420 156 111 44 470 417 483 83 459 467 313 460 274 173 40 88 398 233 489 503 151 304 448 195 23 3 500 426 34 193 90 353 91 79 463 29 43 244 25 277 499 218 57 411 517 37 144 209 13 318 89 77 50 61 512 379 226 107 46 96 468 99 86 464 68 19 519 158 429 276 384 349 295 213 501 471 215 515 179 9 298 366 282 269 192 507 66 272 280 344 392 424 256 351 484 93 339 248 452 425 6 510 69 63 334 395 32 152 259 492 410 33 376 129 247 391 30 473 35 214 480 444 440 508 124 207 443 14 75 382 321 373 229 522 249 52 17 521 7 290 389 265 518 369 210 254 342 
c [Incremental] Max used label: 522.
c [Incremental] Label 522 is removed from searching.
c [Incremental] Solving for max label = 521:
c [Incremental] Solving duration: 18227 ms.
s [Incremental] SAT (label = 521).
Label assignment: 100 21 435 294 475 99 209 514 493 34 196 505 37 295 12 41 479 456 461 140 351 92 415 476 3 42 263 321 509 477 305 252 482 26 125 229 512 285 162 260 469 368 188 20 11 483 57 227 7 280 36 336 35 62 151 220 480 273 14 6 409 55 78 19 40 373 448 218 65 237 114 243 179 153 31 427 495 32 474 316 481 84 420 33 52 67 9 428 488 504 293 308 83 248 142 97 412 105 222 189 345 177 487 258 468 277 221 276 255 5 319 25 490 247 392 440 234 332 150 394 28 470 159 239 501 473 38 216 106 444 399 242 384 439 91 27 464 352 163 167 16 130 109 13 313 364 382 86 431 264 489 300 4 15 56 391 238 414 211 315 103 322 132 74 246 388 155 191 378 210 341 411 39 445 282 460 306 335 223 138 71 441 327 521 213 24 174 518 365 301 299 286 219 329 146 154 108 491 450 184 353 143 452 164 312 465 158 93 259 172 513 136 75 304 434 272 121 236 134 144 206 393 467 446 110 175 183 326 422 200 355 48 181 419 499 145 395 58 426 141 66 404 408 354 269 436 278 478 466 254 317 397 182 22 367 406 270 497 292 506 169 338 228 432 214 195 298 323 507 131 494 363 398 165 207 516 268 202 502 418 369 416 517 360 271 266 498 166 403 113 199 30 192 348 118 366 49 400 462 410 201 82 59 230 235 454 194 267 117 421 262 120 101 309 190 94 324 133 443 85 340 457 371 423 157 215 126 112 396 186 503 377 185 81 152 291 433 256 171 297 61 508 314 287 343 449 290 492 102 283 60 88 281 346 463 407 385 225 135 253 320 389 500 63 87 429 356 485 244 380 519 372 425 374 375 405 90 515 149 362 347 334 104 284 29 47 187 2 484 303 217 349 241 496 10 376 471 437 261 72 178 265 296 510 511 128 193 486 310 176 520 330 413 358 17 168 337 8 69 116 
c [Incremental] Max used label: 521.
c [Incremental] Label 521 is removed from searching.
c [Incremental] Solving for max label = 520:
c [Incremental] Solving duration: 152029 ms.
s [Incremental] SAT (label = 520).
Label assignment: 344 27 152 360 221 514 23 517 209 178 194 439 122 515 141 446 162 380 146 237 239 477 401 38 320 44 26 459 282 197 433 62 494 18 353 313 499 376 148 47 74 60 464 365 50 423 504 495 370 498 67 378 381 466 15 306 482 120 363 9 52 93 235 422 270 238 98 114 150 119 206 467 251 102 253 450 490 354 307 398 207 214 189 469 13 63 287 258 54 138 404 274 182 32 361 506 226 485 492 318 420 71 500 34 346 56 81 185 323 223 465 298 497 484 264 316 99 369 230 418 64 471 453 424 483 153 349 117 143 442 112 7 300 336 173 474 480 5 213 199 284 265 338 275 503 390 386 311 493 167 337 168 100 429 200 51 48 91 519 159 76 460 518 68 164 330 288 196 511 127 19 203 232 324 4 325 219 17 293 208 335 478 273 512 486 205 476 170 326 234 387 393 121 286 233 289 462 395 225 212 20 228 186 436 147 135 241 491 262 394 104 438 171 434 77 279 425 413 345 6 125 411 327 396 277 215 502 412 385 290 155 392 475 149 145 8 58 513 160 417 229 479 257 359 406 107 61 192 468 85 78 69 461 252 427 374 183 444 266 57 210 301 272 28 142 426 428 315 319 508 10 332 435 291 190 25 165 109 11 188 366 280 166 41 22 42 314 358 116 72 187 174 373 263 310 144 236 352 46 455 115 123 456 415 242 399 382 88 281 216 350 341 97 441 94 457 136 131 339 154 470 367 383 371 227 488 516 247 220 312 285 180 414 448 49 3 179 111 481 21 198 329 269 334 250 16 70 110 132 510 90 128 509 331 139 249 405 368 95 463 416 391 113 163 322 39 184 24 244 259 505 278 256 55 191 377 211 303 419 43 75 222 317 501 472 430 231 388 195 296 89 40 496 14 105 321 520 73 348 454 137 364 432 2 126 292 507 489 487 177 65 124 261 452 66 343 283 260 29 372 
c [Incremental] Max used label: 520.
c [Incremental] Label 520 is removed from searching.
c [Incremental] Solving for max label = 519:
c [Incremental] Solving duration: 807 ms.
s [Incremental] SAT (label = 519).
Label assignment: 344 27 152 360 221 514 23 517 209 178 194 439 122 508 141 446 162 380 146 237 239 125 401 38 320 44 26 459 282 197 433 62 494 18 353 313 499 376 148 47 74 60 464 365 50 423 504 495 370 498 67 378 381 466 15 482 351 120 363 9 52 93 235 422 270 238 98 519 150 119 206 467 251 102 253 294 490 354 307 398 207 214 189 480 13 63 287 258 54 138 404 274 182 32 361 515 226 485 492 318 420 71 500 34 346 56 81 185 323 223 465 298 497 484 264 316 99 369 230 418 64 471 453 424 483 153 349 117 143 442 112 7 300 335 173 474 308 5 213 199 284 265 338 275 503 390 386 311 493 167 337 175 100 429 200 51 48 91 512 159 76 460 518 68 164 330 288 196 511 127 19 203 232 324 4 325 219 17 293 208 336 478 273 510 486 205 476 170 326 234 387 393 129 286 233 289 462 395 225 212 20 228 186 436 147 135 241 305 262 394 104 438 171 434 77 279 425 413 345 6 121 411 327 396 277 215 502 412 385 290 155 392 475 149 145 8 58 513 160 417 229 479 257 359 406 107 61 192 468 85 78 69 461 252 427 374 183 444 266 57 210 301 272 28 142 426 428 315 319 491 10 332 435 291 190 25 165 109 11 188 366 280 166 41 22 42 314 358 116 72 187 174 373 263 310 144 236 352 46 455 115 123 456 415 242 399 382 88 281 216 350 341 97 441 94 457 136 131 339 154 470 367 383 371 227 488 516 247 220 312 285 180 414 448 49 3 179 111 481 21 198 329 269 334 250 16 70 110 132 509 90 128 506 331 139 249 405 368 95 463 416 391 113 163 322 39 184 24 244 259 505 278 256 55 191 377 211 303 419 43 75 222 317 501 472 430 231 388 195 296 89 40 496 14 105 321 477 73 348 454 137 364 432 2 126 292 507 489 487 177 65 124 261 452 66 343 469 260 29 372 
c [Incremental] Max used label: 519.
c [Incremental] Label 519 is removed from searching.
c [Incremental] Solving for max label = 518:
c [Incremental] Solving duration: 97761 ms.
s [Incremental] SAT (label = 518).
Label assignment: 114 27 131 405 497 99 59 8 251 484 313 118 380 455 142 486 288 445 408 236 217 101 267 510 271 258 32 506 282 173 470 240 219 65 374 353 162 373 19 472 50 314 378 369 285 443 363 477 505 508 71 515 490 341 439 365 306 120 4 235 52 335 239 487 35 327 116 334 154 119 492 204 389 464 437 496 255 307 514 488 106 237 205 479 194 45 287 286 168 33 434 178 308 182 259 458 386 396 210 352 413 404 84 34 388 23 415 185 311 297 460 507 264 250 467 316 270 102 228 246 248 474 416 429 339 148 273 362 326 265 350 138 328 130 112 466 5 292 224 476 284 448 393 293 275 294 281 355 392 262 159 299 321 432 16 407 117 95 233 480 395 494 188 63 164 243 296 175 473 153 518 482 257 356 163 51 376 28 206 489 336 475 471 110 167 469 146 64 318 403 387 266 129 461 247 422 454 295 216 85 495 229 317 244 289 56 329 107 426 391 156 433 140 278 77 279 36 420 150 462 92 268 15 452 359 6 100 406 382 394 136 450 468 149 181 190 41 61 269 451 88 171 186 300 485 103 57 199 73 109 78 69 366 302 435 165 183 438 14 145 191 424 360 62 501 428 421 272 147 481 187 502 39 310 198 21 263 89 409 11 513 319 104 260 38 49 345 399 80 133 223 179 94 320 400 144 449 442 76 46 67 127 463 500 242 252 483 256 511 361 55 465 97 29 121 227 25 157 444 418 333 2 277 196 30 166 195 331 348 180 42 516 417 305 53 493 13 105 184 459 74 343 261 24 176 304 70 132 18 274 385 128 301 512 139 211 453 367 151 504 498 231 126 209 40 280 215 503 83 283 3 358 377 9 411 368 7 54 412 75 315 238 383 509 303 517 232 430 37 43 340 220 218 158 324 60 192 20 332 225 193 124 337 10 372 346 200 137 202 12 17 174 249 351 66 22 330 309 160 371 
c [Incremental] Max used label: 518.
c [Incremental] Label 518 is removed from searching.
c [Incremental] Solving for max label = 517:
c [Incremental] Solving duration: 825 ms.
s [Incremental] SAT (label = 517).
Label assignment: 114 27 131 405 497 99 59 8 251 484 313 118 380 455 142 486 288 445 408 236 217 101 267 510 271 258 32 496 282 173 470 240 219 65 374 353 162 373 19 472 50 314 378 369 285 443 363 477 506 508 71 515 490 341 439 365 306 120 4 235 52 335 239 487 35 327 116 334 154 119 492 204 389 464 437 495 255 307 514 488 106 237 205 479 194 45 287 286 168 33 434 178 308 182 259 458 386 396 210 352 413 404 84 34 388 23 415 185 311 297 460 507 264 250 467 316 270 102 228 246 248 474 416 429 339 148 273 362 326 265 350 138 328 130 112 466 5 292 224 476 284 448 393 293 275 294 281 355 392 262 159 299 321 517 16 407 117 95 233 480 395 499 188 63 164 243 296 175 473 153 432 482 257 356 163 51 376 28 206 489 336 475 471 110 167 469 146 64 318 403 387 266 129 461 247 422 454 295 216 85 494 229 317 244 289 56 329 107 426 391 156 433 140 278 77 279 36 420 150 462 92 268 15 452 359 6 100 406 382 394 136 450 468 149 181 190 41 61 269 451 88 171 186 300 485 103 57 199 73 109 78 69 366 302 435 165 183 438 14 145 191 424 360 62 501 428 421 272 147 481 187 502 39 310 198 21 263 89 409 11 513 319 104 260 38 49 345 399 80 133 223 179 94 320 400 144 449 442 76 46 67 127 463 500 242 252 483 256 511 361 55 465 97 29 121 227 25 157 444 418 333 2 277 196 30 166 195 331 348 180 42 505 417 305 53 493 13 105 184 459 74 343 261 24 176 304 70 132 18 274 385 128 301 512 139 211 453 367 151 504 498 231 126 209 40 280 215 503 83 283 3 358 377 9 411 368 7 54 412 75 315 238 383 509 303 516 232 430 37 43 340 220 218 158 324 60 192 20 332 225 193 124 337 10 372 346 200 137 202 12 17 174 249 351 66 22 330 309 160 371 
c [Incremental] Max used label: 517.
c [Incremental] Label 517 is removed from searching.
c [Incremental] Solving for max label = 516:
c [Incremental] Solving duration: 100807 ms.
s [Incremental] SAT (label = 516).
Label assignment: 114 27 141 350 407 89 59 152 440 484 405 118 31 455 125 446 467 445 353 217 236 102 258 410 138 496 32 251 369 183 458 240 282 65 448 82 162 374 19 503 68 359 378 285 173 122 507 276 189 142 71 470 478 364 439 365 306 120 4 235 52 259 466 313 35 492 116 334 154 119 402 179 390 464 307 495 349 341 404 270 106 237 302 479 175 51 287 286 168 6 451 268 400 24 437 456 384 389 210 327 413 408 214 42 375 23 81 169 330 297 415 328 264 486 43 225 423 88 465 227 248 511 416 426 170 186 318 362 159 356 299 96 332 166 207 452 78 291 471 485 289 269 305 174 515 294 284 392 252 257 41 490 130 425 263 510 117 363 100 447 396 247 188 16 254 243 393 83 512 153 468 261 354 77 260 337 376 28 292 368 121 475 221 137 164 277 146 109 319 444 382 489 171 345 216 323 211 477 212 92 493 232 514 395 290 5 329 107 273 429 156 494 194 278 346 304 86 420 18 462 110 372 3 348 401 15 424 316 325 136 326 450 422 322 184 441 343 61 115 55 229 178 145 256 474 103 46 199 73 64 281 454 262 315 234 181 101 438 47 45 144 367 274 62 370 428 421 317 131 206 187 331 311 409 198 463 414 97 379 399 483 295 104 366 34 250 266 498 76 167 7 87 57 320 406 98 230 228 90 49 95 127 430 500 244 482 481 94 502 361 56 513 472 29 48 473 25 165 293 157 238 272 497 301 40 205 195 417 80 85 488 506 388 209 54 476 13 58 190 459 67 344 487 200 74 37 70 491 30 309 386 128 72 509 147 460 453 508 151 505 253 504 126 75 403 196 220 436 218 280 9 12 377 11 411 373 14 60 501 222 231 215 132 516 36 419 176 461 33 203 113 20 300 457 133 2 148 10 158 129 193 480 499 8 39 385 201 336 333 192 17 124 249 357 394 22 308 314 53 371 
c [Incremental] Max used label: 516.
c [Incremental] Label 516 is removed from searching.
c [Incremental] Solving for max label = 515:
c [Signal] Signal interruption. Caught signal: SIGTERM (15).
c [Main] Lim pid ends with result: 254.
r [Main] 
r [Main] Final results: 
r [Main] Total real time: 1806332 ms.
r [Main] Total memory consumed: 2618.3 MB.
r [Main] 
