c [Version] Minimize Makespan Labeling Encoder version 1.0.0.
c [Param] LB is predefined as 113.
c [Param] UB is predefined as 557.
c [Param] Memory limit is set to 30000.
c [Param] Real time limit is set to 1800.
c [Main] Search strategy: Incremental from upper bound.
c [Main] Encoding and solving for graph: P-can__445.mtx.rnd.
c [Incremental] Minimize Makespan Labeling Antibandwidth problem (P-can__445.mtx.rnd):
c [Incremental] Encoding starts with target value = 112:
c [Incremental] Encoding duration: 5000ms.
c [Incremental] Number of clauses: 5171495.
c [Incremental] Number of variables: 686029.
c [Incremental] Solving for max label = 557:
c [Incremental] Solving duration: 357187 ms.
s [Incremental] SAT (label = 557).
Label assignment: 221 499 143 214 323 355 394 546 210 82 412 128 473 62 534 199 3 470 519 148 325 32 51 18 217 542 146 1 476 173 472 365 219 557 192 401 541 480 72 283 208 518 178 471 297 212 424 76 512 434 264 505 385 231 439 465 209 190 163 259 303 552 514 116 136 555 382 194 281 164 285 416 206 188 31 547 366 71 535 354 176 497 48 550 216 551 248 77 224 49 343 213 279 166 353 44 474 500 520 553 380 168 466 389 374 417 91 302 349 142 384 272 133 183 426 538 161 103 300 307 66 10 94 274 498 34 409 13 517 156 197 134 207 510 301 222 135 358 415 24 198 247 153 182 346 17 461 432 45 130 371 125 539 89 364 117 395 43 544 245 442 350 334 179 376 294 202 46 132 237 244 9 284 252 53 29 337 295 463 289 98 174 460 193 40 502 58 15 204 4 386 187 277 144 68 170 172 481 54 360 290 19 296 122 479 181 441 35 191 236 509 2 369 536 363 87 271 429 311 12 508 292 487 397 80 433 511 419 177 47 368 543 482 280 459 408 42 26 95 110 20 326 507 438 22 348 351 308 286 467 515 21 462 305 501 145 60 50 379 361 127 313 387 215 400 175 503 537 85 329 548 483 477 521 529 57 256 52 160 495 540 388 287 251 312 223 111 269 195 554 458 402 275 527 288 531 55 150 16 359 38 14 525 33 129 315 327 90 396 528 468 469 8 139 298 504 159 506 25 522 367 356 403 258 152 201 37 88 335 318 39 157 494 314 352 124 347 254 149 370 205 27 123 260 431 107 162 189 233 533 11 532 425 270 377 375 114 306 273 516 524 443 526 523 56 65 291 267 67 167 410 169 242 556 200 6 63 23 490 61 489 147 391 405 184 330 203 59 140 411 404 7 165 414 131 316 513 180 549 96 69 399 357 92 243 488 407 126 545 492 418 362 322 392 261 496 420 105 530 154 475 137 491 113 464 158 249 227 28 74 436 234 413 97 478 342 218 265 5 493 75 320 299 250 64 
c [Incremental] Max used label: 557.
c [Incremental] Label 557 is removed from searching.
c [Incremental] Solving for max label = 556:
c [Incremental] Solving duration: 1697 ms.
s [Incremental] SAT (label = 556).
Label assignment: 221 499 125 214 406 355 385 546 210 82 412 128 473 4 534 199 3 470 519 148 325 32 51 246 217 542 146 1 476 173 472 365 219 535 138 401 541 480 72 283 208 518 178 471 297 212 252 73 512 434 264 505 378 231 439 465 209 190 155 259 303 552 514 116 136 555 382 194 281 183 285 416 206 188 31 57 366 71 550 354 176 497 48 547 216 551 248 77 224 49 343 213 295 164 353 44 474 500 520 553 380 168 466 389 374 417 91 302 349 142 391 272 133 153 426 538 161 103 300 286 66 10 94 274 498 34 409 13 517 163 197 134 207 510 310 222 135 358 415 24 198 247 156 182 346 17 461 432 45 130 371 166 539 89 364 143 428 43 544 245 442 350 334 179 376 294 202 35 132 271 244 9 284 235 46 29 337 296 463 289 98 174 460 193 64 502 58 15 204 21 386 187 277 144 40 170 172 481 54 360 290 19 301 122 479 181 441 47 191 236 509 2 369 536 363 87 282 429 311 12 508 292 487 397 80 433 511 307 177 42 368 543 482 280 459 419 68 26 95 110 20 326 507 438 8 348 351 383 308 467 515 30 462 421 501 145 60 50 390 361 127 313 387 215 400 175 503 537 85 329 548 483 477 521 529 36 256 52 160 495 540 388 287 251 381 223 111 262 195 554 458 402 275 527 288 531 55 211 16 359 38 14 525 33 129 315 327 90 396 528 468 469 22 139 298 504 171 506 25 522 367 356 403 263 159 201 37 88 335 318 39 169 494 314 352 124 347 254 149 370 205 27 141 260 431 107 162 189 233 533 11 532 425 270 384 375 114 306 273 516 524 267 526 523 76 41 291 279 67 167 410 150 242 556 200 6 63 23 490 61 489 147 394 405 184 330 203 59 140 411 404 7 165 414 131 316 513 180 549 96 69 399 357 92 258 488 408 126 545 493 418 362 322 392 261 496 420 105 530 185 475 157 484 113 464 158 249 227 28 74 436 234 413 97 478 342 218 268 5 491 75 320 299 250 56 
c [Incremental] Max used label: 556.
c [Incremental] Label 556 is removed from searching.
c [Incremental] Solving for max label = 555:
c [Incremental] Solving duration: 28847 ms.
s [Incremental] SAT (label = 555).
Label assignment: 221 499 125 214 406 355 385 546 210 82 412 128 473 4 534 199 3 470 519 148 325 32 51 246 217 542 146 1 476 173 472 365 219 535 138 401 541 480 72 283 208 518 178 471 297 212 252 73 512 434 264 503 378 231 439 465 209 190 155 259 303 552 514 116 136 555 382 194 281 183 285 416 206 188 31 57 366 71 550 354 176 492 48 547 216 551 248 77 224 49 343 213 295 164 353 44 474 500 520 553 380 168 466 389 374 417 91 302 349 142 391 272 133 153 426 538 161 103 300 286 66 10 94 274 498 34 409 13 517 163 197 134 207 510 310 222 135 358 415 24 198 247 156 182 346 17 461 432 45 130 371 166 539 89 364 143 428 43 544 245 442 350 334 179 376 294 202 35 132 271 244 9 284 235 46 29 337 296 463 289 98 174 460 193 64 502 58 15 204 21 386 187 277 144 40 170 172 481 54 360 290 19 301 122 479 181 441 47 191 236 509 2 369 536 363 87 282 429 311 12 508 292 487 397 80 433 511 307 177 42 368 543 482 280 459 419 68 26 95 110 20 326 507 438 8 348 351 383 308 467 515 30 462 421 496 145 60 50 390 361 127 313 387 215 400 175 494 537 85 329 548 483 477 521 529 36 256 52 160 495 540 388 287 251 381 223 111 262 195 554 458 402 275 527 288 531 55 211 16 359 38 14 525 33 129 315 327 90 396 528 468 469 22 139 298 504 171 506 25 522 367 356 403 263 159 201 37 88 335 318 39 169 493 314 352 124 347 254 149 370 205 27 141 260 431 107 162 189 233 533 11 532 425 270 384 375 114 306 273 516 524 267 526 523 76 41 291 279 67 167 410 150 242 505 200 6 63 23 490 61 489 147 394 405 184 330 203 59 140 411 404 7 165 414 131 316 513 180 549 96 69 399 357 92 258 488 408 126 545 497 418 362 322 392 261 501 420 105 530 185 475 157 484 113 464 158 249 227 28 74 436 234 413 97 478 342 218 268 5 491 75 320 299 250 56 
c [Incremental] Max used label: 555.
c [Incremental] Label 555 is removed from searching.
c [Incremental] Solving for max label = 554:
c [Incremental] Solving duration: 34917 ms.
s [Incremental] SAT (label = 554).
Label assignment: 241 499 128 214 406 351 332 546 151 82 412 125 473 3 470 199 111 448 534 148 360 32 51 240 232 542 146 1 475 173 471 365 219 541 115 401 478 535 76 224 208 505 178 456 297 94 259 73 519 518 264 506 378 231 439 465 209 171 155 246 303 552 508 116 156 476 382 194 281 500 285 416 183 188 31 86 356 72 490 385 176 550 35 255 239 551 547 69 93 46 328 213 223 164 380 44 469 50 501 373 374 458 482 389 344 417 90 24 335 133 409 272 286 153 426 538 161 108 300 484 92 10 101 553 498 34 420 13 517 163 149 110 207 294 310 218 143 345 415 30 134 245 152 182 355 17 457 432 45 112 353 166 539 89 352 132 346 49 544 311 9 103 349 135 376 249 204 29 198 271 238 21 284 230 52 507 336 296 489 306 98 174 341 193 64 522 57 247 202 15 386 187 277 144 40 170 172 491 58 357 290 19 307 122 497 180 486 47 192 236 509 2 364 536 363 87 282 429 319 12 447 292 521 397 63 433 494 305 177 43 381 543 502 280 440 419 48 26 95 105 20 326 527 438 8 377 348 383 308 462 514 67 464 421 496 169 60 42 390 368 481 313 387 220 400 191 488 537 100 337 548 467 474 515 529 36 252 22 160 267 540 427 287 251 388 216 79 262 195 554 333 402 275 525 288 459 38 211 85 379 16 14 492 33 131 315 327 109 396 528 493 495 28 139 298 480 157 145 23 520 367 334 403 270 159 201 37 88 318 304 39 533 485 314 317 11 354 254 181 366 205 27 142 260 431 215 162 189 233 54 141 106 425 524 384 391 114 322 273 523 532 269 526 531 80 41 291 295 71 154 410 150 222 516 200 428 65 6 511 61 483 113 394 405 184 316 203 59 140 411 418 121 165 293 197 404 512 158 549 96 68 399 423 66 250 444 408 266 545 504 369 350 321 392 261 503 347 126 530 185 468 179 477 104 487 147 243 234 7 74 436 228 413 206 472 342 253 268 5 461 75 320 407 137 25 
c [Incremental] Max used label: 554.
c [Incremental] Label 554 is removed from searching.
c [Incremental] Solving for max label = 553:
c [Incremental] Solving duration: 792 ms.
s [Incremental] SAT (label = 553).
Label assignment: 241 499 128 214 422 351 332 546 151 82 412 125 473 3 470 199 111 448 534 148 360 32 51 240 232 542 138 1 475 173 471 365 219 541 115 401 478 535 18 224 208 406 178 456 297 94 259 73 519 518 264 506 378 231 439 465 209 171 155 246 303 552 508 116 146 476 382 194 281 500 285 416 183 550 31 86 356 72 490 385 176 466 35 255 239 551 547 77 93 46 328 213 223 164 380 44 469 50 501 373 374 458 482 389 344 417 90 24 335 133 409 272 286 195 426 538 161 108 300 484 92 10 101 553 498 34 420 13 517 163 149 110 207 294 310 218 143 345 415 30 134 245 152 182 324 17 457 432 45 112 353 166 539 89 352 132 346 49 544 311 9 103 349 135 376 249 204 29 198 271 238 21 284 230 52 507 336 296 489 306 98 174 341 193 64 522 57 247 202 15 386 187 277 144 40 170 172 491 58 357 290 19 307 122 497 180 486 47 192 236 509 2 364 536 363 87 282 429 319 12 447 292 543 397 105 443 494 305 177 43 381 48 502 280 440 419 69 26 95 109 20 326 527 156 8 377 348 521 301 462 514 67 464 427 496 169 60 42 390 368 481 313 387 220 400 191 488 537 100 337 548 467 474 515 529 36 252 22 160 267 540 433 287 251 424 216 79 262 217 513 333 402 275 525 288 459 38 211 85 379 16 14 492 33 131 315 327 107 396 528 493 495 28 139 298 480 157 145 23 520 430 334 403 270 159 201 37 88 318 304 39 511 436 314 317 11 354 254 181 366 205 27 142 260 431 215 162 189 233 54 141 106 425 524 384 391 114 322 273 523 532 308 526 531 80 65 291 295 71 154 410 150 222 516 200 428 66 6 545 61 483 113 394 405 184 312 203 41 140 411 418 121 165 293 197 372 512 158 533 96 68 399 423 63 250 444 408 266 316 299 369 350 321 392 261 503 347 126 549 185 468 179 477 104 487 147 243 212 7 74 421 210 413 206 472 342 253 268 5 461 75 320 407 137 25 
c [Incremental] Max used label: 553.
c [Incremental] Label 553 is removed from searching.
c [Incremental] Solving for max label = 552:
c [Incremental] Solving duration: 663 ms.
s [Incremental] SAT (label = 552).
Label assignment: 241 499 128 214 422 351 332 546 151 82 430 125 473 3 470 199 111 448 534 148 360 32 51 240 232 542 138 1 475 173 471 365 219 535 115 412 478 541 18 224 208 406 178 456 298 94 259 73 519 518 264 506 378 231 439 465 209 171 155 246 303 552 508 116 146 476 382 194 281 500 285 416 183 550 31 86 356 72 490 385 176 466 35 255 239 551 547 77 93 46 328 213 223 164 380 44 469 50 501 373 374 458 482 389 344 417 90 24 335 133 409 272 286 195 426 538 161 108 300 484 92 10 101 297 498 34 420 13 517 163 149 110 207 294 310 218 143 345 415 30 134 245 152 182 324 17 457 432 45 112 353 166 539 89 352 132 346 49 544 311 9 103 349 135 376 249 204 29 198 271 238 21 284 230 52 507 336 296 489 306 98 174 341 193 64 522 57 247 202 15 386 187 277 144 40 170 172 491 58 357 290 19 307 122 497 180 486 47 192 236 509 2 364 536 363 87 279 429 319 12 447 292 543 397 105 443 494 305 177 43 381 48 502 280 440 419 69 26 95 109 20 326 527 156 8 377 348 521 301 462 514 67 464 423 496 169 60 42 390 368 481 313 387 220 400 191 488 537 100 337 548 467 474 515 529 36 252 22 160 267 540 414 287 251 424 216 79 262 217 513 333 402 275 525 288 459 38 211 85 379 16 14 492 33 131 315 327 107 396 528 493 495 28 139 282 480 157 145 23 520 427 334 403 270 159 201 37 88 318 304 39 511 436 314 317 11 354 254 181 366 205 27 142 260 431 215 162 189 233 54 141 106 425 524 384 391 114 322 273 523 532 308 526 531 80 65 291 295 71 154 410 150 222 516 200 433 66 6 545 61 483 113 394 405 184 312 203 41 140 411 418 121 165 293 197 372 512 158 533 96 68 399 428 63 250 444 408 266 316 299 369 350 321 392 261 503 347 126 549 185 468 179 477 104 487 147 243 212 7 74 421 210 413 206 472 342 253 268 5 461 75 320 407 137 25 
c [Incremental] Max used label: 552.
c [Incremental] Label 552 is removed from searching.
c [Incremental] Solving for max label = 551:
c [Incremental] Solving duration: 903 ms.
s [Incremental] SAT (label = 551).
Label assignment: 241 499 128 217 422 393 332 546 151 82 401 125 518 3 470 190 111 448 534 148 360 4 51 240 232 542 138 1 475 199 471 365 219 535 115 412 478 541 18 224 208 406 178 456 298 94 259 73 519 486 264 506 378 231 439 465 209 171 155 246 303 32 508 116 146 505 382 194 281 500 285 416 188 550 31 86 356 44 490 385 183 466 35 255 278 551 547 77 93 49 328 214 223 164 380 53 469 50 501 373 374 458 482 389 344 417 90 24 335 133 409 279 237 195 426 538 161 108 289 484 92 10 101 297 510 34 420 13 517 163 149 110 207 294 309 218 143 345 415 30 134 245 152 182 324 17 457 398 45 112 353 166 539 89 352 132 346 288 513 311 9 103 349 135 376 249 204 29 198 271 238 21 284 230 52 507 336 296 489 306 98 174 341 193 544 522 46 247 202 15 391 176 277 144 40 170 172 491 58 357 19 84 307 122 497 180 455 47 192 236 509 2 364 536 363 78 258 429 276 12 447 543 310 397 63 444 494 305 177 43 48 80 502 280 440 419 69 26 95 109 20 330 527 156 8 377 348 521 326 462 514 67 464 423 496 169 291 42 390 368 481 313 387 220 400 191 488 537 100 337 548 467 474 160 529 36 252 22 167 267 540 433 287 251 424 216 104 262 175 503 333 402 275 525 269 459 38 211 85 379 16 14 492 33 131 315 327 107 396 528 493 495 28 139 299 480 157 145 23 520 427 334 403 263 159 201 37 88 318 304 39 479 436 314 317 11 354 254 181 366 205 27 142 260 443 215 162 189 233 54 141 106 425 524 384 375 114 322 301 523 532 308 526 531 79 65 273 295 71 154 413 150 222 516 200 430 66 6 511 61 483 113 372 405 158 312 203 41 140 411 418 392 165 293 197 367 512 185 533 96 68 399 428 74 250 446 408 196 316 302 369 350 321 394 261 504 347 126 549 213 468 179 477 105 487 147 243 212 7 102 421 210 414 206 472 342 253 268 5 461 75 320 407 545 25 
c [Incremental] Max used label: 551.
c [Incremental] Label 551 is removed from searching.
c [Incremental] Solving for max label = 550:
c [Incremental] Solving duration: 34500 ms.
s [Incremental] SAT (label = 550).
Label assignment: 241 499 128 221 437 393 332 546 151 82 401 125 518 3 470 202 108 448 534 148 360 4 51 240 232 542 138 1 475 199 471 365 219 59 173 412 476 541 18 224 208 406 178 456 298 94 300 73 519 486 264 506 378 231 342 468 220 171 155 246 303 32 508 116 146 505 382 194 281 500 285 416 188 550 31 105 356 514 490 385 183 466 35 255 278 465 547 77 93 49 328 206 217 164 380 53 469 50 501 373 374 458 478 389 344 417 90 24 335 133 409 279 237 177 426 538 161 83 289 480 72 10 101 297 510 34 420 13 517 163 149 70 207 294 309 214 143 345 415 30 134 245 152 182 324 17 457 398 26 106 353 166 539 89 352 132 346 288 57 311 9 349 358 482 376 249 209 29 198 271 238 21 284 230 52 507 336 296 489 306 98 174 341 193 544 522 46 247 218 15 391 176 277 144 40 170 172 491 58 357 19 84 484 122 497 204 455 47 190 236 509 2 364 536 363 87 258 429 276 12 447 543 310 397 63 444 494 305 180 43 48 85 502 280 440 330 69 22 95 192 20 439 527 156 8 377 348 521 326 462 515 67 80 423 496 169 291 42 390 368 481 313 387 216 400 191 488 537 100 337 548 467 474 160 529 36 252 112 167 267 540 433 287 251 424 223 107 262 175 503 333 402 275 525 269 459 38 212 86 379 16 14 492 33 131 315 45 109 396 528 493 495 28 139 299 479 157 145 23 520 427 334 403 263 159 201 37 88 318 304 39 485 436 314 317 11 354 254 181 366 189 27 142 260 443 110 162 205 233 54 141 104 425 524 384 375 114 322 301 523 532 308 526 531 78 65 273 295 71 154 413 150 222 516 200 430 66 6 511 61 463 113 372 405 158 312 203 41 140 411 418 392 165 293 197 367 512 185 533 96 68 399 428 74 250 446 408 196 316 302 369 350 321 394 261 504 347 126 549 213 461 179 487 111 483 147 243 211 7 102 421 210 414 215 477 340 253 268 5 472 319 320 407 545 25 
c [Incremental] Max used label: 550.
c [Incremental] Label 550 is removed from searching.
c [Incremental] Solving for max label = 549:
c [Incremental] Solving duration: 788 ms.
s [Incremental] SAT (label = 549).
Label assignment: 241 499 128 221 437 393 332 546 151 82 401 125 518 3 470 202 108 448 534 148 360 4 51 240 232 542 138 1 475 199 471 365 219 59 173 412 476 541 18 224 208 406 178 456 298 94 300 73 519 486 264 506 378 231 342 468 220 171 155 246 303 32 508 116 146 505 382 194 281 500 285 416 188 187 31 105 356 514 490 385 183 466 35 255 278 465 547 77 93 49 328 206 217 164 380 53 469 50 501 373 374 458 478 389 344 417 90 24 335 133 409 279 237 177 426 538 161 83 289 480 72 10 101 297 510 34 420 13 517 163 149 70 207 294 309 214 143 345 415 30 134 245 152 182 324 17 457 398 26 106 353 166 539 89 352 132 346 288 57 311 9 349 358 482 376 249 209 29 198 271 238 21 284 230 52 507 336 296 489 306 98 174 341 193 543 522 46 247 218 15 391 176 277 144 40 170 172 491 58 357 19 84 484 122 497 204 455 47 190 236 509 2 364 536 363 87 258 429 276 12 447 537 310 397 63 444 494 305 180 43 48 85 502 280 440 330 69 22 95 192 20 439 513 436 8 377 348 521 326 462 515 67 80 423 496 169 291 42 390 368 481 313 387 216 400 191 488 527 100 337 544 467 474 160 529 36 252 112 167 267 540 433 287 251 424 223 107 262 175 548 333 402 275 525 269 459 38 212 86 379 16 14 492 33 131 315 45 109 396 528 493 495 28 139 299 479 157 145 23 520 427 334 403 263 159 201 37 88 318 304 39 485 441 314 317 11 354 254 181 366 189 27 142 260 443 110 162 205 233 54 141 104 425 524 384 375 114 322 301 523 532 308 526 531 78 65 273 295 71 154 413 150 222 516 200 430 66 6 511 61 463 113 372 405 158 312 203 41 140 411 418 392 165 293 197 367 512 185 533 96 68 399 428 74 250 446 408 196 316 302 369 350 321 394 261 504 347 126 549 213 461 179 487 111 483 147 243 211 7 102 421 210 414 215 477 340 253 268 5 472 319 320 407 545 25 
c [Incremental] Max used label: 549.
c [Incremental] Label 549 is removed from searching.
c [Incremental] Solving for max label = 548:
c [Incremental] Solving duration: 707 ms.
s [Incremental] SAT (label = 548).
Label assignment: 241 499 128 221 416 389 332 546 151 82 401 125 518 61 470 202 108 448 534 148 360 4 51 240 232 542 138 1 475 199 471 365 219 59 173 412 476 541 18 224 208 406 178 456 298 94 300 73 519 486 264 506 378 231 342 468 220 171 155 246 303 32 508 116 146 505 382 194 281 500 278 393 187 180 31 105 356 514 490 385 183 466 35 255 272 465 547 77 93 3 328 186 217 164 380 53 469 50 501 373 374 458 478 386 344 417 90 24 335 133 409 279 237 163 426 538 161 83 289 480 72 10 101 297 510 34 420 13 517 149 170 70 207 294 309 214 143 345 415 30 130 245 134 182 324 17 457 398 26 106 353 152 539 89 352 132 346 288 57 311 9 349 358 482 376 249 209 29 198 244 238 21 284 230 52 491 336 296 489 306 98 174 341 188 543 507 46 247 218 15 391 176 271 144 40 172 153 522 58 357 19 84 484 122 497 204 455 44 190 236 509 2 364 536 363 87 258 429 276 12 447 537 310 397 63 444 494 305 177 43 48 85 502 280 440 330 69 22 95 192 20 439 513 436 8 377 348 521 326 462 515 67 80 423 496 169 291 42 390 368 481 313 387 216 400 191 488 527 100 337 544 467 474 160 529 36 252 112 167 282 540 433 287 251 424 223 107 262 175 548 333 402 275 525 269 459 38 212 86 410 16 14 492 33 131 315 45 109 396 528 493 495 28 139 270 479 157 145 23 520 427 334 403 263 159 201 47 88 318 304 39 485 441 314 317 11 354 254 181 366 189 27 142 260 443 110 162 205 233 37 141 104 425 524 384 375 114 322 329 523 532 299 526 531 78 49 273 295 68 154 413 150 222 516 200 430 66 6 511 81 463 113 372 405 158 312 203 41 140 411 418 392 165 293 197 367 512 124 533 96 91 399 428 74 250 446 408 196 316 302 369 350 321 394 261 504 347 126 530 213 461 179 487 111 483 147 243 211 7 102 421 210 414 215 477 340 253 268 5 472 301 320 407 545 25 
c [Incremental] Max used label: 548.
c [Incremental] Label 548 is removed from searching.
c [Incremental] Solving for max label = 547:
c [Incremental] Solving duration: 696 ms.
s [Incremental] SAT (label = 547).
Label assignment: 241 499 128 221 416 389 332 546 151 82 401 125 518 60 470 202 108 448 534 148 360 4 51 240 232 542 138 1 475 199 471 365 219 61 173 412 476 541 18 224 208 406 178 456 298 94 300 73 519 486 264 506 378 231 342 468 220 171 155 246 303 32 508 116 146 505 382 194 281 500 278 393 187 180 31 105 356 514 490 351 183 466 35 255 272 465 547 77 93 3 328 186 217 164 380 53 469 50 501 374 385 458 478 373 344 417 90 24 335 133 409 279 237 163 426 538 161 83 289 480 72 10 101 297 510 34 420 13 517 134 170 70 207 294 309 214 143 345 415 30 130 245 132 182 324 17 457 398 26 106 353 152 539 89 352 507 346 288 57 311 9 349 358 482 376 249 209 29 198 271 238 21 284 230 52 491 336 296 489 306 98 174 341 188 543 497 46 242 218 15 391 135 247 144 40 176 153 522 58 357 19 84 484 122 463 204 455 59 160 236 509 2 364 536 363 87 258 429 276 12 447 537 310 397 63 444 494 305 177 43 44 85 419 280 440 330 69 22 95 192 20 439 513 436 8 377 348 521 326 462 515 67 80 423 496 169 291 42 390 368 481 313 387 216 400 191 488 527 100 337 544 467 474 157 529 36 252 112 167 283 540 433 287 251 424 223 107 262 175 156 333 402 275 525 269 459 38 212 86 410 16 14 503 33 131 315 45 109 396 528 493 495 28 139 270 392 149 145 23 520 427 334 403 263 172 201 47 88 318 304 39 485 441 314 317 11 354 254 181 531 189 27 142 260 443 110 162 205 233 37 141 104 425 524 384 375 114 307 266 523 532 299 526 511 48 49 273 295 68 154 413 150 222 516 200 430 66 6 504 81 460 113 372 405 158 282 203 41 140 411 418 386 165 293 197 367 512 124 533 96 91 399 428 74 268 446 408 196 316 302 369 350 321 394 261 502 347 126 530 213 461 179 487 111 483 147 243 211 7 102 421 210 414 215 477 340 253 265 5 472 301 320 407 545 25 
c [Incremental] Max used label: 547.
c [Incremental] Label 547 is removed from searching.
c [Incremental] Solving for max label = 546:
c [Incremental] Solving duration: 703 ms.
s [Incremental] SAT (label = 546).
Label assignment: 241 499 128 221 416 389 332 546 151 82 401 125 518 60 470 202 108 448 534 148 360 4 51 240 232 542 138 1 475 199 471 365 219 61 173 412 476 541 18 224 208 406 178 455 298 94 300 73 519 486 264 506 378 231 342 468 220 171 155 246 303 32 508 116 146 539 382 194 281 500 278 393 187 180 31 105 356 514 490 351 183 466 35 255 272 465 315 77 93 3 328 186 217 164 380 53 469 50 501 374 385 458 478 373 344 417 90 24 335 133 409 279 195 163 426 538 161 83 289 480 72 10 101 297 510 34 420 13 517 134 170 70 207 294 309 214 143 345 415 30 130 245 132 182 324 17 456 398 26 106 353 152 535 89 352 507 346 288 57 311 9 349 358 482 376 249 209 29 198 271 238 21 284 230 52 491 336 296 489 306 98 174 341 188 543 497 46 242 218 15 391 135 247 144 40 176 153 522 58 357 19 84 484 122 463 204 462 59 160 236 509 2 364 536 363 87 258 429 276 12 447 537 310 397 63 444 494 305 177 43 44 85 419 280 440 330 69 22 95 192 20 439 513 436 8 377 348 521 326 464 515 67 80 423 496 169 291 42 390 368 481 339 387 216 400 191 488 527 100 337 544 467 474 157 529 36 252 112 167 283 540 433 287 251 424 223 107 262 175 156 333 402 275 525 269 459 38 212 86 410 16 14 503 33 131 313 45 109 396 528 493 495 28 139 270 392 149 145 23 520 431 334 403 263 172 201 47 88 318 304 39 485 441 314 317 11 354 254 181 531 189 27 142 260 443 110 162 205 233 37 141 104 457 524 384 375 114 307 266 523 532 299 526 511 48 49 273 295 68 154 413 150 222 516 200 430 66 6 504 81 460 113 372 405 158 282 203 41 140 411 418 427 165 293 197 367 512 124 533 96 91 399 428 74 268 446 408 196 316 302 369 350 321 394 261 502 347 126 530 213 461 179 487 111 483 147 243 211 7 102 421 210 414 215 477 340 253 265 5 472 301 320 407 545 25 
c [Incremental] Max used label: 546.
c [Incremental] Label 546 is removed from searching.
c [Incremental] Solving for max label = 545:
c [Incremental] Solving duration: 705 ms.
s [Incremental] SAT (label = 545).
Label assignment: 241 499 128 221 416 389 332 519 151 82 401 125 518 60 470 202 108 448 534 148 360 4 51 240 232 542 138 1 475 199 471 365 219 61 173 412 476 541 18 224 208 406 178 455 298 94 300 73 506 486 264 505 378 231 342 468 220 171 155 246 303 32 508 116 146 539 382 194 281 500 278 393 187 180 31 105 356 514 490 351 183 466 35 255 272 465 315 77 93 3 328 186 217 164 380 53 469 50 501 374 385 458 478 373 344 417 90 24 335 133 409 279 195 163 426 538 161 83 289 480 72 10 101 297 510 34 420 13 517 134 170 70 207 294 309 214 143 345 415 30 130 245 132 182 324 17 456 398 26 106 353 152 535 89 352 507 346 288 57 311 9 349 358 482 376 249 209 29 198 271 238 21 284 230 52 491 336 296 489 306 98 174 341 188 543 497 46 242 218 15 391 135 247 144 40 176 153 522 58 357 19 84 484 122 463 204 462 59 160 236 509 2 364 536 363 87 258 429 276 12 447 537 310 397 63 444 494 305 177 43 44 85 419 280 440 330 69 22 95 192 20 439 513 436 8 377 348 521 326 464 515 67 80 423 496 169 291 42 390 368 481 339 387 216 400 191 488 527 100 337 544 467 474 157 529 36 252 112 167 283 540 433 287 251 424 223 107 262 175 156 333 402 275 525 269 459 38 212 86 410 16 14 503 33 131 313 45 109 396 528 493 495 28 139 270 392 149 145 23 520 431 334 403 263 172 201 47 88 318 304 39 485 441 314 317 11 354 254 181 531 189 27 142 260 443 110 162 205 233 37 141 104 457 524 384 375 114 307 266 523 532 299 526 511 48 49 273 295 68 154 413 150 222 516 200 430 66 6 504 81 460 113 372 405 158 282 203 41 140 411 418 427 165 293 197 367 512 124 533 96 91 399 428 74 268 446 408 196 316 302 369 350 321 394 261 502 347 126 530 213 461 179 487 111 483 147 243 211 7 102 421 210 386 215 477 340 253 265 5 472 301 320 407 545 25 
c [Incremental] Max used label: 545.
c [Incremental] Label 545 is removed from searching.
c [Incremental] Solving for max label = 544:
c [Incremental] Solving duration: 842 ms.
s [Incremental] SAT (label = 544).
Label assignment: 241 499 128 221 416 389 332 519 151 82 401 125 518 60 470 202 108 448 535 148 360 4 53 240 232 542 138 1 475 199 471 365 219 61 173 412 491 541 65 224 208 406 178 455 278 94 300 73 506 492 264 505 378 231 342 468 220 171 155 246 303 49 508 116 146 539 259 194 283 500 277 393 187 180 30 214 356 514 490 351 183 466 35 255 272 465 285 77 93 3 328 186 99 164 380 55 469 50 501 374 385 458 478 373 344 417 149 24 335 133 409 279 168 163 426 538 161 83 289 480 72 15 101 297 510 66 420 13 517 134 166 70 207 294 309 217 143 345 415 10 130 245 132 182 324 17 456 398 26 106 353 152 534 89 352 507 346 288 57 311 31 349 358 225 376 482 209 18 198 271 238 21 284 230 52 9 336 296 489 306 98 174 341 188 543 497 46 242 29 34 391 135 247 144 40 176 153 522 58 357 19 84 462 129 463 204 454 59 160 229 509 2 379 536 363 87 371 429 276 12 447 537 298 397 63 444 494 305 177 43 44 85 419 280 440 330 32 22 95 192 20 439 513 436 8 377 348 521 329 464 515 67 80 422 496 170 291 42 390 368 236 326 387 216 400 191 488 527 100 337 544 467 474 157 529 36 262 112 167 282 540 418 287 251 424 223 107 260 175 156 339 402 275 525 269 459 38 212 86 410 16 14 503 33 131 313 45 109 396 528 493 495 28 139 270 392 159 145 23 520 413 334 403 263 172 201 47 88 318 304 39 485 441 314 317 11 354 484 181 531 189 27 142 250 443 110 162 205 233 37 141 253 457 524 384 375 114 307 266 523 533 290 526 511 48 51 273 295 68 154 411 150 222 516 200 430 69 6 504 81 460 113 486 405 158 286 203 41 140 404 423 427 165 293 197 367 512 124 372 96 91 399 428 74 268 446 408 169 316 299 369 350 321 394 261 502 347 126 530 147 461 179 481 111 483 137 243 211 7 102 487 210 386 215 477 340 254 265 5 472 301 320 407 532 25 
c [Incremental] Max used label: 544.
c [Incremental] Label 544 is removed from searching.
c [Incremental] Solving for max label = 543:
c [Incremental] Solving duration: 109806 ms.
s [Incremental] SAT (label = 543).
Label assignment: 241 499 128 221 416 389 444 500 151 98 401 125 518 60 470 510 223 448 535 148 326 4 53 240 232 542 138 1 476 199 479 365 222 61 173 412 491 541 65 224 207 406 178 455 278 97 300 88 489 487 264 502 378 219 323 85 208 171 155 146 303 49 508 81 136 539 395 187 283 475 277 393 190 180 30 213 356 514 490 351 183 469 35 255 272 461 285 90 486 3 338 186 101 164 380 55 452 50 501 374 385 459 466 373 344 417 149 24 335 259 409 279 168 163 369 538 161 103 289 480 73 15 109 297 504 66 420 13 517 134 166 107 202 294 309 217 143 345 415 10 204 245 132 182 324 17 456 398 26 111 325 152 534 197 352 505 346 288 57 311 31 349 358 215 376 477 200 9 198 271 238 21 284 193 52 18 336 296 482 306 100 174 467 185 543 498 44 16 29 34 391 135 247 144 40 176 153 522 58 357 19 84 462 129 463 203 454 59 160 211 509 2 379 536 363 122 371 429 276 12 93 519 298 397 63 458 492 305 177 39 45 471 419 280 440 330 537 20 77 192 22 447 513 472 8 375 348 521 333 465 515 67 80 422 507 170 291 42 390 368 108 343 387 216 400 191 488 527 110 337 225 443 478 157 529 36 262 102 167 282 540 418 287 251 424 212 99 260 175 156 328 402 275 525 269 457 38 206 64 410 92 14 503 33 131 313 46 89 396 528 494 481 28 139 270 392 159 145 23 520 413 327 403 250 172 473 32 120 318 304 25 485 441 253 317 11 354 511 181 531 189 27 142 256 54 195 162 205 201 37 141 214 72 524 384 372 114 307 266 523 533 290 526 516 48 51 273 295 68 154 411 150 210 506 5 433 69 6 495 87 460 140 484 405 158 286 220 41 126 404 423 427 165 293 196 367 512 124 75 95 91 399 428 74 268 446 408 169 321 299 350 331 334 394 261 496 347 121 530 218 464 179 483 106 442 137 243 188 7 94 421 184 386 209 468 340 254 265 43 474 301 320 407 532 56 
c [Incremental] Max used label: 543.
c [Incremental] Label 543 is removed from searching.
c [Incremental] Solving for max label = 542:
c [Incremental] Solving duration: 1118683 ms.
s [Incremental] SAT (label = 542).
Label assignment: 507 13 202 45 2 199 112 514 493 530 133 196 509 363 385 7 97 130 285 194 60 155 50 90 46 335 401 244 4 488 218 419 21 483 251 70 448 340 67 478 86 85 257 506 350 425 43 375 501 9 69 181 341 529 49 281 36 481 318 453 336 279 503 500 37 540 241 322 487 232 278 166 92 528 137 377 355 364 454 357 200 510 532 303 315 352 261 534 138 402 400 19 492 316 346 515 214 3 221 451 48 247 173 370 379 226 147 369 319 1 72 143 469 22 452 255 167 302 392 403 516 141 450 387 178 275 139 470 299 123 169 485 83 76 329 30 160 395 140 161 477 54 151 111 144 502 217 71 192 520 361 12 480 103 332 283 118 34 245 321 15 297 353 229 325 479 490 180 91 154 98 231 517 25 197 236 262 238 187 10 461 73 398 115 312 482 362 324 265 533 309 27 11 14 338 242 51 521 16 358 541 75 474 296 96 125 420 204 291 537 313 374 326 496 389 222 484 449 495 535 286 284 81 170 47 225 263 240 213 184 539 95 57 527 74 53 491 234 471 105 129 289 531 301 354 343 383 486 376 413 536 307 456 368 498 6 384 157 414 198 294 360 128 145 68 162 205 394 489 305 132 201 210 427 504 185 35 359 29 32 159 499 463 119 497 473 89 17 172 38 110 20 459 268 423 356 219 42 464 331 287 33 467 82 186 189 476 524 371 508 177 174 183 347 380 59 80 320 148 282 475 410 165 280 66 512 228 223 208 345 52 55 415 334 523 511 323 505 188 308 114 190 26 518 207 462 274 62 41 405 58 365 215 455 397 44 31 179 349 23 519 134 317 77 64 372 391 445 24 525 146 311 5 40 108 131 468 522 224 248 411 438 113 433 239 404 243 416 203 235 406 127 396 65 458 494 306 18 378 472 526 300 206 466 171 393 399 386 351 88 109 327 366 407 314 230 271 63 339 8 269 195 249 102 220 295 310 290 56 61 209 457 168 538 216 330 460 39 446 465 227 337 513 193 328 
c [Incremental] Max used label: 541.
c [Incremental] Label 542 is removed from searching.
c [Incremental] Label 541 is removed from searching.
c [Incremental] Solving for max label = 540:
c [Incremental] Solving duration: 61470 ms.
s [Incremental] SAT (label = 540).
Label assignment: 507 13 207 49 2 156 163 514 469 530 122 196 276 363 375 7 91 130 285 194 45 135 46 84 85 335 401 244 4 488 214 425 65 509 251 70 448 367 21 529 86 60 258 460 350 444 43 311 485 9 69 181 369 464 112 280 36 498 307 493 270 340 503 500 37 540 269 443 483 252 278 158 92 528 137 377 341 355 502 357 173 506 532 303 289 364 274 534 160 402 400 3 492 346 333 501 191 19 200 458 48 297 159 332 379 226 147 370 352 1 72 202 457 22 520 255 167 302 348 388 461 144 456 266 205 287 143 463 291 126 169 449 96 76 329 89 211 398 140 161 471 30 151 98 138 515 219 67 232 496 361 12 481 97 336 283 103 55 236 321 15 320 353 305 312 192 197 180 94 152 88 235 517 25 234 250 259 238 187 34 472 73 382 116 292 470 362 309 265 533 317 27 11 14 338 242 51 446 16 328 516 75 478 294 87 101 420 383 385 537 331 374 324 486 389 216 480 454 474 535 521 284 53 153 47 212 262 240 213 184 539 95 57 527 74 54 510 231 462 491 133 316 531 301 354 343 381 487 376 198 536 247 177 368 489 6 384 149 414 210 322 360 128 145 66 228 426 394 467 299 120 208 220 404 504 185 35 417 90 29 170 499 445 119 484 473 93 17 172 38 179 20 451 263 423 356 201 32 479 313 282 33 453 81 186 189 476 524 371 508 195 227 215 347 380 59 111 319 154 279 475 314 164 288 100 512 257 223 162 345 44 77 415 337 523 511 318 505 359 308 114 190 26 518 209 459 395 78 62 405 41 365 217 490 397 52 31 176 330 24 519 134 221 99 40 372 391 495 23 525 148 306 5 64 102 131 477 522 218 233 409 538 115 407 239 271 243 416 203 237 452 127 396 63 455 494 304 8 393 482 526 300 206 465 171 157 399 386 325 58 80 323 366 412 327 225 261 82 342 18 268 378 249 79 165 295 310 290 56 61 204 450 168 281 222 334 468 39 497 466 230 349 513 193 339 
c [Incremental] Max used label: 540.
c [Incremental] Label 540 is removed from searching.
c [Incremental] Solving for max label = 539:
c [Incremental] Solving duration: 666 ms.
s [Incremental] SAT (label = 539).
Label assignment: 507 13 199 65 2 156 163 514 469 530 3 196 276 363 361 29 91 130 285 194 45 135 46 84 50 335 291 244 4 488 214 425 69 509 251 70 448 367 49 529 86 60 258 460 350 444 85 312 485 9 43 181 375 464 112 280 21 498 307 493 270 340 7 500 275 503 269 443 483 252 283 158 92 528 128 377 341 355 502 357 173 506 532 303 278 364 274 534 160 402 400 115 492 346 333 501 191 19 200 458 83 297 159 316 379 226 147 370 332 1 72 202 457 22 520 255 167 302 348 388 461 178 456 266 205 287 143 463 293 126 169 449 96 76 329 28 211 398 140 161 471 30 151 98 138 515 219 67 232 496 352 12 481 97 336 289 103 55 236 321 15 320 353 305 310 192 197 180 94 175 88 235 517 11 234 250 248 238 187 34 472 73 382 116 292 470 362 309 265 533 317 27 10 14 338 242 25 446 16 328 516 75 478 294 87 101 420 383 385 537 331 374 324 486 389 216 480 454 474 535 521 284 53 153 47 212 262 241 213 184 539 95 57 527 74 54 510 233 462 491 133 306 48 301 354 343 381 487 376 198 531 247 177 368 489 120 384 136 419 210 322 369 129 145 66 228 536 394 467 299 141 208 220 404 504 185 35 417 90 51 162 499 445 119 484 473 93 17 172 38 179 20 451 263 414 356 201 32 479 313 282 33 453 81 186 189 476 524 371 508 195 183 215 347 380 42 111 319 154 279 475 314 170 408 100 512 257 223 164 345 44 77 415 390 523 511 318 505 359 308 114 190 26 518 209 459 395 62 78 405 41 365 217 490 397 24 31 176 330 59 519 134 221 99 40 372 391 495 23 525 148 298 5 64 538 131 477 522 218 253 409 422 113 407 239 271 243 416 203 237 452 127 396 63 455 494 304 8 393 482 526 300 206 465 171 157 399 386 325 58 80 323 366 412 327 225 249 82 342 18 268 378 240 79 165 295 311 290 56 61 204 450 168 281 222 334 468 39 497 466 230 349 513 193 339 
c [Incremental] Max used label: 539.
c [Incremental] Label 539 is removed from searching.
c [Incremental] Solving for max label = 538:
c [Incremental] Solving duration: 681 ms.
s [Incremental] SAT (label = 538).
Label assignment: 507 13 199 65 2 156 163 514 469 530 3 196 276 363 361 29 30 130 285 194 45 135 43 84 50 329 291 244 4 488 207 425 70 509 251 36 444 367 37 529 86 49 258 460 284 441 102 312 485 9 69 181 375 464 112 279 21 498 307 493 270 340 7 500 275 503 143 443 483 252 283 158 92 528 128 377 341 355 502 357 166 506 532 303 278 364 277 534 160 402 46 115 492 346 333 501 191 19 200 458 85 297 159 316 379 226 147 370 332 1 72 202 457 22 520 255 167 302 348 381 461 178 456 266 205 282 144 463 293 126 175 449 95 28 321 71 214 382 140 161 471 60 169 98 138 515 219 67 153 496 352 12 481 83 336 295 103 55 236 337 15 320 353 305 310 192 197 184 94 180 88 235 517 11 234 250 248 238 187 34 472 73 373 116 286 470 362 309 265 533 317 27 10 14 338 242 25 446 16 328 398 75 478 294 87 101 420 383 385 537 331 374 324 486 389 216 480 454 474 535 521 280 53 174 47 212 262 241 154 182 401 96 57 527 74 54 491 233 462 448 260 306 48 301 354 343 387 487 376 198 531 273 177 368 489 120 510 136 413 210 322 369 129 145 66 228 536 394 467 299 141 211 220 51 504 185 35 417 90 63 162 404 445 119 484 473 93 17 173 52 179 20 451 263 419 356 201 408 479 313 292 32 453 81 186 189 476 524 371 508 195 183 172 347 380 42 24 319 139 287 475 314 170 403 100 512 257 223 155 335 511 44 415 390 523 526 318 505 391 308 114 190 26 442 209 459 395 41 78 405 33 365 208 519 414 38 31 188 330 59 397 134 221 99 40 372 386 525 23 495 146 298 5 64 538 131 477 516 218 253 409 422 113 407 239 271 243 416 203 150 452 164 396 109 455 494 304 8 326 482 522 300 206 465 171 157 399 518 325 39 80 323 366 412 327 225 249 82 342 18 268 148 240 79 165 296 311 288 61 76 204 450 168 281 222 334 468 56 497 466 230 349 513 176 290 
c [Incremental] Max used label: 538.
c [Incremental] Label 538 is removed from searching.
c [Incremental] Solving for max label = 537:
c [Incremental] Solving duration: 556 ms.
s [Incremental] SAT (label = 537).
Label assignment: 507 13 199 65 2 156 163 514 469 530 3 196 276 363 361 29 30 130 285 194 45 135 43 84 50 329 291 244 4 488 207 425 70 509 251 36 444 367 37 529 86 49 258 460 284 441 102 350 485 9 69 181 375 464 112 279 21 498 307 493 270 340 7 500 275 503 143 443 483 252 283 158 92 528 128 377 341 355 502 357 166 506 532 303 278 364 277 534 160 402 46 115 492 346 333 501 191 19 200 458 85 297 159 316 387 226 147 370 332 1 72 202 457 22 520 255 167 302 348 381 461 178 456 266 205 282 144 463 293 126 175 449 95 28 321 71 214 382 140 161 496 60 169 98 138 515 219 67 153 471 352 12 481 83 336 295 103 55 236 337 15 320 353 305 373 192 517 184 94 180 88 235 272 11 234 247 248 238 187 34 472 73 359 116 286 470 362 379 265 533 317 27 10 14 338 242 25 446 16 328 398 75 478 294 87 101 420 383 385 537 331 374 324 486 389 216 480 454 474 535 521 280 53 174 47 212 262 241 154 182 401 96 57 527 74 54 491 233 462 448 260 306 48 301 354 343 388 487 376 198 531 273 177 368 489 120 510 136 413 210 322 369 129 145 66 228 222 394 467 299 141 211 220 51 504 185 35 417 90 63 162 404 445 119 484 473 93 17 173 52 179 20 451 263 419 356 201 408 479 313 292 32 453 81 186 189 476 524 371 508 195 183 172 347 380 42 24 319 139 287 475 314 170 403 100 512 257 223 155 335 511 44 415 390 523 526 318 505 391 308 114 190 26 442 209 459 395 41 78 405 33 365 208 519 414 38 31 188 330 59 397 134 224 99 40 372 386 525 23 495 146 298 5 64 536 131 477 516 218 253 409 494 113 407 239 271 243 416 203 150 452 164 396 109 455 490 304 8 326 482 522 300 206 465 171 157 399 518 325 39 80 323 366 412 327 225 249 82 342 18 268 148 240 79 165 296 311 288 61 76 204 450 168 281 221 334 468 56 497 466 230 349 513 176 290 
c [Incremental] Max used label: 537.
c [Incremental] Label 537 is removed from searching.
c [Incremental] Solving for max label = 536:
c [Signal] Signal interruption. Caught signal: SIGTERM (15).
c [Main] Lim pid ends with result: 254.
r [Main] 
r [Main] Final results: 
r [Main] Total real time: 1806345 ms.
r [Main] Total memory consumed: 1827.5 MB.
r [Main] 
