c [Version] Minimize Makespan Labeling Encoder version 1.0.0.
c [Param] Target value is set to 170.
c [Param] LB is predefined as 171.
c [Param] UB is predefined as 857.
c [Param] Target value is set to Antibandwidth.
c [Param] Vertices mode is set to Has hole.
c [Param] Result verification is ON.
c [Param] Memory limit is set to 30000.
c [Param] Real time limit is set to 1800.
c [Param] Max CNF size is set to 10.
c [Main] Search strategy: Incremental from upper bound.
c [Main] Encoding and solving for graph: W-685_bus.mtx.rnd.
c [Incremental] Minimize Makespan Labeling problem (W-685_bus.mtx.rnd):
c [Incremental] Encoding starts with target value = 170:
c [Incremental] Encoding duration: 7257ms.
c [Incremental] Number of clauses: 7709073.
c [Incremental] Number of variables: 1630375.
c [Incremental] Solving for max label = 857:
c [Incremental] Solving duration: 380 ms.
s [Incremental] SAT (label = 857).
c [Incremental] Label assignment: 681 511 511 1 681 1 341 341 171 341 511 1 511 1 511 681 341 341 511 171 511 1 341 511 1 511 511 171 511 171 511 171 341 511 341 171 171 171 1 511 341 341 1 681 171 511 171 341 341 171 511 171 171 341 341 341 171 171 1 511 171 341 681 341 171 681 341 681 171 857 1 1 171 171 341 511 857 341 1 1 511 1 511 681 341 171 341 511 171 171 171 171 1 1 341 341 341 341 511 171 341 171 341 511 171 341 341 171 171 341 171 511 1 171 341 171 1 341 681 341 681 341 341 341 171 511 341 341 341 171 171 171 341 1 1 171 171 171 681 171 341 681 1 171 1 171 1 1 341 681 1 171 341 681 341 511 1 171 171 341 1 341 511 341 171 857 171 511 171 171 171 341 341 341 341 171 341 1 1 1 171 1 511 1 341 171 511 171 341 341 341 511 511 171 1 341 171 171 1 341 1 341 341 511 171 1 1 511 511 341 171 1 511 171 171 1 171 341 171 1 171 171 1 681 1 341 171 341 171 341 511 511 171 171 171 511 171 1 171 171 1 341 511 341 171 341 171 681 511 341 171 171 341 681 1 171 511 1 1 171 171 171 1 171 171 341 1 1 511 511 341 171 1 171 1 341 1 171 511 1 1 1 341 171 341 1 341 511 1 341 171 171 1 171 171 171 171 341 171 511 171 1 1 1 171 171 171 171 341 1 171 341 341 341 171 1 341 171 341 171 171 1 1 171 511 341 1 171 171 341 341 1 171 171 341 1 511 171 171 171 1 511 171 341 1 341 171 1 171 171 171 171 171 171 171 171 1 511 171 171 341 341 171 171 341 1 341 341 1 341 1 341 1 1 171 1 341 341 171 1 341 1 511 171 171 1 171 341 341 1 171 171 1 171 1 1 171 171 341 171 171 171 171 171 171 1 341 171 171 341 171 1 171 171 341 171 1 1 1 1 1 1 171 1 511 171 1 341 341 1 171 171 1 1 1 171 341 341 1 171 171 1 1 1 1 171 171 1 1 1 171 171 1 1 171 1 1 171 1 171 171 1 1 511 1 171 171 171 171 1 1 171 341 341 1 1 1 1 1 341 171 171 1 1 171 1 1 1 1 1 1 511 171 171 1 171 171 1 1 1 171 1 341 1 1 171 171 341 171 1 1 171 171 171 1 341 341 171 1 171 171 1 1 171 341 1 1 1 341 1 171 171 1 1 1 1 1 171 171 171 1 1 171 171 171 171 1 1 171 1 1 1 171 1 171 171 1 171 1 1 1 171 1 1 1 171 1 1 171 1 171 171 1 171 1 1 1 171 1 1 1 341 341 1 1 1 1 1 1 171 1 1 1 1 1 1 1 171 171 1 1 1 1 1 1 1 1 1 1 1 1 1 1 1 171 171 1 1 171 1 1 1 1 1 1 1 171 1 1 1 171 1 1 1 171 171 1 1 1 1 1 1 1 171 1 1 1 171 1 171 171 1 1 1 1 1 171 1 1 1 1 1 1 1 1 1 1 1 1 171 1 1 1 1 1 1 1 1 1 1 1 1 1 1 1 
c [Incremental] Max used label: 857.
c [Incremental] Label 857 is removed from searching.
c [Incremental] Solving for max label = 856:
c [Incremental] Solving duration: 286 ms.
s [Incremental] SAT (label = 856).
c [Incremental] Label assignment: 681 511 511 1 681 1 341 341 171 341 511 1 511 1 511 681 341 341 511 171 511 1 341 511 1 511 511 171 511 171 511 171 341 511 341 171 171 171 1 511 341 341 1 681 171 511 171 341 341 171 511 171 171 341 341 341 171 171 1 511 171 341 681 341 171 681 341 681 171 856 1 1 171 171 341 511 856 341 1 1 511 1 511 681 341 171 341 511 171 171 171 171 1 1 341 341 341 341 511 171 341 171 341 511 171 341 341 171 171 341 171 511 1 171 341 171 1 341 681 341 681 341 341 341 171 511 341 341 341 171 171 171 341 1 1 171 171 171 681 171 341 681 1 171 1 171 1 1 341 681 1 171 341 681 341 511 1 171 171 341 1 341 511 341 171 856 171 511 171 171 171 341 341 341 341 171 341 1 1 1 171 1 511 1 341 171 511 171 341 341 341 511 511 171 1 341 171 171 1 341 1 341 341 511 171 1 1 511 511 341 171 1 511 171 171 1 171 341 171 1 171 171 1 681 1 341 171 341 171 341 511 511 171 171 171 511 171 1 171 171 1 341 511 341 171 341 171 681 511 341 171 171 341 681 1 171 511 1 1 171 171 171 1 171 171 341 1 1 511 511 341 171 1 171 1 341 1 171 511 1 1 1 341 171 341 1 341 511 1 341 171 171 1 171 171 171 171 341 171 511 171 1 1 1 171 171 171 171 341 1 171 341 341 341 171 1 341 171 341 171 171 1 1 171 511 341 1 171 171 341 341 1 171 171 341 1 511 171 171 171 1 511 171 341 1 341 171 1 171 171 171 171 171 171 171 171 1 511 171 171 341 341 171 171 341 1 341 341 1 341 1 341 1 1 171 1 341 341 171 1 341 1 511 171 171 1 171 341 341 1 171 171 1 171 1 1 171 171 341 171 171 171 171 171 171 1 341 171 171 341 171 1 171 171 341 171 1 1 1 1 1 1 171 1 511 171 1 341 341 1 171 171 1 1 1 171 341 341 1 171 171 1 1 1 1 171 171 1 1 1 171 171 1 1 171 1 1 171 1 171 171 1 1 511 1 171 171 171 171 1 1 171 341 341 1 1 1 1 1 341 171 171 1 1 171 1 1 1 1 1 1 511 171 171 1 171 171 1 1 1 171 1 341 1 1 171 171 341 171 1 1 171 171 171 1 341 341 171 1 171 171 1 1 171 341 1 1 1 341 1 171 171 1 1 1 1 1 171 171 171 1 1 171 171 171 171 1 1 171 1 1 1 171 1 171 171 1 171 1 1 1 171 1 1 1 171 1 1 171 1 171 171 1 171 1 1 1 171 1 1 1 341 341 1 1 1 1 1 1 171 1 1 1 1 1 1 1 171 171 1 1 1 1 1 1 1 1 1 1 1 1 1 1 1 171 171 1 1 171 1 1 1 1 1 1 1 171 1 1 1 171 1 1 1 171 171 1 1 1 1 1 1 1 171 1 1 1 171 1 171 171 1 1 1 1 1 171 1 1 1 1 1 1 1 1 1 1 1 1 171 1 1 1 1 1 1 1 1 1 1 1 1 1 1 1 
c [Incremental] Max used label: 856.
c [Incremental] Label 856 is removed from searching.
c [Incremental] Solving for max label = 855:
c [Incremental] Solving duration: 286 ms.
s [Incremental] SAT (label = 855).
c [Incremental] Label assignment: 681 511 511 1 681 1 341 341 171 341 511 1 511 1 511 681 341 341 511 171 511 1 341 511 1 511 511 171 511 171 511 171 341 511 341 171 171 171 1 511 341 341 1 681 171 511 171 341 341 171 511 171 171 341 341 341 171 171 1 511 171 341 681 341 171 681 341 681 171 855 1 1 171 171 341 511 855 341 1 1 511 1 511 681 341 171 341 511 171 171 171 171 1 1 341 341 341 341 511 171 341 171 341 511 171 341 341 171 171 341 171 511 1 171 341 171 1 341 681 341 681 341 341 341 171 511 341 341 341 171 171 171 341 1 1 171 171 171 681 171 341 681 1 171 1 171 1 1 341 681 1 171 341 681 341 511 1 171 171 341 1 341 511 341 171 855 171 511 171 171 171 341 341 341 341 171 341 1 1 1 171 1 511 1 341 171 511 171 341 341 341 511 511 171 1 341 171 171 1 341 1 341 341 511 171 1 1 511 511 341 171 1 511 171 171 1 171 341 171 1 171 171 1 681 1 341 171 341 171 341 511 511 171 171 171 511 171 1 171 171 1 341 511 341 171 341 171 681 511 341 171 171 341 681 1 171 511 1 1 171 171 171 1 171 171 341 1 1 511 511 341 171 1 171 1 341 1 171 511 1 1 1 341 171 341 1 341 511 1 341 171 171 1 171 171 171 171 341 171 511 171 1 1 1 171 171 171 171 341 1 171 341 341 341 171 1 341 171 341 171 171 1 1 171 511 341 1 171 171 341 341 1 171 171 341 1 511 171 171 171 1 511 171 341 1 341 171 1 171 171 171 171 171 171 171 171 1 511 171 171 341 341 171 171 341 1 341 341 1 341 1 341 1 1 171 1 341 341 171 1 341 1 511 171 171 1 171 341 341 1 171 171 1 171 1 1 171 171 341 171 171 171 171 171 171 1 341 171 171 341 171 1 171 171 341 171 1 1 1 1 1 1 171 1 511 171 1 341 341 1 171 171 1 1 1 171 341 341 1 171 171 1 1 1 1 171 171 1 1 1 171 171 1 1 171 1 1 171 1 171 171 1 1 511 1 171 171 171 171 1 1 171 341 341 1 1 1 1 1 341 171 171 1 1 171 1 1 1 1 1 1 511 171 171 1 171 171 1 1 1 171 1 341 1 1 171 171 341 171 1 1 171 171 171 1 341 341 171 1 171 171 1 1 171 341 1 1 1 341 1 171 171 1 1 1 1 1 171 171 171 1 1 171 171 171 171 1 1 171 1 1 1 171 1 171 171 1 171 1 1 1 171 1 1 1 171 1 1 171 1 171 171 1 171 1 1 1 171 1 1 1 341 341 1 1 1 1 1 1 171 1 1 1 1 1 1 1 171 171 1 1 1 1 1 1 1 1 1 1 1 1 1 1 1 171 171 1 1 171 1 1 1 1 1 1 1 171 1 1 1 171 1 1 1 171 171 1 1 1 1 1 1 1 171 1 1 1 171 1 171 171 1 1 1 1 1 171 1 1 1 1 1 1 1 1 1 1 1 1 171 1 1 1 1 1 1 1 1 1 1 1 1 1 1 1 
c [Incremental] Max used label: 855.
c [Incremental] Label 855 is removed from searching.
c [Incremental] Solving for max label = 854:
c [Incremental] Solving duration: 287 ms.
s [Incremental] SAT (label = 854).
c [Incremental] Label assignment: 681 511 511 1 681 1 341 341 171 341 511 1 511 1 511 681 341 341 511 171 511 1 341 511 1 511 511 171 511 171 511 171 341 511 341 171 171 171 1 511 341 341 1 681 171 511 171 341 341 171 511 171 171 341 341 341 171 171 1 511 171 341 681 341 171 681 341 681 171 854 1 1 171 171 341 511 854 341 1 1 511 1 511 681 341 171 341 511 171 171 171 171 1 1 341 341 341 341 511 171 341 171 341 511 171 341 341 171 171 341 171 511 1 171 341 171 1 341 681 341 681 341 341 341 171 511 341 341 341 171 171 171 341 1 1 171 171 171 681 171 341 681 1 171 1 171 1 1 341 681 1 171 341 681 341 511 1 171 171 341 1 341 511 341 171 854 171 511 171 171 171 341 341 341 341 171 341 1 1 1 171 1 511 1 341 171 511 171 341 341 341 511 511 171 1 341 171 171 1 341 1 341 341 511 171 1 1 511 511 341 171 1 511 171 171 1 171 341 171 1 171 171 1 681 1 341 171 341 171 341 511 511 171 171 171 511 171 1 171 171 1 341 511 341 171 341 171 681 511 341 171 171 341 681 1 171 511 1 1 171 171 171 1 171 171 341 1 1 511 511 341 171 1 171 1 341 1 171 511 1 1 1 341 171 341 1 341 511 1 341 171 171 1 171 171 171 171 341 171 511 171 1 1 1 171 171 171 171 341 1 171 341 341 341 171 1 341 171 341 171 171 1 1 171 511 341 1 171 171 341 341 1 171 171 341 1 511 171 171 171 1 511 171 341 1 341 171 1 171 171 171 171 171 171 171 171 1 511 171 171 341 341 171 171 341 1 341 341 1 341 1 341 1 1 171 1 341 341 171 1 341 1 511 171 171 1 171 341 341 1 171 171 1 171 1 1 171 171 341 171 171 171 171 171 171 1 341 171 171 341 171 1 171 171 341 171 1 1 1 1 1 1 171 1 511 171 1 341 341 1 171 171 1 1 1 171 341 341 1 171 171 1 1 1 1 171 171 1 1 1 171 171 1 1 171 1 1 171 1 171 171 1 1 511 1 171 171 171 171 1 1 171 341 341 1 1 1 1 1 341 171 171 1 1 171 1 1 1 1 1 1 511 171 171 1 171 171 1 1 1 171 1 341 1 1 171 171 341 171 1 1 171 171 171 1 341 341 171 1 171 171 1 1 171 341 1 1 1 341 1 171 171 1 1 1 1 1 171 171 171 1 1 171 171 171 171 1 1 171 1 1 1 171 1 171 171 1 171 1 1 1 171 1 1 1 171 1 1 171 1 171 171 1 171 1 1 1 171 1 1 1 341 341 1 1 1 1 1 1 171 1 1 1 1 1 1 1 171 171 1 1 1 1 1 1 1 1 1 1 1 1 1 1 1 171 171 1 1 171 1 1 1 1 1 1 1 171 1 1 1 171 1 1 1 171 171 1 1 1 1 1 1 1 171 1 1 1 171 1 171 171 1 1 1 1 1 171 1 1 1 1 1 1 1 1 1 1 1 1 171 1 1 1 1 1 1 1 1 1 1 1 1 1 1 1 
c [Incremental] Max used label: 854.
c [Incremental] Label 854 is removed from searching.
c [Incremental] Solving for max label = 853:
c [Incremental] Solving duration: 292 ms.
s [Incremental] SAT (label = 853).
c [Incremental] Label assignment: 681 511 511 1 681 1 341 341 171 341 511 1 511 1 511 681 341 341 511 171 511 1 341 511 1 511 511 171 511 171 511 171 341 511 341 171 171 171 1 511 341 341 1 681 171 511 171 341 341 171 511 171 171 341 341 341 171 171 1 511 171 341 681 341 171 681 341 681 171 853 1 1 171 171 341 511 853 341 1 1 511 1 511 681 341 171 341 511 171 171 171 171 1 1 341 341 341 341 511 171 341 171 341 511 171 341 341 171 171 341 171 511 1 171 341 171 1 341 681 341 681 341 341 341 171 511 341 341 341 171 171 171 341 1 1 171 171 171 681 171 341 681 1 171 1 171 1 1 341 681 1 171 341 681 341 511 1 171 171 341 1 341 511 341 171 853 171 511 171 171 171 341 341 341 341 171 341 1 1 1 171 1 511 1 341 171 511 171 341 341 341 511 511 171 1 341 171 171 1 341 1 341 341 511 171 1 1 511 511 341 171 1 511 171 171 1 171 341 171 1 171 171 1 681 1 341 171 341 171 341 511 511 171 171 171 511 171 1 171 171 1 341 511 341 171 341 171 681 511 341 171 171 341 681 1 171 511 1 1 171 171 171 1 171 171 341 1 1 511 511 341 171 1 171 1 341 1 171 511 1 1 1 341 171 341 1 341 511 1 341 171 171 1 171 171 171 171 341 171 511 171 1 1 1 171 171 171 171 341 1 171 341 341 341 171 1 341 171 341 171 171 1 1 171 511 341 1 171 171 341 341 1 171 171 341 1 511 171 171 171 1 511 171 341 1 341 171 1 171 171 171 171 171 171 171 171 1 511 171 171 341 341 171 171 341 1 341 341 1 341 1 341 1 1 171 1 341 341 171 1 341 1 511 171 171 1 171 341 341 1 171 171 1 171 1 1 171 171 341 171 171 171 171 171 171 1 341 171 171 341 171 1 171 171 341 171 1 1 1 1 1 1 171 1 511 171 1 341 341 1 171 171 1 1 1 171 341 341 1 171 171 1 1 1 1 171 171 1 1 1 171 171 1 1 171 1 1 171 1 171 171 1 1 511 1 171 171 171 171 1 1 171 341 341 1 1 1 1 1 341 171 171 1 1 171 1 1 1 1 1 1 511 171 171 1 171 171 1 1 1 171 1 341 1 1 171 171 341 171 1 1 171 171 171 1 341 341 171 1 171 171 1 1 171 341 1 1 1 341 1 171 171 1 1 1 1 1 171 171 171 1 1 171 171 171 171 1 1 171 1 1 1 171 1 171 171 1 171 1 1 1 171 1 1 1 171 1 1 171 1 171 171 1 171 1 1 1 171 1 1 1 341 341 1 1 1 1 1 1 171 1 1 1 1 1 1 1 171 171 1 1 1 1 1 1 1 1 1 1 1 1 1 1 1 171 171 1 1 171 1 1 1 1 1 1 1 171 1 1 1 171 1 1 1 171 171 1 1 1 1 1 1 1 171 1 1 1 171 1 171 171 1 1 1 1 1 171 1 1 1 1 1 1 1 1 1 1 1 1 171 1 1 1 1 1 1 1 1 1 1 1 1 1 1 1 
c [Incremental] Max used label: 853.
c [Incremental] Label 853 is removed from searching.
c [Incremental] Solving for max label = 852:
c [Incremental] Solving duration: 302 ms.
s [Incremental] SAT (label = 852).
c [Incremental] Label assignment: 681 511 511 1 681 1 341 341 171 341 511 1 511 1 511 681 341 341 511 171 511 1 341 511 1 511 511 171 511 171 511 171 341 511 341 171 171 171 1 511 341 341 1 681 171 511 171 341 341 171 511 171 171 341 341 341 171 171 1 511 171 341 681 341 171 681 341 681 171 851 1 1 171 171 341 511 851 341 1 1 511 1 511 681 341 171 341 511 171 171 171 171 1 1 341 341 341 341 511 171 341 171 341 511 171 341 341 171 171 341 171 511 1 171 341 171 1 341 681 341 681 341 341 341 171 511 341 341 341 171 171 171 341 1 1 171 171 171 681 171 341 681 1 171 1 171 1 1 341 681 1 171 341 681 341 511 1 171 171 341 1 341 511 341 171 851 171 511 171 171 171 341 341 341 341 171 341 1 1 1 171 1 511 1 341 171 511 171 341 341 341 511 511 171 1 341 171 171 1 341 1 341 341 511 171 1 1 511 511 341 171 1 511 171 171 1 171 341 171 1 171 171 1 681 1 341 171 341 171 341 511 511 171 171 171 511 171 1 171 171 1 341 511 341 171 341 171 681 511 341 171 171 341 681 1 171 511 1 1 171 171 171 1 171 171 341 1 1 511 511 341 171 1 171 1 341 1 171 511 1 1 1 341 171 341 1 341 511 1 341 171 171 1 171 171 171 171 341 171 511 171 1 1 1 171 171 171 171 341 1 171 341 341 341 171 1 341 171 341 171 171 1 1 171 511 341 1 171 171 341 341 1 171 171 341 1 511 171 171 171 1 511 171 341 1 341 171 1 171 171 171 171 171 171 171 171 1 511 171 171 341 341 171 171 341 1 341 341 1 341 1 341 1 1 171 1 341 341 171 1 341 1 511 171 171 1 171 341 341 1 171 171 1 171 1 1 171 171 341 171 171 171 171 171 171 1 341 171 171 341 171 1 171 171 341 171 1 1 1 1 1 1 171 1 511 171 1 341 341 1 171 171 1 1 1 171 341 341 1 171 171 1 1 1 1 171 171 1 1 1 171 171 1 1 171 1 1 171 1 171 171 1 1 511 1 171 171 171 171 1 1 171 341 341 1 1 1 1 1 341 171 171 1 1 171 1 1 1 1 1 1 511 171 171 1 171 171 1 1 1 171 1 341 1 1 171 171 341 171 1 1 171 171 171 1 341 341 171 1 171 171 1 1 171 341 1 1 1 341 1 171 171 1 1 1 1 1 171 171 171 1 1 171 171 171 171 1 1 171 1 1 1 171 1 171 171 1 171 1 1 1 171 1 1 1 171 1 1 171 1 171 171 1 171 1 1 1 171 1 1 1 341 341 1 1 1 1 1 1 171 1 1 1 1 1 1 1 171 171 1 1 1 1 1 1 1 1 1 1 1 1 1 1 1 171 171 1 1 171 1 1 1 1 1 1 1 171 1 1 1 171 1 1 1 171 171 1 1 1 1 1 1 1 171 1 1 1 171 1 171 171 1 1 1 1 1 171 1 1 1 1 1 1 1 1 1 1 1 1 171 1 1 1 1 1 1 1 1 1 1 1 1 1 1 1 
c [Incremental] Max used label: 851.
c [Incremental] Label 852 is removed from searching.
c [Incremental] Label 851 is removed from searching.
c [Incremental] Solving for max label = 850:
c [Incremental] Solving duration: 1331 ms.
s [Incremental] UNSAT (label = 850).
c [Main] Work pid ends with result: 0.
r [Main] 
r [Main] Final results: 
r [Main] Total real time: 10706 ms.
r [Main] Total memory consumed: 1914.3 MB.
r [Main] 
c [Signal] Signal interruption. Caught signal: SIGTERM (15).
