c [Version] Minimize Makespan Labeling Encoder version 1.0.0.
c [Param] LB is predefined as 52.
c [Param] UB is predefined as 630.
c [Param] Memory limit is set to 30000.
c [Param] Real time limit is set to 1800.
c [Param] Worker count is set to 8.
c [Main] Search strategy: Iterating from upper bound.
c [Main] Search order: 630 629 628 627 626 625 624 623 622 621 620 619 618 617 616 615 614 613 612 611 610 609 608 607 606 605 604 603 602 601 600 599 598 597 596 595 594 593 592 591 590 589 588 587 586 585 584 583 582 581 580 579 578 577 576 575 574 573 572 571 570 569 568 567 566 565 564 563 562 561 560 559 558 557 556 555 554 553 552 551 550 549 548 547 546 545 544 543 542 541 540 539 538 537 536 535 534 533 532 531 530 529 528 527 526 525 524 523 522 521 520 519 518 517 516 515 514 513 512 511 510 509 508 507 506 505 504 503 502 501 500 499 498 497 496 495 494 493 492 491 490 489 488 487 486 485 484 483 482 481 480 479 478 477 476 475 474 473 472 471 470 469 468 467 466 465 464 463 462 461 460 459 458 457 456 455 454 453 452 451 450 449 448 447 446 445 444 443 442 441 440 439 438 437 436 435 434 433 432 431 430 429 428 427 426 425 424 423 422 421 420 419 418 417 416 415 414 413 412 411 410 409 408 407 406 405 404 403 402 401 400 399 398 397 396 395 394 393 392 391 390 389 388 387 386 385 384 383 382 381 380 379 378 377 376 375 374 373 372 371 370 369 368 367 366 365 364 363 362 361 360 359 358 357 356 355 354 353 352 351 350 349 348 347 346 345 344 343 342 341 340 339 338 337 336 335 334 333 332 331 330 329 328 327 326 325 324 323 322 321 320 319 318 317 316 315 314 313 312 311 310 309 308 307 306 305 304 303 302 301 300 299 298 297 296 295 294 293 292 291 290 289 288 287 286 285 284 283 282 281 280 279 278 277 276 275 274 273 272 271 270 269 268 267 266 265 264 263 262 261 260 259 258 257 256 255 254 253 252 251 250 249 248 247 246 245 244 243 242 241 240 239 238 237 236 235 234 233 232 231 230 229 228 227 226 225 224 223 222 221 220 219 218 217 216 215 214 213 212 211 210 209 208 207 206 205 204 203 202 201 200 199 198 197 196 195 194 193 192 191 190 189 188 187 186 185 184 183 182 181 180 179 178 177 176 175 174 173 172 171 170 169 168 167 166 165 164 163 162 161 160 159 158 157 156 155 154 153 152 151 150 149 148 147 146 145 144 143 142 141 140 139 138 137 136 135 134 133 132 131 130 129 128 127 126 125 124 123 122 121 120 119 118 117 116 115 114 113 112 111 110 109 108 107 106 105 104 103 102 101 100 99 98 97 96 95 94 93 92 91 90 89 88 87 86 85 84 83 82 81 80 79 78 77 76 75 74 73 72 71 70 69 68 67 66 65 64 63 62 61 60 59 58 57 56 55 54 53 52.
c [Main] Encoding and solving for graph: M-bcsstk06.mtx.rnd.
c [Label = 630] Encoding duration: 18925ms.
c [Label = 630] Number of clauses: 11098485.
c [Label = 630] Number of variables: 799260.
c [Label = 630] Solving duration: 262867 ms.
s [Label = 630] SAT (w = 51).
Label assignment: 163 30 1 185 339 245 366 327 402 222 102 608 603 20 570 305 134 27 84 188 157 391 202 58 362 155 601 29 507 630 121 566 251 67 264 380 480 522 8 279 9 619 398 80 555 88 622 493 468 361 128 192 463 294 14 24 536 81 518 281 414 135 625 629 529 4 626 340 576 547 289 317 181 28 280 236 49 183 556 389 537 504 610 590 352 210 471 617 509 448 283 139 437 165 109 25 490 457 541 182 122 198 91 543 17 57 431 515 472 52 378 483 533 594 464 546 410 611 307 212 401 215 421 140 171 174 282 19 5 187 540 259 452 356 503 449 538 177 551 598 513 411 299 346 520 120 111 318 526 408 353 595 560 278 116 445 557 311 565 616 377 31 614 225 357 523 231 605 243 330 112 239 495 383 89 133 613 481 455 604 124 514 32 628 549 419 333 381 125 453 61 186 542 145 36 470 461 110 196 180 21 13 142 399 435 450 262 612 172 253 395 234 218 76 593 403 510 296 562 609 60 265 137 73 206 390 201 153 269 429 486 230 525 86 465 302 407 512 364 460 310 323 50 223 544 173 558 627 502 164 438 238 456 469 596 191 363 34 22 250 3 618 623 447 591 141 276 466 501 123 257 108 602 599 342 328 535 577 359 136 615 255 385 189 561 175 232 384 292 344 568 336 203 127 277 572 51 621 550 79 368 313 308 301 444 606 74 351 524 37 178 379 205 600 397 204 350 338 176 254 432 413 226 347 489 545 6 66 303 345 521 83 64 146 624 242 393 54 23 367 326 451 78 59 343 552 235 497 400 195 295 286 430 263 256 553 288 306 548 71 26 70 248 132 488 530 131 423 92 113 316 573 620 82 241 169 505 119 224 578 227 190 499 517 597 68 376 228 484 422 554 534 478 574 404 508 7 2 532 467 496 454 217 571 539 38 275 506 607 500 315 516 442 105 355 559 130 485 575 420 
c [Main] Lowest label SAT is set to 630.
c [Label = 626] Encoding duration: 18779ms.
c [Label = 626] Number of clauses: 11026751.
c [Label = 626] Number of variables: 795588.
c [Label = 626] Solving duration: 272776 ms.
s [Label = 626] SAT (w = 51).
Label assignment: 362 327 624 518 281 604 597 24 331 324 290 385 591 159 394 493 459 556 452 291 247 439 513 97 181 540 615 304 565 366 2 570 156 66 145 272 542 243 413 127 364 345 226 131 398 549 611 237 407 512 190 114 554 448 333 332 250 12 184 122 563 10 457 381 484 74 209 7 365 610 92 402 622 292 104 123 105 151 284 161 305 566 553 502 400 469 57 515 240 607 102 391 609 415 600 68 267 440 325 18 108 337 251 382 285 414 488 126 418 376 465 99 536 399 531 164 230 616 70 510 550 259 76 223 30 572 60 595 158 378 603 620 50 389 614 201 592 543 306 196 623 167 278 344 286 602 152 351 593 548 445 146 228 103 449 541 447 567 367 49 192 301 437 419 545 417 65 125 395 361 208 547 87 198 11 177 388 256 204 117 495 534 330 299 443 26 229 310 511 245 154 606 21 461 62 561 343 187 64 486 116 339 16 575 482 450 520 225 489 94 621 153 574 71 265 121 224 501 334 124 625 25 236 14 241 336 75 396 148 380 13 490 441 134 27 279 555 311 481 618 568 433 217 162 485 468 185 210 605 412 539 222 508 263 140 551 180 86 552 559 315 514 235 544 432 289 254 288 175 329 132 3 557 149 464 626 594 314 9 172 69 509 386 63 100 533 31 498 435 384 79 564 456 19 519 401 454 212 275 458 182 496 460 347 56 436 280 590 522 91 173 521 619 546 500 341 538 387 503 608 203 516 155 346 136 168 617 128 497 214 537 294 67 442 232 47 383 48 598 573 517 238 82 176 444 188 494 408 178 120 499 487 138 77 5 274 174 234 601 261 287 119 491 599 276 589 504 392 242 253 183 78 470 560 451 309 335 492 107 328 170 73 171 130 300 179 505 231 88 596 438 83 321 363 17 8 613 350 89 390 434 349 45 129 221 323 571 296 20 282 312 22 72 106 227 463 15 264 612 6 
c [Main] Lowest label SAT is set to 626.
c [Main] Kill higher label pid 627.
c [Main] Kill higher label pid 628.
c [Main] Kill higher label pid 629.
c [Label = 627] Encoding duration: 18880ms.
c [Label = 627] Number of clauses: 11044684.
c [Label = 627] Number of variables: 796506.
c [Signal] Signal interruption. Caught signal: SIGTERM (15).
c [Label = 629] Encoding duration: 18962ms.
c [Label = 629] Number of clauses: 11080551.
c [Label = 629] Number of variables: 798342.
c [Signal] Signal interruption. Caught signal: SIGTERM (15).
c [Label = 628] Encoding duration: 19027ms.
c [Label = 628] Number of clauses: 11062618.
c [Label = 628] Number of variables: 797424.
c [Signal] Signal interruption. Caught signal: SIGTERM (15).
c [Main] Child pid 627 - 1143604 terminated by signal 15.
c [Main] Child pid 629 - 1143602 terminated by signal 15.
c [Main] Child pid 628 - 1143603 terminated by signal 15.
c [Label = 623] Encoding duration: 18777ms.
c [Label = 623] Number of clauses: 10972950.
c [Label = 623] Number of variables: 792834.
c [Label = 623] Solving duration: 599446 ms.
s [Label = 623] SAT (w = 51).
Label assignment: 572 151 179 412 280 243 21 213 46 420 561 470 472 508 70 73 438 545 331 110 389 513 93 53 239 606 329 142 263 7 391 464 432 13 375 435 537 232 210 410 162 563 449 233 294 583 279 90 236 612 582 166 591 491 141 123 28 555 407 441 560 500 194 209 271 272 499 199 182 596 311 22 176 175 430 521 34 169 120 101 197 109 553 360 387 503 394 56 581 11 342 414 490 425 527 3 15 368 65 261 77 539 195 585 467 191 473 620 287 379 242 269 488 454 580 465 516 562 174 78 548 282 76 63 474 520 67 230 602 482 25 459 357 380 518 364 155 621 372 584 24 139 148 114 611 366 321 231 579 409 556 382 58 623 504 385 496 290 469 302 319 135 177 571 85 234 226 593 270 466 5 532 264 471 383 452 461 427 476 320 125 575 115 598 607 129 544 211 404 411 413 615 590 483 218 386 567 378 528 171 346 509 246 310 573 396 128 494 442 96 159 603 486 18 576 618 202 6 257 345 566 127 57 289 64 184 568 408 415 594 362 332 533 453 356 392 484 515 577 298 512 55 485 403 158 451 506 559 62 517 241 91 212 49 309 154 348 376 617 460 214 2 297 333 524 325 622 26 59 312 458 344 543 526 107 163 223 558 400 511 167 19 493 330 421 353 434 258 235 586 300 426 121 597 367 355 510 316 608 124 547 87 185 161 75 478 205 305 338 88 69 111 132 535 322 122 443 250 538 428 60 614 595 187 116 475 160 284 440 66 574 557 81 206 71 221 546 418 249 450 446 445 373 152 252 136 530 542 616 219 10 117 51 335 20 204 358 514 178 336 225 604 266 419 326 104 492 343 198 313 613 173 4 349 315 293 281 17 395 599 12 113 439 9 35 308 273 359 388 253 126 390 540 550 619 277 143 180 103 37 229 45 262 456 48 327 138 72 570 565 610 274 68 265 217 569 600 50 495 285 
c [Main] Lowest label SAT is set to 623.
c [Main] Kill higher label pid 624.
c [Main] Kill higher label pid 625.
c [Label = 624] Encoding duration: 18829ms.
c [Label = 624] Number of clauses: 10990884.
c [Label = 624] Number of variables: 793752.
c [Signal] Signal interruption. Caught signal: SIGTERM (15).
c [Label = 625] Encoding duration: 18768ms.
c [Label = 625] Number of clauses: 11008817.
c [Label = 625] Number of variables: 794670.
c [Signal] Signal interruption. Caught signal: SIGTERM (15).
c [Main] Child pid 624 - 1143607 terminated by signal 15.
c [Main] Child pid 625 - 1143606 terminated by signal 15.
c [Label = 616] Encoding duration: 15050ms.
c [Label = 616] Number of clauses: 10847416.
c [Label = 616] Number of variables: 786408.
c [Label = 616] Solving duration: 287270 ms.
s [Label = 616] SAT (w = 51).
Label assignment: 173 270 104 542 224 117 110 43 421 46 74 20 218 163 186 28 232 592 501 236 514 16 377 598 230 474 367 314 453 155 550 65 403 602 533 260 581 610 14 298 95 509 64 412 7 484 553 590 6 4 191 376 86 114 597 591 578 428 58 438 512 456 373 534 577 593 57 187 216 133 13 17 210 289 415 385 315 161 601 583 233 107 9 476 555 257 475 386 579 483 417 426 209 203 283 394 478 267 436 538 424 519 238 548 247 222 123 502 361 323 446 411 576 425 575 165 243 287 604 396 398 335 463 432 337 307 286 19 169 214 434 455 594 248 195 391 454 400 254 332 558 582 177 325 61 162 564 580 574 530 423 523 11 541 486 540 482 608 256 25 188 291 70 103 331 527 587 255 273 211 490 75 81 199 221 33 452 487 83 596 142 518 271 176 68 559 181 159 244 383 439 352 130 326 603 447 399 488 382 99 536 406 231 437 444 507 370 66 393 320 122 282 306 489 570 77 526 225 245 561 152 616 119 485 611 32 556 179 442 543 96 387 571 504 22 589 584 281 392 607 351 448 346 525 568 319 15 54 431 284 397 535 341 479 164 378 190 599 329 450 205 547 355 339 106 552 462 121 174 26 180 3 312 517 228 154 569 206 135 132 375 451 234 573 529 524 239 586 588 24 73 440 348 336 531 460 301 372 539 560 125 27 614 606 609 280 545 572 565 295 285 513 304 263 63 353 468 144 371 198 360 404 343 380 311 50 5 503 141 229 80 278 563 467 557 235 118 42 595 308 334 113 8 147 69 102 219 310 60 324 170 100 435 345 457 566 333 240 171 2 296 445 140 120 546 567 384 532 528 493 53 506 615 84 67 390 128 613 505 388 496 612 167 126 407 562 62 349 143 498 91 89 429 277 172 183 136 72 408 182 10 139 338 138 477 471 111 449 459 79 268 194 511 427 481 56 464 480 293 585 
c [Label = 618] Encoding duration: 14238ms.
c [Label = 618] Number of clauses: 10883283.
c [Label = 618] Number of variables: 788244.
c [Signal] Signal interruption. Caught signal: SIGTERM (15).
c [Label = 619] Encoding duration: 14814ms.
c [Label = 619] Number of clauses: 10901216.
c [Label = 619] Number of variables: 789162.
c [Signal] Signal interruption. Caught signal: SIGTERM (15).
c [Main] Lowest label SAT is set to 616.
c [Main] Kill higher label pid 617.
c [Main] Kill higher label pid 618.
c [Main] Kill higher label pid 619.
c [Main] Kill higher label pid 620.
c [Main] Kill higher label pid 621.
c [Main] Kill higher label pid 622.
c [Label = 617] Encoding duration: 15331ms.
c [Label = 617] Number of clauses: 10865349.
c [Label = 617] Number of variables: 787326.
c [Signal] Signal interruption. Caught signal: SIGTERM (15).
c [Label = 621] Encoding duration: 14666ms.
c [Label = 621] Number of clauses: 10937083.
c [Label = 621] Number of variables: 790998.
c [Signal] Signal interruption. Caught signal: SIGTERM (15).
c [Label = 620] Encoding duration: 14417ms.
c [Label = 620] Number of clauses: 10919150.
c [Label = 620] Number of variables: 790080.
c [Signal] Signal interruption. Caught signal: SIGTERM (15).
c [Label = 622] Encoding duration: 14884ms.
c [Label = 622] Number of clauses: 10955017.
c [Label = 622] Number of variables: 791916.
c [Signal] Signal interruption. Caught signal: SIGTERM (15).
c [Main] Child pid 622 - 1144089 terminated by signal 15.
c [Main] Child pid 620 - 1144092 terminated by signal 15.
c [Main] Child pid 617 - 1144160 terminated by signal 15.
c [Main] Child pid 619 - 1144093 terminated by signal 15.
c [Main] Child pid 621 - 1144091 terminated by signal 15.
c [Main] Child pid 618 - 1144094 terminated by signal 15.
c [Label = 610] Encoding duration: 13639ms.
c [Label = 610] Number of clauses: 10685035.
c [Label = 610] Number of variables: 760740.
c [Label = 610] Solving duration: 358106 ms.
s [Label = 610] SAT (w = 51).
Label assignment: 29 472 73 185 345 321 69 175 22 479 596 312 560 341 116 256 389 583 5 107 9 70 237 595 212 521 582 536 591 282 504 131 202 510 476 311 538 20 340 503 68 373 270 177 593 223 330 599 273 326 147 439 524 1 528 67 457 129 104 451 589 12 324 480 522 16 447 241 288 140 419 122 254 492 520 561 204 366 132 460 118 181 610 609 220 334 231 493 509 221 462 150 142 120 137 429 34 586 143 279 125 30 82 421 240 281 244 592 386 469 339 547 575 355 577 275 59 323 432 333 488 606 124 169 213 284 453 289 10 236 87 58 233 149 79 234 576 401 338 448 393 467 529 388 325 541 229 226 513 375 154 407 271 442 3 15 225 267 176 357 331 539 238 335 32 180 235 470 337 127 391 533 474 313 117 167 14 426 540 412 306 571 505 600 584 498 77 76 164 365 545 413 329 411 490 174 381 588 471 277 427 378 211 359 431 542 496 290 556 465 287 437 598 502 573 56 418 219 173 63 286 228 4 478 263 292 433 110 491 525 578 553 572 377 430 385 526 182 574 485 546 193 594 408 570 445 272 603 168 336 86 27 535 18 369 363 113 194 115 159 72 438 486 402 242 64 441 266 166 138 158 230 585 569 80 602 466 608 269 587 436 8 349 568 144 409 420 527 198 90 6 530 483 400 394 53 487 517 559 597 280 399 2 482 179 590 217 317 495 410 187 17 537 145 54 379 316 130 133 84 390 161 463 425 260 581 24 440 327 315 364 372 434 384 543 416 119 123 299 443 499 558 532 135 31 33 261 414 278 103 11 264 89 227 216 566 459 380 604 392 534 183 91 78 50 579 38 307 356 387 552 7 494 218 55 550 607 344 128 415 25 477 274 318 350 605 332 452 564 371 28 464 567 74 160 374 293 71 565 184 239 497 544 60 190 580 601 35 189 121 548 85 554 232 186 285 19 21 549 13 
c [Main] Lowest label SAT is set to 610.
c [Main] Kill higher label pid 611.
c [Main] Kill higher label pid 612.
c [Main] Kill higher label pid 613.
c [Main] Kill higher label pid 614.
c [Main] Kill higher label pid 615.
c [Label = 611] Encoding duration: 13902ms.
c [Label = 611] Number of clauses: 10702968.
c [Label = 611] Number of variables: 761658.
c [Signal] Signal interruption. Caught signal: SIGTERM (15).
c [Label = 612] Encoding duration: 13527ms.
c [Label = 612] Number of clauses: 10709322.
c [Label = 612] Number of variables: 762576.
c [Signal] Signal interruption. Caught signal: SIGTERM (15).
c [Label = 613] Encoding duration: 14167ms.
c [Label = 613] Number of clauses: 10793615.
c [Label = 613] Number of variables: 783654.
c [Signal] Signal interruption. Caught signal: SIGTERM (15).
c [Label = 614] Encoding duration: 14656ms.
c [Label = 614] Number of clauses: 10811549.
c [Label = 614] Number of variables: 784572.
c [Signal] Signal interruption. Caught signal: SIGTERM (15).
c [Label = 615] Encoding duration: 15191ms.
c [Label = 615] Number of clauses: 10829482.
c [Label = 615] Number of variables: 785490.
c [Signal] Signal interruption. Caught signal: SIGTERM (15).
c [Main] Child pid 615 - 1144162 terminated by signal 15.
c [Main] Child pid 611 - 1144652 terminated by signal 15.
c [Main] Child pid 612 - 1144651 terminated by signal 15.
c [Main] Child pid 613 - 1144650 terminated by signal 15.
c [Main] Child pid 614 - 1144649 terminated by signal 15.
c [Label = 602] Encoding duration: 13810ms.
c [Label = 602] Number of clauses: 10541567.
c [Label = 602] Number of variables: 753396.
c [Signal] Signal interruption. Caught signal: SIGTERM (15).
c [Label = 609] Encoding duration: 14016ms.
c [Label = 609] Number of clauses: 10667101.
c [Label = 609] Number of variables: 759822.
c [Signal] Signal interruption. Caught signal: SIGTERM (15).
c [Label = 604] Encoding duration: 13639ms.
c [Label = 604] Number of clauses: 10577434.
c [Label = 604] Number of variables: 755232.
c [Signal] Signal interruption. Caught signal: SIGTERM (15).
c [Label = 603] Encoding duration: 13870ms.
c [Label = 603] Number of clauses: 10559500.
c [Label = 603] Number of variables: 754314.
c [Signal] Signal interruption. Caught signal: SIGTERM (15).
c [Label = 606] Encoding duration: 14037ms.
c [Label = 606] Number of clauses: 10613301.
c [Label = 606] Number of variables: 757068.
c [Signal] Signal interruption. Caught signal: SIGTERM (15).
c [Label = 605] Encoding duration: 13532ms.
c [Label = 605] Number of clauses: 10595367.
c [Label = 605] Number of variables: 756150.
c [Signal] Signal interruption. Caught signal: SIGTERM (15).
c [Label = 607] Encoding duration: 14471ms.
c [Label = 607] Number of clauses: 10631234.
c [Label = 607] Number of variables: 757986.
c [Signal] Signal interruption. Caught signal: SIGTERM (15).
c [Label = 608] Encoding duration: 14214ms.
c [Label = 608] Number of clauses: 10649168.
c [Label = 608] Number of variables: 758904.
c [Signal] Signal interruption. Caught signal: SIGTERM (15).
c [Main] Lim pid ends with result: 254.
c [Main] All children have completed.
r [Main] 
r [Main] Final results: 
r [Main] Lowest label SAT:  	610.
r [Main] Highest label UNSAT:	-.
r [Main] Total real time: 1812798 ms.
r [Main] Total memory consumed: 23990.5 MB.
r [Main] 
