c [Version] Minimize Makespan Labeling Encoder version 1.0.0.
c [Param] LB is predefined as 95.
c [Param] UB is predefined as 755.
c [Param] Memory limit is set to 30000.
c [Param] Real time limit is set to 1800.
c [Param] Worker count is set to 8.
c [Main] Search strategy: Iterating from upper bound.
c [Main] Search order: 755 754 753 752 751 750 749 748 747 746 745 744 743 742 741 740 739 738 737 736 735 734 733 732 731 730 729 728 727 726 725 724 723 722 721 720 719 718 717 716 715 714 713 712 711 710 709 708 707 706 705 704 703 702 701 700 699 698 697 696 695 694 693 692 691 690 689 688 687 686 685 684 683 682 681 680 679 678 677 676 675 674 673 672 671 670 669 668 667 666 665 664 663 662 661 660 659 658 657 656 655 654 653 652 651 650 649 648 647 646 645 644 643 642 641 640 639 638 637 636 635 634 633 632 631 630 629 628 627 626 625 624 623 622 621 620 619 618 617 616 615 614 613 612 611 610 609 608 607 606 605 604 603 602 601 600 599 598 597 596 595 594 593 592 591 590 589 588 587 586 585 584 583 582 581 580 579 578 577 576 575 574 573 572 571 570 569 568 567 566 565 564 563 562 561 560 559 558 557 556 555 554 553 552 551 550 549 548 547 546 545 544 543 542 541 540 539 538 537 536 535 534 533 532 531 530 529 528 527 526 525 524 523 522 521 520 519 518 517 516 515 514 513 512 511 510 509 508 507 506 505 504 503 502 501 500 499 498 497 496 495 494 493 492 491 490 489 488 487 486 485 484 483 482 481 480 479 478 477 476 475 474 473 472 471 470 469 468 467 466 465 464 463 462 461 460 459 458 457 456 455 454 453 452 451 450 449 448 447 446 445 444 443 442 441 440 439 438 437 436 435 434 433 432 431 430 429 428 427 426 425 424 423 422 421 420 419 418 417 416 415 414 413 412 411 410 409 408 407 406 405 404 403 402 401 400 399 398 397 396 395 394 393 392 391 390 389 388 387 386 385 384 383 382 381 380 379 378 377 376 375 374 373 372 371 370 369 368 367 366 365 364 363 362 361 360 359 358 357 356 355 354 353 352 351 350 349 348 347 346 345 344 343 342 341 340 339 338 337 336 335 334 333 332 331 330 329 328 327 326 325 324 323 322 321 320 319 318 317 316 315 314 313 312 311 310 309 308 307 306 305 304 303 302 301 300 299 298 297 296 295 294 293 292 291 290 289 288 287 286 285 284 283 282 281 280 279 278 277 276 275 274 273 272 271 270 269 268 267 266 265 264 263 262 261 260 259 258 257 256 255 254 253 252 251 250 249 248 247 246 245 244 243 242 241 240 239 238 237 236 235 234 233 232 231 230 229 228 227 226 225 224 223 222 221 220 219 218 217 216 215 214 213 212 211 210 209 208 207 206 205 204 203 202 201 200 199 198 197 196 195 194 193 192 191 190 189 188 187 186 185 184 183 182 181 180 179 178 177 176 175 174 173 172 171 170 169 168 167 166 165 164 163 162 161 160 159 158 157 156 155 154 153 152 151 150 149 148 147 146 145 144 143 142 141 140 139 138 137 136 135 134 133 132 131 130 129 128 127 126 125 124 123 122 121 120 119 118 117 116 115 114 113 112 111 110 109 108 107 106 105 104 103 102 101 100 99 98 97 96 95.
c [Main] Encoding and solving for graph: R-dwt__503.mtx.rnd.
c [Label = 750] Encoding duration: 16759ms.
c [Label = 750] Number of clauses: 10725622.
c [Label = 750] Number of variables: 1092632.
c [Label = 750] Solving duration: 195629 ms.
s [Label = 750] SAT (w = 94).
Label assignment: 550 709 188 189 531 227 376 17 470 154 112 728 609 576 484 453 707 176 440 697 703 744 724 657 2 510 564 515 598 511 627 407 113 734 695 701 489 699 339 23 559 381 732 705 452 328 333 498 81 325 617 580 399 228 431 743 351 684 368 439 326 401 516 454 438 321 64 418 142 719 638 296 86 24 631 473 210 680 118 30 456 424 378 169 405 273 536 594 738 318 499 486 595 650 700 421 327 248 173 156 346 662 16 309 8 532 686 417 463 146 380 693 615 216 32 694 170 85 106 540 207 661 436 367 209 258 19 182 151 116 601 12 6 20 213 365 721 517 465 655 249 432 413 244 18 252 338 393 314 749 670 740 641 492 26 535 477 500 3 565 544 420 109 570 479 443 183 220 612 379 597 38 425 415 526 313 748 366 14 561 708 110 267 629 278 386 642 217 563 148 434 521 619 528 713 472 34 158 80 668 490 362 467 285 607 671 704 530 178 451 195 518 371 246 643 620 739 232 514 637 410 319 71 241 123 457 150 696 33 665 737 692 89 416 360 186 355 108 729 427 616 441 223 320 573 493 143 101 235 184 250 229 259 720 722 141 682 442 269 445 374 293 520 114 723 15 4 461 31 538 623 747 212 226 211 504 119 53 527 593 599 222 546 100 409 702 746 608 646 94 474 62 274 253 144 414 390 39 562 398 622 335 233 277 600 297 312 162 336 644 585 121 337 423 640 251 358 282 507 435 742 105 437 308 584 433 730 731 678 663 750 298 11 129 552 130 741 103 128 383 551 523 419 602 95 377 1 140 316 542 302 391 221 359 124 621 59 664 126 262 231 541 55 48 65 266 715 122 225 219 131 21 522 281 545 430 238 214 263 255 745 455 635 5 92 350 718 324 459 630 230 450 115 524 218 208 589 87 586 676 659 735 75 494 280 311 400 625 7 395 107 487 133 161 331 408 503 726 245 448 471 428 396 125 534 322 513 502 329 613 666 412 716 224 132 187 547 628 354 317 138 74 505 299 270 604 626 261 669 348 78 99 568 347 429 606 717 645 127 171 315 592 37 426 272 137 496 491 382 558 84 572 117 356 508 323 647 464 139 624 652 22 28 104 712 654 392 634 633 149 36 237 215 134 35 525 639 155 120 725 303 13 44 
c [Main] Lowest label SAT is set to 750.
c [Main] Kill higher label pid 751.
c [Main] Kill higher label pid 752.
c [Main] Kill higher label pid 753.
c [Main] Kill higher label pid 754.
c [Main] Kill higher label pid 755.
c [Label = 751] Encoding duration: 16567ms.
c [Label = 751] Number of clauses: 10740316.
c [Label = 751] Number of variables: 1093724.
c [Signal] Signal interruption. Caught signal: SIGTERM (15).
c [Label = 755] Encoding duration: 16955ms.
c [Label = 755] Number of clauses: 10932654.
c [Label = 755] Number of variables: 1143865.
c [Signal] Signal interruption. Caught signal: SIGTERM (15).
c [Label = 753] Encoding duration: 17223ms.
c [Label = 753] Number of clauses: 10903265.
c [Label = 753] Number of variables: 1141681.
c [Signal] Signal interruption. Caught signal: SIGTERM (15).
c [Label = 752] Encoding duration: 16465ms.
c [Label = 752] Number of clauses: 10746222.
c [Label = 752] Number of variables: 1094816.
c [Signal] Signal interruption. Caught signal: SIGTERM (15).
c [Label = 754] Encoding duration: 17071ms.
c [Label = 754] Number of clauses: 10917960.
c [Label = 754] Number of variables: 1142773.
c [Signal] Signal interruption. Caught signal: SIGTERM (15).
c [Main] Child pid 755 - 1151958 terminated by signal 15.
c [Main] Child pid 751 - 1151962 terminated by signal 15.
c [Main] Child pid 753 - 1151960 terminated by signal 15.
c [Main] Child pid 754 - 1151959 terminated by signal 15.
c [Main] Child pid 752 - 1151961 terminated by signal 15.
c [Label = 748] Encoding duration: 16450ms.
c [Label = 748] Number of clauses: 10696233.
c [Label = 748] Number of variables: 1090448.
c [Label = 748] Solving duration: 237980 ms.
s [Label = 748] SAT (w = 94).
Label assignment: 102 99 549 561 143 513 689 434 255 362 744 35 104 355 251 716 456 178 332 264 483 418 22 706 109 274 452 206 94 590 220 601 528 33 157 690 484 57 93 645 545 475 438 96 724 723 237 588 460 23 275 655 10 224 317 9 477 714 657 748 231 61 404 195 144 118 732 521 505 441 26 280 691 725 602 397 729 495 594 414 306 348 350 470 122 501 219 503 19 619 378 181 746 741 269 322 131 262 490 156 583 705 526 445 628 522 123 203 651 553 687 581 353 324 92 492 713 448 313 183 232 455 14 387 539 718 635 375 540 425 584 115 42 727 525 268 510 205 614 615 478 121 389 28 642 381 620 457 103 213 177 8 216 305 175 629 174 708 461 486 517 420 25 260 347 278 256 529 720 498 80 605 32 13 530 210 304 468 524 113 703 428 374 330 273 406 745 541 580 154 197 132 110 711 630 186 412 379 644 259 702 211 242 479 494 694 6 114 307 128 265 225 396 654 252 24 138 424 377 735 323 120 171 416 182 189 547 36 613 390 34 276 471 111 258 454 405 717 37 320 430 112 493 617 554 704 447 427 411 166 535 16 170 698 145 316 586 327 266 385 648 721 610 311 12 421 314 569 710 747 100 442 516 413 236 465 603 565 506 656 187 527 335 79 369 688 215 579 214 604 134 149 173 349 361 310 388 719 180 435 433 622 318 543 229 508 640 148 532 726 267 319 7 612 618 709 398 47 282 328 638 315 731 41 234 722 701 2 410 589 326 563 116 511 399 707 21 550 365 700 283 124 321 46 466 70 119 312 202 523 279 87 106 653 1 97 587 697 372 481 712 520 371 548 95 597 419 742 417 509 507 641 142 592 518 740 48 212 599 408 426 571 737 621 247 117 627 226 591 570 432 3 15 409 625 738 686 373 440 473 86 27 82 337 376 534 400 271 631 695 11 152 502 155 126 69 88 101 176 218 364 331 392 616 334 515 333 386 207 560 699 633 5 429 338 263 453 239 308 199 368 582 135 407 573 595 739 302 458 137 169 715 693 18 301 600 624 736 733 692 125 578 743 611 246 325 354 277 449 309 196 228 29 443 446 303 238 696 153 422 623 4 200 636 201 270 339 243 562 444 393 209 423 538 728 643 504 496 17 105 235 136 287 
c [Main] Lowest label SAT is set to 748.
c [Main] Kill higher label pid 749.
c [Label = 749] Encoding duration: 16396ms.
c [Label = 749] Number of clauses: 10710927.
c [Label = 749] Number of variables: 1091540.
c [Signal] Signal interruption. Caught signal: SIGTERM (15).
c [Main] Child pid 749 - 1151964 terminated by signal 15.
c [Label = 742] Encoding duration: 13613ms.
c [Label = 742] Number of clauses: 10608066.
c [Label = 742] Number of variables: 1083896.
c [Label = 742] Solving duration: 232412 ms.
s [Label = 742] SAT (w = 94).
Label assignment: 541 188 189 377 626 215 471 133 275 374 107 145 632 504 470 649 687 49 6 94 479 118 622 689 513 446 273 438 161 164 722 162 524 1 139 332 393 730 491 24 159 235 733 282 169 91 742 383 202 408 651 720 430 209 324 711 366 565 564 218 643 373 432 611 10 425 93 132 127 237 715 208 598 23 421 174 520 729 333 16 431 590 652 272 28 269 212 72 738 442 494 551 348 724 597 441 535 267 456 375 266 191 201 231 516 522 507 428 693 454 683 489 681 434 559 364 268 62 111 466 638 56 314 607 38 502 11 316 337 734 567 629 27 217 199 659 229 562 82 735 465 19 591 703 519 688 419 704 230 641 395 741 616 390 281 534 350 570 54 692 123 7 321 577 378 387 505 637 497 725 592 37 604 309 623 528 325 295 530 195 605 104 372 108 276 481 125 627 482 500 31 642 546 221 39 714 517 589 448 371 381 654 501 265 650 391 538 211 719 740 263 630 264 595 684 318 521 542 593 17 439 420 270 413 292 585 396 440 113 380 173 594 602 233 596 477 717 322 242 527 138 407 686 526 35 476 4 3 306 480 561 452 258 657 8 116 451 450 255 385 495 606 603 515 323 739 510 461 331 122 707 186 317 32 228 473 320 468 210 168 709 635 128 285 70 601 613 156 529 358 131 256 503 702 252 532 394 97 464 67 124 417 315 713 653 721 410 379 422 299 280 20 736 22 435 247 253 51 36 624 5 119 9 712 137 14 220 612 558 587 732 192 429 312 586 18 726 336 356 478 257 621 13 87 697 496 509 305 617 100 163 95 205 690 90 708 329 655 389 254 101 219 696 279 66 155 728 731 216 645 126 327 640 573 196 21 248 525 152 290 737 190 148 444 484 33 328 433 698 335 240 25 115 223 225 326 386 92 261 405 658 710 143 680 165 437 460 474 427 691 343 447 487 401 26 493 384 614 486 609 61 531 69 110 301 415 232 194 416 400 226 426 30 222 339 499 289 618 166 204 485 483 556 705 64 706 106 554 245 544 259 120 488 2 98 700 340 102 341 160 533 402 518 411 545 313 182 695 548 121 12 588 344 699 43 619 625 701 685 718 723 29 523 342 42 360 286 492 694 369 508 610 319 345 514 418 308 59 117 633 727 536 498 
c [Main] Lowest label SAT is set to 742.
c [Main] Kill higher label pid 743.
c [Main] Kill higher label pid 744.
c [Main] Kill higher label pid 745.
c [Main] Kill higher label pid 746.
c [Main] Kill higher label pid 747.
c [Label = 743] Encoding duration: 14373ms.
c [Label = 743] Number of clauses: 10622760.
c [Label = 743] Number of variables: 1084988.
c [Signal] Signal interruption. Caught signal: SIGTERM (15).
c [Label = 744] Encoding duration: 13813ms.
c [Label = 744] Number of clauses: 10637455.
c [Label = 744] Number of variables: 1086080.
c [Signal] Signal interruption. Caught signal: SIGTERM (15).
c [Label = 745] Encoding duration: 13676ms.
c [Label = 745] Number of clauses: 10652149.
c [Label = 745] Number of variables: 1087172.
c [Signal] Signal interruption. Caught signal: SIGTERM (15).
c [Label = 747] Encoding duration: 14448ms.
c [Label = 747] Number of clauses: 10681538.
c [Label = 747] Number of variables: 1089356.
c [Signal] Signal interruption. Caught signal: SIGTERM (15).
c [Label = 746] Encoding duration: 13813ms.
c [Label = 746] Number of clauses: 10666844.
c [Label = 746] Number of variables: 1088264.
c [Signal] Signal interruption. Caught signal: SIGTERM (15).
c [Main] Child pid 747 - 1152434 terminated by signal 15.
c [Main] Child pid 744 - 1152437 terminated by signal 15.
c [Main] Child pid 743 - 1152438 terminated by signal 15.
c [Main] Child pid 746 - 1152435 terminated by signal 15.
c [Main] Child pid 745 - 1152436 terminated by signal 15.
c [Label = 741] Encoding duration: 14315ms.
c [Label = 741] Number of clauses: 10593371.
c [Label = 741] Number of variables: 1082804.
c [Label = 741] Solving duration: 224941 ms.
s [Label = 741] SAT (w = 94).
Label assignment: 10 693 566 177 497 26 697 202 339 363 616 510 9 247 553 571 258 554 208 538 293 424 136 92 140 419 166 24 689 572 41 384 494 14 699 701 262 727 707 317 665 244 532 88 664 671 400 544 302 27 357 60 613 724 431 741 372 587 168 338 718 609 215 626 704 329 438 493 614 311 720 444 574 333 629 165 496 71 541 297 107 277 712 666 320 478 734 582 16 313 352 64 491 526 453 123 639 285 169 692 366 690 401 433 43 100 28 606 282 687 448 94 661 635 147 468 663 186 236 254 722 76 638 439 534 677 507 592 294 194 292 738 205 337 398 260 702 619 152 633 601 128 564 589 120 375 632 164 119 730 33 488 19 193 458 314 575 696 591 344 528 520 423 356 83 231 451 729 650 3 670 604 135 636 115 21 628 167 512 310 570 301 449 600 476 2 412 35 376 211 736 407 499 237 104 495 523 387 460 543 688 405 172 276 101 368 588 732 691 113 189 733 263 78 490 521 103 321 90 430 630 23 388 122 470 173 545 11 415 583 62 482 473 731 489 367 58 409 12 627 399 116 181 640 672 93 568 204 524 187 557 98 402 275 7 322 485 620 492 536 705 291 316 222 410 518 230 578 598 527 130 220 522 525 5 660 411 160 426 565 646 300 209 52 667 577 625 171 108 594 212 283 259 464 668 624 176 529 648 69 530 607 429 469 725 508 330 347 139 394 463 234 143 36 623 434 537 695 348 637 315 327 504 713 235 331 241 618 150 562 615 91 735 216 580 312 13 662 359 253 715 105 427 180 391 249 121 341 298 511 555 694 700 484 608 138 481 673 486 479 324 15 392 153 581 65 218 213 325 596 335 336 643 87 227 233 182 34 549 290 506 256 714 109 450 397 239 200 149 721 29 719 242 425 332 393 257 500 278 441 132 728 51 163 477 99 669 382 6 447 602 505 502 390 726 196 535 49 462 435 567 737 440 203 206 8 299 274 716 89 20 106 634 303 306 364 178 612 385 710 676 475 126 137 561 674 288 558 560 110 675 328 711 22 585 355 413 219 717 82 129 266 226 631 383 418 351 289 86 514 229 118 223 281 184 4 111 584 404 428 117 309 25 304 590 175 207 579 365 192 191 334 432 416 420 326 197 709 533 723 708 114 519 
c [Main] Lowest label SAT is set to 741.
c [Label = 740] Encoding duration: 14345ms.
c [Label = 740] Number of clauses: 10578677.
c [Label = 740] Number of variables: 1081712.
c [Label = 740] Solving duration: 311323 ms.
s [Label = 740] SAT (w = 94).
Label assignment: 200 563 264 453 111 33 584 706 574 91 507 20 612 80 559 341 681 470 512 680 351 423 432 589 6 195 282 25 291 564 232 265 119 3 461 159 394 267 678 718 475 688 417 547 183 690 598 605 509 422 289 558 13 123 528 626 674 652 157 331 614 615 194 478 610 131 375 117 438 702 425 66 689 730 43 525 308 392 500 740 12 179 476 600 691 495 224 369 414 633 261 552 97 327 342 127 221 489 359 257 365 685 707 306 15 104 178 579 569 682 738 580 251 118 248 376 609 355 524 187 206 568 725 189 209 554 735 479 311 484 451 9 399 733 314 445 2 621 39 5 537 639 274 562 225 447 428 370 121 617 174 388 227 591 383 201 149 380 292 349 531 318 739 481 262 565 58 216 95 397 459 503 42 521 215 4 403 492 313 734 709 505 330 295 581 668 727 619 37 92 632 623 110 726 421 99 336 139 586 549 67 387 455 692 356 158 420 203 287 416 471 618 456 555 167 715 411 520 654 321 21 7 656 604 288 273 585 401 511 686 419 182 368 596 63 566 437 732 405 217 518 426 77 41 488 538 277 716 737 381 480 701 236 592 611 536 272 613 499 94 736 382 620 322 390 513 728 561 293 719 435 493 533 329 627 551 540 385 132 653 699 595 510 649 671 602 625 548 606 482 636 82 491 473 675 635 695 320 299 386 310 211 535 73 624 402 103 175 109 294 298 723 433 38 219 133 672 588 694 14 323 136 722 22 597 332 357 634 713 377 526 557 630 101 683 315 410 439 676 465 703 607 319 698 276 496 222 710 198 316 553 290 10 188 440 429 587 61 474 269 516 112 354 122 577 665 413 406 522 578 137 721 202 252 125 729 704 608 666 85 305 544 717 11 360 214 404 114 340 527 409 228 514 326 120 515 572 371 372 358 573 30 271 550 494 105 83 448 622 254 412 687 184 667 629 400 346 242 712 415 268 8 450 483 116 29 312 669 230 684 307 408 724 113 212 172 486 213 679 106 468 286 115 705 384 693 296 258 582 17 590 135 711 220 501 651 502 418 697 177 130 657 334 40 173 714 253 266 430 720 452 24 523 462 670 199 19 84 677 309 424 731 628 504 696 89 147 379 599 263 393 631 126 303 324 26 570 352 498 231 218 16 353 
c [Main] Lowest label SAT is set to 740.
c [Label = 738] Encoding duration: 14055ms.
c [Label = 738] Number of clauses: 10549288.
c [Label = 738] Number of variables: 1079528.
c [Label = 738] Solving duration: 216356 ms.
s [Label = 738] SAT (w = 94).
Label assignment: 616 398 44 90 4 716 471 120 133 269 525 211 706 305 195 208 682 354 315 586 88 114 441 650 433 602 673 611 456 579 634 306 518 436 367 472 362 559 486 327 553 681 21 495 286 565 407 688 48 231 262 479 215 720 130 633 574 264 697 530 630 300 603 656 725 622 89 118 39 237 234 657 85 26 631 485 330 653 509 8 715 394 501 510 242 546 717 377 426 419 581 469 450 527 604 621 428 551 372 364 691 700 1 723 220 205 393 713 459 92 678 552 595 222 247 257 674 351 334 373 629 582 115 258 492 150 5 538 409 103 596 722 511 535 9 550 210 504 491 627 589 440 585 490 429 572 204 375 224 721 606 111 729 696 387 221 675 401 505 560 11 526 2 170 464 591 555 421 494 704 42 507 154 20 733 639 31 41 29 341 651 104 543 3 451 694 112 623 349 271 727 16 108 537 422 96 124 251 40 648 280 615 386 140 171 304 417 434 296 236 594 212 680 679 293 314 216 532 58 529 228 636 383 38 47 686 169 137 523 259 313 455 46 423 687 672 245 534 711 213 129 230 239 728 36 267 385 516 6 647 355 709 381 699 424 536 191 411 599 249 261 461 203 339 519 506 347 693 331 329 240 718 27 321 414 252 508 363 101 563 376 710 333 685 449 684 730 669 217 600 413 702 487 272 481 707 254 136 55 484 33 628 342 598 601 32 209 399 724 320 93 328 226 442 738 147 275 139 297 232 311 126 317 714 605 539 493 731 454 368 325 576 227 533 452 117 427 677 719 281 359 412 109 246 298 182 431 238 712 14 548 458 618 165 283 445 188 63 590 496 107 726 62 35 575 190 15 517 10 206 30 338 207 549 332 323 200 625 282 562 18 670 110 225 299 654 326 617 181 410 735 435 128 540 420 322 284 698 390 577 243 632 189 265 703 614 701 676 416 405 520 655 404 671 248 403 695 439 488 584 705 708 395 521 522 626 22 443 635 500 196 223 324 123 309 180 175 619 177 418 335 483 19 173 370 389 307 187 185 214 45 122 477 438 17 689 127 106 28 478 432 294 337 737 295 7 255 652 561 340 683 610 13 388 76 425 233 489 690 125 244 318 736 308 620 597 156 178 453 692 292 624 105 113 132 641 186 554 528 415 612 219 378 
c [Main] Lowest label SAT is set to 738.
c [Main] Kill higher label pid 739.
c [Label = 739] Encoding duration: 14238ms.
c [Label = 739] Number of clauses: 10563982.
c [Label = 739] Number of variables: 1080620.
c [Signal] Signal interruption. Caught signal: SIGTERM (15).
c [Main] Child pid 739 - 1152486 terminated by signal 15.
c [Label = 737] Encoding duration: 13701ms.
c [Label = 737] Number of clauses: 10534593.
c [Label = 737] Number of variables: 1078436.
c [Label = 737] Solving duration: 255427 ms.
s [Label = 737] SAT (w = 94).
Label assignment: 135 41 700 94 732 111 487 42 491 280 508 219 528 692 683 179 355 367 322 591 705 323 631 470 194 63 29 520 471 565 537 584 233 640 586 583 568 283 688 4 701 482 317 675 480 464 15 566 243 522 593 697 727 128 23 512 304 239 375 99 544 502 350 564 150 206 360 121 279 454 220 702 74 9 703 248 338 50 505 234 549 188 247 447 571 678 728 95 638 720 325 696 485 419 499 518 717 250 459 501 270 667 244 624 218 715 282 523 377 472 152 160 698 723 592 40 681 496 418 494 626 559 515 361 8 718 310 299 217 19 75 228 303 21 118 672 637 110 394 712 498 507 558 72 711 90 612 481 729 618 503 328 713 445 369 134 484 704 301 181 413 327 433 581 238 479 163 131 175 605 77 504 663 513 627 117 524 32 251 292 56 24 143 514 262 666 14 100 293 76 105 27 140 321 139 543 204 254 249 665 263 735 676 47 671 446 726 733 348 125 458 616 264 453 302 16 716 232 89 2 534 521 376 611 80 548 49 199 223 73 668 436 383 532 599 707 130 18 634 527 43 109 85 226 78 237 189 26 315 133 695 407 69 600 714 221 53 730 673 309 677 177 625 224 420 316 12 289 290 126 535 198 335 132 610 259 506 141 3 595 46 613 345 604 346 674 615 347 536 307 103 167 145 86 334 614 469 329 333 385 425 724 10 36 102 708 633 450 619 422 403 5 606 107 734 33 478 693 66 104 222 123 326 526 295 98 253 636 91 669 531 92 736 13 356 424 630 81 64 449 182 621 414 96 426 183 225 166 120 115 492 381 617 444 195 538 190 402 240 608 108 112 186 400 332 284 319 331 320 643 415 421 516 157 11 20 623 525 82 201 416 684 410 231 412 87 211 122 380 330 622 709 216 429 212 431 176 266 686 561 607 127 556 635 648 710 168 699 215 93 510 557 659 609 106 246 573 509 650 545 59 113 357 25 432 719 336 602 731 443 7 138 530 439 313 578 314 620 437 737 256 691 722 297 680 200 213 580 560 529 340 241 670 517 519 374 22 17 196 442 628 690 409 725 147 423 269 598 353 210 551 408 205 136 679 119 533 405 371 430 116 235 227 207 689 386 601 351 639 257 664 124 318 392 417 629 456 193 312 511 632 209 202 
c [Main] Lowest label SAT is set to 737.
c [Label = 734] Encoding duration: 13984ms.
c [Label = 734] Number of clauses: 10490510.
c [Label = 734] Number of variables: 1075160.
c [Label = 734] Solving duration: 341960 ms.
s [Label = 734] SAT (w = 94).
Label assignment: 207 38 282 141 206 4 377 703 565 371 308 1 216 591 376 354 471 659 726 689 366 323 198 283 34 614 656 3 387 51 525 576 603 220 557 280 481 478 586 636 378 138 724 470 89 567 611 152 516 504 269 364 501 109 415 131 673 384 676 723 29 700 435 147 202 99 580 712 430 355 519 559 482 328 130 363 299 693 231 704 113 338 582 589 189 382 128 450 219 218 663 47 62 418 460 98 193 258 267 572 78 674 393 14 117 120 388 26 553 459 389 137 442 527 227 60 446 240 320 725 28 687 630 578 326 577 416 419 114 613 37 11 710 637 309 680 322 432 566 16 684 124 398 694 210 644 225 473 528 110 380 310 515 691 649 518 584 71 709 352 420 409 601 600 679 298 646 196 487 12 400 732 194 720 200 10 428 484 734 701 92 714 336 708 599 654 616 223 246 561 36 396 451 713 27 444 421 349 391 469 341 228 558 660 353 80 513 529 288 508 541 512 145 672 165 403 517 408 271 424 20 115 79 604 707 339 72 531 303 458 490 346 492 105 678 195 155 412 300 208 499 502 257 9 457 237 494 612 639 245 486 13 593 583 500 413 337 217 86 260 345 606 503 731 315 721 305 585 705 307 103 129 402 318 127 485 327 667 733 547 681 112 640 675 462 142 21 48 201 108 425 671 581 279 464 97 392 715 243 255 295 524 321 222 232 533 523 173 22 404 239 617 521 530 125 325 662 296 90 121 407 718 417 96 436 414 431 211 489 551 697 437 104 401 477 728 107 230 573 134 661 505 729 91 235 175 213 483 23 631 186 236 511 118 192 509 439 550 699 635 696 123 238 383 434 634 608 622 633 19 619 627 25 491 314 306 301 229 285 596 316 453 17 18 140 205 422 620 698 302 526 538 330 624 522 406 281 241 587 365 197 30 358 146 452 221 461 375 214 670 410 58 496 266 100 683 33 226 592 24 270 514 466 610 618 15 311 642 8 695 233 190 716 317 111 133 438 2 690 510 347 251 429 607 87 75 711 555 677 506 575 719 395 204 706 590 397 313 443 549 532 598 319 6 682 602 359 297 488 727 595 628 730 474 433 215 5 289 588 717 209 722 7 411 405 686 343 68 658 93 495 212 324 329 304 101 476 277 623 224 122 507 139 
c [Main] Lowest label SAT is set to 734.
c [Main] Kill higher label pid 735.
c [Main] Kill higher label pid 736.
c [Label = 735] Encoding duration: 13660ms.
c [Label = 735] Number of clauses: 10505204.
c [Label = 735] Number of variables: 1076252.
c [Signal] Signal interruption. Caught signal: SIGTERM (15).
c [Label = 736] Encoding duration: 14041ms.
c [Label = 736] Number of clauses: 10519899.
c [Label = 736] Number of variables: 1077344.
c [Signal] Signal interruption. Caught signal: SIGTERM (15).
c [Main] Child pid 736 - 1152489 terminated by signal 15.
c [Main] Child pid 735 - 1152490 terminated by signal 15.
c [Label = 733] Encoding duration: 14152ms.
c [Label = 733] Number of clauses: 10475815.
c [Label = 733] Number of variables: 1074068.
c [Label = 733] Solving duration: 426029 ms.
s [Label = 733] SAT (w = 94).
Label assignment: 637 532 686 189 508 433 697 523 469 594 136 535 419 400 573 249 544 684 113 696 446 230 404 656 330 439 486 502 592 699 10 498 309 202 473 477 390 689 485 327 685 374 223 148 349 74 603 688 299 11 553 565 21 435 104 31 455 543 102 234 620 461 690 258 416 627 49 519 362 178 626 440 59 118 606 296 723 187 377 218 406 546 392 347 142 348 25 95 418 417 679 680 491 726 531 632 538 250 457 448 476 660 316 16 329 415 192 27 181 434 29 276 552 515 262 356 578 466 129 267 628 443 521 30 110 372 220 540 631 125 673 315 314 527 725 50 713 436 662 623 66 224 247 48 334 670 624 57 408 426 282 122 427 701 89 17 640 164 704 256 720 227 131 255 366 280 274 610 44 226 184 115 600 134 421 1 124 545 107 306 120 108 484 509 293 593 722 425 542 155 407 727 604 512 211 619 310 551 307 368 698 507 101 94 281 251 23 423 397 420 78 6 339 351 389 236 614 304 67 719 615 428 471 405 574 190 344 214 130 664 43 337 669 611 63 585 133 514 213 536 712 9 354 302 56 157 480 225 524 583 475 209 459 591 215 112 196 432 199 340 308 252 32 332 730 338 506 601 71 233 412 208 106 198 411 194 333 691 733 586 563 422 300 495 596 170 5 254 410 413 609 341 292 287 231 20 301 103 478 672 709 622 109 51 711 210 625 488 24 731 468 530 7 206 2 238 369 88 442 612 240 201 221 414 482 235 501 12 195 387 534 260 613 721 243 336 3 321 646 431 651 36 529 69 350 449 331 297 28 212 375 76 635 570 222 424 572 355 580 642 132 19 8 357 550 248 729 217 105 504 707 328 505 244 717 518 216 517 294 493 219 576 18 324 257 607 325 437 188 137 232 621 128 728 322 715 139 645 453 447 72 13 342 548 638 605 151 275 320 554 511 582 590 653 203 539 710 204 587 588 575 15 599 312 513 630 117 135 634 52 483 618 516 716 335 146 429 14 358 26 253 639 430 451 388 547 317 705 647 533 346 305 177 200 537 265 311 724 494 450 520 298 318 608 295 526 633 589 470 326 641 708 121 503 644 525 205 643 367 714 229 114 313 119 22 242 584 241 319 595 438 616 126 40 522 4 141 463 228 409 617 323 53 
c [Main] Lowest label SAT is set to 733.
c [Label = 732] Encoding duration: 14147ms.
c [Label = 732] Number of clauses: 10461121.
c [Label = 732] Number of variables: 1072976.
c [Label = 732] Solving duration: 371595 ms.
s [Label = 732] SAT (w = 94).
Label assignment: 107 364 184 178 492 306 688 430 641 481 19 380 132 261 486 73 583 647 419 64 490 720 100 655 626 478 328 104 267 48 515 554 227 124 367 381 657 568 645 20 654 86 213 664 694 653 190 693 482 121 555 365 525 113 705 319 188 165 155 224 317 93 97 250 320 115 493 226 228 297 602 497 360 730 288 382 713 266 494 11 627 38 548 677 329 286 309 348 517 528 660 384 175 212 131 505 114 377 579 363 247 476 17 245 522 299 472 596 398 144 273 163 670 304 389 473 248 285 721 42 315 682 406 60 36 434 14 229 217 203 156 617 423 426 722 375 296 139 589 506 698 330 574 356 507 282 526 291 500 316 689 727 119 143 251 523 470 345 284 293 25 728 9 332 168 153 388 305 530 400 640 729 322 21 105 511 405 590 416 233 547 418 663 402 442 684 208 512 570 483 498 123 187 4 336 193 391 471 238 695 479 510 489 272 276 668 527 96 279 516 150 601 700 585 440 209 126 220 154 2 606 318 50 605 433 243 545 340 715 680 588 452 580 629 531 674 331 16 378 311 491 612 346 289 687 362 47 429 214 275 597 604 567 488 619 7 397 518 559 249 246 699 313 218 717 719 417 702 723 215 534 370 195 393 302 283 690 599 424 54 361 628 707 576 142 87 120 84 321 34 591 141 673 333 274 595 235 706 703 686 399 513 714 441 503 469 118 255 308 205 24 413 98 635 611 425 541 669 557 613 207 421 12 324 151 3 35 312 41 443 219 240 609 26 385 18 111 354 546 236 671 620 697 701 659 468 603 244 529 711 371 292 108 584 667 618 566 341 99 571 222 622 259 347 572 691 407 10 412 314 194 709 520 90 411 712 708 509 662 461 716 553 625 335 587 383 415 474 72 685 280 521 409 6 303 32 152 496 676 679 323 630 137 457 343 109 661 678 623 281 8 444 350 666 610 447 575 593 445 30 353 614 683 408 223 508 718 466 101 665 374 127 206 221 22 252 300 524 92 533 431 157 130 46 458 366 396 501 337 112 569 731 448 122 13 133 726 414 477 295 117 692 732 290 263 5 189 136 351 216 465 116 403 563 675 502 607 339 581 1 615 210 598 15 592 344 456 392 696 544 160 616 724 704 710 106 128 287 202 499 624 110 89 
c [Main] Lowest label SAT is set to 732.
c [Label = 729] Encoding duration: 14953ms.
c [Label = 729] Number of clauses: 10417037.
c [Label = 729] Number of variables: 1069700.
c [Label = 729] Solving duration: 296704 ms.
s [Label = 729] SAT (w = 94).
Label assignment: 38 558 555 238 520 21 658 530 185 557 305 525 721 157 69 61 368 437 416 462 59 309 297 584 629 599 446 224 279 570 719 487 136 201 689 542 550 278 571 417 480 432 410 583 576 539 614 375 338 295 649 566 233 114 413 303 277 429 438 19 298 529 118 471 296 597 478 126 407 134 715 528 457 299 729 559 434 351 700 717 228 350 461 453 285 387 11 455 613 607 540 441 146 728 484 631 209 561 291 286 283 467 531 17 603 612 393 26 262 239 439 431 343 15 259 337 568 58 508 187 16 556 723 165 389 255 514 406 505 420 688 219 418 495 421 488 419 127 348 197 141 302 560 253 210 677 207 94 601 711 363 322 724 180 379 27 587 43 315 54 113 502 712 92 578 183 442 122 37 427 544 714 611 403 109 203 300 562 501 592 690 13 36 708 589 670 313 215 163 246 635 619 620 3 624 32 405 234 186 563 579 35 675 687 357 41 627 5 244 595 565 115 90 349 243 500 327 496 265 316 605 621 160 686 523 706 57 499 398 581 713 475 53 602 161 552 213 12 409 20 42 594 458 195 473 663 339 518 411 386 40 129 666 341 330 14 248 606 93 162 78 430 7 18 317 314 516 665 324 521 610 2 101 99 124 585 333 76 112 673 261 133 397 359 65 664 307 347 321 325 600 75 188 435 87 24 654 400 577 669 507 626 97 477 211 506 119 64 205 423 456 497 311 716 707 443 144 391 70 598 503 395 515 632 181 9 354 206 89 545 310 679 604 103 684 304 720 445 657 452 460 618 402 694 84 147 617 588 29 513 50 332 123 345 661 727 81 532 292 697 394 110 591 179 574 660 725 318 8 132 510 701 30 355 102 490 426 111 662 356 512 62 98 227 143 1 493 193 693 428 23 722 504 4 10 28 79 34 60 554 622 630 184 547 271 609 254 681 220 671 703 656 655 390 199 171 572 194 674 494 256 218 152 517 108 208 424 586 301 158 214 236 705 107 312 696 676 726 182 623 85 672 117 374 266 361 709 678 680 217 370 422 668 306 718 260 412 408 590 682 116 159 509 625 154 6 548 340 459 404 257 120 511 331 360 223 202 294 268 396 212 704 216 710 538 468 469 170 358 335 169 106 401 320 498 22 46 44 699 628 329 204 166 
c [Main] Lowest label SAT is set to 729.
c [Main] Kill higher label pid 730.
c [Main] Kill higher label pid 731.
c [Label = 731] Encoding duration: 14801ms.
c [Label = 731] Number of clauses: 10446426.
c [Label = 731] Number of variables: 1071884.
c [Signal] Signal interruption. Caught signal: SIGTERM (15).
c [Label = 730] Encoding duration: 14930ms.
c [Label = 730] Number of clauses: 10431732.
c [Label = 730] Number of variables: 1070792.
c [Signal] Signal interruption. Caught signal: SIGTERM (15).
c [Main] Child pid 730 - 1152536 terminated by signal 15.
c [Main] Child pid 731 - 1152535 terminated by signal 15.
c [Label = 728] Encoding duration: 14264ms.
c [Label = 728] Number of clauses: 10402343.
c [Label = 728] Number of variables: 1068608.
c [Label = 728] Solving duration: 265624 ms.
s [Label = 728] SAT (w = 94).
Label assignment: 116 292 284 338 489 196 300 409 247 544 298 203 717 468 156 83 559 70 497 263 582 320 620 442 624 106 642 617 430 657 220 540 503 725 250 481 27 46 253 2 336 344 415 667 82 669 342 147 410 588 569 139 218 200 512 221 638 660 148 419 11 195 331 639 724 709 487 407 50 658 720 348 80 728 219 67 505 478 39 706 211 61 558 434 237 94 130 572 592 202 155 475 296 417 640 514 608 550 650 469 378 543 105 133 722 214 380 611 651 261 429 668 663 515 24 470 460 458 520 144 107 421 34 256 710 337 18 527 708 405 672 691 726 506 109 482 137 391 440 16 560 222 242 197 613 655 19 243 228 207 374 308 723 71 462 215 295 69 704 661 114 301 3 461 49 636 552 134 179 239 485 705 319 4 616 129 35 486 493 187 146 406 554 21 637 463 309 225 549 232 603 490 329 314 623 325 413 547 166 653 662 563 548 52 138 671 600 619 557 627 367 100 362 453 448 396 217 306 277 321 605 208 233 285 381 157 673 513 702 235 198 373 74 224 553 191 281 304 205 591 408 727 641 31 270 310 279 502 426 436 379 231 551 484 601 528 459 201 287 464 477 659 587 411 311 299 525 272 423 111 230 131 324 412 115 172 142 60 332 244 350 712 399 437 347 432 13 631 594 43 609 646 56 433 318 521 586 400 68 565 418 209 509 576 416 236 718 73 132 404 383 518 701 721 206 535 556 428 305 227 714 126 500 696 612 127 414 28 581 188 492 264 716 397 316 297 8 555 288 54 345 496 491 670 645 574 687 498 692 402 327 183 120 652 534 229 466 53 349 174 395 618 571 294 251 162 6 323 302 507 125 36 499 698 112 519 589 516 431 343 403 189 610 213 175 693 32 394 562 7 108 697 719 424 223 119 488 392 351 643 238 629 683 293 210 595 452 290 596 241 9 163 173 164 715 545 446 29 177 628 480 212 567 22 312 104 313 77 622 575 427 216 30 110 14 690 666 10 472 604 546 363 307 286 181 273 707 578 444 510 385 122 542 598 20 654 33 398 303 85 511 580 128 15 695 494 649 283 390 113 178 333 703 176 328 517 599 62 577 420 602 711 606 12 121 483 447 439 635 93 335 226 317 699 495 700 45 389 326 5 17 713 382 
c [Main] Lowest label SAT is set to 728.
c [Label = 726] Encoding duration: 14210ms.
c [Label = 726] Number of clauses: 10372954.
c [Label = 726] Number of variables: 1066424.
c [Label = 726] Solving duration: 360470 ms.
s [Label = 726] SAT (w = 94).
Label assignment: 16 180 186 548 709 109 140 321 67 40 599 517 211 679 674 38 583 694 611 48 471 707 136 467 21 101 566 151 496 655 42 697 420 99 171 568 702 295 557 613 648 327 320 184 347 677 413 698 721 218 375 539 114 411 630 525 429 514 283 401 205 194 57 585 199 408 452 399 425 594 504 285 374 323 32 561 616 666 430 308 120 448 665 478 92 371 213 664 507 416 45 46 382 509 328 410 221 58 380 87 135 60 398 526 132 207 383 404 174 236 540 61 251 122 552 50 494 54 713 96 222 275 607 349 326 565 623 422 313 717 362 202 604 304 397 661 200 195 596 503 450 19 662 53 203 56 115 427 442 13 263 716 209 258 668 107 264 689 609 177 626 704 605 241 242 41 601 49 492 675 469 319 139 603 434 23 719 695 608 118 273 711 642 523 149 650 318 415 663 476 147 614 710 724 20 296 627 284 489 495 47 9 543 391 74 267 15 22 193 502 570 11 680 652 546 505 497 696 156 513 98 108 335 24 687 250 673 714 606 449 196 274 567 229 280 265 212 301 219 6 302 123 654 534 692 27 591 305 419 358 701 615 356 392 112 723 256 127 181 699 493 587 28 400 309 708 330 462 394 409 134 516 424 341 414 645 348 660 322 278 598 204 395 276 370 281 14 667 4 12 216 447 168 653 376 245 590 407 470 644 339 512 342 688 421 444 119 474 418 595 340 307 531 37 2 306 498 325 574 225 511 628 617 208 82 619 678 228 367 468 510 31 230 703 572 315 104 637 272 487 357 117 314 588 682 670 124 647 403 396 571 379 3 52 79 29 672 535 377 573 406 17 477 684 646 157 700 726 600 214 437 620 215 286 312 324 259 116 261 364 705 676 7 110 577 490 722 417 584 100 712 506 718 725 130 621 389 393 73 227 191 532 562 482 361 5 192 277 113 173 515 488 690 158 234 671 693 248 691 553 384 121 378 499 303 220 715 501 519 640 669 522 536 706 103 290 686 18 480 402 485 443 197 183 681 363 521 435 350 412 483 631 479 217 500 310 632 317 298 549 1 188 629 533 390 602 178 235 683 311 537 8 316 659 83 106 10 486 458 622 206 538 150 508 91 252 201 266 581 346 388 226 720 299 405 244 93 639 528 247 518 111 333 
c [Main] Lowest label SAT is set to 726.
c [Main] Kill higher label pid 727.
c [Label = 727] Encoding duration: 14583ms.
c [Label = 727] Number of clauses: 10387648.
c [Label = 727] Number of variables: 1067516.
c [Signal] Signal interruption. Caught signal: SIGTERM (15).
c [Main] Child pid 727 - 1152990 terminated by signal 15.
c [Label = 725] Encoding duration: 14981ms.
c [Label = 725] Number of clauses: 10358259.
c [Label = 725] Number of variables: 1065332.
c [Label = 725] Solving duration: 268799 ms.
s [Label = 725] SAT (w = 94).
Label assignment: 102 697 645 634 106 721 660 202 171 57 40 225 512 198 363 50 468 345 3 154 364 326 411 683 128 600 460 118 344 259 314 465 611 521 61 159 653 466 158 620 687 695 630 639 689 540 394 47 598 328 48 633 396 716 211 336 655 182 442 30 426 470 441 39 116 422 694 208 218 491 330 51 63 313 517 53 10 372 597 599 392 339 662 684 525 89 432 667 115 423 577 146 100 34 90 131 420 148 346 642 475 467 210 123 413 722 252 395 455 484 389 82 161 706 368 682 488 263 222 637 712 443 316 242 601 65 2 145 32 300 257 108 233 36 209 464 497 449 649 428 138 130 301 638 135 255 527 701 400 524 367 204 430 174 380 719 665 446 296 436 623 230 23 254 92 239 149 494 84 143 338 609 461 627 412 114 317 575 21 334 54 604 91 624 433 311 329 724 437 139 121 511 703 708 107 393 26 241 81 337 151 194 675 481 709 340 113 125 702 119 658 519 251 289 343 325 399 16 680 24 133 425 266 522 646 438 247 217 613 578 223 439 94 510 166 659 434 711 201 127 205 333 672 110 643 679 530 616 621 95 291 299 55 448 104 224 280 518 85 126 327 567 513 237 203 322 25 674 595 234 122 229 610 12 429 454 31 644 717 459 485 492 214 258 596 341 528 669 406 200 501 692 556 565 136 699 196 238 67 351 19 310 215 69 431 307 529 383 725 298 677 232 320 417 332 38 563 165 294 421 226 220 14 493 696 29 22 319 243 292 324 691 508 723 583 33 500 635 664 580 160 514 622 190 18 584 134 42 403 213 44 479 498 240 315 124 355 283 569 168 13 132 546 661 585 281 231 306 35 490 614 323 101 248 619 11 489 515 140 562 617 544 705 397 244 309 17 416 487 650 321 142 228 704 707 4 207 129 681 502 318 335 579 495 586 523 486 663 109 473 235 76 673 576 120 474 377 415 80 427 685 720 570 7 700 419 710 483 516 382 206 398 602 615 9 476 74 304 284 715 379 588 714 537 564 264 626 152 445 424 245 216 288 137 8 572 212 618 20 66 526 370 28 506 173 713 482 531 549 629 534 407 227 83 568 105 404 690 594 219 331 605 117 6 303 290 293 286 410 435 631 509 718 37 236 698 471 360 612 418 302 520 402 
c [Main] Lowest label SAT is set to 725.
c [Label = 724] Encoding duration: 14767ms.
c [Label = 724] Number of clauses: 10343565.
c [Label = 724] Number of variables: 1064240.
c [Label = 724] Solving duration: 357386 ms.
s [Label = 724] SAT (w = 94).
Label assignment: 104 537 375 274 494 311 343 528 657 658 519 23 338 188 640 642 59 264 613 547 551 26 102 660 700 420 446 306 682 641 299 144 717 226 442 176 534 569 55 623 60 540 12 535 413 656 28 44 586 724 560 645 135 310 200 106 667 638 344 213 417 149 43 34 328 121 580 243 572 443 116 353 380 706 296 157 715 49 608 627 336 454 666 545 696 276 123 185 318 122 686 179 272 217 177 120 522 164 54 458 468 73 525 335 699 325 178 131 646 348 61 173 663 305 441 393 583 172 605 477 421 546 509 292 234 653 703 27 688 609 364 322 708 695 526 134 400 453 677 412 143 115 501 559 718 435 409 98 402 317 671 227 315 426 668 707 471 652 221 350 503 19 216 635 146 165 281 96 630 21 631 691 395 512 100 401 600 542 704 553 398 620 681 514 492 469 9 321 388 452 195 590 32 495 244 30 685 352 565 196 382 548 450 568 90 673 138 411 683 323 659 418 444 662 506 1 337 702 566 220 523 313 487 288 536 297 588 22 616 544 330 552 455 502 445 629 312 16 126 110 563 223 562 399 679 374 524 527 8 355 684 130 295 470 238 692 460 108 152 51 282 466 719 601 31 13 697 483 233 218 124 42 603 7 125 70 689 491 504 680 676 334 610 241 357 377 408 597 714 675 475 349 539 543 303 499 438 20 648 57 2 422 4 148 136 594 415 370 314 10 280 606 394 222 114 87 449 722 406 508 709 203 228 431 139 201 690 316 678 637 521 361 698 18 484 713 119 383 329 287 669 520 624 247 581 285 113 701 132 224 643 56 419 654 451 107 301 479 463 191 214 320 58 291 554 636 215 599 515 532 591 617 510 440 607 505 127 111 467 533 219 327 324 723 584 378 604 425 490 236 331 212 711 3 300 622 687 665 664 555 128 209 578 647 289 416 391 550 716 456 517 155 283 86 199 91 69 99 293 340 574 319 549 721 24 414 38 240 410 386 381 333 496 516 230 50 278 133 439 432 472 538 429 430 190 189 225 252 68 518 480 507 346 129 621 257 693 615 14 253 427 354 598 396 366 511 557 142 670 611 290 117 720 279 558 513 232 74 462 5 118 211 694 614 145 672 556 464 423 448 294 109 11 237 705 302 564 351 205 101 433 710 573 
c [Main] Lowest label SAT is set to 724.
c [Label = 722] Encoding duration: 14019ms.
c [Label = 722] Number of clauses: 10314176.
c [Label = 722] Number of variables: 1062056.
c [Label = 722] Solving duration: 322560 ms.
s [Label = 722] SAT (w = 94).
Label assignment: 204 688 689 680 623 107 672 297 60 370 303 139 195 637 660 588 557 670 306 390 256 717 515 134 121 40 560 231 657 582 224 652 399 504 553 562 554 639 644 295 568 455 413 487 674 488 21 559 369 598 372 583 589 17 420 601 585 371 363 696 110 288 331 491 594 527 432 396 33 104 505 536 43 625 129 47 10 664 276 620 526 235 92 277 642 280 2 334 212 117 352 179 75 622 46 496 201 255 291 558 93 48 398 141 511 15 262 119 253 278 99 271 450 130 606 549 545 692 313 640 22 478 699 35 708 361 694 259 286 307 435 208 624 698 12 273 525 591 645 210 480 600 678 541 207 354 218 691 128 503 344 406 506 479 630 498 663 669 721 573 3 706 418 454 260 556 42 517 227 374 684 330 587 317 519 226 628 550 299 392 444 302 449 693 49 563 400 508 682 458 510 523 9 32 495 643 414 443 452 537 362 627 332 70 358 468 611 118 254 205 38 13 64 232 156 626 106 704 87 605 192 113 469 574 359 451 5 426 401 686 429 457 447 28 459 635 191 14 142 111 690 603 338 610 356 661 243 298 710 662 641 115 484 453 105 316 561 116 174 586 685 91 516 412 599 711 419 177 431 18 122 76 714 713 114 658 237 50 19 441 365 102 701 460 676 239 602 341 597 309 36 456 89 340 88 27 543 314 552 61 325 499 712 339 520 137 215 448 219 715 490 411 618 522 607 290 366 353 39 24 323 26 404 596 531 407 30 217 569 434 321 464 126 697 551 304 108 668 368 580 355 512 405 547 581 671 112 702 109 703 565 653 502 233 349 120 649 367 548 576 311 211 268 391 666 440 720 709 310 103 319 315 497 486 409 417 529 509 555 590 718 681 424 514 577 535 415 617 169 716 44 507 700 322 29 705 252 244 246 570 160 124 438 655 373 20 677 492 203 659 621 544 378 572 127 636 687 225 337 45 566 209 673 308 695 206 7 380 616 470 425 199 613 402 236 348 347 501 1 8 485 248 614 59 335 683 403 375 90 518 251 25 656 100 608 346 423 612 296 241 96 665 410 609 445 6 593 328 357 408 376 521 395 342 351 213 202 159 333 320 216 615 223 305 494 532 234 186 437 238 350 23 312 397 4 31 719 592 722 524 101 513 183 
c [Main] Lowest label SAT is set to 722.
c [Main] Kill higher label pid 723.
c [Label = 723] Encoding duration: 13810ms.
c [Label = 723] Number of clauses: 10328870.
c [Label = 723] Number of variables: 1063148.
c [Signal] Signal interruption. Caught signal: SIGTERM (15).
c [Main] Child pid 723 - 1153033 terminated by signal 15.
c [Label = 721] Encoding duration: 13848ms.
c [Label = 721] Number of clauses: 10299481.
c [Label = 721] Number of variables: 1060964.
c [Label = 721] Solving duration: 367319 ms.
s [Label = 721] SAT (w = 94).
Label assignment: 529 170 389 390 493 9 391 696 470 382 205 149 595 379 385 383 260 431 209 584 668 717 120 381 110 488 271 222 267 256 615 167 499 295 51 274 58 39 265 292 262 175 422 150 158 675 30 165 469 109 148 151 212 4 421 521 164 689 152 714 107 596 671 472 117 303 676 697 453 130 614 578 162 314 622 163 16 563 29 625 226 177 157 153 129 673 518 155 503 6 674 575 242 412 392 507 197 669 680 552 236 567 500 408 517 11 687 523 659 50 339 566 583 123 138 654 581 59 710 154 102 652 224 393 300 555 413 428 289 713 147 510 409 513 12 533 131 37 91 609 457 124 535 536 512 81 317 64 520 302 683 719 616 452 580 309 436 349 693 88 415 705 608 63 459 335 384 33 582 695 548 694 189 623 524 26 627 483 3 491 160 404 688 406 648 631 700 5 672 541 232 495 489 718 306 36 420 446 337 540 366 32 547 351 363 142 496 21 144 201 355 103 465 444 644 606 498 505 579 612 196 298 460 294 684 439 574 156 701 333 594 476 89 218 430 480 191 699 387 195 698 106 360 515 667 353 357 206 423 361 572 592 466 145 307 711 661 198 364 543 564 486 299 712 619 702 716 438 692 203 617 394 419 229 104 448 221 35 15 284 283 17 509 461 657 159 96 645 113 690 600 441 255 663 239 127 336 704 343 458 620 310 514 662 527 31 318 371 115 416 686 204 135 231 603 320 455 643 577 516 297 709 210 602 610 217 720 325 660 550 202 447 323 2 538 291 604 545 243 487 345 497 708 670 678 350 494 95 525 13 268 270 105 451 362 611 560 352 682 484 208 504 679 279 539 272 397 715 396 18 22 706 511 386 399 220 591 219 635 344 605 570 593 301 282 118 626 55 588 691 395 607 313 20 125 402 590 653 187 346 334 223 332 331 278 10 685 549 304 573 403 632 186 94 312 482 677 326 649 190 464 199 665 322 703 101 14 354 119 558 411 213 228 407 251 276 681 111 658 112 650 445 38 90 647 449 319 273 551 8 655 519 569 200 624 568 410 400 24 169 100 370 522 214 443 7 281 241 553 490 287 506 621 642 537 225 216 586 544 721 194 316 327 293 373 546 664 277 342 280 468 321 1 651 707 132 348 93 417 528 108 305 666 
c [Main] Lowest label SAT is set to 721.
c [Label = 713] Encoding duration: 14587ms.
c [Label = 713] Number of clauses: 10181925.
c [Label = 713] Number of variables: 1052228.
c [Signal] Signal interruption. Caught signal: SIGTERM (15).
c [Label = 716] Encoding duration: 15126ms.
c [Label = 716] Number of clauses: 10226009.
c [Label = 716] Number of variables: 1055504.
c [Signal] Signal interruption. Caught signal: SIGTERM (15).
c [Label = 715] Encoding duration: 14977ms.
c [Label = 715] Number of clauses: 10211314.
c [Label = 715] Number of variables: 1054412.
c [Signal] Signal interruption. Caught signal: SIGTERM (15).
c [Label = 717] Encoding duration: 14006ms.
c [Label = 717] Number of clauses: 10240703.
c [Label = 717] Number of variables: 1056596.
c [Signal] Signal interruption. Caught signal: SIGTERM (15).
c [Label = 714] Encoding duration: 14657ms.
c [Label = 714] Number of clauses: 10196620.
c [Label = 714] Number of variables: 1053320.
c [Signal] Signal interruption. Caught signal: SIGTERM (15).
c [Label = 719] Encoding duration: 14271ms.
c [Label = 719] Number of clauses: 10270092.
c [Label = 719] Number of variables: 1058780.
c [Signal] Signal interruption. Caught signal: SIGTERM (15).
c [Label = 720] Encoding duration: 13917ms.
c [Label = 720] Number of clauses: 10284787.
c [Label = 720] Number of variables: 1059872.
c [Signal] Signal interruption. Caught signal: SIGTERM (15).
c [Main] Lim pid ends with result: 254.
c [Main] All children have completed.
r [Main] 
r [Main] Final results: 
r [Main] Lowest label SAT:  	721.
r [Main] Highest label UNSAT:	-.
r [Main] Total real time: 1812819 ms.
r [Main] Total memory consumed: 24510.8 MB.
r [Main] 
c [Label = 718] Encoding duration: 14145ms.
c [Label = 718] Number of clauses: 10255398.
c [Label = 718] Number of variables: 1057688.
c [Signal] Signal interruption. Caught signal: SIGTERM (15).
