c [Version] Minimize Makespan Labeling Encoder version 1.0.0.
c [Param] LB is predefined as 34.
c [Param] UB is predefined as 420.
c [Param] Memory limit is set to 30000.
c [Param] Real time limit is set to 1800.
c [Param] Worker count is set to 8.
c [Main] Search strategy: Iterating from upper bound.
c [Main] Search order: 420 419 418 417 416 415 414 413 412 411 410 409 408 407 406 405 404 403 402 401 400 399 398 397 396 395 394 393 392 391 390 389 388 387 386 385 384 383 382 381 380 379 378 377 376 375 374 373 372 371 370 369 368 367 366 365 364 363 362 361 360 359 358 357 356 355 354 353 352 351 350 349 348 347 346 345 344 343 342 341 340 339 338 337 336 335 334 333 332 331 330 329 328 327 326 325 324 323 322 321 320 319 318 317 316 315 314 313 312 311 310 309 308 307 306 305 304 303 302 301 300 299 298 297 296 295 294 293 292 291 290 289 288 287 286 285 284 283 282 281 280 279 278 277 276 275 274 273 272 271 270 269 268 267 266 265 264 263 262 261 260 259 258 257 256 255 254 253 252 251 250 249 248 247 246 245 244 243 242 241 240 239 238 237 236 235 234 233 232 231 230 229 228 227 226 225 224 223 222 221 220 219 218 217 216 215 214 213 212 211 210 209 208 207 206 205 204 203 202 201 200 199 198 197 196 195 194 193 192 191 190 189 188 187 186 185 184 183 182 181 180 179 178 177 176 175 174 173 172 171 170 169 168 167 166 165 164 163 162 161 160 159 158 157 156 155 154 153 152 151 150 149 148 147 146 145 144 143 142 141 140 139 138 137 136 135 134 133 132 131 130 129 128 127 126 125 124 123 122 121 120 119 118 117 116 115 114 113 112 111 110 109 108 107 106 105 104 103 102 101 100 99 98 97 96 95 94 93 92 91 90 89 88 87 86 85 84 83 82 81 80 79 78 77 76 75 74 73 72 71 70 69 68 67 66 65 64 63 62 61 60 59 58 57 56 55 54 53 52 51 50 49 48 47 46 45 44 43 42 41 40 39 38 37 36 35 34.
c [Main] Encoding and solving for graph: N-bcsstk07.mtx.rnd.
c [Label = 417] Minimize Makespan Labeling problem (N-bcsstk07.mtx.rnd):
c [Label = 419] Minimize Makespan Labeling problem (N-bcsstk07.mtx.rnd):
c [Label = 420] Minimize Makespan Labeling problem (N-bcsstk07.mtx.rnd):
c [Label = 414] Minimize Makespan Labeling problem (N-bcsstk07.mtx.rnd):
c [Label = 416] Minimize Makespan Labeling problem (N-bcsstk07.mtx.rnd):
c [Label = 418] Minimize Makespan Labeling problem (N-bcsstk07.mtx.rnd):
c [Label = 413] Minimize Makespan Labeling problem (N-bcsstk07.mtx.rnd):
c [Label = 415] Minimize Makespan Labeling problem (N-bcsstk07.mtx.rnd):
c [Label = 420] Encoding starts with target value = 33:
c [Label = 420] Encoding duration: 8548ms.
c [Label = 420] Number of clauses: 7528530.
c [Label = 420] Number of variables: 516600.
c [Label = 420] Solving duration: 31440 ms.
s [Label = 420] SAT (w = 33).
c [Label = 420]Label assignment: 386 420 353 420 387 420 410 353 420 420 420 420 420 377 420 420 420 420 420 210 420 386 377 419 387 420 420 387 420 320 420 320 387 354 344 387 420 254 155 419 320 420 387 122 354 387 354 420 387 420 387 420 354 387 288 354 420 344 354 221 321 321 321 354 420 263 387 32 296 387 311 354 387 321 420 188 387 387 386 420 387 386 354 420 387 287 254 254 387 321 321 255 321 287 387 288 321 321 420 420 221 321 230 354 254 354 387 255 254 420 420 254 387 387 420 222 321 177 288 287 420 287 221 288 288 320 320 89 321 387 354 354 353 288 65 287 387 287 386 420 255 197 296 255 354 255 221 387 387 321 387 354 255 188 321 287 387 321 287 321 255 387 254 386 245 188 212 344 222 131 419 321 420 222 189 144 230 288 354 387 230 420 222 321 179 221 353 65 255 287 221 354 164 197 156 188 387 212 212 354 146 222 255 387 420 123 56 122 287 321 122 197 131 188 420 143 354 288 131 255 65 56 354 113 288 386 222 255 230 179 156 155 420 255 156 189 197 80 420 189 222 288 288 288 420 344 143 155 321 32 255 123 321 254 222 354 420 146 156 110 65 197 189 221 354 57 419 387 90 420 156 222 354 420 47 155 420 386 78 77 156 45 56 420 164 320 321 90 80 47 189 90 189 420 221 123 222 122 123 57 387 179 288 44 189 113 77 387 188 288 320 98 45 263 57 288 387 131 278 311 188 123 287 189 222 179 98 122 255 80 420 222 90 164 189 255 254 353 254 89 288 123 189 164 131 387 80 278 90 44 288 47 44 56 156 420 287 354 89 23 222 188 255 57 321 387 156 420 245 164 155 57 32 111 110 122 122 320 56 156 155 44 90 90 387 164 354 197 420 420 98 420 230 155 77 354 65 155 354 57 56 354 353 123 288 98 89 131 32 98 89 131 353 188 131 320 221 254 89 122 
c [Main] Lowest label SAT is set to 420.
c [Label = 412] Minimize Makespan Labeling problem (N-bcsstk07.mtx.rnd):
c [Label = 415] Encoding starts with target value = 33:
c [Label = 415] Encoding duration: 8486ms.
c [Label = 415] Number of clauses: 7443627.
c [Label = 415] Number of variables: 512400.
c [Label = 415] Solving duration: 38774 ms.
s [Label = 415] SAT (w = 33).
c [Label = 415]Label assignment: 415 415 415 415 349 415 264 250 415 415 415 415 398 396 415 415 398 415 415 208 33 415 382 384 382 415 415 382 415 231 415 118 382 315 349 382 415 132 35 382 217 415 382 349 316 382 349 415 382 415 382 415 349 382 349 249 415 349 349 316 316 349 316 349 415 316 98 349 66 382 316 332 382 316 415 197 382 382 349 382 349 35 316 415 382 264 330 151 332 283 316 283 316 118 382 283 316 316 415 415 165 316 283 349 415 381 382 250 382 415 414 184 382 382 415 250 316 175 217 16 415 316 165 349 283 217 382 35 348 283 283 349 382 283 349 316 382 316 85 414 32 250 250 250 349 382 151 349 382 35 382 349 250 283 349 68 382 316 117 316 283 382 217 250 250 132 316 349 217 217 184 316 415 250 184 142 134 349 349 382 249 415 217 198 217 231 250 117 151 164 68 349 217 415 151 165 382 349 217 283 85 217 250 348 415 118 33 216 316 316 250 183 415 183 415 141 349 283 101 250 349 132 142 52 283 250 217 250 283 217 151 283 415 250 142 42 250 217 415 184 217 250 250 382 415 231 109 198 349 250 250 184 349 316 217 316 415 184 151 108 415 184 184 283 250 52 316 382 85 415 151 282 316 415 349 84 415 66 109 316 151 283 134 415 150 382 217 98 216 282 184 151 184 415 164 118 217 51 118 43 66 217 43 42 164 151 184 382 316 184 382 33 283 183 85 283 381 134 184 217 382 109 316 184 184 283 349 365 217 117 415 217 76 184 184 250 150 349 217 99 216 118 151 283 151 316 118 85 283 184 85 84 250 299 118 415 68 349 117 363 43 184 283 131 349 381 118 184 52 84 198 43 283 76 316 131 101 200 315 217 68 43 42 76 382 68 75 167 415 415 35 415 250 65 76 75 249 99 365 85 35 349 151 250 283 118 249 117 101 35 99 151 283 283 52 2 382 316 266 297 
c [Main] Lowest label SAT is set to 415.
c [Main] Kill higher label pid 416.
c [Main] Kill higher label pid 417.
c [Main] Kill higher label pid 418.
c [Main] Kill higher label pid 419.
c [Label = 416] Encoding starts with target value = 33:
c [Label = 416] Encoding duration: 8491ms.
c [Label = 416] Number of clauses: 7460608.
c [Label = 416] Number of variables: 513240.
c [Signal] Signal interruption. Caught signal: SIGTERM (15).
c [Label = 417] Encoding starts with target value = 33:
c [Label = 417] Encoding duration: 8428ms.
c [Label = 417] Number of clauses: 7477588.
c [Label = 417] Number of variables: 514080.
c [Signal] Signal interruption. Caught signal: SIGTERM (15).
c [Label = 419] Encoding starts with target value = 33:
c [Label = 419] Encoding duration: 8512ms.
c [Label = 419] Number of clauses: 7511549.
c [Label = 419] Number of variables: 515760.
c [Signal] Signal interruption. Caught signal: SIGTERM (15).
c [Label = 418] Encoding starts with target value = 33:
c [Label = 418] Encoding duration: 8556ms.
c [Label = 418] Number of clauses: 7494569.
c [Label = 418] Number of variables: 514920.
c [Label = 418] Solving duration: 39481 ms.
s [Label = 418] SAT (w = 33).
c [Label = 418]Label assignment: 408 418 397 407 365 418 397 408 418 418 418 418 418 331 418 418 417 418 418 208 364 397 362 375 385 418 418 385 418 12 332 56 385 22 329 385 374 263 231 364 298 418 385 89 352 385 352 397 385 418 342 418 352 385 385 197 418 296 352 330 319 319 319 352 418 263 331 231 296 319 329 362 276 319 418 164 385 385 297 330 365 231 352 418 385 298 155 264 385 319 329 286 319 23 385 286 319 230 407 418 254 319 230 352 265 12 385 253 232 418 397 254 385 385 418 253 319 175 220 296 418 198 199 286 286 408 164 264 364 385 296 352 375 286 65 23 385 165 221 418 243 197 154 253 352 164 188 385 385 131 385 352 142 330 286 88 385 319 297 210 253 385 231 221 263 221 220 329 220 297 165 210 418 253 187 101 264 177 154 385 243 418 220 329 121 98 365 65 253 131 23 352 164 197 154 230 385 230 197 352 187 286 253 362 418 121 78 55 22 319 122 121 56 121 418 109 352 286 65 253 89 265 352 375 286 231 220 253 198 144 164 13 418 253 154 43 197 297 418 187 220 286 286 164 418 12 142 45 319 98 253 220 319 155 187 352 418 111 154 76 56 264 220 131 296 55 364 385 88 418 154 210 352 418 89 89 418 122 142 253 187 286 198 418 88 332 220 88 55 342 187 131 35 398 188 121 220 263 76 55 32 154 187 35 177 78 43 385 166 286 164 155 35 309 121 286 385 298 286 144 331 121 164 187 187 121 132 197 253 45 418 220 68 164 187 253 263 23 263 45 111 121 154 111 131 362 45 78 286 109 88 220 144 164 154 418 197 352 296 188 187 98 253 55 319 362 76 395 253 342 331 55 122 68 109 276 55 131 144 88 407 43 43 88 385 23 352 98 418 418 398 418 296 45 76 352 297 131 384 98 230 352 165 121 286 45 78 319 198 198 111 131 331 375 13 408 332 155 65 364 
c [Signal] Signal interruption. Caught signal: SIGTERM (15).
c [Label = 411] Minimize Makespan Labeling problem (N-bcsstk07.mtx.rnd):
c [Main] Child pid 417 - 826124 terminated by signal 15.
c [Label = 410] Minimize Makespan Labeling problem (N-bcsstk07.mtx.rnd):
c [Main] Child pid 418 - 826123 terminated by signal 15.
c [Main] Child pid 416 - 826125 terminated by signal 15.
c [Label = 408] Minimize Makespan Labeling problem (N-bcsstk07.mtx.rnd):
c [Main] Child pid 419 - 826122 terminated by signal 15.
c [Label = 409] Minimize Makespan Labeling problem (N-bcsstk07.mtx.rnd):
c [Label = 407] Minimize Makespan Labeling problem (N-bcsstk07.mtx.rnd):
c [Label = 413] Encoding starts with target value = 33:
c [Label = 413] Encoding duration: 8398ms.
c [Label = 413] Number of clauses: 7409666.
c [Label = 413] Number of variables: 510720.
c [Label = 413] Solving duration: 39361 ms.
s [Label = 413] SAT (w = 33).
c [Label = 413]Label assignment: 362 413 413 398 364 413 214 413 413 413 413 413 413 148 413 413 413 413 413 207 380 348 380 216 380 398 413 380 413 347 398 149 380 216 413 380 413 380 315 381 149 413 380 82 314 380 347 413 380 413 380 413 347 380 347 296 413 347 347 249 314 347 314 347 413 314 347 282 247 380 314 347 380 314 398 249 380 380 282 314 362 315 314 413 380 33 280 216 380 281 263 281 314 215 380 281 314 314 413 413 115 314 281 347 183 380 380 248 280 413 413 314 380 380 413 248 314 174 215 313 263 183 313 347 230 347 249 348 280 380 281 347 282 281 315 249 365 249 380 413 314 248 281 248 347 197 82 380 380 117 380 347 248 249 347 216 380 314 380 314 281 380 150 49 248 380 215 347 215 348 16 314 413 248 182 141 315 215 230 380 50 413 215 247 149 214 183 49 149 329 83 347 215 148 149 181 380 347 215 347 116 215 248 347 413 116 82 150 216 314 116 116 347 117 413 140 347 281 50 248 49 181 141 182 281 150 215 248 282 182 149 397 413 248 141 41 248 395 413 182 215 248 230 230 413 413 108 347 347 381 281 215 347 281 197 314 413 131 149 107 148 183 42 117 329 50 281 380 83 413 149 214 314 413 50 215 413 214 75 314 149 281 315 413 83 249 215 182 149 347 182 347 182 84 182 116 215 248 116 75 82 215 281 35 181 98 182 380 115 182 51 115 182 314 83 281 380 50 182 281 248 42 216 182 164 248 116 280 215 50 413 215 83 182 182 248 329 16 296 148 247 116 131 248 149 380 65 314 281 182 83 164 248 115 116 413 83 347 183 314 42 84 281 83 347 380 98 215 215 83 247 75 182 108 314 115 18 116 82 197 51 42 41 108 380 16 74 83 413 413 348 413 182 148 75 68 150 49 380 115 18 347 16 248 281 82 49 413 282 183 49 149 216 83 50 150 282 281 148 181 
c [Main] Lowest label SAT is set to 413.
c [Main] Kill higher label pid 414.
c [Label = 414] Encoding starts with target value = 33:
c [Label = 414] Encoding duration: 8438ms.
c [Label = 414] Number of clauses: 7426647.
c [Label = 414] Number of variables: 511560.
c [Signal] Signal interruption. Caught signal: SIGTERM (15).
c [Label = 406] Minimize Makespan Labeling problem (N-bcsstk07.mtx.rnd):
c [Main] Child pid 414 - 826127 terminated by signal 15.
c [Label = 405] Minimize Makespan Labeling problem (N-bcsstk07.mtx.rnd):
c [Label = 410] Encoding starts with target value = 33:
c [Label = 410] Encoding duration: 7565ms.
c [Label = 410] Number of clauses: 7358725.
c [Label = 410] Number of variables: 508200.
c [Label = 410] Solving duration: 29629 ms.
s [Label = 410] SAT (w = 33).
c [Label = 410]Label assignment: 376 410 376 410 377 410 410 376 410 410 410 410 410 377 410 410 410 410 410 204 79 409 377 410 377 410 410 377 410 343 410 343 377 310 344 377 410 310 277 376 343 410 377 310 311 377 344 410 377 410 377 410 344 377 344 344 410 344 344 310 311 245 278 344 410 311 377 277 277 377 311 377 377 311 410 244 377 377 277 409 377 244 344 410 377 277 310 211 377 311 311 278 311 277 377 278 311 311 410 410 244 311 278 344 410 344 377 245 244 410 410 211 377 377 410 245 212 344 179 244 410 145 211 278 278 376 310 244 311 277 278 344 409 278 343 310 377 310 145 410 244 245 278 212 344 245 244 377 377 211 377 344 245 310 344 211 377 311 145 311 278 377 178 112 245 211 211 344 179 178 79 311 410 245 245 138 343 344 344 377 277 410 212 277 244 211 377 112 138 145 32 344 212 179 146 178 377 344 212 344 112 212 245 377 410 113 79 178 211 311 112 212 112 145 410 138 344 278 145 344 46 46 311 79 278 277 212 245 211 212 146 79 410 245 179 179 245 244 410 179 212 245 278 211 410 344 138 145 311 376 245 211 171 310 212 344 410 179 146 105 277 145 105 79 344 47 409 377 80 410 146 211 311 410 178 343 410 112 311 311 146 105 112 410 145 310 212 113 179 46 146 146 39 410 211 72 212 79 113 39 145 212 278 39 178 146 179 377 178 179 46 178 39 311 47 278 377 112 179 278 310 113 211 179 179 245 343 79 212 112 410 212 179 179 39 245 244 32 277 145 277 113 146 146 146 377 113 311 80 39 278 79 245 46 72 410 79 344 277 178 278 145 278 153 311 377 113 410 212 79 410 146 79 72 105 112 343 211 46 212 46 39 80 72 377 244 344 46 410 410 178 410 245 145 72 72 112 344 377 113 112 344 46 245 278 80 79 112 145 178 112 113 79 244 113 277 145 310 112 46 
c [Main] Lowest label SAT is set to 410.
c [Main] Kill higher label pid 411.
c [Main] Kill higher label pid 412.
c [Label = 411] Encoding starts with target value = 33:
c [Label = 411] Encoding duration: 7666ms.
c [Label = 411] Number of clauses: 7375705.
c [Label = 411] Number of variables: 509040.
c [Signal] Signal interruption. Caught signal: SIGTERM (15).
c [Label = 412] Encoding starts with target value = 33:
c [Label = 412] Encoding duration: 8346ms.
c [Label = 412] Number of clauses: 7392686.
c [Label = 412] Number of variables: 509880.
c [Signal] Signal interruption. Caught signal: SIGTERM (15).
c [Label = 404] Minimize Makespan Labeling problem (N-bcsstk07.mtx.rnd):
c [Main] Child pid 411 - 826154 terminated by signal 15.
c [Label = 403] Minimize Makespan Labeling problem (N-bcsstk07.mtx.rnd):
c [Main] Child pid 412 - 826146 terminated by signal 15.
c [Label = 402] Minimize Makespan Labeling problem (N-bcsstk07.mtx.rnd):
c [Label = 409] Encoding starts with target value = 33:
c [Label = 409] Encoding duration: 7529ms.
c [Label = 409] Number of clauses: 7341744.
c [Label = 409] Number of variables: 507360.
c [Label = 409] Solving duration: 30573 ms.
s [Label = 409] SAT (w = 33).
c [Label = 409]Label assignment: 375 409 376 409 376 409 409 408 409 409 409 409 409 376 409 409 409 409 409 204 78 408 376 309 376 409 409 376 409 343 409 342 376 309 343 376 409 310 276 375 342 409 376 310 310 376 343 409 376 409 376 409 343 376 343 343 409 343 343 309 310 244 277 343 409 310 376 276 276 376 310 376 376 310 409 243 376 376 276 177 376 408 343 409 376 276 309 210 376 310 310 277 310 243 376 277 310 310 409 409 243 310 277 343 409 343 376 244 243 409 409 210 376 376 409 244 211 343 178 244 409 144 210 277 277 375 309 243 310 376 277 343 243 277 342 243 376 309 375 409 243 244 277 211 343 244 144 376 376 210 376 343 244 309 343 210 376 310 408 310 277 376 177 111 244 210 210 343 178 177 78 310 409 244 244 138 342 343 343 376 276 409 211 343 244 211 376 111 138 144 32 343 211 178 145 178 376 343 211 343 111 211 244 376 409 112 78 177 210 310 111 211 111 144 409 138 343 277 144 343 276 144 310 45 277 276 211 244 210 211 145 78 409 244 178 178 244 408 409 178 211 244 277 210 409 343 138 111 310 375 244 211 171 309 211 343 409 178 145 105 276 144 105 78 343 46 32 376 79 409 145 210 310 409 177 342 409 111 310 310 145 105 111 409 144 309 211 178 178 78 145 145 39 409 144 72 211 45 112 39 111 211 277 39 177 145 178 376 177 178 45 177 39 310 46 277 376 177 178 277 309 112 210 178 178 244 342 145 211 111 409 211 178 178 39 244 243 243 276 45 276 112 145 145 145 376 112 310 79 39 277 78 244 78 72 409 45 343 276 144 277 144 277 78 310 376 112 409 211 78 409 145 78 72 105 144 342 210 78 211 45 39 79 72 376 243 343 78 409 409 111 409 244 111 72 72 111 45 376 112 111 343 45 244 277 79 45 111 144 177 45 112 45 210 211 276 144 309 277 177 
c [Main] Lowest label SAT is set to 409.
c [Label = 401] Minimize Makespan Labeling problem (N-bcsstk07.mtx.rnd):
c [Label = 405] Encoding starts with target value = 33:
c [Label = 405] Encoding duration: 7340ms.
c [Label = 405] Number of clauses: 7273822.
c [Label = 405] Number of variables: 504000.
c [Label = 405] Solving duration: 36928 ms.
s [Label = 405] SAT (w = 33).
c [Label = 405]Label assignment: 405 405 405 405 372 405 405 405 405 405 405 405 405 372 405 405 405 405 405 203 33 405 372 141 372 405 405 372 405 339 405 339 372 305 339 372 405 273 207 174 339 405 372 198 306 372 339 405 372 405 372 405 339 372 339 339 405 339 339 306 306 339 306 339 405 273 372 240 132 372 306 339 372 306 405 174 372 372 339 372 372 240 306 405 372 132 240 372 372 273 306 273 306 33 372 273 306 306 339 405 165 306 240 339 372 273 372 240 240 405 141 174 372 372 405 240 306 170 207 240 405 141 165 339 273 207 306 273 42 273 273 339 75 273 339 372 372 306 207 372 207 207 306 240 339 239 240 372 372 405 372 339 240 174 339 206 372 306 339 306 273 372 33 132 240 198 207 339 207 207 273 306 405 240 174 104 372 207 339 372 272 405 207 372 141 141 240 108 240 306 306 339 174 207 141 75 372 339 207 339 174 273 240 372 405 108 33 107 174 306 108 206 99 140 405 137 339 273 207 240 132 273 137 108 273 240 207 240 306 174 174 173 405 240 137 38 207 240 405 174 207 240 273 206 405 339 104 306 339 339 240 207 339 174 207 306 405 141 141 104 33 174 207 141 339 42 306 372 75 405 141 240 306 405 41 405 405 372 137 306 141 273 372 405 173 306 207 108 239 41 174 141 38 405 240 108 207 306 108 38 108 207 174 38 405 108 174 372 66 273 66 66 38 75 75 273 339 207 273 306 273 104 207 174 174 240 41 42 240 75 405 207 71 174 174 240 239 99 273 99 339 108 141 240 141 372 75 273 75 174 273 42 240 174 141 405 74 339 33 273 174 74 273 42 339 405 108 405 240 273 306 38 372 71 306 75 107 41 174 207 207 38 38 71 372 273 71 141 405 405 108 405 141 108 71 71 339 306 372 108 272 339 75 108 273 75 306 140 405 107 99 141 74 273 174 8 141 174 207 66 
c [Main] Lowest label SAT is set to 405.
c [Main] Kill higher label pid 406.
c [Main] Kill higher label pid 407.
c [Main] Kill higher label pid 408.
c [Label = 408] Encoding starts with target value = 33:
c [Label = 408] Encoding duration: 7405ms.
c [Label = 408] Number of clauses: 7324764.
c [Label = 408] Number of variables: 506520.
c [Signal] Signal interruption. Caught signal: SIGTERM (15).
c [Label = 406] Encoding starts with target value = 33:
c [Label = 406] Encoding duration: 7226ms.
c [Label = 406] Number of clauses: 7290803.
c [Label = 406] Number of variables: 504840.
c [Label = 406] Solving duration: 37583 ms.
s [Label = 406] SAT (w = 33).
c [Label = 406]Label assignment: 340 406 406 373 340 406 406 406 373 406 406 406 406 373 406 406 406 406 406 203 68 340 373 383 373 373 406 373 406 340 406 208 373 307 340 373 406 68 406 373 340 406 373 307 307 373 340 406 373 406 373 406 340 373 340 241 406 340 340 307 307 340 307 340 406 307 373 241 274 373 307 134 406 307 406 175 373 373 340 274 340 142 307 406 373 109 241 274 373 274 307 274 307 76 373 274 307 307 373 406 208 307 274 340 406 340 373 241 241 406 406 175 373 373 406 241 307 170 208 167 373 373 208 340 274 43 373 274 208 373 274 340 241 274 340 274 373 307 43 406 307 241 274 241 340 406 142 340 373 208 373 340 241 175 340 208 373 307 340 307 274 373 241 109 241 175 307 340 208 208 76 307 406 241 175 137 109 340 340 373 273 406 208 340 241 241 175 109 142 175 307 340 208 241 142 307 373 340 208 274 76 175 241 373 406 109 307 175 307 307 43 208 307 373 406 137 340 274 406 241 109 175 137 43 274 142 208 241 175 208 142 76 406 241 137 38 241 142 406 175 208 241 241 406 406 340 104 109 340 340 241 208 340 142 208 307 406 175 142 104 406 76 208 208 274 43 274 373 76 406 142 241 307 406 109 307 406 35 104 307 142 274 109 406 76 373 208 175 109 142 175 175 175 34 175 109 208 208 109 38 101 208 38 35 175 109 175 373 142 76 406 208 274 175 76 274 373 109 142 274 373 104 307 175 175 406 43 208 208 142 406 208 71 175 175 241 142 76 241 274 274 109 109 208 175 373 142 307 76 175 274 43 241 274 109 406 76 340 109 76 38 76 274 109 340 373 142 142 208 241 373 38 241 71 307 142 142 208 76 208 43 38 38 71 373 274 71 76 406 406 43 406 175 109 71 71 142 35 373 109 274 340 307 241 274 76 35 175 241 43 43 142 175 241 76 10 241 142 373 142 
c [Signal] Signal interruption. Caught signal: SIGTERM (15).
c [Label = 407] Encoding starts with target value = 33:
c [Label = 407] Encoding duration: 7841ms.
c [Label = 407] Number of clauses: 7307783.
c [Label = 407] Number of variables: 505680.
c [Signal] Signal interruption. Caught signal: SIGTERM (15).
c [Label = 400] Minimize Makespan Labeling problem (N-bcsstk07.mtx.rnd):
c [Main] Child pid 406 - 826159 terminated by signal 15.
c [Label = 399] Minimize Makespan Labeling problem (N-bcsstk07.mtx.rnd):
c [Main] Child pid 408 - 826157 terminated by signal 15.
c [Label = 398] Minimize Makespan Labeling problem (N-bcsstk07.mtx.rnd):
c [Main] Child pid 407 - 826158 terminated by signal 15.
c [Label = 397] Minimize Makespan Labeling problem (N-bcsstk07.mtx.rnd):
c [Label = 402] Encoding starts with target value = 33:
c [Label = 402] Encoding duration: 8145ms.
c [Label = 402] Number of clauses: 7222881.
c [Label = 402] Number of variables: 501480.
c [Label = 402] Solving duration: 33798 ms.
s [Label = 402] SAT (w = 33).
c [Label = 402]Label assignment: 364 402 402 397 364 402 204 402 402 402 402 402 402 370 402 402 402 402 402 201 270 364 402 402 369 164 402 369 402 336 397 132 369 298 271 369 402 270 66 397 336 402 369 171 303 369 336 402 369 402 369 402 336 369 336 331 402 336 336 397 303 336 303 336 402 238 369 331 105 369 303 303 369 303 164 231 369 369 364 131 362 364 303 402 369 369 237 297 369 270 131 270 303 66 369 270 303 303 402 402 171 303 369 336 29 336 369 237 237 402 402 33 369 369 402 237 303 168 204 237 270 264 138 336 204 336 131 330 303 369 263 336 402 270 364 33 364 297 198 402 237 237 369 237 336 237 165 369 369 65 369 336 237 165 336 297 369 303 369 303 270 369 264 66 230 72 296 369 204 66 33 303 402 237 171 135 28 336 336 369 164 402 204 369 204 138 61 132 138 197 99 336 160 72 138 171 369 336 197 402 94 171 237 369 402 105 39 28 164 303 198 131 303 160 402 135 336 270 264 237 369 72 135 61 270 331 204 237 165 197 138 127 402 237 135 36 237 231 402 171 204 237 336 98 402 6 102 337 336 231 270 105 336 237 237 303 402 131 138 102 204 99 204 297 197 39 99 369 72 402 138 171 303 402 331 303 402 303 102 303 138 270 198 402 98 131 204 72 237 197 171 336 171 94 270 105 204 33 105 36 105 204 36 36 138 98 36 369 39 270 231 132 270 131 72 270 369 198 270 336 270 102 98 171 171 204 330 39 204 171 402 204 69 171 171 237 264 402 61 105 204 105 138 204 204 303 164 105 72 171 270 65 237 72 105 402 99 336 198 138 36 231 270 171 336 369 105 303 204 264 204 36 237 69 303 270 28 132 72 105 98 36 36 69 369 99 69 231 402 402 66 402 171 105 69 69 198 336 369 127 61 336 297 237 270 72 39 204 264 66 304 138 165 165 138 198 165 237 204 270 
c [Main] Lowest label SAT is set to 402.
c [Main] Kill higher label pid 403.
c [Main] Kill higher label pid 404.
c [Label = 403] Encoding starts with target value = 33:
c [Label = 403] Encoding duration: 7977ms.
c [Label = 403] Number of clauses: 7239861.
c [Label = 403] Number of variables: 502320.
c [Signal] Signal interruption. Caught signal: SIGTERM (15).
c [Label = 404] Encoding starts with target value = 33:
c [Label = 404] Encoding duration: 7708ms.
c [Label = 404] Number of clauses: 7256842.
c [Label = 404] Number of variables: 503160.
c [Signal] Signal interruption. Caught signal: SIGTERM (15).
c [Label = 396] Minimize Makespan Labeling problem (N-bcsstk07.mtx.rnd):
c [Main] Child pid 404 - 826174 terminated by signal 15.
c [Label = 395] Minimize Makespan Labeling problem (N-bcsstk07.mtx.rnd):
c [Main] Child pid 403 - 826175 terminated by signal 15.
c [Label = 394] Minimize Makespan Labeling problem (N-bcsstk07.mtx.rnd):
c [Label = 401] Encoding starts with target value = 33:
c [Label = 401] Encoding duration: 7661ms.
c [Label = 401] Number of clauses: 7205900.
c [Label = 401] Number of variables: 500640.
c [Label = 401] Solving duration: 36098 ms.
s [Label = 401] SAT (w = 33).
c [Label = 401]Label assignment: 170 401 33 401 368 401 235 268 401 401 401 401 401 33 400 401 401 401 400 201 103 401 368 269 368 401 401 367 401 334 401 236 368 335 401 368 401 368 203 302 33 235 368 70 235 368 334 401 367 367 368 401 335 368 335 335 401 335 334 302 32 68 301 335 401 302 202 236 268 368 302 335 368 301 401 269 368 368 269 368 368 203 335 401 367 268 136 136 368 302 302 268 302 202 368 268 302 302 401 401 66 301 335 335 401 136 368 235 301 401 70 301 368 368 401 235 301 334 202 301 401 269 136 269 269 335 203 368 268 269 269 335 401 268 368 302 368 137 235 401 302 202 269 202 334 236 401 368 368 203 368 302 235 302 335 202 368 301 202 302 302 367 335 268 236 368 302 335 35 368 70 236 401 235 169 134 37 335 335 368 170 368 168 268 236 169 169 170 168 203 37 335 236 169 134 103 367 335 202 335 137 202 169 368 401 101 401 169 136 269 103 203 169 103 401 168 335 335 170 169 335 368 235 104 401 236 202 169 136 203 169 70 401 168 136 268 203 335 401 65 202 236 269 203 401 169 135 202 302 103 236 202 301 136 203 335 135 137 136 102 169 70 268 302 335 269 136 103 301 401 136 235 170 401 368 235 401 202 98 135 202 268 37 401 136 302 269 136 269 71 37 136 32 401 302 235 202 103 101 70 235 137 65 35 368 104 36 368 401 103 136 368 301 37 68 68 335 269 170 269 70 268 203 268 203 236 236 136 235 170 401 202 400 169 35 203 236 37 269 169 335 101 35 236 137 302 170 170 68 35 235 71 71 70 235 401 302 334 269 99 65 70 269 70 302 368 132 401 103 401 235 235 103 167 102 103 236 335 401 115 103 35 236 103 368 203 335 71 401 401 37 401 203 33 69 69 368 202 368 70 37 335 37 102 269 37 169 103 170 269 335 136 104 401 136 335 70 136 37 301 
c [Main] Lowest label SAT is set to 401.
c [Label = 393] Minimize Makespan Labeling problem (N-bcsstk07.mtx.rnd):
c [Label = 397] Encoding starts with target value = 33:
c [Label = 397] Encoding duration: 8135ms.
c [Label = 397] Number of clauses: 7099338.
c [Label = 397] Number of variables: 484680.
c [Label = 397] Solving duration: 31018 ms.
s [Label = 397] SAT (w = 33).
c [Label = 397]Label assignment: 33 33 33 33 66 33 33 33 33 33 33 33 33 66 33 33 33 33 33 66 364 298 66 199 66 33 33 66 33 99 33 298 66 362 99 66 33 264 133 34 99 33 99 298 132 66 330 33 66 33 66 33 99 66 99 298 66 99 99 100 132 165 132 99 33 132 66 133 165 66 132 99 329 132 33 67 66 66 67 66 296 133 132 33 363 165 132 100 66 165 395 165 132 397 66 198 132 395 33 33 198 132 165 99 298 99 66 165 198 33 33 66 66 66 33 296 198 231 231 132 33 166 231 99 165 33 397 133 165 165 165 99 364 165 199 331 66 100 165 33 132 198 165 198 330 198 198 66 66 395 66 99 165 199 364 33 66 132 165 132 132 66 199 265 198 231 132 99 231 298 66 198 33 198 264 264 199 99 99 66 165 33 198 165 198 198 232 397 165 99 331 99 231 198 364 231 66 99 231 99 231 198 165 66 33 297 265 133 331 132 232 231 264 166 33 264 99 66 166 198 297 265 99 362 198 133 198 165 166 231 363 364 33 264 363 231 198 265 33 231 396 165 165 362 33 99 297 397 99 33 198 231 330 364 231 132 33 395 231 297 397 364 297 100 66 397 364 66 330 33 330 198 395 33 397 99 66 397 363 99 264 297 298 33 363 395 198 329 396 296 264 264 396 331 331 264 198 232 397 231 298 231 396 396 231 362 362 66 132 297 397 331 231 66 330 397 66 232 297 165 132 297 362 363 231 297 232 331 231 297 33 397 363 264 231 198 232 298 263 331 397 330 395 231 264 66 297 132 297 331 165 264 297 364 99 33 100 397 199 364 132 166 362 397 99 66 264 33 231 66 66 264 231 99 132 297 265 397 364 198 364 264 297 330 66 67 364 331 33 33 265 66 264 264 165 132 232 397 395 330 265 99 99 264 165 363 331 270 166 265 331 330 364 199 330 265 166 364 66 298 
c [Main] Lowest label SAT is set to 397.
c [Main] Kill higher label pid 398.
c [Main] Kill higher label pid 399.
c [Main] Kill higher label pid 400.
c [Label = 398] Encoding starts with target value = 33:
c [Label = 398] Encoding duration: 7959ms.
c [Label = 398] Number of clauses: 7154959.
c [Label = 398] Number of variables: 498120.
c [Signal] Signal interruption. Caught signal: SIGTERM (15).
c [Label = 399] Encoding starts with target value = 33:
c [Label = 399] Encoding duration: 8050ms.
c [Label = 399] Number of clauses: 7171939.
c [Label = 399] Number of variables: 498960.
c [Signal] Signal interruption. Caught signal: SIGTERM (15).
c [Label = 392] Minimize Makespan Labeling problem (N-bcsstk07.mtx.rnd):
c [Label = 400] Encoding starts with target value = 33:
c [Label = 400] Encoding duration: 7781ms.
c [Label = 400] Number of clauses: 7188920.
c [Label = 400] Number of variables: 499800.
c [Signal] Signal interruption. Caught signal: SIGTERM (15).
c [Main] Child pid 400 - 826180 terminated by signal 15.
c [Label = 391] Minimize Makespan Labeling problem (N-bcsstk07.mtx.rnd):
c [Main] Child pid 399 - 826181 terminated by signal 15.
c [Label = 390] Minimize Makespan Labeling problem (N-bcsstk07.mtx.rnd):
c [Main] Child pid 398 - 826182 terminated by signal 15.
c [Label = 389] Minimize Makespan Labeling problem (N-bcsstk07.mtx.rnd):
c [Label = 396] Encoding starts with target value = 33:
c [Label = 396] Encoding duration: 8303ms.
c [Label = 396] Number of clauses: 7088898.
c [Label = 396] Number of variables: 483840.
c [Label = 396] Solving duration: 27248 ms.
s [Label = 396] SAT (w = 33).
c [Label = 396]Label assignment: 395 395 395 395 362 395 395 395 395 395 395 395 395 362 395 395 395 395 395 197 329 395 362 329 362 395 395 362 395 230 296 230 362 329 329 362 362 329 98 329 230 395 362 296 230 362 329 395 362 395 362 395 329 362 329 329 395 329 329 296 296 164 296 329 395 296 362 263 263 362 296 362 263 296 395 362 362 362 362 362 362 32 329 395 362 131 329 164 362 296 296 263 296 131 362 263 296 296 395 395 296 296 263 329 131 329 362 65 197 395 395 197 362 362 395 230 296 329 197 296 395 362 164 263 263 395 164 263 263 263 263 329 263 263 230 362 362 296 98 395 296 230 263 230 329 230 263 362 362 230 362 329 164 296 296 98 362 296 230 296 263 362 230 131 230 197 296 329 197 131 197 296 395 230 164 131 197 329 329 362 197 395 197 263 230 197 329 230 164 329 329 329 197 230 131 164 362 329 197 329 164 197 164 362 395 98 98 197 98 296 131 164 65 164 395 131 329 263 131 329 32 65 230 131 230 263 197 164 197 197 164 65 395 164 131 329 230 32 395 98 197 230 263 164 395 230 65 131 98 65 230 197 98 296 197 329 395 164 32 65 32 164 98 131 329 296 329 362 65 395 131 197 296 395 65 98 395 362 230 32 131 263 197 395 131 296 197 131 230 98 263 164 32 395 164 65 230 197 65 32 131 197 32 296 164 131 98 362 98 131 131 164 263 362 98 263 362 395 131 263 296 98 164 197 164 230 395 98 197 98 395 296 230 164 197 230 230 65 263 32 230 65 131 197 164 362 98 296 263 98 32 65 230 65 65 395 296 329 32 164 98 65 263 98 296 362 65 395 197 296 263 32 362 164 131 98 32 98 65 197 395 131 32 65 362 362 230 65 395 395 32 395 164 131 32 230 32 32 362 98 263 329 263 131 263 65 32 98 197 230 32 131 164 329 65 98 164 296 230 65 
c [Main] Lowest label SAT is set to 396.
c [Label = 388] Minimize Makespan Labeling problem (N-bcsstk07.mtx.rnd):
c [Label = 392] Encoding starts with target value = 33:
c [Label = 392] Encoding duration: 8340ms.
c [Label = 392] Number of clauses: 7020976.
c [Label = 392] Number of variables: 480480.
c [Signal] Signal interruption. Caught signal: SIGTERM (15).
c [Label = 395] Encoding starts with target value = 33:
c [Label = 395] Encoding duration: 8109ms.
c [Label = 395] Number of clauses: 7071917.
c [Label = 395] Number of variables: 483000.
c [Signal] Signal interruption. Caught signal: SIGTERM (15).
c [Label = 388] Encoding starts with target value = 33:
c [Label = 388] Encoding duration: 7758ms.
c [Label = 388] Number of clauses: 6953054.
c [Label = 388] Number of variables: 477120.
c [Signal] Signal interruption. Caught signal: SIGTERM (15).
c [Label = 391] Encoding starts with target value = 33:
c [Label = 391] Encoding duration: 8117ms.
c [Label = 391] Number of clauses: 7003995.
c [Label = 391] Number of variables: 479640.
c [Signal] Signal interruption. Caught signal: SIGTERM (15).
c [Label = 393] Encoding starts with target value = 33:
c [Label = 393] Encoding duration: 7881ms.
c [Label = 393] Number of clauses: 7037956.
c [Label = 393] Number of variables: 481320.
c [Signal] Signal interruption. Caught signal: SIGTERM (15).
c [Label = 389] Encoding starts with target value = 33:
c [Label = 389] Encoding duration: 8581ms.
c [Label = 389] Number of clauses: 6970034.
c [Label = 389] Number of variables: 477960.
c [Signal] Signal interruption. Caught signal: SIGTERM (15).
c [Label = 390] Encoding starts with target value = 33:
c [Label = 390] Encoding duration: 8611ms.
c [Label = 390] Number of clauses: 6987015.
c [Label = 390] Number of variables: 478800.
c [Signal] Signal interruption. Caught signal: SIGTERM (15).
c [Main] Lim pid ends with result: 254.
c [Main] All children have completed.
r [Main] 
r [Main] Final results: 
r [Main] Lowest label SAT:  	396.
r [Main] Highest label UNSAT:	-.
r [Main] Total real time: 1812112 ms.
r [Main] Total memory consumed: 15173.4 MB.
r [Main] 
c [Label = 394] Encoding starts with target value = 33:
c [Label = 394] Encoding duration: 8525ms.
c [Label = 394] Number of clauses: 7054937.
c [Label = 394] Number of variables: 482160.
c [Signal] Signal interruption. Caught signal: SIGTERM (15).
