c [Version] Minimize Makespan Labeling Encoder version 1.0.0.
c [Param] LB is predefined as 106.
c [Param] UB is predefined as 425.
c [Param] Memory limit is set to 30000.
c [Param] Real time limit is set to 1800.
c [Param] Worker count is set to 8.
c [Main] Search strategy: Iterating from upper bound.
c [Main] Search order: 425 424 423 422 421 420 419 418 417 416 415 414 413 412 411 410 409 408 407 406 405 404 403 402 401 400 399 398 397 396 395 394 393 392 391 390 389 388 387 386 385 384 383 382 381 380 379 378 377 376 375 374 373 372 371 370 369 368 367 366 365 364 363 362 361 360 359 358 357 356 355 354 353 352 351 350 349 348 347 346 345 344 343 342 341 340 339 338 337 336 335 334 333 332 331 330 329 328 327 326 325 324 323 322 321 320 319 318 317 316 315 314 313 312 311 310 309 308 307 306 305 304 303 302 301 300 299 298 297 296 295 294 293 292 291 290 289 288 287 286 285 284 283 282 281 280 279 278 277 276 275 274 273 272 271 270 269 268 267 266 265 264 263 262 261 260 259 258 257 256 255 254 253 252 251 250 249 248 247 246 245 244 243 242 241 240 239 238 237 236 235 234 233 232 231 230 229 228 227 226 225 224 223 222 221 220 219 218 217 216 215 214 213 212 211 210 209 208 207 206 205 204 203 202 201 200 199 198 197 196 195 194 193 192 191 190 189 188 187 186 185 184 183 182 181 180 179 178 177 176 175 174 173 172 171 170 169 168 167 166 165 164 163 162 161 160 159 158 157 156 155 154 153 152 151 150 149 148 147 146 145 144 143 142 141 140 139 138 137 136 135 134 133 132 131 130 129 128 127 126 125 124 123 122 121 120 119 118 117 116 115 114 113 112 111 110 109 108 107 106.
c [Main] Encoding and solving for graph: O-impcol_d.mtx.rnd.
c [Label = 424] Minimize Makespan Labeling problem (O-impcol_d.mtx.rnd):
c [Label = 422] Minimize Makespan Labeling problem (O-impcol_d.mtx.rnd):
c [Label = 425] Minimize Makespan Labeling problem (O-impcol_d.mtx.rnd):
c [Label = 419] Minimize Makespan Labeling problem (O-impcol_d.mtx.rnd):
c [Label = 423] Minimize Makespan Labeling problem (O-impcol_d.mtx.rnd):
c [Label = 421] Minimize Makespan Labeling problem (O-impcol_d.mtx.rnd):
c [Label = 420] Minimize Makespan Labeling problem (O-impcol_d.mtx.rnd):
c [Label = 418] Minimize Makespan Labeling problem (O-impcol_d.mtx.rnd):
c [Label = 422] Encoding starts with target value = 105:
c [Label = 422] Encoding duration: 5429ms.
c [Label = 422] Number of clauses: 3716202.
c [Label = 422] Number of variables: 575450.
c [Label = 422] Solving duration: 14908 ms.
s [Label = 422] SAT (w = 105).
c [Label = 422]Label assignment: 1 1 1 1 1 1 1 1 1 1 1 1 1 106 1 1 1 1 1 106 1 1 1 105 1 1 106 106 1 1 106 106 317 1 106 1 1 1 106 1 1 1 1 1 106 1 1 106 1 211 1 1 1 106 1 318 106 106 106 1 211 1 1 106 1 106 1 317 211 106 1 106 1 1 1 1 1 318 1 1 318 107 1 318 1 106 1 3 213 211 1 106 210 1 211 422 106 106 1 3 106 213 106 213 106 106 212 211 211 211 211 318 318 211 106 1 1 1 1 316 1 1 1 422 106 317 318 1 211 318 1 108 1 106 316 106 318 318 212 106 106 211 105 108 1 1 1 106 317 106 106 318 106 1 211 1 1 106 106 1 1 106 1 106 106 211 107 1 318 105 106 106 211 1 316 318 211 106 211 318 106 318 212 1 422 106 318 106 107 210 318 211 212 106 318 213 316 106 106 318 213 106 106 211 106 318 316 211 318 1 316 106 1 211 1 106 106 106 213 211 211 316 1 1 1 317 1 108 213 106 1 316 211 211 1 422 317 1 213 1 422 1 106 1 1 1 106 1 106 1 213 105 106 211 422 106 211 108 211 318 106 212 106 1 107 211 211 1 318 422 107 106 106 318 106 107 107 106 317 318 211 316 315 106 106 211 106 106 211 1 316 213 106 106 1 320 211 211 213 106 316 1 317 1 108 106 1 1 317 211 422 1 212 318 212 422 1 213 318 318 316 106 317 422 422 211 211 107 1 316 422 211 211 422 106 212 106 106 213 106 211 213 212 318 1 1 1 108 318 106 106 106 212 316 316 107 316 316 1 1 106 212 1 1 316 106 1 316 212 106 106 422 317 422 211 106 1 213 212 317 106 211 211 212 211 212 212 1 318 317 318 213 317 317 213 211 318 318 213 212 318 213 212 317 211 318 106 213 106 106 422 213 213 107 213 211 106 318 212 106 211 316 1 106 318 
c [Main] Lowest label SAT is set to 422.
c [Main] Kill higher label pid 423.
c [Main] Kill higher label pid 424.
c [Main] Kill higher label pid 425.
c [Label = 423] Encoding starts with target value = 105:
c [Label = 423] Encoding duration: 5105ms.
c [Label = 423] Number of clauses: 3723395.
c [Label = 423] Number of variables: 576300.
c [Signal] Signal interruption. Caught signal: SIGTERM (15).
c [Label = 425] Encoding starts with target value = 105:
c [Label = 425] Encoding duration: 5362ms.
c [Label = 425] Number of clauses: 3737782.
c [Label = 425] Number of variables: 578000.
c [Label = 425] Solving duration: 15218 ms.
s [Label = 425] SAT (w = 105).
c [Label = 425]Label assignment: 1 1 1 1 1 1 1 1 1 1 1 1 1 106 1 1 1 1 1 106 1 1 1 102 1 1 106 106 1 1 106 106 319 1 106 1 1 1 106 1 1 1 1 1 106 1 1 106 1 211 1 1 1 106 1 321 106 106 106 1 211 1 1 106 1 106 1 320 211 106 1 106 1 1 1 1 1 321 1 1 215 104 1 106 1 106 1 3 1 211 1 106 210 1 211 425 106 106 1 6 106 216 106 216 106 106 212 211 211 211 211 321 106 211 106 1 1 1 1 316 1 1 1 1 106 320 211 1 211 106 1 107 1 106 316 106 321 321 107 106 106 321 107 111 1 1 1 106 317 106 106 321 106 1 211 1 1 106 106 1 1 106 211 106 106 211 316 1 211 105 106 106 211 320 320 321 106 106 211 321 106 321 212 1 422 106 321 106 211 210 321 211 321 106 321 211 316 106 106 321 317 106 106 211 320 317 316 211 321 1 316 106 1 211 1 215 106 106 216 211 211 316 215 216 1 425 1 106 216 106 111 317 211 216 1 425 425 1 321 1 106 1 106 1 1 1 106 1 106 1 216 105 106 215 215 106 211 111 211 321 106 320 106 1 107 211 211 1 1 215 321 106 106 215 106 215 320 106 321 110 211 316 315 106 106 316 106 106 211 1 316 216 106 106 1 323 211 211 321 106 316 106 106 1 111 106 1 1 106 211 425 1 321 106 214 421 1 216 212 321 316 106 316 424 215 211 211 425 1 316 215 211 212 424 106 320 106 211 216 106 211 321 211 212 1 110 1 111 317 106 106 106 320 316 316 215 316 316 1 1 5 320 1 1 316 106 1 316 110 106 106 216 317 1 211 211 1 110 316 425 106 211 211 321 211 320 321 1 321 1 318 216 215 321 425 211 321 317 211 216 321 216 215 319 211 321 106 216 106 106 211 321 211 107 321 211 106 321 215 106 211 316 215 106 321 
c [Signal] Signal interruption. Caught signal: SIGTERM (15).
c [Label = 424] Encoding starts with target value = 105:
c [Label = 424] Encoding duration: 5327ms.
c [Label = 424] Number of clauses: 3730589.
c [Label = 424] Number of variables: 577150.
c [Label = 424] Solving duration: 15137 ms.
s [Label = 424] SAT (w = 105).
c [Label = 424]Label assignment: 1 1 1 1 1 1 1 1 1 1 1 1 1 106 1 1 1 1 1 106 1 1 1 103 1 1 106 106 1 1 106 106 318 1 106 1 1 1 106 1 1 1 1 1 106 1 1 106 1 211 1 1 1 106 1 320 106 106 106 1 211 1 1 106 1 106 1 319 211 106 1 106 1 1 1 1 1 320 1 1 214 104 1 106 1 106 1 3 1 211 1 106 210 1 211 424 106 106 1 5 106 215 106 215 106 106 212 211 211 211 211 320 106 211 106 1 1 1 1 316 1 1 1 424 106 319 211 1 211 106 1 107 1 106 316 106 320 320 107 106 106 319 105 110 1 1 1 106 317 106 106 320 106 1 211 1 1 106 106 1 1 106 211 106 106 211 316 1 211 105 106 106 211 319 319 320 106 106 211 320 106 320 212 1 422 106 320 106 211 210 320 211 320 106 320 211 316 106 106 320 317 106 106 211 319 317 316 211 320 1 316 106 1 211 1 214 106 106 215 211 211 316 214 215 1 424 1 106 215 106 110 317 211 215 1 424 424 1 320 1 106 1 106 1 1 1 106 1 106 1 215 105 106 214 424 106 211 110 211 320 106 316 106 1 107 211 211 1 424 211 109 106 106 214 106 214 319 106 320 109 211 316 315 106 106 316 106 106 211 1 316 215 106 106 1 322 211 211 320 106 316 105 106 1 110 106 1 1 106 211 424 1 320 106 213 421 1 215 212 320 316 106 316 423 214 211 211 214 1 316 214 211 212 423 106 319 106 211 215 106 211 319 211 211 1 109 1 110 317 106 106 106 319 316 316 214 316 316 1 1 4 319 1 1 316 106 1 316 109 106 106 215 317 1 211 211 1 109 316 424 106 211 211 320 211 319 319 1 320 1 318 215 214 320 424 211 320 317 211 215 320 215 214 318 211 320 106 215 106 106 211 319 211 107 319 211 106 320 214 106 211 316 214 106 320 
c [Signal] Signal interruption. Caught signal: SIGTERM (15).
c [Label = 417] Minimize Makespan Labeling problem (O-impcol_d.mtx.rnd):
c [Main] Child pid 424 - 828137 terminated by signal 15.
c [Main] Child pid 425 - 828136 terminated by signal 15.
c [Label = 416] Minimize Makespan Labeling problem (O-impcol_d.mtx.rnd):
c [Main] Child pid 423 - 828138 terminated by signal 15.
c [Label = 414] Minimize Makespan Labeling problem (O-impcol_d.mtx.rnd):
c [Label = 415] Minimize Makespan Labeling problem (O-impcol_d.mtx.rnd):
c [Label = 419] Encoding starts with target value = 105:
c [Label = 419] Encoding duration: 4967ms.
c [Label = 419] Number of clauses: 3566247.
c [Label = 419] Number of variables: 529550.
c [Label = 419] Solving duration: 15750 ms.
s [Label = 419] UNSAT (w = 105).
c [Label = 418] Encoding starts with target value = 105:
c [Label = 418] Encoding duration: 4932ms.
c [Label = 418] Number of clauses: 3559054.
c [Label = 418] Number of variables: 528700.
c [Label = 418] Solving duration: 15845 ms.
s [Label = 418] UNSAT (w = 105).
c [Main] Highest label UNSAT is set to 419
c [Main] Kill lower label pid 414.
c [Main] Kill lower label pid 415.
c [Main] Kill lower label pid 416.
c [Main] Kill lower label pid 417.
c [Main] Kill lower label pid 418.
c [Label = 414] Encoding starts with target value = 105:
c [Signal] Signal interruption. Caught signal: SIGTERM (15).
c [Label = 417] Encoding starts with target value = 105:
c [Signal] Signal interruption. Caught signal: SIGTERM (15).
c [Label = 415] Encoding starts with target value = 105:
c [Signal] Signal interruption. Caught signal: SIGTERM (15).
c [Label = 416] Encoding starts with target value = 105:
c [Signal] Signal interruption. Caught signal: SIGTERM (15).
c [Main] Child pid 415 - 828156 terminated by signal 15.
c [Main] Child pid 414 - 828157 terminated by signal 15.
c [Main] Child pid 416 - 828155 terminated by signal 15.
c [Main] Child pid 417 - 828152 terminated by signal 15.
c [Label = 420] Encoding starts with target value = 105:
c [Label = 420] Encoding duration: 4942ms.
c [Label = 420] Number of clauses: 3573441.
c [Label = 420] Number of variables: 530400.
c [Label = 420] Solving duration: 16492 ms.
s [Label = 420] SAT (w = 105).
c [Label = 420]Label assignment: 1 1 1 1 1 1 1 1 1 1 1 1 1 106 1 1 1 1 1 106 1 1 1 106 1 1 106 106 1 1 106 106 316 1 106 1 1 1 106 1 1 1 1 1 106 1 1 106 1 211 1 1 1 106 1 316 106 106 106 1 211 1 1 106 1 106 314 211 211 106 1 106 1 1 1 1 1 316 1 1 211 106 1 211 1 106 1 1 1 106 1 106 106 1 211 1 106 106 1 1 106 106 106 211 106 106 211 211 211 211 211 316 211 211 106 1 1 1 1 316 1 1 1 1 106 316 106 1 211 106 1 106 1 106 316 106 316 316 316 316 106 316 106 106 1 1 1 106 316 106 316 316 106 1 211 1 1 106 106 1 1 211 211 106 106 211 2 1 211 106 106 106 211 1 316 316 211 106 211 106 106 106 1 1 211 106 316 316 106 316 211 211 211 106 316 316 316 106 106 316 316 106 106 211 316 106 316 211 316 1 316 211 1 211 1 106 106 316 211 211 211 316 316 211 1 1 1 211 211 106 1 106 211 316 1 1 1 1 316 1 211 211 106 1 1 1 106 1 106 1 1 316 106 211 1 106 211 211 211 316 106 211 106 1 106 211 211 1 1 106 106 106 106 211 106 106 106 316 316 106 211 316 211 316 106 211 106 106 211 316 316 106 106 106 1 316 211 211 316 106 316 106 211 1 106 106 1 1 106 211 1 1 316 106 211 1 1 106 211 316 316 316 316 1 211 211 211 211 1 316 211 316 316 1 106 211 106 316 211 211 211 316 211 211 1 106 1 1 106 106 106 106 211 316 106 316 106 316 1 1 316 316 316 1 316 211 1 106 316 106 106 106 316 1 211 211 1 316 211 1 106 211 211 316 211 211 316 1 316 1 211 106 211 106 316 211 316 211 211 211 106 211 211 316 211 316 106 106 211 106 1 316 316 106 316 211 211 1 211 106 211 316 211 1 1 
c [Main] Lowest label SAT is set to 420.
c [Main] Kill higher label pid 421.
c [Label = 421] Encoding starts with target value = 105:
c [Label = 421] Encoding duration: 5145ms.
c [Label = 421] Number of clauses: 3578108.
c [Label = 421] Number of variables: 531250.
c [Label = 421] Solving duration: 17203 ms.
s [Label = 421] SAT (w = 105).
c [Label = 421]Label assignment: 105 105 105 105 105 105 105 105 105 105 105 1 105 210 105 105 105 105 105 210 105 105 105 316 105 105 210 210 105 105 210 210 316 105 210 105 105 105 210 105 105 105 105 105 210 105 105 106 105 315 105 105 105 421 105 316 210 210 210 105 315 105 105 210 105 210 105 421 315 210 105 210 105 105 105 105 105 316 105 105 316 314 105 421 105 210 105 210 105 315 105 419 315 105 315 105 210 210 105 105 420 211 419 211 210 210 210 315 315 210 315 211 316 315 210 105 105 105 105 420 105 105 420 105 210 315 419 105 421 210 105 211 105 210 421 210 105 420 105 210 210 421 210 421 105 105 105 210 315 210 210 315 421 105 420 105 105 210 210 105 105 210 316 210 210 315 211 105 315 105 210 210 315 105 210 316 314 210 315 210 210 210 211 105 106 317 420 210 211 1 420 316 105 210 316 316 211 319 210 211 421 210 210 315 420 421 421 316 316 105 421 210 105 316 105 315 421 210 316 315 315 210 316 419 105 105 105 211 316 210 211 420 315 315 105 315 105 105 210 103 421 105 210 105 105 105 421 105 210 105 316 210 210 315 316 210 421 421 315 211 211 421 210 105 315 315 316 105 105 315 421 210 421 315 210 315 211 210 210 211 315 211 421 316 421 420 210 211 315 105 420 211 210 210 105 105 315 315 420 210 210 210 210 105 421 210 105 105 210 315 421 421 105 210 211 104 105 210 316 211 421 419 315 105 316 315 105 106 105 210 316 315 315 105 210 421 210 315 316 315 315 421 421 315 105 211 421 105 421 316 316 210 421 421 420 316 211 316 105 105 106 421 105 105 316 315 105 421 210 210 421 316 421 421 315 316 105 210 420 105 210 211 210 421 316 421 421 421 421 421 210 210 315 421 421 316 316 210 315 316 421 106 210 316 315 420 421 210 315 210 315 421 316 316 421 210 210 421 106 316 211 421 316 420 421 
c [Signal] Signal interruption. Caught signal: SIGTERM (15).
c [Main] Child pid 421 - 828140 terminated by signal 15.
c [Signal] Signal interruption. Caught signal: SIGTERM (15).
c [Main] All children have completed.
r [Main] 
r [Main] Final results: 
r [Main] Lowest label SAT:  	420.
r [Main] Highest label UNSAT:	419.
r [Main] Total real time: 22501 ms.
r [Main] Total memory consumed: 9231.6 MB.
r [Main] 
