c [Version] Minimize Makespan Labeling Encoder version 1.0.0.
c [Param] LB is predefined as 88.
c [Param] UB is predefined as 445.
c [Param] Memory limit is set to 30000.
c [Param] Real time limit is set to 1800.
c [Param] Worker count is set to 8.
c [Main] Search strategy: Iterating from upper bound.
c [Main] Search order: 445 444 443 442 441 440 439 438 437 436 435 434 433 432 431 430 429 428 427 426 425 424 423 422 421 420 419 418 417 416 415 414 413 412 411 410 409 408 407 406 405 404 403 402 401 400 399 398 397 396 395 394 393 392 391 390 389 388 387 386 385 384 383 382 381 380 379 378 377 376 375 374 373 372 371 370 369 368 367 366 365 364 363 362 361 360 359 358 357 356 355 354 353 352 351 350 349 348 347 346 345 344 343 342 341 340 339 338 337 336 335 334 333 332 331 330 329 328 327 326 325 324 323 322 321 320 319 318 317 316 315 314 313 312 311 310 309 308 307 306 305 304 303 302 301 300 299 298 297 296 295 294 293 292 291 290 289 288 287 286 285 284 283 282 281 280 279 278 277 276 275 274 273 272 271 270 269 268 267 266 265 264 263 262 261 260 259 258 257 256 255 254 253 252 251 250 249 248 247 246 245 244 243 242 241 240 239 238 237 236 235 234 233 232 231 230 229 228 227 226 225 224 223 222 221 220 219 218 217 216 215 214 213 212 211 210 209 208 207 206 205 204 203 202 201 200 199 198 197 196 195 194 193 192 191 190 189 188 187 186 185 184 183 182 181 180 179 178 177 176 175 174 173 172 171 170 169 168 167 166 165 164 163 162 161 160 159 158 157 156 155 154 153 152 151 150 149 148 147 146 145 144 143 142 141 140 139 138 137 136 135 134 133 132 131 130 129 128 127 126 125 124 123 122 121 120 119 118 117 116 115 114 113 112 111 110 109 108 107 106 105 104 103 102 101 100 99 98 97 96 95 94 93 92 91 90 89 88.
c [Main] Encoding and solving for graph: P-can__445.mtx.rnd.
c [Label = 445] Minimize Makespan Labeling problem (P-can__445.mtx.rnd):
c [Label = 444] Minimize Makespan Labeling problem (P-can__445.mtx.rnd):
c [Label = 443] Minimize Makespan Labeling problem (P-can__445.mtx.rnd):
c [Label = 442] Minimize Makespan Labeling problem (P-can__445.mtx.rnd):
c [Label = 441] Minimize Makespan Labeling problem (P-can__445.mtx.rnd):
c [Label = 439] Minimize Makespan Labeling problem (P-can__445.mtx.rnd):
c [Label = 440] Minimize Makespan Labeling problem (P-can__445.mtx.rnd):
c [Label = 438] Minimize Makespan Labeling problem (P-can__445.mtx.rnd):
c [Label = 438] Encoding starts with target value = 87:
c [Label = 438] Encoding duration: 5596ms.
c [Label = 438] Number of clauses: 4610477.
c [Label = 438] Number of variables: 614100.
c [Label = 438] Solving duration: 17608 ms.
s [Label = 438] SAT (w = 87).
c [Label = 438]Label assignment: 1 1 1 1 1 1 1 1 1 1 1 1 88 1 1 1 1 88 1 1 1 1 1 88 1 1 1 1 1 88 1 1 1 88 175 1 1 88 1 1 175 88 1 1 1 88 1 88 88 1 88 1 1 1 1 1 88 1 88 88 88 88 1 1 1 88 88 175 1 1 1 88 1 88 88 88 175 88 175 175 175 175 1 88 175 88 1 88 88 352 175 265 175 88 88 88 88 88 1 88 88 88 88 175 262 1 175 88 175 1 1 88 175 1 88 175 1 88 88 175 352 88 262 175 262 262 88 88 175 1 88 263 88 1 263 349 175 88 262 265 352 175 88 87 88 352 1 265 88 352 177 263 262 176 91 1 262 262 178 86 262 88 175 1 175 88 1 264 178 265 178 175 176 352 352 178 175 174 88 176 352 88 1 263 1 262 88 88 349 352 175 349 88 263 352 175 264 264 262 88 352 175 351 352 349 88 175 265 1 90 87 265 351 352 90 177 1 175 352 265 262 175 352 438 351 350 175 175 178 176 88 175 88 264 88 264 176 177 352 88 178 88 90 175 350 177 262 352 352 175 90 178 262 350 265 270 177 349 178 264 175 263 351 264 88 263 265 351 352 351 175 90 265 265 175 264 264 175 349 349 175 352 351 265 88 264 351 88 88 88 262 264 175 176 438 438 262 1 437 175 262 177 350 352 265 262 352 1 90 176 265 262 88 352 350 265 264 178 262 351 88 175 90 352 352 88 265 351 352 262 352 352 175 352 177 89 352 352 265 352 265 265 176 177 265 1 1 1 352 351 264 88 350 352 264 265 264 351 177 1 352 265 178 177 264 265 351 90 350 1 438 177 348 351 264 352 350 351 1 352 264 352 352 352 178 175 262 352 438 88 352 352 265 352 437 178 438 263 265 352 351 177 349 175 175 351 264 265 88 352 265 177 175 438 263 438 262 177 88 1 175 265 264 262 175 177 178 263 351 352 88 175 88 349 265 175 351 177 264 351 176 263 88 178 265 
c [Label = 439] Encoding starts with target value = 87:
c [Label = 439] Encoding duration: 5580ms.
c [Label = 439] Number of clauses: 4619430.
c [Label = 439] Number of variables: 614990.
c [Label = 439] Solving duration: 17632 ms.
s [Label = 439] SAT (w = 87).
c [Label = 439]Label assignment: 1 1 1 1 1 1 1 1 1 1 1 1 88 1 1 1 1 88 1 1 1 1 1 88 1 1 1 1 1 88 1 1 1 88 175 1 1 88 1 1 175 88 1 1 1 88 1 88 88 1 88 1 1 1 1 1 88 1 88 88 88 88 1 1 1 88 88 175 1 1 1 88 1 88 88 88 175 88 175 175 175 175 1 88 175 88 1 88 88 353 175 266 175 88 88 88 88 88 1 88 88 88 88 175 262 1 175 88 175 1 1 88 175 1 88 175 1 88 88 175 353 88 262 175 262 262 88 88 175 1 88 265 88 1 264 349 175 88 262 88 175 175 88 87 88 353 1 353 88 353 265 265 262 177 92 1 262 262 179 86 262 88 175 1 175 88 1 352 179 266 179 175 178 352 265 179 175 174 88 178 353 88 1 265 1 262 88 88 349 353 175 349 88 265 353 175 265 265 262 88 353 175 352 353 349 88 175 266 1 91 87 266 352 353 266 175 1 175 266 266 262 175 353 439 265 351 175 175 179 178 88 175 88 352 88 265 176 175 353 88 178 88 349 175 350 265 262 353 353 175 349 178 262 352 266 266 178 349 179 265 175 264 352 265 88 265 266 352 353 352 175 91 266 266 175 262 265 175 349 349 353 353 352 88 88 178 352 88 88 88 262 262 175 178 439 439 262 1 438 175 262 177 350 353 266 262 353 1 353 178 266 262 88 353 352 266 265 179 262 352 88 175 91 175 353 88 266 262 353 262 353 353 175 262 178 91 353 353 266 353 266 266 176 175 266 1 1 1 352 352 178 88 351 353 352 266 265 352 177 1 353 265 179 175 264 266 352 90 352 1 439 175 352 265 88 353 352 352 1 353 265 353 353 353 179 175 262 353 439 88 353 353 266 353 438 179 439 265 265 353 352 175 349 175 175 352 265 266 88 353 266 265 175 439 263 439 262 178 88 1 175 266 178 262 175 175 179 265 352 353 88 175 88 349 266 175 352 178 265 352 178 264 88 179 266 
c [Label = 442] Encoding starts with target value = 87:
c [Label = 442] Encoding duration: 5582ms.
c [Label = 442] Number of clauses: 4646291.
c [Label = 442] Number of variables: 617660.
c [Label = 442] Solving duration: 17655 ms.
s [Label = 442] SAT (w = 87).
c [Label = 442]Label assignment: 1 1 1 1 1 1 1 1 1 1 1 1 88 1 1 1 1 88 1 1 1 1 1 88 1 1 1 1 1 88 1 1 1 88 175 1 1 88 1 1 175 88 1 1 1 88 1 88 88 1 88 1 1 1 1 1 88 1 88 88 88 88 1 1 1 88 88 175 1 1 1 88 1 88 88 88 175 88 175 175 175 175 1 88 175 88 1 88 88 356 175 269 175 88 88 88 88 88 1 88 88 88 88 175 262 1 175 88 175 1 1 88 175 1 88 175 1 88 88 175 356 88 262 175 262 262 88 88 175 1 88 267 88 1 267 349 175 88 262 88 175 175 88 82 88 356 1 356 88 356 268 268 262 180 95 1 262 262 182 86 262 88 175 1 175 88 1 355 182 269 182 175 181 356 263 182 175 169 88 176 356 88 1 263 1 262 88 88 349 356 175 349 88 268 356 175 268 268 262 88 356 175 351 356 349 88 175 269 1 94 86 269 355 356 269 175 1 175 269 269 262 175 356 441 268 354 175 175 182 176 88 175 88 350 88 264 176 175 356 88 178 88 349 175 350 267 262 356 356 175 349 178 262 351 269 269 181 349 182 267 175 267 355 268 88 263 269 355 356 355 175 93 269 269 175 262 268 175 349 349 356 356 355 88 88 180 355 88 88 88 262 262 175 181 442 437 262 1 441 175 262 177 350 356 269 262 356 1 356 181 269 262 88 356 355 269 268 182 262 354 88 175 94 175 356 88 269 262 356 262 356 356 175 262 178 87 356 356 269 356 269 269 176 175 269 1 1 1 355 355 174 88 354 356 355 269 268 353 177 1 356 265 182 175 264 269 355 90 355 1 442 175 354 263 88 356 350 350 1 356 265 356 356 356 182 175 262 356 442 88 356 356 269 356 441 182 442 268 265 356 352 175 349 175 175 355 263 269 88 356 269 267 175 437 263 442 262 180 88 1 175 269 181 262 175 175 182 268 355 356 88 175 88 349 269 175 354 176 266 355 176 267 88 182 269 
c [Label = 441] Encoding starts with target value = 87:
c [Label = 441] Encoding duration: 5636ms.
c [Label = 441] Number of clauses: 4637337.
c [Label = 441] Number of variables: 616770.
c [Label = 441] Solving duration: 17654 ms.
s [Label = 441] SAT (w = 87).
c [Label = 441]Label assignment: 1 1 1 1 1 1 1 1 1 1 1 1 88 1 1 1 1 88 1 1 1 1 1 88 1 1 1 1 1 88 1 1 1 88 175 1 1 88 1 1 175 88 1 1 1 88 1 88 88 1 88 1 1 1 1 1 88 1 88 88 88 88 1 1 1 88 88 175 1 1 1 88 1 88 88 88 175 88 175 175 175 175 1 88 175 88 1 88 88 355 175 268 175 88 88 88 88 88 1 88 88 88 88 175 262 1 175 88 175 1 1 88 175 1 88 175 1 88 88 175 355 88 262 175 262 262 88 88 175 1 88 266 88 1 266 349 175 88 262 88 175 175 88 83 88 355 1 355 88 355 267 267 262 179 94 1 262 262 181 86 262 88 175 1 175 88 1 354 181 268 181 175 180 355 263 181 175 170 88 176 355 88 1 263 1 262 88 88 349 355 175 349 88 267 355 175 267 267 262 88 355 175 351 355 349 88 175 268 1 93 86 268 354 355 268 175 1 175 268 268 262 175 355 440 267 353 175 175 181 176 88 175 88 350 88 264 176 175 355 88 178 88 349 175 350 266 262 355 355 175 349 178 262 351 268 268 180 349 181 266 175 266 354 267 88 263 268 354 355 354 175 92 268 268 175 262 267 175 349 349 355 355 354 88 88 179 354 88 88 88 262 262 175 180 441 437 262 1 440 175 262 177 350 355 268 262 355 1 355 180 268 262 88 355 354 268 267 181 262 353 88 175 93 175 355 88 268 262 355 262 355 355 175 262 178 87 355 355 268 355 268 268 176 175 268 1 1 1 354 354 174 88 353 355 354 268 267 353 177 1 355 265 181 175 264 268 354 90 354 1 441 175 353 263 88 355 350 350 1 355 265 355 355 355 181 175 262 355 441 88 355 355 268 355 440 181 441 267 265 355 352 175 349 175 175 354 263 268 88 355 268 266 175 437 263 441 262 179 88 1 175 268 180 262 175 175 181 267 354 355 88 175 88 349 268 175 353 176 266 354 176 266 88 181 268 
c [Label = 440] Encoding starts with target value = 87:
c [Label = 440] Encoding duration: 5587ms.
c [Label = 440] Number of clauses: 4628384.
c [Label = 440] Number of variables: 615880.
c [Label = 440] Solving duration: 17784 ms.
s [Label = 440] SAT (w = 87).
c [Label = 440]Label assignment: 1 1 1 1 1 1 1 1 1 1 1 1 88 1 1 1 1 88 1 1 1 1 1 88 1 1 1 1 1 88 1 1 1 88 175 1 1 88 1 1 175 88 1 1 1 88 1 88 88 1 88 1 1 1 1 1 88 1 88 88 88 88 1 1 1 88 88 175 1 1 1 88 1 88 88 88 175 88 175 175 175 175 1 88 175 88 1 88 88 354 175 267 175 88 88 88 88 88 1 88 88 88 88 175 262 1 175 88 175 1 1 88 175 1 88 175 1 88 88 175 354 88 262 175 262 262 88 88 175 1 88 266 88 1 265 349 175 88 262 88 175 175 88 87 88 354 1 354 88 354 266 266 262 178 93 1 262 262 180 86 262 88 175 1 175 88 1 353 180 267 180 175 179 353 265 180 175 174 88 178 354 88 1 266 1 262 88 88 349 354 175 349 88 266 354 175 266 266 262 88 354 175 352 354 349 88 175 267 1 92 87 267 353 354 267 175 1 175 267 267 262 175 354 440 266 352 175 175 180 179 88 175 88 353 88 265 176 175 354 88 178 88 349 175 350 266 262 354 354 175 349 178 262 353 267 267 179 349 180 266 175 265 353 266 88 265 267 353 354 353 175 92 267 267 175 262 266 175 349 349 354 354 353 88 88 179 353 88 88 88 262 262 175 179 440 440 262 1 439 175 262 177 350 354 267 262 354 1 354 179 267 262 88 354 353 267 266 180 262 353 88 175 92 175 354 88 267 262 354 262 354 354 175 262 178 92 354 354 267 354 267 267 176 175 267 1 1 1 353 353 179 88 352 354 353 267 266 353 177 1 354 265 180 175 264 267 353 90 353 1 440 175 353 266 88 354 353 353 1 354 265 354 354 354 180 175 262 354 440 88 354 354 267 354 439 180 440 266 265 354 352 175 349 175 175 353 266 267 88 354 267 266 175 440 263 440 262 179 88 1 175 267 179 262 175 175 180 266 353 354 88 175 88 349 267 175 353 179 266 353 179 265 88 180 267 
c [Signal] Signal interruption. Caught signal: SIGTERM (15).
c [Main] Lowest label SAT is set to 438.
c [Main] Kill higher label pid 439.
c [Main] Kill higher label pid 440.
c [Main] Kill higher label pid 441.
c [Main] Kill higher label pid 442.
c [Main] Kill higher label pid 443.
c [Main] Kill higher label pid 444.
c [Main] Kill higher label pid 445.
c [Label = 443] Encoding starts with target value = 87:
c [Label = 443] Encoding duration: 5699ms.
c [Label = 443] Number of clauses: 4655244.
c [Label = 443] Number of variables: 618550.
c [Label = 443] Solving duration: 17832 ms.
s [Label = 443] SAT (w = 87).
c [Label = 443]Label assignment: 1 1 1 1 1 1 1 1 1 1 1 1 88 1 1 1 1 88 1 1 1 1 1 88 1 1 1 1 1 88 1 1 1 88 175 1 1 88 1 1 175 88 1 1 1 88 1 88 88 1 88 1 1 1 1 1 88 1 88 88 88 88 1 1 1 88 88 175 1 1 1 88 1 88 88 88 175 88 175 175 175 175 1 88 175 88 1 88 88 357 175 270 175 88 88 88 88 88 1 88 88 88 88 175 262 1 175 88 175 1 1 88 175 1 88 175 1 88 88 175 357 88 262 175 262 262 88 88 175 1 88 263 88 1 268 349 175 88 262 88 175 175 88 81 88 357 1 357 88 357 269 269 262 180 96 1 262 262 183 86 262 88 175 1 175 88 1 356 183 270 183 175 182 357 263 183 175 168 88 176 357 88 1 263 1 262 88 88 349 357 175 349 88 269 357 175 269 269 262 88 357 175 351 357 349 88 175 270 1 95 81 270 356 357 270 175 1 175 270 270 262 175 357 437 269 355 175 175 183 176 88 175 88 350 88 264 176 175 357 88 178 88 349 175 350 263 262 357 357 175 349 178 262 351 270 270 182 349 183 263 175 267 356 269 88 263 270 356 357 356 175 89 270 270 175 262 269 175 349 349 357 357 356 88 88 176 356 88 88 88 262 262 175 182 443 437 262 1 442 175 262 177 350 357 270 262 357 1 357 182 269 262 88 357 356 270 269 183 262 350 88 175 95 175 357 88 270 262 357 262 357 357 175 262 178 87 356 357 270 357 270 270 176 175 270 1 1 1 356 356 174 88 355 357 356 270 269 353 177 1 357 265 183 175 264 270 356 90 356 1 443 175 350 263 88 357 350 350 443 357 265 357 357 357 183 175 262 357 443 88 357 357 270 357 442 183 443 269 265 357 352 175 349 175 175 355 263 270 88 357 270 263 175 437 263 443 262 176 88 1 175 270 182 262 175 175 183 269 356 356 88 175 88 349 270 175 350 176 266 356 176 268 88 183 270 
c [Signal] Signal interruption. Caught signal: SIGTERM (15).
c [Label = 444] Encoding starts with target value = 87:
c [Label = 444] Encoding duration: 5608ms.
c [Label = 444] Number of clauses: 4664198.
c [Label = 444] Number of variables: 619440.
c [Label = 444] Solving duration: 17880 ms.
s [Label = 444] SAT (w = 87).
c [Label = 444]Label assignment: 1 1 1 1 1 1 1 1 1 1 1 1 88 1 1 1 1 88 1 1 1 1 1 88 1 1 1 1 1 88 1 1 1 88 175 1 1 88 1 1 175 88 1 1 1 88 1 88 88 1 88 1 1 1 1 1 88 1 88 88 88 88 1 1 1 88 88 175 1 1 1 88 1 88 88 88 175 88 175 175 175 175 1 88 175 88 1 88 88 358 175 271 175 88 88 88 88 88 1 88 88 88 88 175 262 1 175 88 175 1 1 88 175 1 88 175 1 88 88 175 358 88 262 175 262 262 88 88 175 1 88 263 88 1 269 349 175 88 262 88 175 175 88 86 88 358 1 358 88 358 269 270 262 180 97 1 262 262 184 86 262 88 175 1 175 88 1 357 184 271 184 175 183 358 265 184 175 173 88 178 358 88 1 269 1 262 88 88 349 358 175 349 88 269 358 175 270 270 262 88 358 175 352 358 349 88 175 271 1 95 87 270 357 357 271 175 1 175 271 271 262 175 358 444 269 356 175 175 184 182 88 175 88 356 88 265 176 175 358 88 178 88 349 175 350 269 262 357 358 175 349 178 262 356 271 271 183 349 184 270 175 267 357 270 88 265 271 357 358 357 175 95 271 271 175 262 270 175 349 349 358 358 357 88 88 182 356 88 88 88 262 262 175 182 444 443 262 1 443 175 262 177 350 358 271 262 358 1 358 183 271 262 88 358 357 271 270 184 262 357 88 175 96 175 358 88 271 262 358 262 358 358 175 262 178 95 358 358 271 358 271 271 176 175 271 1 1 1 356 357 182 88 356 358 356 271 270 353 177 1 358 265 184 175 264 271 357 90 357 1 444 175 356 269 88 358 356 356 1 358 265 358 358 358 184 175 262 358 444 88 358 358 271 358 443 184 444 270 265 358 352 175 349 175 175 356 269 271 88 358 271 269 175 443 263 443 262 183 88 1 175 271 182 262 175 175 184 270 357 358 88 175 88 349 271 175 357 182 266 357 182 269 88 184 271 
c [Signal] Signal interruption. Caught signal: SIGTERM (15).
c [Label = 445] Encoding starts with target value = 87:
c [Label = 445] Encoding duration: 5710ms.
c [Label = 445] Number of clauses: 4673151.
c [Label = 445] Number of variables: 620330.
c [Label = 445] Solving duration: 18176 ms.
s [Label = 445] SAT (w = 87).
c [Label = 445]Label assignment: 1 1 1 1 1 1 1 1 1 1 1 1 88 1 1 1 1 88 1 1 1 1 1 88 1 1 1 1 1 88 1 1 1 88 175 1 1 88 1 1 175 88 1 1 1 88 1 88 88 1 88 1 1 1 1 1 88 1 88 88 88 88 1 1 1 88 88 175 1 1 1 88 1 88 88 88 175 88 175 175 175 175 1 88 175 88 1 88 88 359 175 272 175 88 88 88 88 88 1 88 88 88 88 175 262 1 175 88 175 1 1 88 175 1 88 175 1 88 88 175 359 88 262 175 262 262 88 88 175 1 88 263 88 1 270 349 175 88 262 88 175 175 88 86 88 359 1 359 88 359 270 271 262 180 98 1 262 262 185 86 262 88 175 1 175 88 1 358 185 272 185 175 184 359 265 185 175 173 88 178 359 88 1 270 1 262 88 88 349 359 175 349 88 269 359 175 271 271 262 88 359 175 352 359 349 88 175 272 1 96 87 270 358 357 272 175 1 175 272 272 262 175 359 445 270 357 175 175 185 183 88 175 88 357 88 265 176 175 359 88 178 88 349 175 350 270 262 357 359 175 349 178 262 357 272 272 184 349 185 271 175 267 358 271 88 265 272 358 359 358 175 96 272 272 175 262 271 175 349 349 359 359 358 88 88 183 357 88 88 88 262 262 175 182 445 444 262 1 444 175 262 177 350 359 272 262 359 1 359 184 272 262 88 359 358 272 271 185 262 358 88 175 97 175 359 88 272 262 359 262 359 359 175 262 178 96 359 359 272 359 272 272 176 175 272 1 1 1 357 358 183 88 357 359 357 272 271 353 177 1 359 265 185 175 264 272 358 90 358 1 445 175 357 270 88 359 357 357 1 359 265 359 359 359 185 175 262 359 445 88 359 359 272 359 444 185 445 271 265 359 352 175 349 175 175 357 270 272 88 359 272 270 175 444 263 444 262 184 88 1 175 272 183 262 175 175 185 271 358 359 88 175 88 349 272 175 358 183 266 358 183 270 88 185 272 
c [Signal] Signal interruption. Caught signal: SIGTERM (15).
c [Label = 437] Minimize Makespan Labeling problem (P-can__445.mtx.rnd):
c [Main] Kill higher label pid 440.
c [Main] Kill higher label pid 441.
c [Main] Kill higher label pid 442.
c [Main] Kill higher label pid 443.
c [Main] Kill higher label pid 444.
c [Main] Kill higher label pid 445.
c [Label = 436] Minimize Makespan Labeling problem (P-can__445.mtx.rnd):
c [Main] Kill higher label pid 442.
c [Main] Kill higher label pid 443.
c [Main] Kill higher label pid 444.
c [Main] Kill higher label pid 445.
c [Label = 435] Minimize Makespan Labeling problem (P-can__445.mtx.rnd):
c [Main] Kill higher label pid 443.
c [Main] Kill higher label pid 444.
c [Main] Kill higher label pid 445.
c [Label = 434] Minimize Makespan Labeling problem (P-can__445.mtx.rnd):
c [Main] Child pid 445 - 828160 terminated by signal 15.
c [Label = 433] Minimize Makespan Labeling problem (P-can__445.mtx.rnd):
c [Main] Child pid 443 - 828162 terminated by signal 15.
c [Main] Child pid 444 - 828161 terminated by signal 15.
c [Main] Child pid 440 - 828165 terminated by signal 15.
c [Label = 431] Minimize Makespan Labeling problem (P-can__445.mtx.rnd):
c [Label = 430] Minimize Makespan Labeling problem (P-can__445.mtx.rnd):
c [Label = 432] Minimize Makespan Labeling problem (P-can__445.mtx.rnd):
c [Label = 437] Encoding starts with target value = 87:
c [Label = 437] Encoding duration: 5472ms.
c [Label = 437] Number of clauses: 4601523.
c [Label = 437] Number of variables: 613210.
c [Label = 437] Solving duration: 14665 ms.
s [Label = 437] SAT (w = 87).
c [Label = 437]Label assignment: 1 1 1 1 1 1 1 1 1 1 1 1 88 1 1 1 1 88 1 1 1 1 1 88 1 1 1 1 1 88 1 1 1 88 175 1 1 88 1 1 175 88 1 1 1 88 1 88 88 1 88 1 1 1 1 1 88 1 88 88 88 88 1 1 1 88 88 175 1 1 1 88 1 88 88 88 175 88 175 175 175 175 1 88 175 88 1 88 88 351 175 264 175 88 88 88 88 88 1 88 88 88 88 175 262 1 175 88 175 1 1 88 175 1 88 175 1 88 88 175 351 88 262 175 262 262 88 88 175 1 88 88 88 1 1 349 175 88 262 88 175 175 175 87 88 351 1 351 88 262 263 263 262 177 175 1 262 264 177 87 262 88 175 1 175 88 1 350 174 264 88 175 350 350 176 264 175 174 88 263 88 88 1 263 1 262 88 88 349 351 175 349 349 263 351 175 263 263 262 349 351 175 351 351 349 88 175 264 1 89 1 264 350 351 351 175 1 175 264 264 262 176 351 262 263 262 175 175 177 176 88 175 88 350 88 264 176 175 262 88 351 88 349 175 350 263 262 351 351 175 349 177 262 351 264 264 176 349 177 349 262 351 350 263 88 176 264 176 88 350 175 89 349 264 175 262 263 175 349 349 350 351 350 88 88 176 350 88 88 88 262 262 175 176 437 437 262 1 437 175 262 176 350 351 264 262 351 1 351 176 175 262 88 351 350 264 263 177 262 175 88 175 89 175 351 88 264 176 351 262 351 351 175 262 350 437 262 175 264 351 264 264 176 175 263 1 1 1 351 176 88 88 264 351 350 263 88 350 176 1 351 264 177 263 263 264 350 90 350 1 437 175 350 263 88 351 350 350 437 264 262 351 351 351 177 175 262 351 437 88 351 351 264 351 351 177 437 263 348 262 349 175 264 175 175 175 262 264 350 351 351 263 175 437 263 176 262 262 88 1 175 264 176 262 175 176 177 263 350 350 88 175 89 349 349 175 175 88 263 350 176 349 88 177 264 
c [Main] Lowest label SAT is set to 437.
c [Label = 429] Minimize Makespan Labeling problem (P-can__445.mtx.rnd):
c [Label = 435] Encoding starts with target value = 87:
c [Label = 435] Encoding duration: 5384ms.
c [Label = 435] Number of clauses: 4473852.
c [Label = 435] Number of variables: 574050.
c [Label = 435] Solving duration: 18684 ms.
s [Label = 435] SAT (w = 87).
c [Label = 435]Label assignment: 1 1 1 1 1 1 1 1 1 1 1 1 88 1 1 1 1 88 1 1 1 1 1 88 1 1 1 1 1 88 1 1 1 88 175 1 1 88 1 1 175 88 1 1 1 88 1 88 88 1 88 1 1 1 1 1 88 1 88 88 88 88 1 1 1 88 88 175 1 1 1 88 1 88 88 88 175 88 175 175 175 175 1 88 175 88 1 88 88 349 175 262 175 88 88 88 88 88 1 88 349 88 88 175 262 1 175 260 175 1 1 88 175 1 88 88 1 88 88 175 175 88 262 175 262 262 88 88 175 1 88 88 88 88 1 349 88 88 349 88 175 175 88 88 88 349 1 262 262 262 262 262 262 349 175 1 262 262 349 175 262 88 349 1 262 88 1 262 349 88 88 262 1 349 349 262 262 349 175 262 88 88 1 262 1 262 88 262 349 175 175 262 349 262 88 175 88 1 262 349 262 349 349 175 262 88 175 262 1 88 1 349 262 262 175 349 1 349 349 349 262 175 88 262 262 262 175 175 349 175 262 349 262 262 88 262 349 349 262 88 262 88 262 175 175 262 262 262 175 175 349 175 262 349 349 175 349 349 349 349 262 262 349 175 88 175 349 175 88 262 175 88 349 88 175 262 349 175 349 262 349 349 349 88 262 175 349 88 88 262 262 262 175 175 1 1 349 1 1 175 262 349 262 175 262 262 349 1 262 175 175 262 88 175 349 262 88 175 349 175 262 175 175 175 349 88 262 349 262 262 262 349 349 175 349 88 88 175 262 175 349 262 349 349 262 1 1 1 349 349 349 88 175 349 175 88 262 349 349 1 175 349 175 175 262 175 349 88 175 1 88 175 349 349 88 349 349 175 1 349 175 175 349 349 175 175 349 349 175 262 349 349 349 349 88 175 1 262 262 262 349 175 262 175 349 88 262 175 88 88 349 262 262 1 175 1 262 262 88 1 175 262 175 262 175 175 175 262 262 349 88 349 88 349 349 175 175 349 88 175 175 349 1 1 175 
c [Main] Lowest label SAT is set to 435.
c [Main] Kill higher label pid 436.
c [Label = 436] Encoding starts with target value = 87:
c [Label = 436] Encoding duration: 5264ms.
c [Label = 436] Number of clauses: 4479540.
c [Label = 436] Number of variables: 574940.
c [Signal] Signal interruption. Caught signal: SIGTERM (15).
c [Label = 428] Minimize Makespan Labeling problem (P-can__445.mtx.rnd):
c [Main] Child pid 436 - 828179 terminated by signal 15.
c [Label = 427] Minimize Makespan Labeling problem (P-can__445.mtx.rnd):
c [Label = 432] Encoding starts with target value = 87:
c [Label = 432] Encoding duration: 5276ms.
c [Label = 432] Number of clauses: 4446992.
c [Label = 432] Number of variables: 571380.
c [Label = 432] Solving duration: 78793 ms.
s [Label = 432] SAT (w = 87).
c [Label = 432]Label assignment: 171 432 432 170 426 5 432 177 87 174 346 289 258 258 345 432 168 348 250 80 425 432 345 168 171 170 166 84 429 87 263 337 171 263 81 432 115 345 345 342 170 2 170 429 258 338 168 338 348 376 424 79 342 87 432 338 118 135 87 432 342 258 429 76 169 170 342 155 345 84 257 80 166 89 76 171 258 258 429 261 170 258 251 170 257 258 91 1 164 341 425 1 258 87 345 432 174 349 258 32 167 168 80 345 345 429 202 309 258 90 51 345 178 84 345 222 167 252 259 345 171 340 1 206 345 256 2 170 250 5 87 5 170 348 345 171 5 345 429 4 167 170 163 81 345 344 424 432 45 5 345 168 258 168 258 79 429 2 171 345 345 432 259 1 261 168 425 345 166 341 168 174 258 163 253 258 258 170 432 4 2 432 350 81 257 257 258 254 289 167 258 84 170 163 339 90 170 425 432 350 344 258 345 166 432 171 432 222 83 87 347 257 289 344 342 171 39 258 345 376 338 254 1 260 424 8 258 170 172 258 346 432 171 345 31 3 431 171 44 169 177 345 348 432 345 345 345 345 342 345 343 258 1 350 429 84 257 432 254 258 256 342 345 1 432 91 80 345 84 338 168 258 345 170 171 345 376 255 87 432 79 4 216 84 428 87 432 84 89 167 345 432 258 258 253 258 174 169 257 338 338 202 345 174 257 345 345 432 258 258 258 346 57 340 345 376 171 170 172 349 346 261 83 256 135 81 252 171 2 79 345 384 258 258 258 163 345 2 171 31 84 257 170 253 253 169 118 169 171 345 4 171 255 345 337 387 171 258 261 428 345 171 309 432 350 309 345 396 432 87 81 87 87 432 84 4 345 349 258 255 346 167 345 345 87 258 87 254 80 4 345 1 167 396 87 79 88 87 255 44 31 92 432 257 258 348 262 256 344 83 345 345 261 258 257 250 258 84 258 86 258 93 250 432 164 164 170 87 174 432 344 257 432 251 345 257 171 4 345 390 171 353 84 169 259 
c [Main] Lowest label SAT is set to 432.
c [Main] Kill higher label pid 433.
c [Main] Kill higher label pid 434.
c [Label = 433] Encoding starts with target value = 87:
c [Label = 433] Encoding duration: 5283ms.
c [Label = 433] Number of clauses: 4455945.
c [Label = 433] Number of variables: 572270.
c [Label = 433] Solving duration: 80297 ms.
s [Label = 433] SAT (w = 87).
c [Label = 433]Label assignment: 348 264 259 433 351 262 350 175 431 433 424 177 172 175 344 308 176 172 128 349 302 264 349 3 433 78 47 262 394 170 86 349 433 175 262 302 431 261 351 433 351 262 86 424 172 41 43 215 4 2 130 346 176 346 264 43 431 264 78 342 177 130 339 256 6 88 263 6 424 1 175 262 179 5 262 177 90 250 389 259 3 175 6 89 175 177 173 179 389 351 302 337 89 78 259 178 433 432 169 348 43 257 128 346 351 424 261 88 87 174 263 265 86 264 221 177 43 257 165 265 78 393 178 177 265 128 302 431 175 257 346 256 351 389 302 431 302 259 424 252 6 431 5 217 351 433 264 337 259 257 343 5 130 389 90 304 344 263 78 304 352 257 90 1 257 176 43 339 179 391 432 48 177 82 165 83 92 43 1 261 177 253 170 264 90 170 177 172 90 3 90 302 3 88 175 88 88 433 264 344 349 128 389 77 172 5 170 43 264 3 343 174 174 389 165 47 264 166 424 433 43 175 262 90 262 5 169 43 175 165 349 394 90 339 346 264 353 78 177 351 48 345 339 264 389 343 344 349 259 1 339 175 257 389 350 252 175 172 217 85 89 302 351 344 252 43 389 427 177 257 395 85 264 3 78 423 85 89 352 172 351 302 164 252 351 430 256 263 41 45 345 251 165 177 164 130 85 41 92 259 215 87 346 130 177 351 432 172 165 92 2 344 259 165 351 90 81 86 78 349 349 259 262 134 265 215 89 426 262 5 349 351 175 134 168 3 261 350 43 264 264 176 43 164 48 169 90 3 431 351 178 176 48 389 349 259 81 177 257 304 389 5 130 252 352 88 427 389 264 431 264 77 346 252 252 265 389 351 84 49 349 43 429 351 89 177 346 166 344 264 351 262 5 351 215 264 78 5 7 174 257 77 5 92 177 2 170 86 266 262 263 259 259 80 171 90 85 172 177 135 85 87 169 169 128 426 89 5 138 172 266 165 262 215 345 90 430 262 391 346 86 264 264 175 86 
c [Signal] Signal interruption. Caught signal: SIGTERM (15).
c [Label = 434] Encoding starts with target value = 87:
c [Label = 434] Encoding duration: 5268ms.
c [Label = 434] Number of clauses: 4464899.
c [Label = 434] Number of variables: 573160.
c [Signal] Signal interruption. Caught signal: SIGTERM (15).
c [Label = 426] Minimize Makespan Labeling problem (P-can__445.mtx.rnd):
c [Main] Child pid 434 - 828181 terminated by signal 15.
c [Label = 425] Minimize Makespan Labeling problem (P-can__445.mtx.rnd):
c [Main] Child pid 433 - 828182 terminated by signal 15.
c [Label = 424] Minimize Makespan Labeling problem (P-can__445.mtx.rnd):
c [Label = 430] Encoding starts with target value = 87:
c [Label = 430] Encoding duration: 5180ms.
c [Label = 430] Number of clauses: 4429085.
c [Label = 430] Number of variables: 569600.
c [Label = 430] Solving duration: 101862 ms.
s [Label = 430] SAT (w = 87).
c [Label = 430]Label assignment: 284 175 99 262 24 175 93 268 176 2 106 342 263 262 424 261 289 89 267 263 180 169 82 337 336 358 6 163 115 289 174 76 303 256 169 252 266 371 87 342 261 167 343 92 244 6 344 354 11 168 87 254 289 339 175 422 337 174 353 34 280 262 106 163 6 353 167 418 83 92 256 169 289 430 163 420 249 289 38 263 349 250 2 430 262 262 353 81 93 82 262 193 333 426 427 81 171 83 183 255 338 86 6 424 424 24 420 280 216 256 174 345 266 174 174 367 425 1 280 344 367 125 82 339 390 28 157 430 268 99 176 81 262 83 248 303 103 345 24 255 349 337 354 164 88 87 371 170 87 81 76 343 251 335 216 174 179 175 426 249 10 86 174 339 174 87 11 88 336 87 337 376 251 337 339 343 216 354 161 175 83 178 171 167 262 186 262 77 77 430 170 193 337 419 261 355 343 37 175 424 7 71 88 430 89 337 89 367 175 337 424 256 176 2 348 19 256 270 83 87 6 333 169 170 163 115 250 354 348 262 10 82 430 88 175 175 80 5 87 262 376 175 165 174 11 424 424 6 202 173 167 339 85 11 33 193 254 81 341 171 376 202 87 89 175 349 267 430 81 266 348 250 426 349 367 88 89 429 257 89 261 170 343 202 24 337 163 202 355 430 173 254 265 256 342 262 2 349 28 263 93 353 425 354 343 87 33 83 339 256 197 424 82 289 77 87 338 430 381 424 82 345 94 349 174 115 377 430 176 115 7 169 263 349 250 337 414 33 426 254 111 343 331 341 423 327 426 337 337 430 81 430 425 87 12 167 343 266 174 212 430 349 277 252 75 261 76 87 175 257 164 1 258 175 252 175 77 11 250 6 424 420 169 82 376 262 176 299 263 87 88 102 350 83 336 256 430 420 376 81 81 430 158 28 343 371 250 257 202 170 179 426 265 342 244 250 170 84 280 289 170 426 250 84 93 430 430 419 350 84 202 262 169 349 424 174 337 107 87 425 367 352 170 344 257 
c [Main] Lowest label SAT is set to 430.
c [Main] Kill higher label pid 431.
c [Label = 431] Encoding starts with target value = 87:
c [Label = 431] Encoding duration: 5197ms.
c [Label = 431] Number of clauses: 4438038.
c [Label = 431] Number of variables: 570490.
c [Signal] Signal interruption. Caught signal: SIGTERM (15).
c [Label = 423] Minimize Makespan Labeling problem (P-can__445.mtx.rnd):
c [Main] Child pid 431 - 828184 terminated by signal 15.
c [Label = 422] Minimize Makespan Labeling problem (P-can__445.mtx.rnd):
c [Label = 427] Encoding starts with target value = 87:
c [Label = 427] Encoding duration: 5446ms.
c [Label = 427] Number of clauses: 4402224.
c [Label = 427] Number of variables: 566930.
c [Label = 427] Solving duration: 87716 ms.
s [Label = 427] SAT (w = 87).
c [Label = 427]Label assignment: 380 278 225 16 128 349 427 96 174 81 174 167 96 17 168 340 2 334 9 427 293 278 191 380 391 420 79 277 372 32 79 175 364 9 215 296 342 206 262 1 419 244 348 165 25 206 302 182 297 176 265 352 2 421 227 176 350 218 420 255 427 17 174 324 78 9 176 9 174 332 96 278 427 17 325 419 51 8 89 421 357 79 81 419 96 40 96 277 1 183 263 261 79 420 173 277 81 209 51 341 312 339 380 138 168 134 2 340 24 421 277 190 9 218 253 43 357 89 41 168 381 253 356 122 190 127 253 72 79 225 190 293 419 131 285 364 215 168 131 340 40 391 349 214 216 209 245 261 277 293 204 365 399 13 51 390 176 262 348 206 183 334 79 420 178 333 269 209 427 265 391 164 49 412 80 81 24 312 372 253 277 333 206 225 17 40 53 167 89 87 103 252 380 419 41 390 365 304 303 166 112 119 140 12 277 364 277 333 349 378 204 8 167 128 87 427 255 80 174 255 176 48 270 51 262 332 81 312 43 80 183 372 9 174 342 270 340 352 304 2 89 253 252 357 127 167 168 105 251 89 253 43 341 127 342 261 25 255 178 117 158 263 191 254 296 348 420 173 277 420 10 81 190 357 340 209 254 89 364 277 380 296 122 265 130 420 291 252 349 71 246 340 80 79 87 40 81 40 87 421 176 80 138 91 89 246 138 334 86 104 86 190 253 71 191 262 365 419 339 138 175 247 270 166 216 350 342 426 349 340 183 166 104 165 86 378 285 334 364 349 253 79 340 166 119 198 9 364 421 183 291 419 176 190 175 261 389 175 175 352 164 349 24 261 262 378 166 129 333 364 278 427 421 333 339 349 127 127 80 175 176 80 168 166 348 96 190 159 412 278 166 270 9 130 32 332 390 365 89 304 263 12 293 87 174 40 40 384 245 262 245 168 421 87 427 38 24 293 41 2 81 383 72 334 420 427 2 9 87 333 247 80 278 89 138 103 391 262 262 166 349 215 218 44 383 
c [Main] Lowest label SAT is set to 427.
c [Main] Kill higher label pid 428.
c [Main] Kill higher label pid 429.
c [Label = 429] Encoding starts with target value = 87:
c [Label = 429] Encoding duration: 5407ms.
c [Label = 429] Number of clauses: 4420131.
c [Label = 429] Number of variables: 568710.
c [Signal] Signal interruption. Caught signal: SIGTERM (15).
c [Label = 428] Encoding starts with target value = 87:
c [Label = 428] Encoding duration: 5385ms.
c [Label = 428] Number of clauses: 4411178.
c [Label = 428] Number of variables: 567820.
c [Signal] Signal interruption. Caught signal: SIGTERM (15).
c [Label = 421] Minimize Makespan Labeling problem (P-can__445.mtx.rnd):
c [Main] Child pid 429 - 828192 terminated by signal 15.
c [Label = 420] Minimize Makespan Labeling problem (P-can__445.mtx.rnd):
c [Main] Child pid 428 - 828195 terminated by signal 15.
c [Label = 419] Minimize Makespan Labeling problem (P-can__445.mtx.rnd):
c [Label = 424] Encoding starts with target value = 87:
c [Label = 424] Encoding duration: 5586ms.
c [Label = 424] Number of clauses: 4375364.
c [Label = 424] Number of variables: 564260.
c [Label = 424] Solving duration: 64109 ms.
s [Label = 424] SAT (w = 87).
c [Label = 424]Label assignment: 410 98 249 334 423 128 424 11 73 261 401 424 12 88 424 149 424 174 84 81 336 171 333 336 334 207 185 235 261 174 160 421 334 86 183 99 141 73 302 261 410 175 282 414 108 162 270 239 323 338 326 98 87 348 162 249 337 175 185 185 22 22 347 239 185 250 138 215 347 164 32 152 62 186 184 251 159 64 359 410 262 87 247 240 8 75 250 247 75 345 336 173 49 238 73 247 160 338 162 152 336 174 86 1 424 423 239 22 152 325 175 12 1 175 347 262 258 11 86 12 305 348 246 1 421 10 195 174 84 212 65 249 410 349 149 334 183 76 359 98 195 410 261 183 333 338 73 151 228 249 10 249 86 412 160 81 348 171 260 149 337 261 139 164 418 251 327 272 51 323 337 414 75 326 10 75 160 299 323 171 247 99 162 174 32 125 8 1 11 168 159 185 336 271 88 196 282 315 98 73 369 236 345 236 164 337 160 262 157 334 73 88 419 1 11 236 164 424 337 337 162 22 163 160 184 323 87 270 262 424 345 399 244 325 88 109 399 260 247 312 424 159 325 99 423 424 424 1 77 174 272 12 72 357 327 173 84 250 413 160 138 75 283 315 98 258 149 412 247 402 260 98 73 258 272 323 332 45 334 160 97 99 11 164 375 334 247 174 271 236 382 98 371 75 359 49 261 249 236 402 423 228 424 236 1 294 392 250 10 8 160 421 247 77 345 261 325 262 272 423 349 11 171 10 175 162 272 185 99 399 345 349 424 10 141 334 73 225 262 87 185 12 334 11 312 410 175 334 337 369 247 251 312 349 421 326 325 424 418 99 421 288 88 97 337 38 412 1 87 349 162 185 348 87 98 88 386 386 160 348 12 239 412 358 249 424 77 12 82 195 359 95 239 349 62 153 185 258 312 323 250 186 323 236 418 160 86 8 149 175 338 11 414 412 96 87 157 250 86 225 163 186 97 261 75 185 239 246 228 247 149 420 159 249 424 160 337 174 331 12 305 73 175 251 12 
c [Main] Lowest label SAT is set to 424.
c [Main] Kill higher label pid 425.
c [Main] Kill higher label pid 426.
c [Label = 425] Encoding starts with target value = 87:
c [Label = 425] Encoding duration: 5636ms.
c [Label = 425] Number of clauses: 4384317.
c [Label = 425] Number of variables: 565150.
c [Signal] Signal interruption. Caught signal: SIGTERM (15).
c [Label = 426] Encoding starts with target value = 87:
c [Label = 426] Encoding duration: 5413ms.
c [Label = 426] Number of clauses: 4393271.
c [Label = 426] Number of variables: 566040.
c [Signal] Signal interruption. Caught signal: SIGTERM (15).
c [Label = 418] Minimize Makespan Labeling problem (P-can__445.mtx.rnd):
c [Main] Child pid 426 - 828649 terminated by signal 15.
c [Label = 417] Minimize Makespan Labeling problem (P-can__445.mtx.rnd):
c [Main] Child pid 425 - 828650 terminated by signal 15.
c [Label = 416] Minimize Makespan Labeling problem (P-can__445.mtx.rnd):
c [Label = 422] Encoding starts with target value = 87:
c [Label = 422] Encoding duration: 5464ms.
c [Label = 422] Number of clauses: 4357457.
c [Label = 422] Number of variables: 562480.
c [Label = 422] Solving duration: 87552 ms.
s [Label = 422] SAT (w = 87).
c [Label = 422]Label assignment: 72 289 285 146 62 335 422 414 1 350 64 408 422 397 133 261 85 263 377 380 155 307 87 135 146 202 235 381 175 262 320 59 146 332 236 296 370 407 160 1 72 310 209 75 394 335 149 276 189 122 142 363 409 146 249 378 220 310 202 309 410 376 60 307 168 200 409 248 15 297 41 335 333 248 307 209 383 349 122 102 223 46 357 209 422 336 422 307 43 79 155 249 384 148 407 307 394 115 349 297 161 335 403 37 133 75 210 164 394 222 266 96 220 310 81 397 174 283 399 59 162 115 307 28 59 416 296 234 394 281 22 248 72 87 422 220 251 59 75 255 242 146 157 211 111 122 407 249 307 222 59 248 345 87 320 338 122 289 152 420 87 1 394 396 45 309 189 74 333 163 135 75 46 220 349 396 13 124 246 248 233 349 309 236 422 372 376 28 35 248 394 312 161 220 397 174 220 196 289 14 122 159 41 262 249 247 270 223 335 146 18 397 35 62 395 168 274 14 41 123 335 403 335 348 242 246 421 109 397 376 136 87 234 61 297 289 85 162 233 159 74 394 41 349 37 42 86 62 349 336 81 422 59 12 162 249 35 307 45 320 396 422 87 196 289 161 363 133 233 109 174 394 407 223 162 115 123 210 183 249 329 335 28 308 62 146 233 296 155 250 123 322 376 46 409 335 336 242 159 109 68 283 48 276 384 115 14 261 350 422 320 59 296 410 133 147 220 174 209 33 87 59 335 416 322 261 222 153 335 246 128 49 422 376 46 129 407 309 174 321 249 383 209 28 174 159 210 220 174 133 216 187 174 87 42 142 276 14 45 349 122 149 410 240 113 162 133 75 335 162 363 202 174 289 255 335 1 33 320 87 133 247 61 68 162 422 15 14 370 307 66 335 248 75 333 296 202 220 175 233 334 250 246 159 17 316 368 248 420 310 61 59 102 376 383 377 394 216 349 262 394 209 394 249 68 168 210 198 283 233 420 422 316 248 48 320 129 248 147 59 149 407 297 422 174 
c [Main] Lowest label SAT is set to 422.
c [Main] Kill higher label pid 423.
c [Label = 423] Encoding starts with target value = 87:
c [Label = 423] Encoding duration: 5340ms.
c [Label = 423] Number of clauses: 4366410.
c [Label = 423] Number of variables: 563370.
c [Signal] Signal interruption. Caught signal: SIGTERM (15).
c [Label = 415] Minimize Makespan Labeling problem (P-can__445.mtx.rnd):
c [Main] Child pid 423 - 828661 terminated by signal 15.
c [Label = 414] Minimize Makespan Labeling problem (P-can__445.mtx.rnd):
c [Label = 420] Encoding starts with target value = 87:
c [Label = 420] Encoding duration: 5312ms.
c [Label = 420] Number of clauses: 4339550.
c [Label = 420] Number of variables: 560700.
c [Label = 420] Solving duration: 102724 ms.
s [Label = 420] SAT (w = 87).
c [Label = 420]Label assignment: 4 354 282 405 178 286 86 112 227 303 175 25 41 41 159 227 190 127 72 271 158 286 174 369 349 388 358 286 175 262 98 174 373 36 265 289 217 230 184 219 420 238 373 155 40 419 364 1 358 130 159 246 103 1 282 2 373 332 21 277 86 70 184 296 358 378 31 374 195 244 45 262 257 388 286 333 88 62 190 25 374 50 318 376 45 36 372 246 200 199 112 262 43 21 210 286 88 159 87 217 369 349 245 174 137 191 304 87 40 190 266 231 72 263 112 420 373 1 68 199 365 184 318 72 159 25 286 358 40 262 226 272 11 182 40 373 277 199 175 271 333 404 359 210 199 184 205 282 214 282 174 373 36 286 88 271 130 247 378 56 184 334 16 249 25 376 334 214 244 184 420 401 40 383 108 16 40 349 127 272 286 301 189 278 45 36 108 420 43 358 72 303 359 373 87 21 373 358 354 185 132 333 195 358 112 373 139 419 271 373 178 40 43 189 88 358 262 55 195 184 419 40 246 71 286 143 50 369 371 108 142 155 358 237 271 286 170 401 333 298 364 87 184 272 123 174 160 128 68 175 184 92 188 123 190 291 44 286 71 91 43 68 214 334 301 369 246 127 262 43 314 61 188 378 390 214 130 43 405 112 199 269 55 314 174 394 286 277 373 388 130 271 127 88 97 36 314 358 331 25 25 130 175 126 43 185 175 296 97 40 113 159 262 68 175 184 373 353 401 175 159 216 219 25 332 199 16 10 271 118 132 155 55 25 40 352 214 277 5 271 278 43 373 25 389 1 405 349 383 132 265 349 373 179 159 112 373 97 25 271 199 353 92 343 184 87 175 179 286 401 262 388 390 324 271 285 123 123 71 401 127 333 103 144 369 97 214 55 271 286 160 285 373 179 242 243 25 373 364 317 261 388 143 344 94 178 26 55 56 261 157 175 25 97 42 72 72 317 59 277 73 405 73 334 245 10 358 373 112 307 31 112 286 332 175 101 404 262 184 127 365 230 284 356 38 
c [Main] Lowest label SAT is set to 420.
c [Main] Kill higher label pid 421.
c [Label = 421] Encoding starts with target value = 87:
c [Label = 421] Encoding duration: 5330ms.
c [Label = 421] Number of clauses: 4348503.
c [Label = 421] Number of variables: 561590.
c [Signal] Signal interruption. Caught signal: SIGTERM (15).
c [Label = 413] Minimize Makespan Labeling problem (P-can__445.mtx.rnd):
c [Main] Child pid 421 - 828665 terminated by signal 15.
c [Label = 412] Minimize Makespan Labeling problem (P-can__445.mtx.rnd):
c [Label = 418] Encoding starts with target value = 87:
c [Label = 418] Encoding duration: 5177ms.
c [Label = 418] Number of clauses: 4321643.
c [Label = 418] Number of variables: 558920.
c [Label = 418] Solving duration: 90606 ms.
s [Label = 418] SAT (w = 87).
c [Label = 418]Label assignment: 22 157 244 71 303 191 417 104 71 315 244 34 101 59 402 87 418 228 139 141 54 193 278 18 70 365 331 244 243 418 179 331 71 71 158 141 141 353 278 385 22 158 402 196 141 298 402 298 315 71 278 124 381 92 211 330 71 178 390 174 22 70 244 245 331 365 87 365 244 175 87 174 418 365 244 385 157 62 196 402 390 157 315 315 44 71 348 314 417 298 124 156 278 390 353 315 179 261 157 158 418 174 298 349 377 266 385 71 158 365 120 402 34 175 174 402 401 228 22 402 353 244 315 18 402 331 228 365 106 244 71 244 22 262 92 71 174 418 265 157 385 44 418 174 278 228 353 157 244 261 377 418 87 418 158 121 54 227 331 92 218 1 157 382 54 208 385 278 418 278 22 330 88 46 59 278 174 418 266 227 266 157 174 158 59 139 59 298 262 365 158 109 19 1 88 385 402 315 191 353 278 179 298 365 228 70 158 353 121 46 375 71 54 315 418 331 191 34 303 208 330 87 174 157 244 266 158 402 417 59 261 244 365 244 121 191 244 331 266 92 261 402 244 163 331 332 402 245 87 249 244 22 315 315 174 109 71 315 34 179 331 87 278 315 175 401 141 332 261 402 418 158 353 365 353 262 245 295 71 228 87 173 61 87 303 46 245 87 418 365 51 157 59 88 36 87 315 418 179 402 211 228 331 228 402 278 303 290 418 87 179 401 244 418 331 278 1 315 283 331 279 5 191 418 109 243 294 331 191 266 278 71 104 418 157 1 353 174 353 121 179 402 418 37 331 92 349 70 71 315 244 382 331 228 331 211 1 34 34 148 315 390 22 157 278 86 332 207 191 87 175 367 92 157 157 131 314 331 157 331 401 385 71 314 390 34 141 61 141 228 314 131 365 266 5 158 365 418 331 266 261 365 266 174 34 157 157 35 87 192 51 377 54 34 87 157 228 266 59 418 203 349 157 336 385 365 315 385 228 266 87 88 191 211 348 179 70 244 278 331 390 353 174 366 86 
c [Main] Lowest label SAT is set to 418.
c [Main] Kill higher label pid 419.
c [Label = 419] Encoding starts with target value = 87:
c [Label = 419] Encoding duration: 5353ms.
c [Label = 419] Number of clauses: 4330596.
c [Label = 419] Number of variables: 559810.
c [Signal] Signal interruption. Caught signal: SIGTERM (15).
c [Label = 411] Minimize Makespan Labeling problem (P-can__445.mtx.rnd):
c [Main] Child pid 419 - 828667 terminated by signal 15.
c [Label = 410] Minimize Makespan Labeling problem (P-can__445.mtx.rnd):
c [Label = 414] Encoding starts with target value = 87:
c [Label = 414] Encoding duration: 5310ms.
c [Label = 414] Number of clauses: 4285829.
c [Label = 414] Number of variables: 555360.
c [Label = 414] Solving duration: 50529 ms.
s [Label = 414] SAT (w = 87).
c [Label = 414]Label assignment: 175 372 414 174 130 391 12 262 198 372 111 261 304 305 110 66 284 45 262 261 348 349 86 197 197 326 174 393 240 44 284 44 197 328 22 392 24 88 87 12 175 392 217 87 307 195 217 108 24 350 124 37 305 192 1 175 197 390 261 44 303 304 87 413 174 176 371 217 66 64 303 393 22 239 371 239 284 285 91 285 196 284 372 152 263 304 174 371 21 66 348 24 152 240 66 396 306 67 284 65 207 238 21 110 110 111 261 260 284 263 392 135 261 413 393 173 175 111 303 132 198 87 48 261 69 174 394 87 262 381 198 23 175 63 109 197 1 132 86 393 261 197 175 1 87 65 88 372 394 371 86 164 328 283 284 348 339 393 198 109 87 105 284 12 348 238 198 87 22 87 197 131 260 197 153 152 284 200 241 1 396 414 284 1 283 294 285 174 152 21 309 390 197 153 326 175 173 23 413 110 67 349 88 174 45 197 45 216 414 174 110 304 348 88 327 174 23 239 45 87 195 262 370 326 371 262 326 217 174 153 43 283 174 66 392 393 284 216 413 357 131 272 87 414 88 86 110 109 371 349 66 262 87 130 218 390 305 414 261 284 151 370 86 198 413 175 21 67 371 285 274 284 86 176 198 87 174 151 222 45 66 349 306 414 86 174 413 414 175 174 325 393 174 262 306 304 372 261 349 285 155 111 88 111 263 152 111 393 303 306 306 44 413 327 66 174 173 152 178 110 65 132 394 261 392 66 218 216 413 262 67 326 326 261 306 197 66 44 175 348 24 239 220 277 196 393 174 197 197 77 413 239 196 65 87 364 157 327 348 414 67 218 303 393 87 261 66 65 414 219 393 219 219 393 414 371 88 88 284 153 110 261 350 66 198 263 198 327 261 394 88 350 216 63 22 23 261 153 197 371 23 174 262 349 261 322 287 261 109 392 339 66 285 306 307 284 309 393 351 44 306 174 284 22 21 219 174 174 111 393 110 174 393 108 44 270 197 414 87 86 217 88 390 153 261 
c [Main] Lowest label SAT is set to 414.
c [Main] Kill higher label pid 415.
c [Main] Kill higher label pid 416.
c [Main] Kill higher label pid 417.
c [Label = 415] Encoding starts with target value = 87:
c [Label = 415] Encoding duration: 5331ms.
c [Label = 415] Number of clauses: 4294782.
c [Label = 415] Number of variables: 556250.
c [Signal] Signal interruption. Caught signal: SIGTERM (15).
c [Label = 417] Encoding starts with target value = 87:
c [Label = 417] Encoding duration: 5178ms.
c [Label = 417] Number of clauses: 4312689.
c [Label = 417] Number of variables: 558030.
c [Signal] Signal interruption. Caught signal: SIGTERM (15).
c [Label = 416] Encoding starts with target value = 87:
c [Label = 416] Encoding duration: 5105ms.
c [Label = 416] Number of clauses: 4303736.
c [Label = 416] Number of variables: 557140.
c [Signal] Signal interruption. Caught signal: SIGTERM (15).
c [Label = 409] Minimize Makespan Labeling problem (P-can__445.mtx.rnd):
c [Main] Child pid 416 - 828682 terminated by signal 15.
c [Label = 408] Minimize Makespan Labeling problem (P-can__445.mtx.rnd):
c [Main] Child pid 415 - 828694 terminated by signal 15.
c [Label = 407] Minimize Makespan Labeling problem (P-can__445.mtx.rnd):
c [Main] Child pid 417 - 828681 terminated by signal 15.
c [Label = 406] Minimize Makespan Labeling problem (P-can__445.mtx.rnd):
c [Label = 413] Encoding starts with target value = 87:
c [Label = 413] Encoding duration: 5805ms.
c [Label = 413] Number of clauses: 4276875.
c [Label = 413] Number of variables: 554470.
c [Label = 413] Solving duration: 62478 ms.
s [Label = 413] SAT (w = 87).
c [Label = 413]Label assignment: 278 363 413 326 87 410 413 152 305 392 65 217 174 174 127 23 326 195 174 43 409 391 78 326 349 175 175 392 87 413 174 105 326 195 392 22 413 65 67 413 303 388 301 290 212 235 305 239 369 325 348 23 239 325 370 148 309 391 175 413 239 153 304 366 175 304 239 306 65 1 214 392 29 304 366 151 239 153 326 108 301 175 391 129 174 190 174 24 235 65 61 391 239 152 104 21 218 43 174 23 305 239 235 87 86 87 151 304 239 87 65 108 261 413 349 174 304 239 175 108 283 349 1 261 130 262 389 130 192 413 282 391 268 43 213 326 392 105 87 88 142 304 283 1 65 348 29 391 23 413 105 301 196 300 239 43 326 391 304 239 65 1 262 413 261 239 409 88 64 304 326 325 214 279 239 196 214 326 126 370 413 349 109 370 152 217 153 257 238 130 217 413 304 279 174 276 301 369 363 87 62 365 65 130 195 301 195 152 391 279 65 153 239 66 213 126 22 262 65 304 148 152 391 174 366 174 192 283 174 276 65 326 130 43 23 391 355 86 413 304 326 239 365 393 109 105 105 66 238 238 1 261 1 108 116 391 152 413 217 152 152 213 37 326 349 283 83 127 23 65 126 192 87 301 326 23 326 89 304 195 55 369 262 412 87 279 366 413 279 130 326 88 262 153 262 196 392 148 390 108 322 152 110 174 235 88 65 18 217 174 191 152 23 203 66 369 302 174 87 87 65 86 388 262 65 387 152 130 393 152 87 348 217 262 214 283 39 413 174 43 413 261 302 262 151 327 130 349 279 127 391 109 126 348 44 349 301 217 282 23 63 303 261 369 84 282 66 391 391 305 388 175 305 369 39 348 89 109 192 300 127 170 283 65 283 217 282 217 43 389 66 391 305 65 39 37 175 304 152 391 412 127 152 355 217 174 196 282 261 388 326 105 87 278 197 192 217 391 174 29 192 152 192 412 148 175 130 304 195 413 239 262 391 322 152 181 304 370 304 125 283 87 369 152 282 
c [Main] Lowest label SAT is set to 413.
c [Label = 405] Minimize Makespan Labeling problem (P-can__445.mtx.rnd):
c [Label = 409] Encoding starts with target value = 87:
c [Label = 409] Encoding duration: 5477ms.
c [Label = 409] Number of clauses: 4241061.
c [Label = 409] Number of variables: 550910.
c [Label = 409] Solving duration: 62742 ms.
s [Label = 409] SAT (w = 87).
c [Label = 409]Label assignment: 399 204 209 409 383 209 408 122 27 322 378 61 122 61 35 148 30 235 117 27 174 209 35 356 356 122 261 268 349 27 182 35 356 117 209 174 383 77 409 408 399 174 296 383 122 261 296 296 349 383 261 148 88 348 204 261 357 209 117 176 61 117 349 270 261 296 149 322 378 408 122 270 1 296 268 86 122 56 383 114 261 181 322 261 122 117 296 270 408 35 174 148 261 61 77 270 174 409 174 148 296 86 261 34 35 383 61 61 182 28 174 87 87 149 349 296 352 296 88 87 291 383 322 87 87 262 209 383 122 209 35 262 1 408 138 357 209 87 383 174 61 368 293 148 35 348 95 204 234 269 60 357 61 27 182 148 173 265 291 138 383 26 122 87 174 348 61 383 51 383 356 262 122 357 291 263 183 296 373 204 269 209 176 204 61 122 117 296 296 348 182 209 349 355 61 352 296 357 209 61 383 225 30 235 209 357 235 296 209 352 46 61 183 383 27 259 174 296 378 383 321 122 174 173 265 312 183 296 296 291 383 312 296 383 174 265 323 262 269 1 263 175 383 200 383 32 35 383 138 174 383 86 322 383 373 175 86 261 61 164 261 115 30 61 209 296 383 33 269 148 27 174 95 296 296 383 296 261 409 209 148 174 61 148 383 354 265 175 352 287 408 174 296 122 61 61 296 61 225 122 348 270 34 262 61 383 378 261 61 183 164 35 209 61 35 235 321 261 296 27 383 87 209 61 176 349 263 262 209 322 35 348 122 61 147 347 77 350 296 148 148 61 296 61 225 286 261 357 357 35 260 86 225 383 30 383 355 87 148 148 408 296 61 148 409 61 33 383 209 383 209 296 409 204 172 174 383 383 173 235 35 61 350 35 291 61 27 61 61 209 30 209 357 383 51 174 122 357 236 281 270 296 312 225 61 171 119 87 138 174 174 87 148 61 122 119 174 261 61 51 174 261 178 261 408 296 261 357 262 261 138 296 270 86 34 182 348 206 383 35 291 95 209 296 86 
c [Main] Lowest label SAT is set to 409.
c [Main] Kill higher label pid 410.
c [Main] Kill higher label pid 411.
c [Main] Kill higher label pid 412.
c [Label = 410] Encoding starts with target value = 87:
c [Label = 410] Encoding duration: 5445ms.
c [Label = 410] Number of clauses: 4250015.
c [Label = 410] Number of variables: 551800.
c [Signal] Signal interruption. Caught signal: SIGTERM (15).
c [Label = 412] Encoding starts with target value = 87:
c [Label = 412] Encoding duration: 5540ms.
c [Label = 412] Number of clauses: 4267922.
c [Label = 412] Number of variables: 553580.
c [Signal] Signal interruption. Caught signal: SIGTERM (15).
c [Label = 411] Encoding starts with target value = 87:
c [Label = 411] Encoding duration: 5194ms.
c [Label = 411] Number of clauses: 4258968.
c [Label = 411] Number of variables: 552690.
c [Signal] Signal interruption. Caught signal: SIGTERM (15).
c [Label = 404] Minimize Makespan Labeling problem (P-can__445.mtx.rnd):
c [Main] Child pid 412 - 828708 terminated by signal 15.
c [Label = 403] Minimize Makespan Labeling problem (P-can__445.mtx.rnd):
c [Main] Child pid 410 - 828716 terminated by signal 15.
c [Label = 402] Minimize Makespan Labeling problem (P-can__445.mtx.rnd):
c [Main] Child pid 411 - 828715 terminated by signal 15.
c [Label = 401] Minimize Makespan Labeling problem (P-can__445.mtx.rnd):
c [Label = 407] Encoding starts with target value = 87:
c [Label = 407] Encoding duration: 5283ms.
c [Label = 407] Number of clauses: 4223154.
c [Label = 407] Number of variables: 549130.
c [Label = 407] Solving duration: 64886 ms.
s [Label = 407] SAT (w = 87).
c [Label = 407]Label assignment: 379 29 118 380 146 30 407 320 348 202 177 349 350 379 291 32 290 115 405 346 91 85 144 349 351 259 262 88 265 380 60 206 379 378 59 29 377 288 144 203 375 89 292 146 407 320 290 259 172 405 172 57 348 379 57 206 379 59 262 85 379 377 146 146 262 262 61 263 174 144 377 57 322 234 88 318 31 376 147 28 290 407 261 231 350 377 349 146 1 144 91 56 231 262 289 204 115 175 60 85 320 290 4 262 233 146 290 292 59 290 57 348 262 59 119 379 261 290 352 348 264 144 261 349 292 206 87 259 405 118 348 175 380 175 1 379 116 348 176 59 324 376 318 116 144 144 293 56 119 174 233 290 19 293 60 57 57 86 265 1 147 292 31 203 85 290 172 175 321 146 380 147 380 320 352 203 59 292 205 87 202 58 293 58 380 29 320 231 203 259 115 59 349 293 351 233 290 147 29 289 176 114 144 262 115 320 174 290 57 320 288 379 60 203 352 265 116 377 143 144 320 377 60 56 119 201 59 290 380 349 174 234 262 175 29 57 235 233 147 380 172 174 146 57 205 233 292 177 60 146 175 349 293 203 259 32 380 202 377 78 144 60 146 172 58 290 405 206 147 59 293 59 292 263 263 145 172 377 28 119 32 29 349 57 177 379 146 57 318 234 116 29 349 380 349 407 261 293 114 29 178 259 233 259 318 147 145 202 352 377 59 234 119 377 203 144 293 233 234 262 147 320 60 349 59 380 261 264 30 206 147 1 321 352 1 349 292 377 262 57 31 320 320 349 147 379 262 321 379 203 146 318 147 144 231 144 293 377 26 57 203 264 377 32 174 292 175 146 57 28 60 262 28 32 32 29 203 205 59 147 233 318 405 174 233 349 346 321 346 87 174 33 261 147 321 116 262 290 148 174 146 233 201 114 377 59 31 262 27 60 57 292 26 352 407 29 115 174 351 346 115 262 1 233 1 262 231 231 259 202 2 349 57 233 261 60 376 118 147 206 261 288 60 349 262 
c [Main] Lowest label SAT is set to 407.
c [Main] Kill higher label pid 408.
c [Label = 408] Encoding starts with target value = 87:
c [Label = 408] Encoding duration: 5432ms.
c [Label = 408] Number of clauses: 4232108.
c [Label = 408] Number of variables: 550020.
c [Signal] Signal interruption. Caught signal: SIGTERM (15).
c [Label = 400] Minimize Makespan Labeling problem (P-can__445.mtx.rnd):
c [Main] Child pid 408 - 828720 terminated by signal 15.
c [Label = 399] Minimize Makespan Labeling problem (P-can__445.mtx.rnd):
c [Label = 406] Encoding starts with target value = 87:
c [Label = 406] Encoding duration: 5312ms.
c [Label = 406] Number of clauses: 4214201.
c [Label = 406] Number of variables: 548240.
c [Label = 406] Solving duration: 92419 ms.
s [Label = 406] SAT (w = 87).
c [Label = 406]Label assignment: 261 232 174 239 144 268 405 319 232 58 145 348 355 320 378 262 35 174 291 261 144 174 145 349 349 349 30 146 58 290 146 59 291 319 231 261 261 349 146 261 235 232 406 145 261 231 406 348 30 291 146 261 377 293 231 376 291 233 319 233 320 319 145 117 56 59 320 36 121 233 319 232 319 59 146 30 261 348 146 349 57 233 30 59 377 318 59 117 57 145 144 233 146 295 380 65 175 174 204 204 349 30 231 30 1 145 30 376 204 1 291 349 348 289 145 59 406 174 320 349 1 145 30 378 378 349 174 30 261 175 232 117 233 204 234 291 174 349 146 232 57 291 378 175 145 174 377 208 146 117 30 406 262 58 204 262 349 174 34 232 174 1 233 1 348 233 30 121 319 119 291 146 291 320 382 88 204 349 29 175 59 261 1 231 349 262 319 348 117 30 152 233 349 378 376 406 406 58 232 378 145 145 144 30 145 320 145 59 261 348 378 319 348 87 377 58 204 30 121 146 231 319 233 204 146 58 204 406 59 406 146 58 30 87 261 232 58 58 59 290 146 326 145 261 30 30 378 144 377 206 145 378 11 87 58 232 319 59 349 148 145 377 145 30 232 406 261 59 117 319 58 204 378 58 58 145 117 146 262 117 259 291 349 290 146 293 117 290 378 32 290 232 30 291 319 262 30 57 145 319 376 145 30 147 378 146 129 79 319 319 174 30 146 377 87 146 378 59 58 30 146 377 232 349 233 262 58 406 261 58 145 291 377 375 233 349 348 233 59 233 232 378 348 349 145 261 59 320 291 87 117 1 147 147 59 172 378 348 348 262 87 57 378 208 146 378 59 146 262 262 204 30 262 208 232 261 87 59 204 145 1 30 320 87 34 348 262 349 261 174 87 261 58 146 321 204 349 406 145 59 88 30 30 145 349 30 262 378 232 233 320 398 349 319 261 261 175 61 320 233 175 59 233 58 30 406 59 58 145 79 232 30 232 318 30 146 291 174 146 59 42 322 291 59 378 
c [Main] Lowest label SAT is set to 406.
c [Label = 398] Minimize Makespan Labeling problem (P-can__445.mtx.rnd):
c [Label = 405] Encoding starts with target value = 87:
c [Label = 405] Encoding duration: 5223ms.
c [Label = 405] Number of clauses: 4205247.
c [Label = 405] Number of variables: 547350.
c [Label = 405] Solving duration: 106577 ms.
s [Label = 405] SAT (w = 87).
c [Label = 405]Label assignment: 349 197 231 344 348 201 118 87 357 148 318 31 114 87 405 87 174 235 143 118 349 231 376 349 350 262 262 174 174 87 166 56 348 87 174 144 125 31 376 348 349 174 318 318 119 31 318 250 292 318 349 145 405 375 195 404 318 87 284 114 405 87 262 231 231 288 375 289 318 375 81 202 61 289 231 174 144 55 318 61 261 87 174 231 59 86 275 231 86 405 316 143 57 231 57 208 144 362 174 125 318 147 142 31 405 318 212 405 121 201 144 30 57 117 318 231 317 38 405 31 231 375 257 44 34 405 231 231 143 231 405 262 348 375 405 318 231 31 318 144 262 375 318 203 349 318 57 144 230 261 57 312 116 174 166 156 261 230 231 405 375 75 143 365 31 261 348 371 87 375 348 288 86 318 405 318 87 318 175 230 256 175 174 174 87 118 108 31 405 262 121 87 349 318 30 288 293 318 174 57 405 262 404 262 262 261 261 231 148 374 57 87 405 405 376 174 144 58 371 349 404 87 174 175 231 174 87 307 261 57 363 174 261 318 144 201 148 175 253 261 288 113 318 190 405 57 405 405 379 162 349 57 26 405 174 87 87 231 58 175 349 405 375 318 144 317 118 404 261 87 202 144 30 276 231 349 318 57 348 262 142 144 57 87 348 375 287 87 318 287 235 145 57 88 53 116 175 229 262 87 31 231 57 205 405 376 369 231 405 87 175 34 231 405 405 349 317 231 231 31 348 56 174 31 144 87 231 174 202 174 377 318 58 405 87 349 54 57 231 144 144 405 318 57 292 262 231 318 318 399 262 231 261 318 56 349 317 58 31 175 405 261 405 87 376 30 405 318 145 349 202 232 322 144 87 144 404 405 144 289 405 232 27 405 282 57 379 88 118 206 405 146 289 318 87 87 261 318 261 262 174 262 174 261 57 174 118 45 379 174 144 57 61 405 144 144 121 262 51 61 144 231 144 250 142 231 231 261 205 288 379 31 174 229 57 165 349 231 375 32 261 57 144 261 57 
c [Main] Lowest label SAT is set to 405.
c [Label = 397] Minimize Makespan Labeling problem (P-can__445.mtx.rnd):
c [Label = 398] Encoding starts with target value = 87:
c [Label = 398] Encoding duration: 5237ms.
c [Label = 398] Number of clauses: 4142573.
c [Label = 398] Number of variables: 541120.
c [Label = 398] Solving duration: 50239 ms.
s [Label = 398] SAT (w = 87).
c [Label = 398]Label assignment: 320 174 224 300 100 224 1 398 100 361 87 39 50 397 100 137 261 137 38 224 38 224 137 332 311 261 274 225 261 174 39 137 311 13 223 224 274 125 137 1 311 195 282 50 398 125 324 299 137 137 87 174 348 274 224 339 312 174 261 174 397 50 37 212 271 311 348 311 87 100 50 225 174 311 224 311 21 398 86 274 282 38 398 311 21 398 332 224 225 137 38 174 398 261 100 224 361 136 50 263 312 88 142 137 125 87 361 397 2 261 218 100 21 174 50 262 361 88 361 100 274 50 187 39 89 321 195 350 50 224 87 224 350 87 370 313 225 100 86 184 234 311 311 199 87 137 176 174 224 245 125 349 25 252 39 224 187 224 261 349 137 187 398 398 398 126 87 60 137 87 350 37 38 312 348 398 3 311 59 224 213 174 158 199 20 25 398 349 50 311 1 174 311 349 397 311 332 174 174 137 108 233 137 261 187 312 187 305 224 330 125 14 50 108 348 224 224 348 87 137 137 50 195 398 243 50 1 286 310 348 108 261 311 50 263 224 261 261 261 350 37 1 50 224 112 137 88 108 348 88 50 398 196 112 261 174 21 187 398 37 1 348 87 187 174 311 175 137 224 274 234 13 126 331 274 87 137 311 311 187 147 223 361 149 86 324 234 174 349 311 175 156 348 50 361 398 13 234 224 274 321 361 108 311 50 87 87 187 348 50 12 89 195 348 137 137 311 311 261 87 108 50 244 361 173 146 261 261 224 49 137 87 398 361 50 311 146 137 310 224 187 398 282 361 50 323 350 311 312 137 224 311 59 87 125 50 349 398 50 174 108 310 397 174 137 397 137 86 174 274 262 274 274 147 137 225 87 87 13 37 137 262 87 137 311 39 50 398 262 224 137 224 361 86 146 224 261 361 49 224 225 274 38 263 41 71 398 21 361 195 224 100 224 361 21 38 13 212 398 174 1 311 38 187 212 274 350 311 361 187 360 348 224 312 137 39 311 212 137 87 311 137 174 310 398 
c [Label = 401] Encoding starts with target value = 87:
c [Label = 401] Encoding duration: 4979ms.
c [Label = 401] Number of clauses: 4169433.
c [Label = 401] Number of variables: 543790.
c [Signal] Signal interruption. Caught signal: SIGTERM (15).
c [Main] Lowest label SAT is set to 398.
c [Main] Kill higher label pid 399.
c [Main] Kill higher label pid 400.
c [Main] Kill higher label pid 401.
c [Main] Kill higher label pid 402.
c [Main] Kill higher label pid 403.
c [Main] Kill higher label pid 404.
c [Label = 402] Encoding starts with target value = 87:
c [Label = 402] Encoding duration: 4972ms.
c [Label = 402] Number of clauses: 4178387.
c [Label = 402] Number of variables: 544680.
c [Signal] Signal interruption. Caught signal: SIGTERM (15).
c [Label = 400] Encoding starts with target value = 87:
c [Label = 400] Encoding duration: 5046ms.
c [Label = 400] Number of clauses: 4160480.
c [Label = 400] Number of variables: 542900.
c [Signal] Signal interruption. Caught signal: SIGTERM (15).
c [Label = 404] Encoding starts with target value = 87:
c [Label = 404] Encoding duration: 5236ms.
c [Label = 404] Number of clauses: 4196294.
c [Label = 404] Number of variables: 546460.
c [Signal] Signal interruption. Caught signal: SIGTERM (15).
c [Label = 403] Encoding starts with target value = 87:
c [Label = 403] Encoding duration: 4925ms.
c [Label = 403] Number of clauses: 4187340.
c [Label = 403] Number of variables: 545570.
c [Signal] Signal interruption. Caught signal: SIGTERM (15).
c [Label = 399] Encoding starts with target value = 87:
c [Label = 399] Encoding duration: 5037ms.
c [Label = 399] Number of clauses: 4151526.
c [Label = 399] Number of variables: 542010.
c [Signal] Signal interruption. Caught signal: SIGTERM (15).
c [Label = 396] Minimize Makespan Labeling problem (P-can__445.mtx.rnd):
c [Main] Child pid 400 - 828753 terminated by signal 15.
c [Label = 395] Minimize Makespan Labeling problem (P-can__445.mtx.rnd):
c [Main] Child pid 404 - 828749 terminated by signal 15.
c [Label = 394] Minimize Makespan Labeling problem (P-can__445.mtx.rnd):
c [Main] Child pid 399 - 828754 terminated by signal 15.
c [Label = 393] Minimize Makespan Labeling problem (P-can__445.mtx.rnd):
c [Main] Child pid 403 - 828750 terminated by signal 15.
c [Label = 392] Minimize Makespan Labeling problem (P-can__445.mtx.rnd):
c [Main] Child pid 401 - 828752 terminated by signal 15.
c [Label = 391] Minimize Makespan Labeling problem (P-can__445.mtx.rnd):
c [Main] Child pid 402 - 828751 terminated by signal 15.
c [Label = 390] Minimize Makespan Labeling problem (P-can__445.mtx.rnd):
c [Label = 392] Encoding starts with target value = 87:
c [Label = 392] Encoding duration: 4947ms.
c [Label = 392] Number of clauses: 4088852.
c [Label = 392] Number of variables: 535780.
c [Label = 392] Solving duration: 49315 ms.
s [Label = 392] SAT (w = 87).
c [Label = 392]Label assignment: 131 219 217 174 305 176 391 2 131 219 347 349 392 390 305 175 305 44 43 132 261 218 263 130 88 2 44 174 88 175 44 325 130 1 216 218 175 349 263 391 131 174 87 306 1 174 88 43 219 305 262 149 44 131 219 47 131 217 1 221 42 44 306 218 44 87 44 87 306 1 392 174 392 45 218 130 392 45 305 349 85 392 219 131 392 22 87 218 352 307 262 240 217 1 305 218 44 305 43 174 88 217 174 305 305 328 87 42 43 131 259 348 392 216 262 129 132 86 42 349 131 262 261 392 348 349 175 45 44 217 131 218 174 305 175 131 175 307 328 174 44 131 131 196 263 305 392 219 218 218 305 87 1 305 43 174 304 219 132 175 261 305 1 392 349 218 218 263 349 262 131 306 392 131 128 14 392 109 262 240 261 176 319 218 390 1 1 349 392 45 43 218 130 131 23 89 87 219 176 348 303 44 306 44 44 87 44 130 174 130 306 391 349 262 1 88 218 89 306 261 174 2 215 22 218 262 392 109 129 89 303 262 87 305 174 219 305 131 261 218 349 1 262 174 305 307 305 303 1 1 261 41 305 305 131 219 392 218 349 44 1 392 306 262 176 132 131 305 217 349 87 1 348 87 129 263 262 130 131 44 131 218 350 218 303 89 218 218 131 45 304 174 89 392 350 22 220 44 44 349 349 44 304 44 392 263 327 218 1 392 44 305 175 1 305 261 129 131 131 327 303 349 216 349 218 175 131 88 174 305 305 305 350 349 392 132 349 218 131 174 218 41 88 349 88 174 87 130 89 305 219 130 88 346 348 236 87 350 348 174 305 129 43 218 263 2 305 347 176 131 174 45 131 176 175 174 327 327 2 305 305 44 319 306 132 392 131 350 132 216 347 174 87 305 349 218 2 89 131 218 218 45 262 87 350 44 22 392 175 216 305 306 306 392 391 43 44 218 43 218 2 131 43 261 348 87 87 89 44 218 218 89 176 86 305 87 131 238 263 305 130 349 218 128 23 
c [Label = 393] Encoding starts with target value = 87:
c [Label = 393] Encoding duration: 4976ms.
c [Label = 393] Number of clauses: 4097805.
c [Label = 393] Number of variables: 536670.
c [Signal] Signal interruption. Caught signal: SIGTERM (15).
c [Main] Lowest label SAT is set to 392.
c [Main] Kill higher label pid 393.
c [Main] Kill higher label pid 394.
c [Main] Kill higher label pid 395.
c [Main] Kill higher label pid 396.
c [Main] Kill higher label pid 397.
c [Label = 396] Encoding starts with target value = 87:
c [Label = 396] Encoding duration: 5087ms.
c [Label = 396] Number of clauses: 4124666.
c [Label = 396] Number of variables: 539340.
c [Signal] Signal interruption. Caught signal: SIGTERM (15).
c [Label = 395] Encoding starts with target value = 87:
c [Label = 395] Encoding duration: 4948ms.
c [Label = 395] Number of clauses: 4115712.
c [Label = 395] Number of variables: 538450.
c [Signal] Signal interruption. Caught signal: SIGTERM (15).
c [Label = 394] Encoding starts with target value = 87:
c [Label = 394] Encoding duration: 4949ms.
c [Label = 394] Number of clauses: 4106759.
c [Label = 394] Number of variables: 537560.
c [Signal] Signal interruption. Caught signal: SIGTERM (15).
c [Label = 397] Encoding starts with target value = 87:
c [Label = 397] Encoding duration: 5183ms.
c [Label = 397] Number of clauses: 4133619.
c [Label = 397] Number of variables: 540230.
c [Signal] Signal interruption. Caught signal: SIGTERM (15).
c [Label = 389] Minimize Makespan Labeling problem (P-can__445.mtx.rnd):
c [Main] Child pid 397 - 828782 terminated by signal 15.
c [Label = 388] Minimize Makespan Labeling problem (P-can__445.mtx.rnd):
c [Main] Child pid 395 - 828786 terminated by signal 15.
c [Main] Child pid 394 - 828787 terminated by signal 15.
c [Label = 386] Minimize Makespan Labeling problem (P-can__445.mtx.rnd):
c [Main] Child pid 396 - 828785 terminated by signal 15.
c [Label = 385] Minimize Makespan Labeling problem (P-can__445.mtx.rnd):
c [Main] Child pid 393 - 828788 terminated by signal 15.
c [Label = 384] Minimize Makespan Labeling problem (P-can__445.mtx.rnd):
c [Label = 387] Minimize Makespan Labeling problem (P-can__445.mtx.rnd):
c [Label = 391] Encoding starts with target value = 87:
c [Label = 391] Encoding duration: 5007ms.
c [Label = 391] Number of clauses: 4079898.
c [Label = 391] Number of variables: 534890.
c [Label = 391] Solving duration: 65573 ms.
s [Label = 391] SAT (w = 87).
c [Label = 391]Label assignment: 349 54 49 1 175 86 1 244 239 326 176 261 303 261 216 97 2 131 239 45 217 70 177 353 390 282 1 87 2 96 262 173 391 262 51 46 87 132 173 1 349 49 353 181 280 88 349 305 132 175 174 87 306 1 46 304 391 51 271 89 268 239 184 86 1 362 306 390 176 62 262 87 132 374 86 366 266 263 176 22 349 263 345 349 262 239 325 88 43 157 217 62 279 263 175 129 305 150 262 87 348 88 130 165 176 176 391 268 304 2 46 218 238 51 217 355 331 305 268 217 366 217 131 261 217 304 63 349 260 45 236 51 349 174 306 391 45 216 181 105 25 349 348 45 157 151 132 54 88 78 173 369 261 2 295 45 176 43 358 306 151 175 262 11 261 98 174 184 132 175 382 219 263 390 350 279 303 349 219 46 88 88 192 46 262 261 239 304 263 349 305 89 349 374 268 331 390 132 65 175 175 45 133 391 129 391 131 355 64 347 175 262 261 153 271 391 88 374 152 173 130 244 59 262 43 262 303 349 349 358 151 2 349 175 64 27 45 2 78 1 219 262 192 70 136 173 216 174 306 286 198 261 174 174 2 89 266 129 262 262 287 306 152 174 97 326 87 176 87 44 2 303 175 363 355 195 174 305 41 130 130 63 305 94 138 390 86 89 347 349 175 111 358 262 285 220 326 391 45 43 304 348 174 348 262 175 152 129 271 282 262 175 87 306 174 132 391 350 2 173 151 218 86 305 89 97 2 366 86 219 175 175 287 304 263 349 132 89 350 45 81 262 367 304 219 45 367 1 390 174 66 366 219 152 152 217 350 260 219 88 175 355 263 62 173 261 175 176 70 42 87 1 42 68 87 63 133 133 262 184 176 391 192 157 350 262 239 262 45 87 152 64 390 138 132 86 271 374 219 45 88 1 219 45 262 174 260 238 349 45 192 216 44 279 261 260 304 45 263 132 303 350 260 130 1 372 368 374 326 88 306 369 70 304 179 262 349 45 173 175 350 175 51 363 261 
c [Main] Lowest label SAT is set to 391.
c [Label = 383] Minimize Makespan Labeling problem (P-can__445.mtx.rnd):
c [Label = 390] Encoding starts with target value = 87:
c [Label = 390] Encoding duration: 5020ms.
c [Label = 390] Number of clauses: 4070945.
c [Label = 390] Number of variables: 534000.
c [Label = 390] Solving duration: 89206 ms.
s [Label = 390] SAT (w = 87).
c [Label = 390]Label assignment: 63 216 216 87 129 174 306 303 216 390 129 260 261 303 150 87 234 303 304 256 211 196 87 21 38 370 390 216 48 222 348 130 45 303 216 215 82 150 45 298 63 216 390 87 303 124 390 385 40 86 385 86 264 47 216 351 47 174 390 173 303 303 87 244 390 389 135 348 129 86 303 216 192 348 220 298 324 326 90 129 390 307 390 389 302 303 390 237 264 87 177 216 389 390 150 261 350 88 324 173 390 124 90 129 129 87 298 303 348 260 215 174 303 216 174 390 390 385 303 174 390 87 303 302 174 351 174 82 307 216 216 220 63 87 93 50 174 174 87 196 298 45 1 195 87 86 174 216 216 237 150 390 303 222 348 173 211 216 42 93 87 263 341 302 169 86 256 87 192 49 45 351 303 42 303 347 337 390 1 196 261 154 150 216 303 303 303 385 385 82 390 216 21 4 303 390 390 40 174 132 87 279 129 352 303 42 303 390 174 28 133 303 169 87 264 390 173 283 129 86 90 303 216 324 217 366 345 390 390 303 87 6 349 87 173 216 18 390 261 263 351 390 90 154 87 133 157 129 135 350 87 302 176 87 48 216 303 261 261 324 351 135 87 256 174 390 82 91 237 129 261 349 174 390 390 67 385 389 87 303 87 215 265 177 129 46 237 177 22 349 215 178 303 303 283 303 390 264 279 129 389 343 129 343 302 67 129 261 303 303 350 150 216 264 88 385 390 389 390 115 128 176 216 303 177 48 389 390 174 1 87 86 261 303 303 28 192 48 390 173 216 302 390 265 309 105 389 42 50 88 237 260 309 128 115 176 4 261 169 174 87 42 303 216 86 303 91 88 174 87 178 370 87 174 177 175 87 108 348 351 129 298 86 109 42 262 216 261 256 216 109 174 390 87 180 211 390 390 321 237 250 352 366 279 260 150 303 303 105 216 173 174 129 303 303 331 349 237 303 222 348 389 331 263 298 390 389 390 343 261 105 283 216 3 132 350 46 202 46 129 22 150 174 390 303 
c [Main] Lowest label SAT is set to 390.
c [Label = 382] Minimize Makespan Labeling problem (P-can__445.mtx.rnd):
c [Label = 383] Encoding starts with target value = 87:
c [Label = 383] Encoding duration: 5057ms.
c [Label = 383] Number of clauses: 4008270.
c [Label = 383] Number of variables: 527770.
c [Label = 383] Solving duration: 75823 ms.
s [Label = 383] SAT (w = 87).
c [Label = 383]Label assignment: 53 123 157 53 383 122 383 210 175 262 35 209 209 209 105 383 209 349 244 174 122 140 19 366 366 315 296 157 383 174 314 70 18 209 122 122 383 140 35 383 53 122 314 35 244 296 331 296 383 383 296 383 209 50 122 296 18 157 297 88 244 209 35 192 296 296 88 296 18 383 209 122 174 328 157 174 279 209 35 88 296 244 262 296 209 209 209 192 383 32 87 122 296 298 140 227 346 18 279 87 331 296 383 70 70 35 174 331 314 175 122 175 296 122 87 244 315 296 209 140 331 35 262 227 140 261 140 383 244 157 174 192 53 35 87 18 122 140 35 122 209 18 331 122 36 18 174 122 157 192 105 314 209 174 314 122 87 122 296 88 383 258 279 297 87 1 209 35 175 35 18 296 227 366 209 262 279 331 383 122 227 122 349 122 209 244 210 296 261 383 349 122 366 331 209 297 314 349 123 105 18 262 20 296 349 366 349 331 122 366 105 227 87 35 209 296 88 228 10 18 296 228 122 279 157 349 279 296 209 210 383 383 296 35 122 122 383 331 227 52 296 140 35 122 35 105 105 35 87 171 35 209 227 35 383 122 227 227 209 314 297 87 1 175 122 296 383 53 192 53 174 314 140 296 331 35 296 209 53 349 383 122 244 122 35 18 192 122 331 296 1 122 210 227 210 209 262 174 262 53 296 262 70 296 209 32 35 227 209 212 346 105 157 209 35 296 349 296 331 70 383 171 122 209 122 383 296 331 122 348 35 383 225 209 262 366 174 1 331 122 122 209 331 209 296 87 314 366 18 18 192 175 296 35 70 87 349 209 87 122 53 296 244 122 383 331 53 35 123 53 140 331 53 123 122 121 383 35 314 296 70 209 383 35 306 209 175 209 174 140 35 87 299 35 175 87 297 328 296 227 192 331 349 261 209 348 244 296 87 122 88 140 88 244 244 279 314 227 209 190 314 314 279 258 1 331 296 312 262 227 87 210 123 209 105 314 18 157 383 70 296 140 122 209 296 
c [Label = 384] Encoding starts with target value = 87:
c [Label = 384] Encoding duration: 4770ms.
c [Label = 384] Number of clauses: 4017224.
c [Label = 384] Number of variables: 528660.
c [Signal] Signal interruption. Caught signal: SIGTERM (15).
c [Label = 387] Encoding starts with target value = 87:
c [Label = 387] Encoding duration: 4915ms.
c [Label = 387] Number of clauses: 4044084.
c [Label = 387] Number of variables: 531330.
c [Signal] Signal interruption. Caught signal: SIGTERM (15).
c [Label = 385] Encoding starts with target value = 87:
c [Label = 385] Encoding duration: 5037ms.
c [Label = 385] Number of clauses: 4026177.
c [Label = 385] Number of variables: 529550.
c [Signal] Signal interruption. Caught signal: SIGTERM (15).
c [Label = 386] Encoding starts with target value = 87:
c [Label = 386] Encoding duration: 4656ms.
c [Label = 386] Number of clauses: 4035131.
c [Label = 386] Number of variables: 530440.
c [Signal] Signal interruption. Caught signal: SIGTERM (15).
c [Main] Lowest label SAT is set to 383.
c [Main] Kill higher label pid 384.
c [Main] Kill higher label pid 385.
c [Main] Kill higher label pid 386.
c [Main] Kill higher label pid 387.
c [Main] Kill higher label pid 388.
c [Main] Kill higher label pid 389.
c [Label = 388] Encoding starts with target value = 87:
c [Label = 388] Encoding duration: 4722ms.
c [Label = 388] Number of clauses: 4053038.
c [Label = 388] Number of variables: 532220.
c [Signal] Signal interruption. Caught signal: SIGTERM (15).
c [Label = 389] Encoding starts with target value = 87:
c [Label = 389] Encoding duration: 5073ms.
c [Label = 389] Number of clauses: 4061991.
c [Label = 389] Number of variables: 533110.
c [Signal] Signal interruption. Caught signal: SIGTERM (15).
c [Label = 381] Minimize Makespan Labeling problem (P-can__445.mtx.rnd):
c [Main] Child pid 389 - 828811 terminated by signal 15.
c [Label = 380] Minimize Makespan Labeling problem (P-can__445.mtx.rnd):
c [Main] Child pid 386 - 828814 terminated by signal 15.
c [Label = 379] Minimize Makespan Labeling problem (P-can__445.mtx.rnd):
c [Main] Child pid 387 - 828813 terminated by signal 15.
c [Main] Child pid 388 - 828812 terminated by signal 15.
c [Label = 377] Minimize Makespan Labeling problem (P-can__445.mtx.rnd):
c [Label = 378] Minimize Makespan Labeling problem (P-can__445.mtx.rnd):
c [Main] Child pid 384 - 828816 terminated by signal 15.
c [Label = 376] Minimize Makespan Labeling problem (P-can__445.mtx.rnd):
c [Main] Child pid 385 - 828815 terminated by signal 15.
c [Label = 375] Minimize Makespan Labeling problem (P-can__445.mtx.rnd):
c [Label = 382] Encoding starts with target value = 87:
c [Label = 382] Encoding duration: 5152ms.
c [Label = 382] Number of clauses: 3999317.
c [Label = 382] Number of variables: 526880.
c [Label = 382] Solving duration: 89262 ms.
s [Label = 382] SAT (w = 87).
c [Label = 382]Label assignment: 67 3 382 54 289 382 382 177 209 314 290 208 177 207 227 311 208 120 168 208 382 349 264 88 73 208 103 329 306 219 166 243 68 202 382 382 295 253 295 295 79 1 88 295 160 295 88 121 295 261 87 311 208 33 376 121 53 382 210 1 208 168 296 330 103 100 26 90 298 295 174 361 228 87 330 174 189 202 295 19 101 141 329 87 187 202 121 334 295 264 382 2 87 211 241 329 120 295 175 348 88 208 295 287 228 289 174 208 155 200 382 242 208 1 16 88 81 121 200 227 89 295 348 208 242 103 349 295 156 382 208 374 54 296 33 39 382 227 295 16 190 79 81 2 295 295 237 19 334 374 243 66 208 208 174 382 382 349 113 45 295 328 160 295 382 208 208 324 253 295 79 121 155 35 121 107 140 101 328 376 348 382 287 2 188 200 202 103 87 295 155 1 87 54 202 90 68 295 3 262 275 154 289 121 121 53 121 121 13 69 275 175 382 262 208 121 20 121 298 295 208 174 14 188 364 340 140 89 121 123 295 328 100 327 382 376 321 102 349 29 113 237 311 382 295 263 227 295 34 241 296 208 324 295 321 3 175 314 208 166 121 33 298 208 30 81 295 242 363 34 208 142 261 87 113 295 87 121 34 121 277 34 208 11 296 55 350 26 69 87 1 1 119 153 209 202 314 190 166 34 87 121 281 121 174 295 289 328 209 175 154 247 368 208 262 87 54 107 113 275 299 208 363 190 382 295 121 122 382 324 274 281 177 224 141 81 241 295 121 382 1 194 73 208 132 33 121 39 35 261 362 194 121 295 255 16 54 208 382 382 262 103 208 34 295 208 241 295 382 19 349 121 33 32 16 34 289 289 154 121 228 208 287 262 115 208 208 208 208 349 255 382 87 295 241 382 206 56 121 374 348 121 340 141 208 275 188 208 45 4 382 241 19 224 175 168 140 362 202 234 140 121 156 328 208 122 87 88 121 328 29 118 351 121 276 150 67 376 295 247 115 253 1 121 209 
c [Main] Lowest label SAT is set to 382.
c [Label = 374] Minimize Makespan Labeling problem (P-can__445.mtx.rnd):
c [Label = 380] Encoding starts with target value = 87:
c [Label = 380] Encoding duration: 8947ms.
c [Label = 380] Number of clauses: 3981410.
c [Label = 380] Number of variables: 525100.
c [Label = 380] Solving duration: 109768 ms.
s [Label = 380] SAT (w = 87).
c [Label = 380]Label assignment: 325 87 56 293 174 68 59 262 293 380 206 261 260 262 112 87 32 174 229 86 174 55 143 325 317 380 1 24 32 119 238 142 293 261 87 87 86 151 173 6 357 87 349 206 230 352 348 293 379 175 174 87 302 293 87 293 293 96 380 119 293 261 206 24 380 349 325 349 206 87 261 56 325 349 24 380 230 293 206 87 380 230 379 349 261 261 262 24 87 174 178 87 293 380 119 373 205 175 238 86 349 118 87 151 111 206 379 357 198 32 87 87 349 88 206 270 348 292 293 87 380 175 380 263 87 293 56 348 229 56 261 64 325 175 119 286 64 111 183 87 380 357 348 56 174 175 119 119 24 32 119 349 261 380 206 64 205 55 380 151 144 1 230 119 264 1 380 206 357 174 325 215 230 317 293 293 199 349 32 55 380 87 119 87 262 238 293 293 292 351 177 96 325 317 293 380 349 349 87 151 174 238 174 380 198 317 174 1 56 316 151 261 261 151 293 380 87 261 206 174 352 261 87 238 23 64 206 348 262 293 174 32 348 206 57 87 33 32 32 293 215 87 174 58 151 119 119 174 325 206 206 262 380 174 32 119 261 380 261 238 293 293 175 379 87 348 87 143 24 86 380 206 119 349 380 174 174 294 286 174 119 57 262 119 175 293 31 119 316 351 6 88 293 230 293 261 380 380 270 87 293 174 143 174 262 174 174 24 293 230 206 111 56 302 143 173 317 380 9 151 175 87 56 293 119 87 32 380 56 32 173 175 262 293 230 325 119 119 380 56 87 262 349 293 238 294 350 317 317 143 32 380 206 175 142 206 317 260 261 87 143 380 293 87 155 1 143 206 87 293 56 380 293 87 87 57 174 151 206 206 111 380 206 142 380 261 292 261 56 56 142 57 349 183 325 87 380 348 238 64 24 380 64 238 260 206 238 350 151 88 206 118 87 293 238 229 199 32 293 128 206 350 229 380 59 380 350 349 174 31 149 261 56 265 119 206 325 55 173 143 380 151 88 263 350 
c [Main] Lowest label SAT is set to 380.
c [Main] Kill higher label pid 381.
c [Label = 373] Minimize Makespan Labeling problem (P-can__445.mtx.rnd):
c [Label = 381] Encoding starts with target value = 87:
c [Label = 381] Encoding duration: 9211ms.
c [Label = 381] Number of clauses: 3990363.
c [Label = 381] Number of variables: 525990.
c [Signal] Signal interruption. Caught signal: SIGTERM (15).
c [Main] Child pid 381 - 828847 terminated by signal 15.
c [Label = 372] Minimize Makespan Labeling problem (P-can__445.mtx.rnd):
c [Label = 375] Encoding starts with target value = 87:
c [Label = 375] Encoding duration: 9845ms.
c [Label = 375] Number of clauses: 3936642.
c [Label = 375] Number of variables: 520650.
c [Label = 375] Solving duration: 140814 ms.
s [Label = 375] SAT (w = 87).
c [Label = 375]Label assignment: 375 7 61 375 121 24 1 201 148 61 114 174 201 208 148 1 201 249 235 174 374 34 111 349 366 283 262 34 87 174 279 148 360 225 34 375 87 192 113 87 375 24 312 114 252 173 322 261 72 349 262 375 192 348 34 288 349 27 288 88 201 225 114 34 262 288 375 288 114 88 225 24 201 287 34 175 262 208 105 349 295 235 88 262 201 225 201 61 200 111 375 24 279 288 174 61 249 87 262 87 339 201 87 165 148 114 175 288 262 175 1 175 288 24 88 201 312 288 201 175 312 88 88 174 175 262 51 87 235 61 175 78 1 114 375 349 51 148 114 375 174 366 339 51 107 87 201 24 51 78 147 312 235 201 273 375 375 34 295 375 114 174 252 201 355 114 174 87 174 87 366 288 225 322 201 262 235 339 288 51 87 375 174 34 201 252 208 262 262 87 262 7 349 322 208 295 312 87 7 175 114 87 121 288 261 322 262 288 375 339 175 225 375 138 201 288 88 181 114 87 110 208 26 262 61 288 235 322 201 201 114 87 288 87 375 24 87 288 88 1 288 288 87 375 148 165 148 121 375 261 88 201 201 138 87 7 225 61 175 279 288 375 114 174 375 322 87 138 78 375 175 235 186 312 295 87 288 288 349 262 349 375 201 375 111 348 60 375 322 288 375 1 201 209 201 235 61 175 87 349 262 288 165 261 174 94 121 48 201 208 261 165 78 201 121 261 339 279 288 165 113 162 27 175 375 87 279 288 24 288 114 366 200 175 235 349 174 87 288 375 27 175 339 175 288 375 288 339 322 138 78 175 288 88 148 87 322 200 360 375 138 312 201 375 113 290 122 114 7 349 34 288 336 375 375 375 138 148 261 288 148 174 366 121 312 201 162 200 174 51 138 27 312 114 174 87 288 296 288 88 61 288 288 105 174 174 252 288 375 7 375 148 348 174 252 252 262 87 225 174 235 288 235 61 86 288 261 295 262 61 375 194 8 287 175 288 366 61 87 165 312 192 27 201 288 
c [Main] Lowest label SAT is set to 375.
c [Main] Kill higher label pid 376.
c [Main] Kill higher label pid 377.
c [Main] Kill higher label pid 378.
c [Main] Kill higher label pid 379.
c [Label = 376] Encoding starts with target value = 87:
c [Label = 376] Encoding duration: 9228ms.
c [Label = 376] Number of clauses: 3945596.
c [Label = 376] Number of variables: 521540.
c [Signal] Signal interruption. Caught signal: SIGTERM (15).
c [Label = 378] Encoding starts with target value = 87:
c [Label = 378] Encoding duration: 8667ms.
c [Label = 378] Number of clauses: 3963503.
c [Label = 378] Number of variables: 523320.
c [Signal] Signal interruption. Caught signal: SIGTERM (15).
c [Label = 379] Encoding starts with target value = 87:
c [Label = 379] Encoding duration: 8727ms.
c [Label = 379] Number of clauses: 3972456.
c [Label = 379] Number of variables: 524210.
c [Signal] Signal interruption. Caught signal: SIGTERM (15).
c [Label = 377] Encoding starts with target value = 87:
c [Label = 377] Encoding duration: 8550ms.
c [Label = 377] Number of clauses: 3954549.
c [Label = 377] Number of variables: 522430.
c [Signal] Signal interruption. Caught signal: SIGTERM (15).
c [Label = 371] Minimize Makespan Labeling problem (P-can__445.mtx.rnd):
c [Main] Child pid 378 - 828850 terminated by signal 15.
c [Label = 370] Minimize Makespan Labeling problem (P-can__445.mtx.rnd):
c [Main] Child pid 379 - 828849 terminated by signal 15.
c [Label = 369] Minimize Makespan Labeling problem (P-can__445.mtx.rnd):
c [Main] Child pid 377 - 828851 terminated by signal 15.
c [Label = 368] Minimize Makespan Labeling problem (P-can__445.mtx.rnd):
c [Main] Child pid 376 - 828852 terminated by signal 15.
c [Label = 367] Minimize Makespan Labeling problem (P-can__445.mtx.rnd):
c [Label = 373] Encoding starts with target value = 87:
c [Label = 373] Encoding duration: 9423ms.
c [Label = 373] Number of clauses: 3918735.
c [Label = 373] Number of variables: 518870.
c [Label = 373] Solving duration: 71841 ms.
s [Label = 373] SAT (w = 87).
c [Label = 373]Label assignment: 87 125 150 64 224 124 287 317 286 174 224 286 311 306 261 112 285 359 348 286 112 149 211 63 62 311 373 149 199 286 348 261 64 331 132 87 174 286 211 198 87 125 38 224 348 200 45 1 183 87 373 111 286 87 149 1 63 137 308 174 311 323 213 161 373 12 111 25 212 372 323 124 286 25 149 261 348 324 199 87 20 348 174 373 298 324 25 161 287 230 112 137 174 299 262 174 348 199 348 174 63 373 199 261 261 224 261 311 350 285 112 263 304 132 199 25 37 373 311 261 50 199 151 286 263 373 149 199 348 150 286 174 87 199 112 74 150 261 224 112 286 87 62 150 211 199 263 125 149 162 248 37 331 287 348 112 87 149 38 87 211 286 348 372 87 198 286 221 261 199 75 25 323 62 13 372 348 63 373 149 174 112 285 137 299 348 323 373 348 199 350 112 63 62 311 37 37 199 124 261 212 199 236 6 373 62 373 25 112 63 261 324 87 237 300 25 174 25 212 199 200 323 113 348 174 373 348 50 25 38 211 199 25 212 112 143 199 25 174 175 24 350 199 112 244 262 261 219 112 373 199 286 263 244 199 125 323 174 286 373 372 112 221 286 124 47 199 236 161 87 286 348 261 37 25 211 373 285 87 373 87 112 311 112 219 65 161 112 62 12 198 112 22 323 311 324 174 286 174 87 373 373 261 373 286 211 237 160 311 323 373 261 174 311 236 1 62 373 25 261 200 261 124 286 112 199 373 25 124 373 211 87 311 286 348 63 286 198 25 112 137 286 62 286 373 87 12 62 63 236 174 261 25 199 261 199 62 298 96 112 236 45 311 112 211 311 236 224 124 87 149 25 73 125 112 112 237 237 349 14 261 286 87 236 38 298 272 298 286 149 236 124 37 224 286 174 308 37 373 174 174 25 373 174 286 286 348 298 87 113 86 261 87 311 348 349 349 174 336 286 348 373 348 174 287 25 373 37 373 174 87 37 124 1 252 350 87 150 199 261 50 261 112 12 287 
c [Main] Lowest label SAT is set to 373.
c [Main] Kill higher label pid 374.
c [Label = 374] Encoding starts with target value = 87:
c [Label = 374] Encoding duration: 9762ms.
c [Label = 374] Number of clauses: 3927689.
c [Label = 374] Number of variables: 519760.
c [Signal] Signal interruption. Caught signal: SIGTERM (15).
c [Label = 366] Minimize Makespan Labeling problem (P-can__445.mtx.rnd):
c [Main] Child pid 374 - 828870 terminated by signal 15.
c [Label = 365] Minimize Makespan Labeling problem (P-can__445.mtx.rnd):
c [Label = 369] Encoding starts with target value = 87:
c [Label = 369] Encoding duration: 6342ms.
c [Label = 369] Number of clauses: 3882921.
c [Label = 369] Number of variables: 515310.
c [Label = 369] Solving duration: 149521 ms.
s [Label = 369] SAT (w = 87).
c [Label = 369]Label assignment: 253 354 37 261 82 350 303 267 199 5 61 241 256 277 158 301 187 92 298 220 301 16 82 232 232 159 127 37 19 193 353 124 245 277 364 333 25 166 61 220 266 364 190 40 298 21 190 112 25 328 133 322 214 261 364 96 245 343 159 26 235 277 40 58 127 155 291 159 61 25 277 364 187 148 37 220 319 256 40 286 190 319 5 138 263 277 169 58 3 82 284 343 121 159 158 71 353 61 332 46 211 26 21 145 145 61 220 256 332 204 322 179 256 343 19 169 190 113 235 179 148 40 92 246 158 106 16 46 298 37 199 55 253 61 274 245 16 179 61 312 214 245 211 16 72 51 166 343 37 58 145 190 298 183 332 328 307 16 148 274 68 174 319 208 307 13 199 51 187 51 245 106 298 232 246 117 333 211 361 16 71 333 340 364 277 319 267 127 133 46 353 322 232 211 256 180 190 25 354 158 83 79 82 138 92 232 92 148 343 232 158 277 307 103 214 127 30 246 72 67 197 277 364 332 37 361 332 190 169 246 82 9 154 51 333 364 9 127 71 266 113 1 40 333 124 145 158 82 287 1 30 235 174 103 19 322 277 71 235 353 100 280 72 200 333 190 25 124 50 287 193 340 158 176 148 51 133 121 266 92 301 343 225 301 82 245 58 301 211 148 308 312 246 298 225 298 4 195 79 286 108 112 124 112 241 61 82 71 235 277 353 145 37 214 103 133 211 138 127 145 82 179 364 214 322 2 127 138 343 361 82 312 256 214 319 232 166 13 148 328 343 225 211 225 96 261 154 232 245 103 58 208 96 51 124 40 211 246 307 322 103 169 235 333 68 256 124 40 343 266 16 138 266 333 322 343 103 124 332 106 145 220 308 103 169 246 199 235 220 16 103 350 169 61 187 46 159 190 100 71 58 138 361 79 241 340 319 256 274 364 295 158 286 225 298 319 353 71 256 200 353 148 319 92 211 138 154 169 112 71 274 246 364 108 145 353 245 37 61 124 169 166 343 169 256 
c [Main] Lowest label SAT is set to 369.
c [Main] Kill higher label pid 370.
c [Main] Kill higher label pid 371.
c [Main] Kill higher label pid 372.
c [Label = 370] Encoding starts with target value = 87:
c [Label = 370] Encoding duration: 6332ms.
c [Label = 370] Number of clauses: 3891875.
c [Label = 370] Number of variables: 516200.
c [Signal] Signal interruption. Caught signal: SIGTERM (15).
c [Label = 371] Encoding starts with target value = 87:
c [Label = 371] Encoding duration: 6220ms.
c [Label = 371] Number of clauses: 3900828.
c [Label = 371] Number of variables: 517090.
c [Signal] Signal interruption. Caught signal: SIGTERM (15).
c [Label = 372] Encoding starts with target value = 87:
c [Label = 372] Encoding duration: 9343ms.
c [Label = 372] Number of clauses: 3909782.
c [Label = 372] Number of variables: 517980.
c [Signal] Signal interruption. Caught signal: SIGTERM (15).
c [Label = 364] Minimize Makespan Labeling problem (P-can__445.mtx.rnd):
c [Main] Child pid 372 - 829333 terminated by signal 15.
c [Label = 363] Minimize Makespan Labeling problem (P-can__445.mtx.rnd):
c [Main] Child pid 370 - 829348 terminated by signal 15.
c [Label = 362] Minimize Makespan Labeling problem (P-can__445.mtx.rnd):
c [Main] Child pid 371 - 829347 terminated by signal 15.
c [Label = 361] Minimize Makespan Labeling problem (P-can__445.mtx.rnd):
c [Label = 368] Encoding starts with target value = 87:
c [Label = 368] Encoding duration: 8208ms.
c [Label = 368] Number of clauses: 3873968.
c [Label = 368] Number of variables: 514420.
c [Label = 368] Solving duration: 406696 ms.
s [Label = 368] SAT (w = 87).
c [Label = 368]Label assignment: 50 155 204 50 254 146 7 68 368 264 234 20 59 68 331 110 351 177 97 368 87 184 252 30 30 332 301 204 197 3 157 291 50 78 167 127 193 331 233 2 51 165 359 217 97 281 359 272 174 107 281 107 23 53 165 264 50 146 330 197 43 77 217 224 301 321 90 320 234 195 78 165 351 320 204 19 117 60 217 87 347 117 264 301 59 78 328 224 3 251 90 147 284 330 331 244 157 234 137 194 10 196 281 311 311 237 10 50 137 3 127 351 60 150 197 331 358 283 43 351 324 214 264 40 331 284 185 194 97 204 2 224 50 234 70 50 184 351 237 127 368 50 10 184 245 214 331 147 204 224 311 358 97 351 137 107 106 184 321 70 234 332 117 195 87 3 368 234 351 214 50 284 97 30 60 284 137 10 157 184 244 138 137 165 66 117 68 281 291 194 157 130 30 10 63 349 359 193 155 331 252 244 252 301 177 30 177 321 127 30 331 78 106 272 23 304 197 51 242 214 284 77 153 137 204 157 137 359 329 49 240 177 301 234 127 164 177 304 244 244 284 138 214 127 291 311 331 254 90 177 214 40 331 271 197 130 78 244 20 138 264 90 242 2 147 358 174 291 224 90 3 137 331 340 324 234 281 283 70 177 107 147 40 110 242 50 224 110 10 301 107 127 60 97 40 97 264 3 244 90 194 281 291 261 20 232 252 244 40 77 155 311 204 23 271 281 10 304 304 311 242 351 165 20 130 177 304 321 146 157 253 110 58 23 117 30 331 177 321 107 150 23 10 20 264 244 321 30 50 271 224 3 264 214 291 194 10 40 87 127 272 343 40 147 233 59 291 217 145 70 184 321 70 147 127 147 271 291 137 284 311 368 110 271 339 40 368 40 368 184 271 147 340 233 351 204 332 358 264 244 224 321 157 244 20 137 117 60 70 155 90 331 87 40 97 117 157 243 60 3 157 321 117 264 368 321 301 339 281 244 70 51 164 194 311 155 50 204 214 291 341 331 146 329 48 
c [Main] Lowest label SAT is set to 368.
c [Label = 360] Minimize Makespan Labeling problem (P-can__445.mtx.rnd):
c [Label = 360] Encoding starts with target value = 87:
c [Label = 360] Encoding duration: 4782ms.
c [Label = 360] Number of clauses: 3802340.
c [Label = 360] Number of variables: 507300.
c [Signal] Signal interruption. Caught signal: SIGTERM (15).
c [Label = 362] Encoding starts with target value = 87:
c [Label = 362] Encoding duration: 4545ms.
c [Label = 362] Number of clauses: 3820247.
c [Label = 362] Number of variables: 509080.
c [Signal] Signal interruption. Caught signal: SIGTERM (15).
c [Label = 361] Encoding starts with target value = 87:
c [Label = 361] Encoding duration: 4722ms.
c [Label = 361] Number of clauses: 3811293.
c [Label = 361] Number of variables: 508190.
c [Signal] Signal interruption. Caught signal: SIGTERM (15).
c [Label = 364] Encoding starts with target value = 87:
c [Label = 364] Encoding duration: 4637ms.
c [Label = 364] Number of clauses: 3838154.
c [Label = 364] Number of variables: 510860.
c [Signal] Signal interruption. Caught signal: SIGTERM (15).
c [Label = 366] Encoding starts with target value = 87:
c [Label = 366] Encoding duration: 5239ms.
c [Label = 366] Number of clauses: 3856061.
c [Label = 366] Number of variables: 512640.
c [Signal] Signal interruption. Caught signal: SIGTERM (15).
c [Label = 363] Encoding starts with target value = 87:
c [Label = 363] Encoding duration: 4712ms.
c [Label = 363] Number of clauses: 3829200.
c [Label = 363] Number of variables: 509970.
c [Signal] Signal interruption. Caught signal: SIGTERM (15).
c [Label = 365] Encoding starts with target value = 87:
c [Label = 365] Encoding duration: 5228ms.
c [Label = 365] Number of clauses: 3847107.
c [Label = 365] Number of variables: 511750.
c [Signal] Signal interruption. Caught signal: SIGTERM (15).
c [Main] Lim pid ends with result: 254.
c [Main] All children have completed.
r [Main] 
r [Main] Final results: 
r [Main] Lowest label SAT:  	368.
r [Main] Highest label UNSAT:	-.
r [Main] Total real time: 1813465 ms.
r [Main] Total memory consumed: 11644.4 MB.
r [Main] 
c [Label = 367] Encoding starts with target value = 87:
c [Label = 367] Encoding duration: 6099ms.
c [Label = 367] Number of clauses: 3865014.
c [Label = 367] Number of variables: 513530.
c [Signal] Signal interruption. Caught signal: SIGTERM (15).
