c [Version] Minimize Makespan Labeling Encoder version 1.0.0.
c [Param] LB is predefined as 259.
c [Param] UB is predefined as 546.
c [Param] Memory limit is set to 30000.
c [Param] Real time limit is set to 1800.
c [Param] Worker count is set to 8.
c [Main] Search strategy: Iterating from upper bound.
c [Main] Search order: 546 545 544 543 542 541 540 539 538 537 536 535 534 533 532 531 530 529 528 527 526 525 524 523 522 521 520 519 518 517 516 515 514 513 512 511 510 509 508 507 506 505 504 503 502 501 500 499 498 497 496 495 494 493 492 491 490 489 488 487 486 485 484 483 482 481 480 479 478 477 476 475 474 473 472 471 470 469 468 467 466 465 464 463 462 461 460 459 458 457 456 455 454 453 452 451 450 449 448 447 446 445 444 443 442 441 440 439 438 437 436 435 434 433 432 431 430 429 428 427 426 425 424 423 422 421 420 419 418 417 416 415 414 413 412 411 410 409 408 407 406 405 404 403 402 401 400 399 398 397 396 395 394 393 392 391 390 389 388 387 386 385 384 383 382 381 380 379 378 377 376 375 374 373 372 371 370 369 368 367 366 365 364 363 362 361 360 359 358 357 356 355 354 353 352 351 350 349 348 347 346 345 344 343 342 341 340 339 338 337 336 335 334 333 332 331 330 329 328 327 326 325 324 323 322 321 320 319 318 317 316 315 314 313 312 311 310 309 308 307 306 305 304 303 302 301 300 299 298 297 296 295 294 293 292 291 290 289 288 287 286 285 284 283 282 281 280 279 278 277 276 275 274 273 272 271 270 269 268 267 266 265 264 263 262 261 260 259.
c [Main] Encoding and solving for graph: S-sherman4.mtx.rnd.
c [Label = 546] Minimize Makespan Labeling problem (S-sherman4.mtx.rnd):
c [Label = 545] Minimize Makespan Labeling problem (S-sherman4.mtx.rnd):
c [Label = 544] Minimize Makespan Labeling problem (S-sherman4.mtx.rnd):
c [Label = 543] Minimize Makespan Labeling problem (S-sherman4.mtx.rnd):
c [Label = 542] Minimize Makespan Labeling problem (S-sherman4.mtx.rnd):
c [Label = 541] Minimize Makespan Labeling problem (S-sherman4.mtx.rnd):
c [Label = 539] Minimize Makespan Labeling problem (S-sherman4.mtx.rnd):
c [Label = 540] Minimize Makespan Labeling problem (S-sherman4.mtx.rnd):
c [Label = 540] Encoding starts with target value = 258:
c [Label = 540] Encoding duration: 8862ms.
c [Label = 540] Number of clauses: 5753991.
c [Label = 540] Number of variables: 1007370.
c [Label = 540] Solving duration: 18127 ms.
s [Label = 540] SAT (w = 258).
c [Label = 540]Label assignment: 1 1 258 258 307 24 1 50 1 1 281 1 1 239 1 1 24 259 259 235 1 282 236 25 236 280 18 1 8 235 236 282 258 234 1 1 258 7 258 1 23 236 19 282 282 282 259 283 282 282 258 282 530 22 307 5 524 331 283 282 235 236 235 258 259 517 280 540 258 49 297 539 1 1 48 1 540 282 1 540 260 307 1 258 516 540 258 1 540 1 1 540 259 260 539 259 1 259 241 258 308 540 539 282 282 284 265 22 259 50 258 540 517 26 540 236 282 282 282 259 523 282 307 283 278 258 280 1 259 276 540 257 258 276 307 1 25 282 516 281 307 281 540 2 517 1 49 540 257 9 540 262 1 539 259 308 259 259 540 42 540 540 283 1 282 258 539 236 25 539 1 14 282 282 540 258 236 259 540 2 540 539 517 7 517 272 281 257 282 521 540 259 1 284 282 258 18 540 540 283 26 540 539 260 281 282 43 518 258 26 517 259 540 281 1 516 259 540 282 259 257 259 540 538 517 260 523 282 284 49 282 539 539 258 266 259 258 516 20 540 289 272 540 516 282 259 258 236 540 18 523 516 258 281 282 265 26 258 257 494 540 257 22 25 282 259 259 280 282 282 524 283 259 24 526 25 282 1 265 282 308 26 259 540 259 257 524 259 281 540 1 259 282 259 258 259 1 540 284 260 540 1 22 540 517 258 540 540 515 539 235 281 540 280 1 265 540 21 282 540 301 259 517 24 259 540 540 282 258 517 539 517 284 282 257 265 236 331 516 516 259 300 540 280 258 540 259 539 284 540 540 523 258 1 282 540 518 538 518 518 500 1 540 284 540 259 258 258 259 24 280 516 540 24 540 324 540 540 283 1 516 1 282 259 282 518 282 540 540 1 26 280 517 281 282 282 1 2 540 281 282 265 540 1 259 49 283 517 22 283 517 282 258 260 286 540 517 540 283 25 515 539 1 259 242 263 49 521 516 1 259 516 517 278 282 265 259 524 278 308 517 1 259 23 539 515 313 1 540 281 540 281 259 257 265 20 517 1 517 540 282 272 539 517 283 524 282 258 282 259 540 282 282 516 24 259 539 260 540 258 307 517 540 280 523 518 539 540 259 517 530 540 22 281 517 276 540 258 518 523 259 517 263 282 258 282 278 259 25 306 258 258 260 282 257 282 31 259 516 266 540 518 7 283 540 539 258 259 282 1 258 540 540 258 259 2 540 539 282 540 517 25 524 540 266 259 
c [Label = 541] Encoding starts with target value = 258:
c [Label = 541] Encoding duration: 8829ms.
c [Label = 541] Number of clauses: 5762085.
c [Label = 541] Number of variables: 1008462.
c [Label = 541] Solving duration: 18322 ms.
s [Label = 541] SAT (w = 258).
c [Label = 541]Label assignment: 1 1 258 258 309 25 1 52 1 1 282 1 1 238 1 1 25 259 259 234 1 283 235 26 235 281 19 1 8 234 235 283 258 233 1 1 258 7 258 1 24 235 20 283 283 283 259 284 283 283 258 283 531 23 309 5 524 334 284 283 234 235 234 258 259 517 281 541 258 51 299 540 1 1 50 1 541 283 1 541 260 309 1 258 516 541 258 1 541 1 1 541 259 260 540 259 1 259 240 258 310 541 540 283 283 285 265 23 259 52 258 541 517 27 541 235 283 283 283 259 523 283 309 284 279 258 281 1 259 277 541 257 258 277 309 1 26 283 516 282 309 282 541 2 517 1 51 541 257 9 541 262 1 540 259 310 259 259 541 44 541 541 284 1 283 258 540 235 26 540 1 15 283 283 541 258 235 259 541 2 541 540 517 7 517 273 282 257 283 521 541 259 1 285 283 258 19 541 541 284 27 541 540 260 282 283 45 518 258 27 517 259 541 282 1 516 259 541 283 259 257 259 541 539 517 260 523 283 285 51 283 540 540 258 266 259 258 516 21 541 290 273 541 516 283 259 258 235 541 19 523 516 258 282 283 265 27 258 257 493 541 257 23 26 283 259 259 281 283 283 524 284 259 25 527 26 283 1 265 283 310 27 259 541 259 257 524 259 282 541 1 259 283 259 258 259 1 541 285 260 541 1 23 541 517 258 541 541 515 540 234 282 541 281 1 265 541 22 283 541 303 259 517 25 259 541 541 283 258 517 540 517 285 283 257 265 235 334 516 516 259 302 541 281 258 541 259 540 285 541 541 523 258 1 283 541 518 539 518 518 499 1 541 285 541 259 258 258 259 25 281 516 541 25 541 327 541 541 284 1 516 1 283 259 283 518 283 541 541 1 27 281 517 282 283 283 1 2 541 282 283 265 541 1 259 51 284 517 23 284 517 283 258 260 287 541 517 541 284 26 515 540 1 259 241 263 51 521 516 1 259 516 517 279 283 265 259 524 279 310 517 1 259 24 540 515 315 1 541 282 541 282 259 257 265 21 517 1 517 541 283 273 540 517 284 524 283 258 283 259 541 283 283 516 25 259 540 260 541 258 309 517 541 281 523 518 540 541 259 517 531 541 23 282 517 277 541 258 518 523 259 517 263 283 258 283 279 259 26 308 258 258 260 283 257 283 32 259 516 266 541 518 7 284 541 540 258 259 283 1 258 541 541 258 259 2 541 540 283 541 517 26 524 541 266 259 
c [Signal] Signal interruption. Caught signal: SIGTERM (15).
c [Main] Lowest label SAT is set to 540.
c [Main] Kill higher label pid 541.
c [Main] Kill higher label pid 542.
c [Main] Kill higher label pid 543.
c [Main] Kill higher label pid 544.
c [Main] Kill higher label pid 545.
c [Main] Kill higher label pid 546.
c [Label = 544] Encoding starts with target value = 258:
c [Label = 544] Encoding duration: 8970ms.
c [Label = 544] Number of clauses: 5786369.
c [Label = 544] Number of variables: 1011738.
c [Label = 544] Solving duration: 18665 ms.
s [Label = 544] SAT (w = 258).
c [Label = 544]Label assignment: 1 1 258 258 315 28 1 58 1 1 285 1 1 235 1 1 28 259 259 231 1 286 232 29 232 284 22 1 8 231 232 286 258 230 1 1 258 7 258 1 27 232 23 286 286 286 259 287 286 286 258 286 534 26 315 5 524 343 287 286 231 232 231 258 259 517 284 544 258 57 303 543 1 1 56 1 544 286 1 544 260 315 1 258 516 544 258 1 544 1 1 544 259 260 543 259 1 259 237 258 316 544 543 286 286 288 265 26 259 58 258 544 517 30 544 232 286 286 286 259 523 286 315 287 282 258 284 1 259 280 544 257 258 280 315 1 29 286 516 285 315 285 544 2 517 1 57 544 257 9 544 262 1 543 259 316 259 259 544 50 544 544 287 1 286 258 543 232 29 543 1 18 286 286 544 258 232 259 544 2 544 543 517 7 517 276 285 257 286 521 544 259 1 288 286 258 22 544 544 287 30 544 543 260 285 286 51 518 258 30 517 259 544 285 1 516 259 544 286 259 257 259 544 542 517 260 523 286 288 57 286 543 543 258 266 259 258 516 24 544 293 276 544 516 286 259 258 232 544 22 523 516 258 285 286 265 30 258 257 490 544 257 26 29 286 259 259 284 286 286 524 287 259 28 530 29 286 1 265 286 316 30 259 544 259 257 524 259 285 544 1 259 286 259 258 259 1 544 288 260 544 1 26 544 517 258 544 544 515 543 231 285 544 284 1 265 544 25 286 544 309 259 517 28 259 544 544 286 258 517 543 517 288 286 257 265 232 343 516 516 259 308 544 284 258 544 259 543 288 544 544 523 258 1 286 544 518 542 518 518 496 1 544 288 544 259 258 258 259 28 284 516 544 28 544 336 544 544 287 1 516 1 286 259 286 518 286 544 544 1 30 284 517 285 286 286 1 2 544 285 286 265 544 1 259 57 287 517 26 287 517 286 258 260 290 544 517 544 287 29 515 543 1 259 238 263 57 521 516 1 259 516 517 282 286 265 259 524 282 316 517 1 259 27 543 515 321 1 544 285 544 285 259 257 265 24 517 1 517 544 286 276 543 517 287 524 286 258 286 259 544 286 286 516 28 259 543 260 544 258 315 517 544 284 523 518 543 544 259 517 534 544 26 285 517 280 544 258 518 523 259 517 263 286 258 286 282 259 29 314 258 258 260 286 257 286 35 259 516 266 544 518 7 287 544 543 258 259 286 1 258 544 544 258 259 2 544 543 286 544 517 29 524 544 266 259 
c [Signal] Signal interruption. Caught signal: SIGTERM (15).
c [Label = 545] Encoding starts with target value = 258:
c [Label = 545] Encoding duration: 8907ms.
c [Label = 545] Number of clauses: 5794463.
c [Label = 545] Number of variables: 1012830.
c [Label = 545] Solving duration: 18306 ms.
s [Label = 545] SAT (w = 258).
c [Label = 545]Label assignment: 1 1 258 258 317 29 1 60 1 1 286 1 1 234 1 1 29 259 259 230 1 287 231 30 231 285 23 1 8 230 231 287 258 229 1 1 258 7 258 1 28 231 24 287 287 287 259 288 287 287 258 287 535 27 317 5 524 346 288 287 230 231 230 258 259 517 285 545 258 59 305 544 1 1 58 1 545 287 1 545 260 317 1 258 516 545 258 1 545 1 1 545 259 260 544 259 1 259 236 258 318 545 544 287 287 289 265 27 259 60 258 545 517 31 545 231 287 287 287 259 523 287 317 288 283 258 285 1 259 281 545 257 258 281 317 1 30 287 516 286 317 286 545 2 517 1 59 545 257 9 545 262 1 544 259 318 259 259 545 52 545 545 288 1 287 258 544 231 30 544 1 19 287 287 545 258 231 259 545 2 545 544 517 7 517 277 286 257 287 521 545 259 1 289 287 258 23 545 545 288 31 545 544 260 286 287 53 518 258 31 517 259 545 286 1 516 259 545 287 259 257 259 545 543 517 260 523 287 289 59 287 544 544 258 266 259 258 516 25 545 294 277 545 516 287 259 258 231 545 23 523 516 258 286 287 265 31 258 257 489 545 257 27 30 287 259 259 285 287 287 524 288 259 29 531 30 287 1 265 287 318 31 259 545 259 257 524 259 286 545 1 259 287 259 258 259 1 545 289 260 545 1 27 545 517 258 545 545 515 544 230 286 545 285 1 265 545 26 287 545 311 259 517 29 259 545 545 287 258 517 544 517 289 287 257 265 231 346 516 516 259 310 545 285 258 545 259 544 289 545 545 523 258 1 287 545 518 543 518 518 495 1 545 289 545 259 258 258 259 29 285 516 545 29 545 339 545 545 288 1 516 1 287 259 287 518 287 545 545 1 31 285 517 286 287 287 1 2 545 286 287 265 545 1 259 59 288 517 27 288 517 287 258 260 291 545 517 545 288 30 515 544 1 259 237 263 59 521 516 1 259 516 517 283 287 265 259 524 283 318 517 1 259 28 544 515 323 1 545 286 545 286 259 257 265 25 517 1 517 545 287 277 544 517 288 524 287 258 287 259 545 287 287 516 29 259 544 260 545 258 317 517 545 285 523 518 544 545 259 517 535 545 27 286 517 281 545 258 518 523 259 517 263 287 258 287 283 259 30 316 258 258 260 287 257 287 36 259 516 266 545 518 7 288 545 544 258 259 287 1 258 545 545 258 259 2 545 544 287 545 517 30 524 545 266 259 
c [Signal] Signal interruption. Caught signal: SIGTERM (15).
c [Label = 543] Encoding starts with target value = 258:
c [Label = 543] Encoding duration: 8932ms.
c [Label = 543] Number of clauses: 5778274.
c [Label = 543] Number of variables: 1010646.
c [Label = 543] Solving duration: 18231 ms.
s [Label = 543] SAT (w = 258).
c [Label = 543]Label assignment: 1 1 258 258 313 27 1 56 1 1 284 1 1 236 1 1 27 259 259 232 1 285 233 28 233 283 21 1 8 232 233 285 258 231 1 1 258 7 258 1 26 233 22 285 285 285 259 286 285 285 258 285 533 25 313 5 524 340 286 285 232 233 232 258 259 517 283 543 258 55 302 542 1 1 54 1 543 285 1 543 260 313 1 258 516 543 258 1 543 1 1 543 259 260 542 259 1 259 238 258 314 543 542 285 285 287 265 25 259 56 258 543 517 29 543 233 285 285 285 259 523 285 313 286 281 258 283 1 259 279 543 257 258 279 313 1 28 285 516 284 313 284 543 2 517 1 55 543 257 9 543 262 1 542 259 314 259 259 543 48 543 543 286 1 285 258 542 233 28 542 1 17 285 285 543 258 233 259 543 2 543 542 517 7 517 275 284 257 285 521 543 259 1 287 285 258 21 543 543 286 29 543 542 260 284 285 49 518 258 29 517 259 543 284 1 516 259 543 285 259 257 259 543 541 517 260 523 285 287 55 285 542 542 258 266 259 258 516 23 543 292 275 543 516 285 259 258 233 543 21 523 516 258 284 285 265 29 258 257 491 543 257 25 28 285 259 259 283 285 285 524 286 259 27 529 28 285 1 265 285 314 29 259 543 259 257 524 259 284 543 1 259 285 259 258 259 1 543 287 260 543 1 25 543 517 258 543 543 515 542 232 284 543 283 1 265 543 24 285 543 307 259 517 27 259 543 543 285 258 517 542 517 287 285 257 265 233 340 516 516 259 306 543 283 258 543 259 542 287 543 543 523 258 1 285 543 518 541 518 518 497 1 543 287 543 259 258 258 259 27 283 516 543 27 543 333 543 543 286 1 516 1 285 259 285 518 285 543 543 1 29 283 517 284 285 285 1 2 543 284 285 265 543 1 259 55 286 517 25 286 517 285 258 260 289 543 517 543 286 28 515 542 1 259 239 263 55 521 516 1 259 516 517 281 285 265 259 524 281 314 517 1 259 26 542 515 319 1 543 284 543 284 259 257 265 23 517 1 517 543 285 275 542 517 286 524 285 258 285 259 543 285 285 516 27 259 542 260 543 258 313 517 543 283 523 518 542 543 259 517 533 543 25 284 517 279 543 258 518 523 259 517 263 285 258 285 281 259 28 312 258 258 260 285 257 285 34 259 516 266 543 518 7 286 543 542 258 259 285 1 258 543 543 258 259 2 543 542 285 543 517 28 524 543 266 259 
c [Signal] Signal interruption. Caught signal: SIGTERM (15).
c [Label = 542] Encoding starts with target value = 258:
c [Label = 542] Encoding duration: 8936ms.
c [Label = 542] Number of clauses: 5770180.
c [Label = 542] Number of variables: 1009554.
c [Label = 542] Solving duration: 18286 ms.
s [Label = 542] SAT (w = 258).
c [Label = 542]Label assignment: 1 1 258 258 311 26 1 54 1 1 283 1 1 237 1 1 26 259 259 233 1 284 234 27 234 282 20 1 8 233 234 284 258 232 1 1 258 7 258 1 25 234 21 284 284 284 259 285 284 284 258 284 532 24 311 5 524 337 285 284 233 234 233 258 259 517 282 542 258 53 300 541 1 1 52 1 542 284 1 542 260 311 1 258 516 542 258 1 542 1 1 542 259 260 541 259 1 259 239 258 312 542 541 284 284 286 265 24 259 54 258 542 517 28 542 234 284 284 284 259 523 284 311 285 280 258 282 1 259 278 542 257 258 278 311 1 27 284 516 283 311 283 542 2 517 1 53 542 257 9 542 262 1 541 259 312 259 259 542 46 542 542 285 1 284 258 541 234 27 541 1 16 284 284 542 258 234 259 542 2 542 541 517 7 517 274 283 257 284 521 542 259 1 286 284 258 20 542 542 285 28 542 541 260 283 284 47 518 258 28 517 259 542 283 1 516 259 542 284 259 257 259 542 540 517 260 523 284 286 53 284 541 541 258 266 259 258 516 22 542 291 274 542 516 284 259 258 234 542 20 523 516 258 283 284 265 28 258 257 492 542 257 24 27 284 259 259 282 284 284 524 285 259 26 528 27 284 1 265 284 312 28 259 542 259 257 524 259 283 542 1 259 284 259 258 259 1 542 286 260 542 1 24 542 517 258 542 542 515 541 233 283 542 282 1 265 542 23 284 542 305 259 517 26 259 542 542 284 258 517 541 517 286 284 257 265 234 337 516 516 259 304 542 282 258 542 259 541 286 542 542 523 258 1 284 542 518 540 518 518 498 1 542 286 542 259 258 258 259 26 282 516 542 26 542 330 542 542 285 1 516 1 284 259 284 518 284 542 542 1 28 282 517 283 284 284 1 2 542 283 284 265 542 1 259 53 285 517 24 285 517 284 258 260 288 542 517 542 285 27 515 541 1 259 240 263 53 521 516 1 259 516 517 280 284 265 259 524 280 312 517 1 259 25 541 515 317 1 542 283 542 283 259 257 265 22 517 1 517 542 284 274 541 517 285 524 284 258 284 259 542 284 284 516 26 259 541 260 542 258 311 517 542 282 523 518 541 542 259 517 532 542 24 283 517 278 542 258 518 523 259 517 263 284 258 284 280 259 27 310 258 258 260 284 257 284 33 259 516 266 542 518 7 285 542 541 258 259 284 1 258 542 542 258 259 2 542 541 284 542 517 27 524 542 266 259 
c [Signal] Signal interruption. Caught signal: SIGTERM (15).
c [Label = 546] Encoding starts with target value = 258:
c [Label = 546] Encoding duration: 9085ms.
c [Label = 546] Number of clauses: 5802558.
c [Label = 546] Number of variables: 1013922.
c [Label = 546] Solving duration: 18493 ms.
s [Label = 546] SAT (w = 258).
c [Label = 546]Label assignment: 1 1 258 258 319 30 1 62 1 1 287 1 1 233 1 1 30 259 259 229 1 288 230 31 230 286 24 1 8 229 230 288 258 228 1 1 258 7 258 1 29 230 25 288 288 288 259 289 288 288 258 288 536 28 319 5 525 349 289 288 229 230 229 258 259 517 286 546 258 61 306 545 1 1 60 1 546 288 1 546 260 319 1 258 516 546 258 1 546 1 1 546 259 260 545 259 1 259 235 258 320 546 545 288 288 290 265 28 259 62 258 546 517 32 546 230 288 288 288 259 523 288 319 289 284 258 286 1 259 282 546 257 258 282 319 1 31 288 516 287 319 287 546 2 517 1 61 546 257 9 546 262 1 545 259 320 259 259 546 54 546 546 289 1 288 258 545 230 31 545 1 20 288 288 546 258 230 259 546 2 546 545 517 7 517 278 287 257 288 521 546 259 1 290 288 258 24 546 546 289 32 546 545 260 287 288 55 518 258 32 517 259 546 287 1 516 259 546 288 259 257 259 546 544 517 260 523 288 290 61 288 545 545 258 267 259 258 516 26 546 295 278 546 516 288 259 258 230 546 24 523 516 258 287 288 265 32 258 257 488 546 257 28 31 288 259 259 286 288 288 524 289 259 30 532 31 288 1 265 288 320 32 259 546 259 257 525 259 287 546 1 259 288 259 258 259 1 546 290 260 546 1 28 546 517 258 546 546 515 545 229 287 546 286 1 265 546 27 288 546 313 259 517 30 259 546 546 288 258 517 545 517 290 288 257 265 230 349 516 516 259 312 546 286 258 546 259 545 290 546 546 523 258 1 288 546 518 544 518 518 494 1 546 290 546 259 258 258 259 30 286 516 546 30 546 342 546 546 289 1 516 1 288 259 288 518 288 546 546 1 32 286 517 287 288 288 1 2 546 287 288 265 546 1 259 61 289 517 28 289 517 288 258 260 292 546 517 546 289 31 515 545 1 259 236 263 61 521 516 1 259 516 517 284 288 265 259 524 284 320 517 1 259 29 545 515 325 1 546 287 546 287 259 257 265 26 517 1 517 546 288 278 545 517 289 524 288 258 288 259 546 288 288 516 30 259 545 260 546 258 319 517 546 286 523 518 545 546 259 517 536 546 28 287 517 282 546 258 518 523 259 517 263 288 258 288 284 259 31 318 258 258 260 288 257 288 37 259 516 266 546 518 7 289 546 545 258 259 288 1 258 546 546 258 259 2 546 545 288 546 517 31 525 546 266 259 
c [Signal] Signal interruption. Caught signal: SIGTERM (15).
c [Label = 538] Minimize Makespan Labeling problem (S-sherman4.mtx.rnd):
c [Main] Child pid 542 - 830832 terminated by signal 15.
c [Label = 537] Minimize Makespan Labeling problem (S-sherman4.mtx.rnd):
c [Main] Child pid 543 - 830831 terminated by signal 15.
c [Label = 536] Minimize Makespan Labeling problem (S-sherman4.mtx.rnd):
c [Main] Child pid 544 - 830830 terminated by signal 15.
c [Main] Child pid 541 - 830833 terminated by signal 15.
c [Label = 534] Minimize Makespan Labeling problem (S-sherman4.mtx.rnd):
c [Main] Child pid 545 - 830829 terminated by signal 15.
c [Label = 533] Minimize Makespan Labeling problem (S-sherman4.mtx.rnd):
c [Main] Child pid 546 - 830828 terminated by signal 15.
c [Label = 532] Minimize Makespan Labeling problem (S-sherman4.mtx.rnd):
c [Label = 535] Minimize Makespan Labeling problem (S-sherman4.mtx.rnd):
c [Label = 539] Encoding starts with target value = 258:
c [Label = 539] Encoding duration: 9029ms.
c [Label = 539] Number of clauses: 5745896.
c [Label = 539] Number of variables: 1006278.
c [Label = 539] Solving duration: 18447 ms.
s [Label = 539] SAT (w = 258).
c [Label = 539]Label assignment: 1 1 258 258 305 23 1 48 1 1 280 1 1 240 1 1 23 259 259 236 1 281 237 24 237 279 17 1 8 236 237 281 258 235 1 1 258 7 258 1 22 237 18 281 281 281 259 282 281 281 258 281 529 21 305 5 524 328 282 281 236 237 236 258 259 517 279 539 258 47 296 538 1 1 46 1 539 281 1 539 260 305 1 258 516 539 258 1 539 1 1 539 259 260 538 259 1 259 242 258 306 539 538 281 281 283 265 21 259 48 258 539 517 25 539 237 281 281 281 259 523 281 305 282 277 258 279 1 259 275 539 257 258 275 305 1 24 281 516 280 305 280 539 2 517 1 47 539 257 9 539 262 1 538 259 306 259 259 539 40 539 539 282 1 281 258 538 237 24 538 1 13 281 281 539 258 237 259 539 2 539 538 517 7 517 271 280 257 281 521 539 259 1 283 281 258 17 539 539 282 25 539 538 260 280 281 41 518 258 25 517 259 539 280 1 516 259 539 281 259 257 259 539 537 517 260 523 281 283 47 281 538 538 258 266 259 258 516 19 539 288 271 539 516 281 259 258 237 539 17 523 516 258 280 281 265 25 258 257 495 539 257 21 24 281 259 259 279 281 281 524 282 259 23 525 24 281 1 265 281 306 25 259 539 259 257 524 259 280 539 1 259 281 259 258 259 1 539 283 260 539 1 21 539 517 258 539 539 515 538 236 280 539 279 1 265 539 20 281 539 299 259 517 23 259 539 539 281 258 517 538 517 283 281 257 265 237 328 516 516 259 298 539 279 258 539 259 538 283 539 539 523 258 1 281 539 518 537 518 518 501 1 539 283 539 259 258 258 259 23 279 516 539 23 539 321 539 539 282 1 516 1 281 259 281 518 281 539 539 1 25 279 517 280 281 281 1 2 539 280 281 265 539 1 259 47 282 517 21 282 517 281 258 260 285 539 517 539 282 24 515 538 1 259 243 263 47 521 516 1 259 516 517 277 281 265 259 524 277 306 517 1 259 22 538 515 311 1 539 280 539 280 259 257 265 19 517 1 517 539 281 271 538 517 282 524 281 258 281 259 539 281 281 516 23 259 538 260 539 258 305 517 539 279 523 518 538 539 259 517 529 539 21 280 517 275 539 258 518 523 259 517 263 281 258 281 277 259 24 304 258 258 260 281 257 281 30 259 516 266 539 518 7 282 539 538 258 259 281 1 258 539 539 258 259 2 539 538 281 539 517 24 524 539 266 259 
c [Main] Lowest label SAT is set to 539.
c [Label = 531] Minimize Makespan Labeling problem (S-sherman4.mtx.rnd):
c [Label = 538] Encoding starts with target value = 258:
c [Label = 538] Encoding duration: 8995ms.
c [Label = 538] Number of clauses: 5737802.
c [Label = 538] Number of variables: 1005186.
c [Label = 538] Solving duration: 17615 ms.
s [Label = 538] SAT (w = 258).
c [Label = 538]Label assignment: 1 1 258 258 303 22 1 46 1 1 279 1 1 241 1 1 22 259 259 237 1 280 238 23 238 278 16 1 8 237 238 280 258 236 1 1 258 7 258 1 21 238 17 280 280 280 259 281 280 280 258 280 528 20 303 5 537 325 281 280 237 238 237 258 259 517 278 538 258 45 294 537 1 1 44 1 538 280 1 538 260 303 1 258 516 538 258 1 538 1 1 538 259 260 537 259 1 259 243 258 304 538 537 280 280 282 265 20 259 46 258 538 517 24 538 238 280 280 280 259 523 280 303 281 276 258 278 1 259 274 538 257 258 274 303 1 23 280 516 279 303 279 538 2 517 1 45 538 257 9 538 262 1 537 259 304 259 259 538 38 538 538 281 1 280 258 537 238 23 537 1 12 280 280 538 258 238 259 538 2 538 537 517 7 517 270 279 257 280 521 538 259 1 282 280 258 16 538 538 281 24 538 537 260 279 280 39 518 258 24 517 259 538 279 1 516 259 538 280 259 257 259 538 536 517 260 523 280 282 45 280 537 537 258 268 259 258 516 18 538 287 270 538 516 280 259 258 238 538 16 523 516 258 279 280 265 24 258 257 496 538 257 20 23 280 259 259 278 280 280 524 281 259 22 524 23 280 1 265 280 304 24 259 538 259 257 526 259 279 538 1 259 280 259 258 259 1 538 282 260 538 1 20 538 517 258 538 538 515 537 237 279 538 278 1 265 538 19 280 538 297 259 517 22 259 538 538 280 258 517 537 517 282 280 257 265 238 325 516 516 259 296 538 278 258 538 259 537 282 538 538 523 258 1 280 538 518 536 518 518 502 1 538 282 538 259 258 258 259 22 278 516 538 22 538 318 538 538 281 1 516 1 280 259 280 518 280 538 538 1 24 278 517 279 280 280 1 2 538 279 280 265 538 1 259 45 281 517 20 281 517 280 258 260 284 538 517 538 281 23 515 537 1 259 244 263 45 521 516 1 259 516 517 276 280 265 259 524 276 304 517 1 259 21 537 515 309 1 538 279 538 279 259 257 265 18 517 1 517 538 280 270 537 517 281 524 280 258 280 259 538 280 280 516 22 259 537 260 538 258 303 517 538 278 523 518 537 538 259 517 528 538 20 279 517 274 538 258 518 523 259 517 263 280 258 280 276 259 23 302 258 258 260 280 257 280 29 259 516 266 538 518 7 281 538 537 258 259 280 1 258 538 538 258 259 2 538 537 280 538 517 23 524 538 266 259 
c [Label = 537] Encoding starts with target value = 258:
c [Label = 537] Encoding duration: 8942ms.
c [Label = 537] Number of clauses: 5729707.
c [Label = 537] Number of variables: 1004094.
c [Label = 537] Solving duration: 17525 ms.
s [Label = 537] SAT (w = 258).
c [Label = 537]Label assignment: 1 1 258 258 301 21 1 44 1 1 278 1 1 242 1 1 21 259 259 238 1 279 239 22 239 277 15 1 8 238 239 279 258 237 1 1 258 7 258 1 20 239 16 279 279 279 259 280 279 279 258 279 527 19 301 5 536 322 280 279 238 239 238 258 259 517 277 537 258 43 293 536 1 1 42 1 537 279 1 537 260 301 1 258 516 537 258 1 537 1 1 537 259 260 536 259 1 259 244 258 302 537 536 279 279 281 265 19 259 44 258 537 517 23 537 239 279 279 279 259 523 279 301 280 275 258 277 1 259 273 537 257 258 273 301 1 22 279 516 278 301 278 537 2 517 1 43 537 257 9 537 262 1 536 259 302 259 259 537 36 537 537 280 1 279 258 536 239 22 536 1 11 279 279 537 258 239 259 537 2 537 536 517 7 517 269 278 257 279 521 537 259 1 281 279 258 15 537 537 280 23 537 536 260 278 279 37 518 258 23 517 259 537 278 1 516 259 537 279 259 257 259 537 535 517 260 523 279 281 43 279 536 536 258 268 259 258 516 17 537 286 269 537 516 279 259 258 239 537 15 523 516 258 278 279 265 23 258 257 497 537 257 19 22 279 259 259 277 279 279 524 280 259 21 523 22 279 1 265 279 302 23 259 537 259 257 537 259 278 537 1 259 279 259 258 259 1 537 281 260 537 1 19 537 517 258 537 537 515 536 238 278 537 277 1 265 537 18 279 537 295 259 517 21 259 537 537 279 258 517 536 517 281 279 257 265 239 322 516 516 259 294 537 277 258 537 259 536 281 537 537 523 258 1 279 537 518 535 518 518 503 1 537 281 537 259 258 258 259 21 277 516 537 21 537 315 537 537 280 1 516 1 279 259 279 518 279 537 537 1 23 277 517 278 279 279 1 2 537 278 279 265 537 1 259 43 280 517 19 280 517 279 258 260 283 537 517 537 280 22 515 536 1 259 245 263 43 521 516 1 259 516 517 275 279 265 259 524 275 302 517 1 259 20 536 515 307 1 537 278 537 278 259 257 265 17 517 1 517 537 279 269 536 517 280 524 279 258 279 259 537 279 279 516 21 259 536 260 537 258 301 517 537 277 523 518 536 537 259 517 527 537 19 278 517 273 537 258 518 523 259 517 263 279 258 279 275 259 22 300 258 258 260 279 257 279 28 259 516 266 537 518 7 280 537 536 258 259 279 1 258 537 537 258 259 2 537 536 279 537 517 22 524 537 266 259 
c [Label = 531] Encoding starts with target value = 258:
c [Label = 531] Encoding duration: 8914ms.
c [Label = 531] Number of clauses: 5681140.
c [Label = 531] Number of variables: 997542.
c [Label = 531] Solving duration: 17330 ms.
s [Label = 531] SAT (w = 258).
c [Label = 531]Label assignment: 1 1 258 258 289 15 1 32 1 1 272 1 1 248 1 1 15 259 259 244 1 273 245 16 245 271 12 1 8 244 245 273 258 243 1 1 258 7 258 1 14 245 10 273 273 273 259 274 273 273 258 273 524 13 289 5 530 304 274 273 244 245 244 258 259 517 271 531 258 31 282 530 1 1 30 1 531 273 1 531 260 289 1 258 516 531 258 1 531 1 1 531 259 260 530 259 1 259 250 258 290 531 530 273 273 275 265 13 259 32 258 531 517 17 531 245 273 273 273 259 523 273 289 274 269 258 271 1 259 270 531 257 258 271 289 1 16 273 516 272 289 272 531 2 517 1 31 531 257 9 531 262 1 530 259 290 259 259 531 27 531 531 274 1 273 258 530 245 16 530 1 8 273 273 531 258 245 259 531 2 531 530 517 7 517 266 272 257 273 521 531 259 1 275 273 258 9 531 531 274 17 531 530 260 272 273 25 518 258 17 517 259 531 272 1 516 259 531 273 259 257 259 531 529 517 260 523 273 275 31 273 530 530 258 268 259 258 516 11 531 280 266 531 516 273 259 258 245 531 13 523 516 258 272 273 265 17 258 257 503 531 257 13 16 273 259 259 271 273 273 530 274 259 15 517 16 273 1 265 273 290 17 259 531 259 257 531 259 272 531 1 259 273 259 258 259 1 531 275 260 531 1 13 531 517 258 531 531 515 530 244 272 531 271 1 265 531 12 273 531 283 259 517 15 259 531 531 273 258 517 530 517 275 273 257 265 245 304 516 516 259 285 531 271 258 531 259 530 275 531 531 523 258 1 273 531 518 529 518 518 515 1 531 275 531 259 258 258 259 15 271 516 531 15 531 300 531 531 274 1 516 1 273 259 273 518 273 531 531 1 17 271 517 272 273 273 1 2 531 272 273 265 531 1 259 31 274 517 13 274 517 273 258 260 277 531 517 531 274 16 515 530 1 259 257 263 31 521 516 1 259 516 517 269 273 265 259 531 271 290 517 1 259 14 530 515 295 1 531 272 531 272 259 257 265 11 517 1 517 531 273 266 530 517 274 523 273 258 273 259 531 273 273 516 15 259 530 260 531 258 289 517 531 271 523 518 530 531 259 517 524 531 13 272 517 271 531 258 518 523 259 517 263 273 258 273 269 259 16 288 258 258 260 273 257 273 22 259 516 266 521 518 7 274 531 530 258 259 273 1 258 531 531 258 259 2 531 530 273 531 517 16 524 531 272 259 
c [Main] Lowest label SAT is set to 538.
c [Label = 530] Minimize Makespan Labeling problem (S-sherman4.mtx.rnd):
c [Label = 536] Encoding starts with target value = 258:
c [Label = 536] Encoding duration: 8867ms.
c [Label = 536] Number of clauses: 5721613.
c [Label = 536] Number of variables: 1003002.
c [Label = 536] Solving duration: 17569 ms.
s [Label = 536] SAT (w = 258).
c [Label = 536]Label assignment: 1 1 258 258 299 20 1 42 1 1 277 1 1 243 1 1 20 259 259 239 1 278 240 21 240 276 15 1 8 239 240 278 258 238 1 1 258 7 258 1 19 240 15 278 278 278 259 279 278 278 258 278 526 18 299 5 535 319 279 278 239 240 239 258 259 517 276 536 258 41 291 535 1 1 40 1 536 278 1 536 260 299 1 258 516 536 258 1 536 1 1 536 259 260 535 259 1 259 245 258 300 536 535 278 278 280 265 18 259 42 258 536 517 22 536 240 278 278 278 259 523 278 299 279 274 258 276 1 259 273 536 257 258 272 299 1 21 278 516 277 299 277 536 2 517 1 41 536 257 9 536 262 1 535 259 300 259 259 536 35 536 536 279 1 278 258 535 240 21 535 1 10 278 278 536 258 240 259 536 2 536 535 517 7 517 268 277 257 278 521 536 259 1 280 278 258 14 536 536 279 22 536 535 260 277 278 35 518 258 22 517 259 536 277 1 516 259 536 278 259 257 259 536 534 517 260 523 278 280 41 278 535 535 258 268 259 258 516 16 536 285 268 536 516 278 259 258 240 536 14 523 516 258 277 278 265 22 258 257 498 536 257 18 21 278 259 259 276 278 278 524 279 259 20 522 21 278 1 265 278 300 22 259 536 259 257 536 259 277 536 1 259 278 259 258 259 1 536 280 260 536 1 18 536 517 258 536 536 515 535 239 277 536 276 1 265 536 17 278 536 293 259 517 20 259 536 536 278 258 517 535 517 280 278 257 265 240 319 516 516 259 293 536 276 258 536 259 535 280 536 536 523 258 1 278 536 518 534 518 518 504 1 536 280 536 259 258 258 259 20 276 516 536 20 536 313 536 536 279 1 516 1 278 259 278 518 278 536 536 1 22 276 517 277 278 278 1 2 536 277 278 265 536 1 259 41 279 517 18 279 517 278 258 260 282 536 517 536 279 21 515 535 1 259 246 263 41 521 516 1 259 516 517 274 278 265 259 524 274 300 517 1 259 19 535 515 305 1 536 277 536 277 259 257 265 16 517 1 517 536 278 268 535 517 279 524 278 258 278 259 536 278 278 516 20 259 535 260 536 258 299 517 536 276 523 518 535 536 259 517 526 536 18 277 517 272 536 258 518 523 259 517 263 278 258 278 274 259 21 298 258 258 260 278 257 278 27 259 516 266 526 518 7 279 536 535 258 259 278 1 258 536 536 258 259 2 536 535 278 536 517 21 524 536 266 259 
c [Label = 535] Encoding starts with target value = 258:
c [Label = 535] Encoding duration: 8951ms.
c [Label = 535] Number of clauses: 5713518.
c [Label = 535] Number of variables: 1001910.
c [Label = 535] Solving duration: 17531 ms.
s [Label = 535] SAT (w = 258).
c [Label = 535]Label assignment: 1 1 258 258 297 19 1 40 1 1 276 1 1 244 1 1 19 259 259 240 1 277 241 20 241 275 14 1 8 240 241 277 258 239 1 1 258 7 258 1 18 241 14 277 277 277 259 278 277 277 258 277 525 17 297 5 534 316 278 277 240 241 240 258 259 517 275 535 258 39 290 534 1 1 38 1 535 277 1 535 260 297 1 258 516 535 258 1 535 1 1 535 259 260 534 259 1 259 246 258 298 535 534 277 277 279 265 17 259 40 258 535 517 21 535 241 277 277 277 259 523 277 297 278 273 258 275 1 259 272 535 257 258 271 297 1 20 277 516 276 297 276 535 2 517 1 39 535 257 9 535 262 1 534 259 298 259 259 535 33 535 535 278 1 277 258 534 241 20 534 1 9 277 277 535 258 241 259 535 2 535 534 517 7 517 267 276 257 277 521 535 259 1 279 277 258 13 535 535 278 21 535 534 260 276 277 33 518 258 21 517 259 535 276 1 516 259 535 277 259 257 259 535 533 517 260 523 277 279 39 277 534 534 258 268 259 258 516 15 535 284 267 535 516 277 259 258 241 535 13 523 516 258 276 277 265 21 258 257 499 535 257 17 20 277 259 259 275 277 277 524 278 259 19 521 20 277 1 265 277 298 21 259 535 259 257 535 259 276 535 1 259 277 259 258 259 1 535 279 260 535 1 17 535 517 258 535 535 515 534 240 276 535 275 1 265 535 16 277 535 291 259 517 19 259 535 535 277 258 517 534 517 279 277 257 265 241 316 516 516 259 291 535 275 258 535 259 534 279 535 535 523 258 1 277 535 518 533 518 518 505 1 535 279 535 259 258 258 259 19 275 516 535 19 535 310 535 535 278 1 516 1 277 259 277 518 277 535 535 1 21 275 517 276 277 277 1 2 535 276 277 265 535 1 259 39 278 517 17 278 517 277 258 260 281 535 517 535 278 20 515 534 1 259 247 263 39 521 516 1 259 516 517 273 277 265 259 524 273 298 517 1 259 18 534 515 303 1 535 276 535 276 259 257 265 15 517 1 517 535 277 267 534 517 278 524 277 258 277 259 535 277 277 516 19 259 534 260 535 258 297 517 535 275 523 518 534 535 259 517 525 535 17 276 517 271 535 258 518 523 259 517 263 277 258 277 273 259 20 296 258 258 260 277 257 277 26 259 516 266 525 518 7 278 535 534 258 259 277 1 258 535 535 258 259 2 535 534 277 535 517 20 524 535 266 259 
c [Main] Lowest label SAT is set to 537.
c [Label = 529] Minimize Makespan Labeling problem (S-sherman4.mtx.rnd):
c [Label = 532] Encoding starts with target value = 258:
c [Label = 532] Encoding duration: 9083ms.
c [Label = 532] Number of clauses: 5689235.
c [Label = 532] Number of variables: 998634.
c [Label = 532] Solving duration: 17578 ms.
s [Label = 532] SAT (w = 258).
c [Label = 532]Label assignment: 1 1 258 258 291 16 1 34 1 1 273 1 1 247 1 1 16 259 259 243 1 274 244 17 244 272 13 1 8 243 244 274 258 242 1 1 258 7 258 1 15 244 11 274 274 274 259 275 274 274 258 274 524 14 291 5 531 307 275 274 243 244 243 258 259 517 272 532 258 33 284 531 1 1 32 1 532 274 1 532 260 291 1 258 516 532 258 1 532 1 1 532 259 260 531 259 1 259 249 258 292 532 531 274 274 276 265 14 259 34 258 532 517 18 532 244 274 274 274 259 523 274 291 275 270 258 272 1 259 271 532 257 258 271 291 1 17 274 516 273 291 273 532 2 517 1 33 532 257 9 532 262 1 531 259 292 259 259 532 29 532 532 275 1 274 258 531 244 17 531 1 8 274 274 532 258 244 259 532 2 532 531 517 7 517 266 273 257 274 521 532 259 1 276 274 258 10 532 532 275 18 532 531 260 273 274 27 518 258 18 517 259 532 273 1 516 259 532 274 259 257 259 532 530 517 260 523 274 276 33 274 531 531 258 268 259 258 516 12 532 281 266 532 516 274 259 258 244 532 13 523 516 258 273 274 265 18 258 257 502 532 257 14 17 274 259 259 272 274 274 524 275 259 16 518 17 274 1 265 274 292 18 259 532 259 257 532 259 273 532 1 259 274 259 258 259 1 532 276 260 532 1 14 532 517 258 532 532 515 531 243 273 532 272 1 265 532 13 274 532 285 259 517 16 259 532 532 274 258 517 531 517 276 274 257 265 244 307 516 516 259 287 532 272 258 532 259 531 276 532 532 523 258 1 274 532 518 530 518 518 508 1 532 276 532 259 258 258 259 16 272 516 532 16 532 303 532 532 275 1 516 1 274 259 274 518 274 532 532 1 18 272 517 273 274 274 1 2 532 273 274 265 532 1 259 33 275 517 14 275 517 274 258 260 278 532 517 532 275 17 515 531 1 259 250 263 33 521 516 1 259 516 517 270 274 265 259 524 271 292 517 1 259 15 531 515 297 1 532 273 532 273 259 257 265 12 517 1 517 532 274 266 531 517 275 524 274 258 274 259 532 274 274 516 16 259 531 260 532 258 291 517 532 272 523 518 531 532 259 517 524 532 14 273 517 271 532 258 518 523 259 517 263 274 258 274 270 259 17 290 258 258 260 274 257 274 23 259 516 266 522 518 7 275 532 531 258 259 274 1 258 532 532 258 259 2 532 531 274 532 517 17 524 532 266 259 
c [Main] Lowest label SAT is set to 531.
c [Main] Kill higher label pid 532.
c [Main] Kill higher label pid 534.
c [Main] Kill higher label pid 535.
c [Main] Kill higher label pid 536.
c [Main] Kill higher label pid 533.
c [Label = 533] Encoding starts with target value = 258:
c [Label = 533] Encoding duration: 9111ms.
c [Label = 533] Number of clauses: 5697329.
c [Label = 533] Number of variables: 999726.
c [Label = 533] Solving duration: 17536 ms.
s [Label = 533] SAT (w = 258).
c [Label = 533]Label assignment: 1 1 258 258 293 17 1 36 1 1 274 1 1 246 1 1 17 259 259 242 1 275 243 18 243 273 13 1 8 242 243 275 258 241 1 1 258 7 258 1 16 243 12 275 275 275 259 276 275 275 258 275 524 15 293 5 532 310 276 275 242 243 242 258 259 517 273 533 258 35 286 532 1 1 34 1 533 275 1 533 260 293 1 258 516 533 258 1 533 1 1 533 259 260 532 259 1 259 248 258 294 533 532 275 275 277 265 15 259 36 258 533 517 19 533 243 275 275 275 259 523 275 293 276 271 258 273 1 259 271 533 257 258 271 293 1 18 275 516 274 293 274 533 2 517 1 35 533 257 9 533 262 1 532 259 294 259 259 533 30 533 533 276 1 275 258 532 243 18 532 1 8 275 275 533 258 243 259 533 2 533 532 517 7 517 266 274 257 275 521 533 259 1 277 275 258 11 533 533 276 19 533 532 260 274 275 29 518 258 19 517 259 533 274 1 516 259 533 275 259 257 259 533 531 517 260 523 275 277 35 275 532 532 258 268 259 258 516 13 533 282 266 533 516 275 259 258 243 533 13 523 516 258 274 275 265 19 258 257 501 533 257 15 18 275 259 259 273 275 275 524 276 259 17 519 18 275 1 265 275 294 19 259 533 259 257 533 259 274 533 1 259 275 259 258 259 1 533 277 260 533 1 15 533 517 258 533 533 515 532 242 274 533 273 1 265 533 14 275 533 287 259 517 17 259 533 533 275 258 517 532 517 277 275 257 265 243 310 516 516 259 288 533 273 258 533 259 532 277 533 533 523 258 1 275 533 518 531 518 518 507 1 533 277 533 259 258 258 259 17 273 516 533 17 533 305 533 533 276 1 516 1 275 259 275 518 275 533 533 1 19 273 517 274 275 275 1 2 533 274 275 265 533 1 259 35 276 517 15 276 517 275 258 260 279 533 517 533 276 18 515 532 1 259 249 263 35 521 516 1 259 516 517 271 275 265 259 524 271 294 517 1 259 16 532 515 299 1 533 274 533 274 259 257 265 13 517 1 517 533 275 266 532 517 276 524 275 258 275 259 533 275 275 516 17 259 532 260 533 258 293 517 533 273 523 518 532 533 259 517 524 533 15 274 517 271 533 258 518 523 259 517 263 275 258 275 271 259 18 292 258 258 260 275 257 275 24 259 516 266 523 518 7 276 533 532 258 259 275 1 258 533 533 258 259 2 533 532 275 533 517 18 524 533 266 259 
c [Signal] Signal interruption. Caught signal: SIGTERM (15).
c [Label = 534] Encoding starts with target value = 258:
c [Label = 534] Encoding duration: 9172ms.
c [Label = 534] Number of clauses: 5705424.
c [Label = 534] Number of variables: 1000818.
c [Label = 534] Solving duration: 17803 ms.
s [Label = 534] SAT (w = 258).
c [Label = 534]Label assignment: 1 1 258 258 295 18 1 38 1 1 275 1 1 245 1 1 18 259 259 241 1 276 242 19 242 274 14 1 8 241 242 276 258 240 1 1 258 7 258 1 17 242 13 276 276 276 259 277 276 276 258 276 524 16 295 5 533 313 277 276 241 242 241 258 259 517 274 534 258 37 288 533 1 1 36 1 534 276 1 534 260 295 1 258 516 534 258 1 534 1 1 534 259 260 533 259 1 259 247 258 296 534 533 276 276 278 265 16 259 38 258 534 517 20 534 242 276 276 276 259 523 276 295 277 272 258 274 1 259 272 534 257 258 271 295 1 19 276 516 275 295 275 534 2 517 1 37 534 257 9 534 262 1 533 259 296 259 259 534 32 534 534 277 1 276 258 533 242 19 533 1 8 276 276 534 258 242 259 534 2 534 533 517 7 517 266 275 257 276 521 534 259 1 278 276 258 12 534 534 277 20 534 533 260 275 276 31 518 258 20 517 259 534 275 1 516 259 534 276 259 257 259 534 532 517 260 523 276 278 37 276 533 533 258 268 259 258 516 14 534 283 266 534 516 276 259 258 242 534 13 523 516 258 275 276 265 20 258 257 500 534 257 16 19 276 259 259 274 276 276 524 277 259 18 520 19 276 1 265 276 296 20 259 534 259 257 534 259 275 534 1 259 276 259 258 259 1 534 278 260 534 1 16 534 517 258 534 534 515 533 241 275 534 274 1 265 534 15 276 534 289 259 517 18 259 534 534 276 258 517 533 517 278 276 257 265 242 313 516 516 259 290 534 274 258 534 259 533 278 534 534 523 258 1 276 534 518 532 518 518 506 1 534 278 534 259 258 258 259 18 274 516 534 18 534 308 534 534 277 1 516 1 276 259 276 518 276 534 534 1 20 274 517 275 276 276 1 2 534 275 276 265 534 1 259 37 277 517 16 277 517 276 258 260 280 534 517 534 277 19 515 533 1 259 248 263 37 521 516 1 259 516 517 272 276 265 259 524 272 296 517 1 259 17 533 515 301 1 534 275 534 275 259 257 265 14 517 1 517 534 276 266 533 517 277 524 276 258 276 259 534 276 276 516 18 259 533 260 534 258 295 517 534 274 523 518 533 534 259 517 524 534 16 275 517 271 534 258 518 523 259 517 263 276 258 276 272 259 19 294 258 258 260 276 257 276 25 259 516 266 524 518 7 277 534 533 258 259 276 1 258 534 534 258 259 2 534 533 276 534 517 19 524 534 266 259 
c [Signal] Signal interruption. Caught signal: SIGTERM (15).
c [Label = 528] Minimize Makespan Labeling problem (S-sherman4.mtx.rnd):
c [Label = 527] Minimize Makespan Labeling problem (S-sherman4.mtx.rnd):
c [Label = 526] Minimize Makespan Labeling problem (S-sherman4.mtx.rnd):
c [Main] Kill higher label pid 534.
c [Main] Kill higher label pid 533.
c [Label = 525] Minimize Makespan Labeling problem (S-sherman4.mtx.rnd):
c [Main] Child pid 533 - 830854 terminated by signal 15.
c [Label = 524] Minimize Makespan Labeling problem (S-sherman4.mtx.rnd):
c [Main] Child pid 534 - 830853 terminated by signal 15.
c [Label = 523] Minimize Makespan Labeling problem (S-sherman4.mtx.rnd):
c [Label = 526] Encoding starts with target value = 258:
c [Label = 526] Encoding duration: 9297ms.
c [Label = 526] Number of clauses: 5640668.
c [Label = 526] Number of variables: 992082.
c [Label = 526] Solving duration: 17042 ms.
s [Label = 526] SAT (w = 258).
c [Label = 526]Label assignment: 1 1 258 258 279 10 1 22 1 1 255 1 1 253 1 1 10 259 259 249 1 268 250 11 250 266 10 1 8 249 250 268 258 248 1 1 258 7 258 1 9 239 7 268 268 268 268 269 268 268 258 268 526 8 279 5 525 289 269 268 249 248 249 258 259 517 266 526 258 21 272 516 1 1 20 1 526 268 1 526 260 279 1 258 516 526 258 1 526 525 1 526 259 260 521 259 1 259 255 258 280 8 521 268 268 270 265 8 259 22 258 526 517 12 526 250 268 268 268 259 523 268 279 269 268 258 266 1 259 268 526 255 258 268 279 1 11 268 516 263 279 258 524 2 517 1 21 526 257 9 526 262 1 517 259 280 259 259 526 20 526 526 269 1 267 258 524 250 11 516 1 10 268 268 526 258 250 259 526 2 526 517 517 7 517 268 265 249 268 521 526 258 1 270 268 258 4 526 526 269 12 526 525 258 267 268 17 518 258 12 517 259 526 267 1 516 258 526 268 259 249 259 526 524 517 260 523 268 270 21 268 525 513 258 267 259 258 516 6 526 275 268 526 517 268 259 258 250 526 1 523 516 258 267 268 268 12 258 248 508 526 248 8 11 268 259 259 266 268 268 525 269 258 10 517 11 268 1 265 268 280 12 259 526 259 257 526 259 265 1 1 259 268 259 258 259 1 526 270 258 526 526 8 526 517 258 526 526 507 523 249 267 526 266 1 265 526 7 268 526 275 259 517 10 259 526 526 268 258 517 525 517 270 268 257 266 250 289 516 516 259 278 526 266 258 526 259 525 270 526 526 526 258 1 268 526 518 524 518 518 515 1 526 270 526 259 258 258 259 10 266 516 526 10 526 288 524 526 269 1 516 1 268 259 266 516 268 526 526 1 12 266 517 265 268 268 1 2 526 266 268 265 526 1 259 21 269 517 8 269 517 268 258 258 272 526 517 526 269 11 506 517 1 259 257 263 21 521 516 526 259 516 517 264 268 268 259 526 268 280 517 1 259 9 516 515 285 1 526 265 526 259 259 257 265 6 517 1 517 526 268 263 525 517 269 523 265 258 268 259 526 268 268 516 10 259 525 260 526 258 279 517 526 266 526 516 523 526 259 517 526 526 8 267 517 269 526 258 518 526 259 517 263 268 258 268 264 259 11 278 258 258 256 268 258 268 17 259 516 266 518 516 7 269 526 523 258 257 268 1 258 526 526 258 259 2 526 525 268 526 517 11 523 526 267 259 
c [Label = 530] Encoding starts with target value = 258:
c [Label = 530] Encoding duration: 9513ms.
c [Label = 530] Number of clauses: 5673046.
c [Label = 530] Number of variables: 996450.
c [Label = 530] Solving duration: 17162 ms.
s [Label = 530] SAT (w = 258).
c [Label = 530]Label assignment: 1 1 258 258 287 14 1 30 1 1 271 1 1 249 1 1 14 259 259 245 1 272 246 15 246 270 12 1 8 245 246 272 258 244 1 1 258 7 258 1 13 246 9 272 272 272 259 273 272 272 258 272 524 12 287 5 529 301 273 272 245 246 245 258 259 517 270 530 258 29 280 529 1 1 28 1 530 272 1 530 260 287 1 258 516 530 258 1 530 1 1 530 259 260 529 259 1 259 251 258 288 530 529 272 272 274 265 12 259 30 258 530 517 16 530 246 272 272 272 259 523 272 287 273 269 258 270 1 259 270 530 257 258 271 287 1 15 272 516 271 287 271 530 2 517 1 29 530 257 9 530 262 1 529 259 288 259 259 530 26 530 530 273 1 272 258 529 246 15 529 1 8 272 272 530 258 246 259 530 2 530 529 517 7 517 266 271 257 272 521 530 259 1 274 272 258 8 530 530 273 16 530 529 260 271 272 23 518 258 16 517 259 530 271 1 516 259 530 272 259 257 259 530 528 517 260 523 272 274 29 272 529 529 258 268 259 258 516 10 530 279 266 530 516 272 259 258 246 530 13 523 516 258 271 272 265 16 258 257 504 530 257 12 15 272 259 259 270 272 272 529 273 259 14 517 15 272 1 265 272 288 16 259 530 259 257 530 259 271 530 1 259 272 259 258 259 1 530 274 260 530 1 12 530 517 258 530 530 515 529 245 271 530 270 1 265 530 11 272 530 281 259 517 14 259 530 530 272 258 517 529 517 274 272 257 265 246 301 516 516 259 284 530 270 258 530 259 529 274 530 530 523 258 1 272 530 518 528 518 518 515 1 530 274 530 259 258 258 259 14 270 516 530 14 530 298 530 530 273 1 516 1 272 259 272 518 272 530 530 1 16 270 517 271 272 272 1 2 530 271 272 265 530 1 259 29 273 517 12 273 517 272 258 260 276 530 517 530 273 15 515 529 1 259 257 263 29 521 516 1 259 516 517 268 272 265 259 530 271 288 517 1 259 13 529 515 293 1 530 271 530 271 259 257 265 10 517 1 517 530 272 266 529 517 273 523 272 258 272 259 530 272 272 516 14 259 529 260 530 258 287 517 530 270 523 518 529 530 259 517 524 530 12 271 517 271 530 258 518 523 259 517 263 272 258 272 268 259 15 286 258 258 260 272 257 272 21 259 516 266 520 518 7 273 530 529 258 259 272 1 258 530 530 258 259 2 530 529 272 530 517 15 524 530 271 259 
c [Label = 527] Encoding starts with target value = 258:
c [Label = 527] Encoding duration: 9385ms.
c [Label = 527] Number of clauses: 5648762.
c [Label = 527] Number of variables: 993174.
c [Label = 527] Solving duration: 17087 ms.
s [Label = 527] SAT (w = 258).
c [Label = 527]Label assignment: 1 1 258 258 281 11 1 24 1 1 268 1 1 252 1 1 11 259 259 248 1 269 249 12 249 267 10 1 8 248 249 269 258 247 1 1 258 7 258 1 10 237 7 269 269 269 267 270 269 269 258 269 527 9 281 5 526 292 270 269 248 247 248 258 259 517 267 526 258 23 274 516 1 1 22 1 527 269 1 527 260 281 1 258 516 527 258 1 527 526 1 527 259 260 526 259 1 259 254 258 282 527 526 269 269 271 265 9 259 24 258 527 517 13 527 249 269 269 269 259 523 269 281 270 268 258 267 1 259 268 9 257 258 269 281 1 12 269 516 268 281 258 526 2 517 1 23 527 258 9 527 262 1 517 259 282 259 259 527 21 526 527 270 1 268 258 526 249 12 516 1 8 269 269 527 258 249 259 527 2 527 517 517 7 517 267 268 248 269 521 527 258 1 271 269 258 5 527 527 270 13 527 526 258 268 269 18 518 258 13 517 259 527 268 1 516 257 527 269 259 248 259 527 525 517 260 523 269 271 23 269 526 526 258 268 259 258 516 7 527 276 266 527 516 269 259 258 249 527 527 523 516 258 268 269 267 13 258 247 507 527 248 9 12 269 259 259 267 269 269 526 270 259 11 524 12 269 1 265 269 282 13 259 527 259 257 527 259 257 9 1 259 269 259 258 259 1 527 271 258 527 526 9 527 517 258 527 527 506 526 248 268 527 267 1 265 527 8 269 527 276 259 517 11 259 527 527 269 258 517 526 517 271 269 257 267 249 292 516 516 259 279 527 267 258 527 259 526 271 527 527 525 258 1 269 527 518 525 518 518 515 1 527 271 526 259 258 258 259 11 267 516 527 11 527 290 526 527 270 1 516 1 269 259 268 516 269 527 527 1 13 267 517 268 269 269 1 2 527 258 269 265 527 1 259 23 270 517 9 270 517 269 258 258 273 527 517 527 270 12 505 517 1 259 257 263 23 521 516 1 259 516 517 265 269 267 259 527 268 282 517 1 259 10 517 515 287 1 527 268 527 259 259 257 265 7 517 1 517 527 269 268 526 517 270 523 268 258 269 259 527 269 269 516 11 259 526 260 527 258 281 524 527 267 525 516 526 527 259 517 527 527 9 268 517 269 527 258 518 525 259 517 263 269 258 269 265 259 12 280 258 258 257 269 257 269 18 259 516 266 527 516 7 270 527 526 258 259 269 1 258 527 527 258 259 2 527 526 268 527 517 12 523 527 268 259 
c [Main] Lowest label SAT is set to 526.
c [Main] Kill higher label pid 527.
c [Main] Kill higher label pid 528.
c [Main] Kill higher label pid 529.
c [Main] Kill higher label pid 530.
c [Label = 528] Encoding starts with target value = 258:
c [Label = 528] Encoding duration: 9418ms.
c [Label = 528] Number of clauses: 5656857.
c [Label = 528] Number of variables: 994266.
c [Label = 528] Solving duration: 17236 ms.
s [Label = 528] SAT (w = 258).
c [Label = 528]Label assignment: 1 1 258 258 283 12 1 26 1 1 269 1 1 251 1 1 12 259 259 247 1 270 248 13 248 268 11 1 8 247 248 270 258 246 1 1 258 7 258 1 11 235 7 270 270 270 267 271 270 270 258 270 528 10 283 5 527 295 271 270 247 246 247 258 259 517 268 527 258 25 276 516 1 1 24 1 528 270 1 528 260 283 1 258 516 528 258 1 528 527 1 528 259 260 527 259 1 259 253 258 284 528 527 270 270 272 265 10 259 26 258 528 517 14 528 248 270 270 270 259 523 270 283 271 269 258 268 1 259 269 9 257 258 269 283 1 13 270 516 269 283 258 527 2 517 1 25 528 258 9 528 262 1 517 259 284 259 259 528 23 527 528 271 1 269 258 527 248 13 516 1 8 270 270 528 258 248 259 528 2 528 517 517 7 517 267 269 247 270 521 528 258 1 272 270 258 6 528 528 271 14 528 527 258 269 270 19 518 258 14 517 259 528 269 1 516 257 528 270 259 247 259 528 526 517 260 523 270 272 25 270 527 527 258 268 259 258 516 8 528 277 266 528 517 270 259 258 248 528 528 523 516 258 269 270 267 14 258 246 506 528 247 10 13 270 259 259 268 270 270 527 271 259 12 525 13 270 1 265 270 284 14 259 528 259 257 528 259 257 9 1 259 270 259 258 259 1 528 272 258 528 527 10 528 517 258 528 528 505 527 247 269 528 268 1 265 528 9 270 528 277 259 517 12 259 528 528 270 258 517 527 517 272 270 257 268 248 295 516 516 259 281 528 268 258 528 259 527 272 528 528 525 258 1 270 528 518 526 518 518 515 1 528 272 527 259 258 258 259 12 268 516 528 12 528 293 527 528 271 1 516 1 270 259 269 518 270 528 528 1 14 268 517 269 270 270 1 2 528 258 270 265 528 1 259 25 271 517 10 271 517 270 258 258 274 528 517 528 271 13 504 517 1 259 257 263 25 521 516 1 259 516 517 266 270 268 259 528 269 284 517 1 259 11 517 515 289 1 528 269 528 259 259 257 265 8 517 1 517 528 270 269 527 517 271 523 269 258 270 259 528 270 270 516 12 259 527 260 528 258 283 525 528 268 526 516 527 528 259 517 528 528 10 269 517 269 528 258 518 525 259 517 263 270 258 270 266 259 13 282 258 258 257 270 257 270 19 259 516 266 528 516 7 271 528 527 258 259 270 1 259 528 528 258 259 2 528 527 269 528 517 13 523 528 269 259 
c [Signal] Signal interruption. Caught signal: SIGTERM (15).
c [Label = 529] Encoding starts with target value = 258:
c [Label = 529] Encoding duration: 9513ms.
c [Label = 529] Number of clauses: 5664951.
c [Label = 529] Number of variables: 995358.
c [Label = 529] Solving duration: 17211 ms.
s [Label = 529] SAT (w = 258).
c [Label = 529]Label assignment: 1 1 258 258 285 13 1 28 1 1 270 1 1 250 1 1 13 259 259 246 1 271 247 14 247 269 11 1 8 246 247 271 258 245 1 1 258 7 258 1 12 247 8 271 271 271 259 272 271 271 258 271 529 11 285 5 528 298 272 271 246 247 246 258 259 517 269 529 258 27 278 528 1 1 26 1 529 271 1 529 260 285 1 258 516 529 258 1 529 1 1 529 259 260 528 259 1 259 252 258 286 529 528 271 271 273 265 11 259 28 258 529 517 15 529 247 271 271 271 259 523 271 285 272 269 258 269 1 259 269 529 257 258 271 285 1 14 271 516 270 285 270 529 2 517 1 27 529 257 9 529 262 1 528 259 286 259 259 529 24 529 529 272 1 271 258 528 247 14 528 1 8 271 271 529 258 247 259 529 2 529 528 517 7 517 266 270 257 271 521 529 259 1 273 271 258 7 529 529 272 15 529 528 260 270 271 21 518 258 15 517 259 529 270 1 516 259 529 271 259 257 259 529 527 517 260 523 271 273 27 271 528 528 258 268 259 258 516 9 529 278 266 529 516 271 259 258 247 529 13 523 516 258 270 271 265 15 258 257 505 529 257 11 14 271 259 259 269 271 271 528 272 259 13 517 14 271 1 265 271 286 15 259 529 259 257 529 259 270 529 1 259 271 259 258 259 1 529 273 260 529 1 11 529 517 258 529 529 515 528 246 270 529 269 1 265 529 10 271 529 279 259 517 13 259 529 529 271 258 517 528 517 273 271 257 265 247 298 516 516 259 282 529 269 258 529 259 528 273 529 529 523 258 1 271 529 518 527 518 518 515 1 529 273 529 259 258 258 259 13 269 516 529 13 529 295 529 529 272 1 516 1 271 259 271 518 271 529 529 1 15 269 517 270 271 271 1 2 529 270 271 265 529 1 259 27 272 517 11 272 517 271 258 260 275 529 517 529 272 14 515 528 1 259 257 263 27 521 516 1 259 516 517 267 271 265 259 529 271 286 517 1 259 12 528 515 291 1 529 270 529 270 259 257 265 9 517 1 517 529 271 270 528 517 272 523 271 258 271 259 529 271 271 516 13 259 528 260 529 258 285 517 529 269 523 518 528 529 259 517 524 529 11 270 517 271 529 258 518 523 259 517 263 271 258 271 267 259 14 284 258 258 260 271 257 271 20 259 516 266 519 518 7 272 529 528 258 259 271 1 258 529 529 258 259 2 529 528 271 529 517 14 523 529 270 259 
c [Signal] Signal interruption. Caught signal: SIGTERM (15).
c [Label = 522] Minimize Makespan Labeling problem (S-sherman4.mtx.rnd):
c [Label = 521] Minimize Makespan Labeling problem (S-sherman4.mtx.rnd):
c [Label = 525] Encoding starts with target value = 258:
c [Label = 525] Encoding duration: 9400ms.
c [Label = 525] Number of clauses: 5632573.
c [Label = 525] Number of variables: 990990.
c [Label = 525] Solving duration: 17138 ms.
s [Label = 525] SAT (w = 258).
c [Label = 525]Label assignment: 1 1 258 258 277 9 1 20 1 1 251 1 1 254 1 1 9 259 259 250 1 267 251 10 251 265 9 1 8 250 251 267 258 249 1 1 258 7 258 1 8 241 7 267 267 267 267 268 267 267 258 267 525 7 277 5 524 286 268 267 250 249 250 258 259 517 265 525 258 19 270 516 1 1 18 1 525 267 1 525 260 277 1 258 516 525 258 1 525 524 517 525 259 260 520 259 1 259 256 258 278 7 525 267 267 269 265 7 259 20 258 525 517 11 525 251 267 267 267 259 523 267 277 268 267 258 265 1 259 267 525 257 258 267 277 1 10 267 516 262 277 258 523 2 517 1 19 525 257 9 525 260 1 517 259 278 259 259 525 18 525 525 268 1 266 258 523 251 10 516 1 1 267 267 525 258 251 259 525 2 525 517 517 7 517 267 260 250 267 521 525 258 1 269 267 258 3 525 525 268 11 525 524 258 266 267 16 518 258 11 517 259 525 266 1 516 258 525 267 251 250 259 525 523 517 260 523 267 269 19 267 524 515 258 266 259 258 516 5 525 274 259 525 516 267 259 258 251 525 1 523 516 258 266 267 267 11 258 249 509 525 249 7 10 267 259 259 265 267 267 524 268 258 9 517 10 267 1 265 267 278 11 259 525 259 257 525 259 266 1 1 259 267 259 258 259 1 525 269 258 525 525 7 525 517 258 525 525 508 524 250 266 525 265 1 265 525 525 267 525 274 259 517 9 259 525 525 267 258 517 524 517 269 267 257 265 251 286 516 516 259 276 525 265 258 525 259 524 269 525 8 525 258 1 267 525 518 523 518 518 515 1 525 269 525 259 258 258 259 9 265 516 525 9 525 285 523 525 268 1 516 1 267 259 265 516 267 525 525 518 11 265 517 266 267 267 1 2 525 265 267 265 525 1 259 19 268 517 7 268 517 267 258 258 271 525 517 525 268 10 507 517 1 259 257 263 19 521 516 525 259 516 517 263 267 267 259 525 267 278 517 1 259 8 516 515 283 1 525 260 525 259 259 257 265 5 517 1 517 525 267 267 524 517 268 523 259 258 267 259 525 267 267 516 9 259 524 260 525 258 277 517 525 265 525 516 524 525 259 517 525 525 7 266 517 268 525 258 518 525 259 517 263 267 258 267 263 259 10 276 258 258 256 267 258 267 16 259 516 266 518 516 7 268 525 518 258 257 267 1 258 525 525 258 259 2 525 524 267 525 517 10 523 525 266 259 
c [Label = 523] Encoding starts with target value = 258:
c [Label = 523] Encoding duration: 9331ms.
c [Label = 523] Number of clauses: 5616384.
c [Label = 523] Number of variables: 988806.
c [Label = 523] Solving duration: 17155 ms.
s [Label = 523] SAT (w = 258).
c [Label = 523]Label assignment: 1 1 273 258 273 7 1 16 1 1 255 1 1 256 1 1 7 259 259 252 1 273 253 8 264 263 8 1 8 252 257 265 252 264 1 1 273 1 258 1 6 245 1 265 266 265 260 266 265 265 252 259 523 5 273 5 516 280 266 265 252 251 252 252 259 517 260 523 266 15 267 516 1 1 8 1 12 273 1 523 260 273 1 265 516 15 266 1 12 522 517 523 259 260 518 259 1 259 252 263 274 5 523 265 265 267 252 5 259 16 258 8 517 9 1 257 265 265 265 259 517 266 273 266 265 258 263 1 259 266 523 257 258 265 273 1 8 265 516 260 273 258 521 2 517 1 15 523 257 8 8 259 1 517 259 274 259 259 523 15 523 517 266 523 264 253 521 264 8 516 1 1 273 259 8 252 257 259 517 2 15 517 517 1 517 265 262 252 259 521 517 258 1 267 266 258 2 7 523 266 9 8 516 258 264 263 8 6 252 9 517 259 523 264 1 516 258 518 265 252 252 259 523 517 517 260 517 273 267 15 260 522 515 258 258 263 258 516 3 1 266 259 523 516 266 259 258 257 517 1 517 516 258 264 273 259 9 253 251 522 523 251 2 8 273 259 259 263 264 273 6 266 258 1 517 8 266 1 259 273 274 9 259 15 259 257 516 265 264 1 1 259 270 259 271 259 1 8 267 258 1 523 5 8 516 258 523 8 510 522 252 270 523 263 1 259 523 4 265 523 266 259 517 7 259 523 523 266 258 517 523 517 267 273 258 263 258 280 516 1 259 273 13 259 271 517 259 522 267 8 6 517 258 1 259 15 518 518 518 516 522 1 8 267 523 259 252 264 259 15 260 6 523 1 523 280 521 517 266 5 522 1 265 259 263 516 266 523 523 517 9 263 517 264 259 275 1 2 523 263 265 258 10 1 259 15 266 517 2 266 517 266 259 258 269 517 517 8 266 8 509 517 1 259 264 263 15 523 516 523 259 522 517 261 259 259 259 6 265 274 517 1 259 6 516 522 273 1 523 262 517 259 259 264 259 3 517 1 517 523 265 265 522 523 266 517 262 258 259 259 8 266 265 6 1 266 6 252 523 252 273 517 517 263 517 516 522 523 259 517 523 523 5 264 517 266 517 252 523 518 259 517 265 266 271 265 261 259 8 266 252 258 256 265 258 273 8 259 516 266 518 516 1 266 1 520 258 257 259 1 252 523 523 252 259 2 523 522 265 523 517 8 517 523 271 259 
c [Main] Kill higher label pid 528.
c [Main] Kill higher label pid 529.
c [Label = 520] Minimize Makespan Labeling problem (S-sherman4.mtx.rnd):
c [Main] Child pid 529 - 830866 terminated by signal 15.
c [Label = 519] Minimize Makespan Labeling problem (S-sherman4.mtx.rnd):
c [Label = 524] Encoding starts with target value = 258:
c [Label = 524] Encoding duration: 9358ms.
c [Label = 524] Number of clauses: 5624479.
c [Label = 524] Number of variables: 989898.
c [Label = 524] Solving duration: 17340 ms.
s [Label = 524] SAT (w = 258).
c [Label = 524]Label assignment: 1 1 275 258 275 8 1 18 1 1 255 1 1 255 1 1 8 259 259 251 1 275 252 9 265 264 9 1 9 251 257 266 251 265 1 1 275 1 258 1 7 243 1 266 267 266 260 267 266 266 251 259 524 6 275 5 516 283 267 266 251 250 251 251 259 517 260 524 267 17 268 516 1 1 9 1 14 275 1 524 260 275 1 266 516 17 267 1 13 523 517 524 259 260 519 259 1 259 251 258 276 6 524 266 266 268 251 6 259 18 258 9 517 10 1 257 266 266 266 259 517 267 275 267 266 258 264 1 259 267 524 257 258 266 275 1 9 266 516 261 275 258 522 2 517 1 17 524 257 9 9 259 1 517 259 276 259 259 524 17 524 517 267 524 265 252 522 265 9 516 1 1 275 259 9 251 257 259 517 2 17 517 517 1 517 266 263 251 259 521 517 258 1 268 267 258 2 8 524 267 10 9 516 258 265 264 9 7 251 10 517 259 524 265 1 516 258 518 266 251 251 259 524 517 517 260 517 275 268 17 260 523 515 258 258 264 258 516 4 1 267 259 524 516 267 259 258 257 517 1 517 516 258 265 275 259 10 252 250 523 524 250 2 9 275 259 259 264 265 275 7 267 258 1 517 9 267 1 259 275 276 10 259 17 259 257 516 266 265 1 1 259 272 259 273 259 1 9 268 258 1 524 6 9 516 258 524 9 509 523 251 271 524 264 1 259 524 5 266 524 267 259 517 8 259 524 524 267 258 517 524 517 268 275 258 264 258 283 516 1 259 275 15 259 273 517 259 523 268 9 7 517 258 1 259 17 518 518 518 516 523 1 9 268 524 259 251 265 259 17 260 7 524 1 524 283 522 517 267 6 523 1 266 259 264 516 267 524 524 517 10 264 517 265 259 277 1 2 524 264 266 258 11 1 259 17 267 517 2 267 517 267 259 258 270 517 517 9 267 9 508 517 1 259 265 263 17 524 516 524 259 523 517 262 259 259 259 7 266 276 517 1 259 7 516 523 275 1 524 263 517 259 259 265 259 4 517 1 517 524 266 266 523 524 267 517 263 258 259 259 9 267 266 7 1 267 7 251 524 251 275 517 517 264 517 516 523 524 259 517 524 524 6 265 517 267 517 251 524 518 259 517 266 267 273 266 262 259 9 267 251 258 256 266 258 275 9 259 516 267 518 516 1 267 1 521 258 257 259 1 251 524 524 251 259 2 524 523 266 524 517 9 517 524 273 259 
c [Main] Child pid 528 - 830867 terminated by signal 15.
c [Label = 518] Minimize Makespan Labeling problem (S-sherman4.mtx.rnd):
c [Main] Lowest label SAT is set to 525.
c [Label = 517] Minimize Makespan Labeling problem (S-sherman4.mtx.rnd):
c [Main] Lowest label SAT is set to 523.
c [Main] Kill higher label pid 524.
c [Label = 516] Minimize Makespan Labeling problem (S-sherman4.mtx.rnd):
c [Label = 515] Minimize Makespan Labeling problem (S-sherman4.mtx.rnd):
c [Label = 515] Encoding starts with target value = 258:
c [Label = 515] Encoding duration: 7820ms.
c [Label = 515] Number of clauses: 5136323.
c [Label = 515] Number of variables: 840840.
c [Label = 515] Solving duration: 0 ms.
s [Label = 515] UNSAT (w = 258).
c [Main] Highest label UNSAT is set to 515
c [Label = 516] Encoding starts with target value = 258:
c [Label = 516] Encoding duration: 8048ms.
c [Label = 516] Number of clauses: 5144418.
c [Label = 516] Number of variables: 841932.
c [Label = 516] Solving duration: 137 ms.
s [Label = 516] SAT (w = 258).
c [Label = 516]Label assignment: 258 258 516 516 516 258 258 258 258 258 516 258 258 516 258 258 258 516 516 516 258 516 516 258 516 516 258 258 258 516 516 516 516 516 258 258 516 258 516 258 258 516 258 516 516 516 516 516 516 516 516 516 258 258 516 258 258 516 516 516 516 516 516 516 516 258 516 258 516 258 516 258 258 258 258 258 258 516 258 258 516 516 258 516 258 258 516 258 258 258 258 258 516 516 258 516 258 516 516 516 516 258 258 516 516 516 516 258 516 258 516 258 258 258 258 516 516 516 516 516 258 516 516 516 516 516 516 258 516 516 258 516 516 516 516 258 258 516 258 516 516 516 258 258 258 258 258 258 516 258 258 516 258 258 516 516 516 516 258 258 258 258 516 258 516 516 258 516 258 258 258 258 516 516 258 516 516 516 258 258 258 258 258 258 258 516 516 516 516 258 258 516 258 516 516 516 258 258 258 516 258 258 258 516 516 516 258 258 516 258 258 516 258 516 258 258 516 258 516 516 516 516 258 258 258 516 258 516 516 258 516 258 258 516 516 516 516 258 258 258 516 516 258 258 516 516 516 516 258 258 258 258 516 516 516 516 258 516 516 258 258 516 258 258 516 516 516 516 516 516 258 516 516 258 258 258 516 258 516 516 516 258 516 258 516 516 258 516 516 258 258 516 516 516 516 516 258 258 516 516 258 258 258 258 258 516 258 258 258 258 516 516 258 516 258 516 258 258 516 258 516 516 258 258 516 258 258 516 516 258 258 258 516 516 516 516 516 516 258 258 516 516 258 516 516 258 516 258 516 258 258 258 516 258 516 258 258 258 258 258 258 258 258 516 258 516 516 516 516 258 516 258 258 258 258 516 258 258 516 258 258 258 516 516 516 258 516 258 258 258 258 516 258 516 516 516 258 258 258 516 516 516 258 258 516 258 516 258 258 516 258 516 516 516 516 258 258 258 516 258 258 258 258 516 516 516 258 258 258 258 516 258 258 516 516 516 516 258 516 516 258 258 516 258 258 258 516 258 258 516 258 516 516 516 516 258 258 258 258 258 516 516 258 258 516 258 516 516 516 516 258 516 516 258 258 516 258 516 258 516 516 258 258 516 258 258 258 258 516 258 258 258 258 516 258 516 258 516 258 258 516 258 516 516 516 516 516 516 258 516 516 516 516 516 516 516 258 516 258 516 258 258 258 516 258 258 516 516 516 258 516 258 258 516 516 258 258 258 516 258 258 258 258 258 516 516 
c [Main] Lowest label SAT is set to 516.
c [Main] Kill higher label pid 517.
c [Main] Kill higher label pid 518.
c [Main] Kill higher label pid 519.
c [Main] Kill higher label pid 520.
c [Main] Kill higher label pid 521.
c [Main] Kill higher label pid 522.
c [Label = 518] Encoding starts with target value = 258:
c [Label = 518] Encoding duration: 8659ms.
c [Label = 518] Number of clauses: 5575912.
c [Label = 518] Number of variables: 983346.
c [Signal] Signal interruption. Caught signal: SIGTERM (15).
c [Label = 519] Encoding starts with target value = 258:
c [Label = 519] Encoding duration: 8612ms.
c [Label = 519] Number of clauses: 5584006.
c [Label = 519] Number of variables: 984438.
c [Signal] Signal interruption. Caught signal: SIGTERM (15).
c [Label = 517] Encoding starts with target value = 258:
c [Label = 517] Encoding duration: 7610ms.
c [Label = 517] Number of clauses: 5149035.
c [Label = 517] Number of variables: 843024.
c [Signal] Signal interruption. Caught signal: SIGTERM (15).
c [Label = 520] Encoding starts with target value = 258:
c [Label = 520] Encoding duration: 8653ms.
c [Label = 520] Number of clauses: 5592101.
c [Label = 520] Number of variables: 985530.
c [Signal] Signal interruption. Caught signal: SIGTERM (15).
c [Label = 522] Encoding starts with target value = 258:
c [Label = 522] Encoding duration: 8721ms.
c [Label = 522] Number of clauses: 5608290.
c [Label = 522] Number of variables: 987714.
c [Signal] Signal interruption. Caught signal: SIGTERM (15).
c [Label = 521] Encoding starts with target value = 258:
c [Label = 521] Encoding duration: 8961ms.
c [Label = 521] Number of clauses: 5600195.
c [Label = 521] Number of variables: 986622.
c [Signal] Signal interruption. Caught signal: SIGTERM (15).
c [Main] Child pid 519 - 830885 terminated by signal 15.
c [Main] Child pid 517 - 830887 terminated by signal 15.
c [Main] Child pid 520 - 830884 terminated by signal 15.
c [Main] Child pid 522 - 830882 terminated by signal 15.
c [Main] Child pid 518 - 830886 terminated by signal 15.
c [Main] Child pid 521 - 830883 terminated by signal 15.
c [Main] All children have completed.
r [Main] 
r [Main] Final results: 
r [Main] Lowest label SAT:  	516.
r [Main] Highest label UNSAT:	515.
r [Main] Total real time: 96729 ms.
r [Main] Total memory consumed: 17147.3 MB.
r [Main] 
c [Signal] Signal interruption. Caught signal: SIGTERM (15).
