c [Version] Minimize Makespan Labeling Encoder version 1.0.0.
c [Param] LB is predefined as 329.
c [Param] UB is predefined as 675.
c [Param] Memory limit is set to 30000.
c [Param] Real time limit is set to 1800.
c [Param] Worker count is set to 8.
c [Main] Search strategy: Iterating from upper bound.
c [Main] Search order: 675 674 673 672 671 670 669 668 667 666 665 664 663 662 661 660 659 658 657 656 655 654 653 652 651 650 649 648 647 646 645 644 643 642 641 640 639 638 637 636 635 634 633 632 631 630 629 628 627 626 625 624 623 622 621 620 619 618 617 616 615 614 613 612 611 610 609 608 607 606 605 604 603 602 601 600 599 598 597 596 595 594 593 592 591 590 589 588 587 586 585 584 583 582 581 580 579 578 577 576 575 574 573 572 571 570 569 568 567 566 565 564 563 562 561 560 559 558 557 556 555 554 553 552 551 550 549 548 547 546 545 544 543 542 541 540 539 538 537 536 535 534 533 532 531 530 529 528 527 526 525 524 523 522 521 520 519 518 517 516 515 514 513 512 511 510 509 508 507 506 505 504 503 502 501 500 499 498 497 496 495 494 493 492 491 490 489 488 487 486 485 484 483 482 481 480 479 478 477 476 475 474 473 472 471 470 469 468 467 466 465 464 463 462 461 460 459 458 457 456 455 454 453 452 451 450 449 448 447 446 445 444 443 442 441 440 439 438 437 436 435 434 433 432 431 430 429 428 427 426 425 424 423 422 421 420 419 418 417 416 415 414 413 412 411 410 409 408 407 406 405 404 403 402 401 400 399 398 397 396 395 394 393 392 391 390 389 388 387 386 385 384 383 382 381 380 379 378 377 376 375 374 373 372 371 370 369 368 367 366 365 364 363 362 361 360 359 358 357 356 355 354 353 352 351 350 349 348 347 346 345 344 343 342 341 340 339 338 337 336 335 334 333 332 331 330 329.
c [Main] Encoding and solving for graph: V-nos6.mtx.rnd.
c [Label = 675] Minimize Makespan Labeling problem (V-nos6.mtx.rnd):
c [Label = 674] Minimize Makespan Labeling problem (V-nos6.mtx.rnd):
c [Label = 673] Minimize Makespan Labeling problem (V-nos6.mtx.rnd):
c [Label = 672] Minimize Makespan Labeling problem (V-nos6.mtx.rnd):
c [Label = 671] Minimize Makespan Labeling problem (V-nos6.mtx.rnd):
c [Label = 669] Minimize Makespan Labeling problem (V-nos6.mtx.rnd):
c [Label = 670] Minimize Makespan Labeling problem (V-nos6.mtx.rnd):
c [Label = 668] Minimize Makespan Labeling problem (V-nos6.mtx.rnd):
c [Label = 675] Encoding starts with target value = 328:
c [Label = 675] Encoding duration: 22596ms.
c [Label = 675] Number of clauses: 7946977.
c [Label = 675] Number of variables: 1569375.
c [Label = 675] Solving duration: 33557 ms.
s [Label = 675] SAT (w = 328).
c [Label = 675]Label assignment: 1 1 1 311 1 311 253 619 1 347 272 38 310 367 311 655 310 1 311 20 38 291 1 366 20 675 329 310 1 311 1 655 328 326 311 675 328 655 1 310 1 272 673 310 1 619 347 1 638 310 675 674 639 291 310 329 272 1 291 310 1 366 291 1 1 329 328 329 310 600 20 675 675 291 310 638 19 655 348 619 19 328 291 311 19 329 326 347 291 658 638 1 310 657 347 310 655 657 674 657 328 657 16 12 656 675 675 347 656 619 657 639 1 1 657 310 1 311 329 347 272 656 361 348 1 675 657 310 347 291 638 638 1 272 655 347 310 656 20 291 291 1 657 311 311 345 675 600 310 1 310 657 310 639 310 291 1 658 600 291 329 310 346 328 673 19 329 638 19 346 272 347 1 329 311 657 675 657 657 657 1 329 347 329 619 329 347 345 1 347 329 347 291 619 310 291 329 657 638 675 329 311 329 328 657 272 292 348 348 364 329 328 328 329 347 657 656 638 309 638 1 310 329 658 619 310 311 310 656 675 619 329 291 310 310 638 310 20 310 639 638 619 657 33 310 656 656 310 329 639 330 329 19 674 638 657 1 658 655 657 345 657 329 657 348 638 619 655 675 655 310 329 310 639 329 14 675 656 366 310 638 291 328 619 310 310 329 310 329 1 20 329 638 310 658 311 348 310 329 347 638 638 310 675 311 330 311 639 310 656 675 20 310 657 675 291 347 310 310 638 310 310 272 657 1 329 638 310 1 638 619 638 310 327 1 675 675 657 311 310 673 310 19 655 657 291 656 19 309 638 329 658 656 311 329 36 638 19 1 675 347 366 655 675 657 310 20 638 310 329 657 329 310 657 638 657 657 291 1 657 638 19 311 675 19 657 656 656 336 291 1 639 657 311 330 309 291 673 39 291 310 675 657 310 657 19 329 347 329 638 329 675 1 638 310 329 638 310 1 329 328 657 658 656 310 329 657 638 329 619 659 366 657 658 329 638 657 657 657 348 1 311 347 657 638 310 19 639 328 310 657 310 311 310 18 1 619 657 675 311 673 366 329 310 347 329 310 291 310 8 291 656 657 638 675 19 658 310 328 1 330 330 657 639 675 329 657 329 347 657 1 310 310 329 657 619 657 329 657 675 329 272 657 347 311 329 329 638 310 674 329 345 291 638 19 656 657 657 310 329 657 657 310 347 17 329 675 366 291 363 656 347 328 348 272 310 329 329 619 348 367 638 657 330 291 310 311 329 638 19 329 366 600 656 655 655 675 348 675 347 658 329 657 291 657 366 329 329 619 367 329 657 347 329 638 657 638 347 309 638 19 311 658 675 340 291 657 310 638 657 658 638 675 329 38 619 329 310 348 329 619 1 657 658 310 310 309 347 328 656 657 291 291 638 619 347 366 657 638 310 291 657 291 638 619 657 329 272 346 291 1 346 310 310 657 657 310 675 326 329 329 309 329 329 1 639 347 347 310 657 310 311 330 348 638 657 310 637 658 329 329 328 19 367 348 367 1 656 347 20 327 656 657 1 638 
c [Label = 670] Encoding starts with target value = 328:
c [Label = 670] Encoding duration: 22828ms.
c [Label = 670] Number of clauses: 7904300.
c [Label = 670] Number of variables: 1562625.
c [Label = 670] Solving duration: 33480 ms.
s [Label = 670] SAT (w = 328).
c [Label = 670]Label assignment: 1 1 1 341 1 316 273 629 1 342 287 28 315 357 316 655 315 1 369 15 28 301 1 356 15 670 329 315 1 316 1 655 355 327 355 670 328 655 1 315 1 287 669 315 1 629 342 1 643 315 14 1 644 301 315 329 287 1 301 315 1 356 301 1 1 329 328 329 315 615 15 12 670 315 315 643 14 655 343 629 14 327 301 330 14 329 328 342 301 27 643 1 315 657 342 315 655 657 27 657 355 657 670 1 656 670 13 342 656 629 657 655 1 1 657 315 1 316 329 342 287 656 351 343 1 670 657 315 342 301 643 643 1 287 655 342 328 656 15 301 301 1 657 316 355 328 670 615 315 1 315 657 315 644 315 301 1 658 615 301 329 315 341 328 656 14 329 643 14 341 287 341 1 329 316 657 670 657 657 657 1 329 342 329 629 329 342 341 1 354 329 342 316 629 315 301 329 657 643 670 329 341 329 355 657 287 302 343 343 354 329 342 328 329 341 657 656 643 314 643 13 315 329 13 629 315 316 315 656 13 629 329 301 315 315 643 315 15 315 657 655 629 657 23 315 656 656 315 329 644 355 329 14 669 643 657 1 13 655 657 341 657 329 657 343 643 629 644 26 658 315 329 315 644 329 9 670 27 356 316 643 301 328 629 315 315 329 315 329 1 15 329 643 315 13 327 343 315 329 342 643 643 315 670 316 341 316 644 315 656 670 15 315 658 667 301 342 315 315 643 316 315 287 658 1 329 657 315 1 643 629 643 315 341 1 670 14 669 316 315 669 327 14 655 657 301 656 14 314 643 329 669 656 316 329 26 643 14 1 670 342 356 27 670 657 315 15 643 315 329 657 329 316 657 643 657 657 301 1 668 643 14 316 670 14 657 656 656 329 301 1 658 657 316 341 314 301 669 29 301 315 669 657 315 657 14 329 342 329 643 329 1 1 643 315 329 643 315 1 329 328 657 658 656 315 329 657 643 341 629 669 356 657 669 329 643 657 657 657 343 1 316 342 657 643 315 14 658 355 315 657 315 316 315 13 1 629 657 670 327 669 356 329 315 342 329 315 301 315 1 301 656 657 643 14 14 13 315 328 1 355 355 657 669 670 329 657 329 342 657 1 315 315 329 657 629 657 329 657 670 329 287 657 342 327 329 329 643 315 13 329 328 301 643 14 669 657 657 315 329 657 657 315 342 670 329 670 356 301 342 656 342 340 343 287 315 329 329 629 343 357 643 657 341 301 315 327 329 658 14 329 356 615 656 655 655 670 343 670 342 27 329 657 301 657 356 329 329 629 357 329 657 342 329 643 657 643 342 314 643 14 316 669 670 329 301 657 315 643 657 670 643 669 329 28 629 329 315 343 329 629 1 657 658 315 315 314 342 328 656 657 301 301 643 629 342 356 657 655 315 301 657 301 643 629 657 329 287 339 301 1 355 315 316 657 657 315 670 327 329 329 314 329 341 1 669 342 342 315 657 315 316 341 343 643 657 315 642 27 329 329 329 14 357 343 357 1 656 342 15 369 656 657 1 643 
c [Label = 668] Encoding starts with target value = 328:
c [Label = 668] Encoding duration: 22516ms.
c [Label = 668] Number of clauses: 7887229.
c [Label = 668] Number of variables: 1559925.
c [Label = 668] Solving duration: 33796 ms.
s [Label = 668] SAT (w = 328).
c [Label = 668]Label assignment: 1 1 1 339 1 318 281 633 1 340 293 24 317 353 318 655 317 1 364 13 24 305 1 352 13 668 329 317 1 318 1 655 364 328 352 668 328 655 1 317 1 293 668 317 1 633 353 1 645 317 12 1 646 305 317 329 293 1 305 317 1 352 305 1 1 329 353 329 317 621 13 24 668 317 317 645 12 655 341 633 36 328 305 330 12 329 328 340 305 24 645 1 317 657 364 317 646 657 36 657 352 657 12 1 656 668 24 340 656 633 657 655 1 1 657 317 1 318 329 341 305 656 347 341 1 668 657 317 340 305 645 645 1 293 655 340 340 656 13 305 305 1 657 318 352 340 668 621 317 1 317 657 317 646 317 305 1 658 621 305 329 317 339 340 668 12 340 645 12 339 293 340 1 329 328 657 668 657 657 657 1 329 340 329 633 329 352 340 1 352 329 340 317 645 317 305 329 657 645 668 329 340 329 352 657 293 317 341 341 350 329 340 340 329 352 657 656 645 316 645 12 317 329 12 633 317 318 317 656 24 633 329 305 317 317 645 317 13 328 668 655 633 657 19 317 656 656 317 329 656 352 329 12 667 645 657 1 12 655 657 340 657 329 657 341 645 633 646 24 658 317 329 317 646 329 7 668 24 352 318 645 305 328 633 317 317 329 317 329 1 13 329 645 317 12 327 341 317 329 340 656 645 317 668 318 340 318 657 317 656 668 13 317 668 665 305 340 317 317 656 318 317 293 658 1 329 657 317 12 645 633 657 317 340 1 668 12 668 318 317 668 327 12 655 657 305 656 12 316 645 329 667 656 318 329 22 645 12 12 668 340 352 24 25 657 317 24 645 317 329 657 329 318 657 645 657 657 305 1 12 645 12 318 13 12 657 656 656 329 317 1 658 657 318 340 316 317 668 25 305 317 668 657 317 657 24 329 340 329 645 329 668 1 645 317 329 645 317 1 329 328 657 658 656 317 329 657 655 340 633 668 352 657 668 352 645 657 657 657 364 1 318 352 657 645 317 12 658 352 317 657 317 318 317 11 1 633 657 668 327 668 352 329 318 340 329 317 305 317 1 305 656 657 645 12 12 12 317 328 24 364 352 668 667 13 329 657 329 340 657 1 317 317 329 657 633 657 329 657 12 329 293 657 340 327 329 329 645 317 12 329 340 305 645 12 668 657 657 317 329 657 657 329 340 12 329 668 352 305 352 656 340 352 352 293 317 329 329 633 341 353 645 657 340 305 317 327 340 655 12 329 352 621 656 655 655 668 341 668 340 24 329 657 305 657 352 329 329 633 353 329 657 340 329 645 657 645 340 316 645 24 318 667 12 329 305 657 317 645 657 1 645 12 329 24 633 329 317 341 329 645 1 657 658 317 317 316 340 328 656 657 305 305 645 633 340 364 657 655 317 305 657 317 645 633 657 329 293 337 305 1 364 317 318 657 657 317 668 340 329 329 316 329 340 1 667 341 340 317 657 317 318 340 341 645 657 317 645 36 329 329 329 12 353 341 353 1 656 340 13 364 656 657 1 645 
c [Label = 669] Encoding starts with target value = 328:
c [Label = 669] Encoding duration: 23268ms.
c [Label = 669] Number of clauses: 7895764.
c [Label = 669] Number of variables: 1561275.
c [Label = 669] Solving duration: 33211 ms.
s [Label = 669] SAT (w = 328).
c [Label = 669]Label assignment: 1 1 1 340 1 317 277 631 1 341 290 26 316 355 317 655 316 1 317 14 26 303 1 354 14 669 329 316 1 317 1 655 328 327 317 669 328 655 1 316 1 290 668 316 1 631 341 1 644 316 669 668 645 303 316 329 290 1 303 316 1 354 303 1 1 329 328 329 316 618 14 669 669 316 316 644 13 655 342 631 13 328 303 330 13 329 327 341 303 658 644 1 316 657 341 316 645 657 668 657 328 657 669 1 656 669 656 341 656 631 657 655 1 1 657 316 1 317 329 341 290 656 349 342 1 669 657 316 341 303 644 644 1 290 655 341 316 656 14 303 303 1 657 317 317 340 669 618 316 1 316 657 316 645 316 303 1 658 618 303 329 316 340 316 668 13 329 644 13 340 290 341 1 329 303 657 669 657 657 657 1 329 341 329 631 329 341 340 1 328 329 341 316 631 316 303 329 657 644 669 329 317 329 328 657 290 303 342 342 352 329 328 328 329 328 657 656 644 315 644 1 316 329 658 631 316 317 316 656 669 631 329 303 316 316 644 316 14 316 644 655 631 657 21 316 656 656 316 329 644 330 329 13 668 644 657 1 658 655 657 340 657 329 657 342 644 631 645 668 658 316 329 316 645 329 8 669 656 354 317 644 303 328 631 316 316 329 316 329 1 14 329 644 316 658 327 342 316 329 341 644 644 316 669 317 330 317 644 316 656 669 14 316 644 666 303 341 316 316 644 317 316 290 658 1 329 657 316 1 644 631 644 316 327 1 669 669 657 317 316 668 327 13 655 657 303 656 13 315 644 329 668 656 317 329 24 644 13 1 669 341 354 655 669 657 316 14 644 316 329 657 329 317 657 644 657 657 303 1 657 644 13 317 669 13 657 656 656 329 303 1 658 657 317 330 315 303 668 27 303 316 669 657 316 657 13 329 341 329 644 329 1 1 644 316 329 644 316 1 329 328 657 658 656 316 329 657 644 329 631 657 354 657 658 329 644 657 657 657 342 1 317 341 657 644 316 13 658 328 316 657 316 317 316 12 1 631 657 669 327 668 354 329 316 341 329 316 303 316 1 303 656 657 644 669 13 658 316 328 1 330 330 657 668 669 329 657 329 341 657 1 316 316 329 657 631 657 329 657 669 329 290 657 341 327 329 329 644 316 668 329 340 303 644 13 669 657 657 316 329 657 657 316 341 12 329 669 354 303 341 656 341 328 342 290 316 329 329 631 342 355 644 657 330 303 316 327 329 655 13 329 354 618 656 655 655 669 342 669 341 658 329 657 303 657 354 329 329 631 355 329 657 341 329 644 657 644 341 315 644 13 317 668 669 329 303 657 316 644 657 658 644 656 329 26 631 329 316 342 329 631 1 657 658 316 316 315 341 328 656 657 303 303 644 631 341 354 657 655 316 303 657 303 644 631 657 329 290 338 303 1 327 316 317 657 657 316 669 327 329 329 315 329 329 1 668 341 341 316 657 316 317 330 342 644 657 316 643 658 329 329 328 13 355 342 355 1 656 341 14 327 656 657 1 644 
c [Main] Lowest label SAT is set to 675.
c [Label = 667] Minimize Makespan Labeling problem (V-nos6.mtx.rnd):
c [Main] Lowest label SAT is set to 670.
c [Main] Kill higher label pid 671.
c [Main] Kill higher label pid 672.
c [Main] Kill higher label pid 673.
c [Main] Kill higher label pid 674.
c [Label = 672] Encoding starts with target value = 328:
c [Label = 672] Encoding duration: 26786ms.
c [Label = 672] Number of clauses: 7921371.
c [Label = 672] Number of variables: 1565325.
c [Label = 672] Solving duration: 32483 ms.
s [Label = 672] SAT (w = 328).
c [Label = 672]Label assignment: 1 1 1 343 1 314 265 625 1 344 281 32 313 361 314 655 313 1 314 17 32 297 1 360 17 672 329 313 1 314 1 655 328 327 314 672 328 655 1 313 1 281 671 313 1 625 344 1 641 313 672 671 642 297 313 329 281 1 297 313 1 360 297 1 1 329 328 329 313 609 17 672 672 313 313 641 16 655 345 625 16 327 297 330 16 329 327 344 297 658 641 1 313 657 344 313 655 657 671 657 328 657 672 1 656 672 656 344 656 625 657 655 1 1 657 313 1 314 329 344 281 656 355 345 1 672 657 313 344 297 641 641 1 281 655 344 313 656 17 297 297 1 657 314 314 343 672 609 313 1 313 657 313 642 313 297 1 658 609 297 329 313 343 313 671 16 329 641 16 343 281 343 1 329 297 657 672 657 657 657 1 329 344 329 625 329 344 343 1 328 329 344 314 625 313 297 329 657 641 672 329 314 329 328 657 281 297 345 345 358 329 328 328 329 328 657 656 641 312 641 1 313 329 658 625 313 314 313 656 672 625 329 297 313 313 641 313 17 313 641 655 625 657 27 313 656 656 313 329 641 330 329 16 671 641 657 1 658 655 657 343 657 329 657 345 641 625 642 671 658 313 329 313 642 329 11 672 656 360 314 641 297 328 625 313 313 329 313 329 1 17 329 641 313 658 327 345 313 329 344 641 641 313 672 314 330 314 641 313 656 672 17 313 641 669 297 344 313 313 641 314 313 281 658 1 329 657 313 1 641 625 641 313 327 1 672 672 657 314 313 671 327 16 655 657 297 656 16 312 641 329 671 656 314 329 30 641 16 1 672 344 360 655 672 657 313 17 641 313 329 657 329 314 657 641 657 657 297 1 657 641 16 314 672 16 657 656 656 329 297 1 658 657 314 330 312 297 671 33 297 313 671 657 313 657 16 329 344 329 641 329 672 1 641 313 329 641 313 1 329 328 657 658 656 313 329 657 641 329 625 658 360 657 658 329 641 657 657 657 345 1 314 344 657 641 313 16 658 328 313 657 313 314 313 15 1 625 657 672 327 671 360 329 313 344 329 313 297 313 1 297 656 657 641 672 16 658 313 328 1 330 330 657 671 672 329 657 329 344 657 1 313 313 329 657 625 657 329 657 672 329 281 657 344 327 329 329 641 313 671 329 343 297 641 16 671 657 657 313 329 657 657 313 344 15 329 672 360 297 344 656 344 328 345 281 313 329 329 625 345 361 641 657 330 297 313 327 329 658 16 329 360 609 656 655 655 672 345 672 344 658 329 657 297 657 360 329 329 625 361 329 657 344 329 641 657 641 344 312 641 16 314 671 672 329 297 657 313 641 657 658 641 656 329 32 625 329 313 345 329 625 1 657 658 313 313 312 344 328 656 657 297 297 641 625 344 360 657 655 313 297 657 297 641 625 657 329 281 341 297 1 327 313 314 657 657 313 672 327 329 329 312 329 329 1 671 344 344 313 657 313 314 330 345 641 657 313 640 658 329 329 328 16 361 345 361 1 656 344 17 327 656 657 1 641 
c [Signal] Signal interruption. Caught signal: SIGTERM (15).
c [Label = 671] Encoding starts with target value = 328:
c [Label = 671] Encoding duration: 22780ms.
c [Label = 671] Number of clauses: 7912835.
c [Label = 671] Number of variables: 1563975.
c [Label = 671] Solving duration: 34675 ms.
s [Label = 671] SAT (w = 328).
c [Label = 671]Label assignment: 1 1 1 342 1 315 269 627 1 343 284 30 314 359 315 655 314 1 315 16 30 299 1 358 16 671 329 314 1 315 1 655 328 326 315 671 328 655 1 314 1 284 669 314 1 627 343 1 642 314 671 670 643 299 314 329 284 1 299 314 1 358 299 1 1 329 328 329 314 612 16 671 671 314 314 642 15 655 344 627 15 328 299 330 15 329 326 343 299 658 642 1 314 657 343 314 655 657 670 657 328 657 12 8 656 671 656 343 656 627 657 655 1 1 657 314 1 315 329 343 284 656 353 344 1 671 657 314 343 299 642 642 1 284 655 343 314 656 16 299 299 1 657 315 315 341 671 612 314 1 314 657 314 643 314 299 1 658 612 299 329 314 342 314 669 15 329 642 15 342 284 343 1 329 299 657 671 657 657 657 1 329 343 329 627 329 343 341 1 328 329 343 315 627 314 299 329 657 642 671 329 315 329 328 657 284 299 344 344 356 329 328 328 329 328 657 656 642 313 642 1 314 329 658 627 314 315 314 656 671 627 329 299 314 314 642 314 16 314 642 655 627 657 25 314 656 656 314 329 642 330 329 15 670 642 657 1 658 655 657 341 657 329 657 344 642 627 643 670 658 314 329 314 643 329 10 671 656 358 315 642 299 328 627 314 314 329 314 329 1 16 329 642 314 658 327 344 314 329 343 642 642 314 671 315 330 315 642 314 656 671 16 314 642 671 299 343 314 314 642 315 314 284 658 1 329 657 314 1 642 627 642 314 327 1 671 671 657 315 314 669 327 15 655 657 299 656 15 313 642 329 670 656 315 329 28 642 15 1 671 343 358 655 671 657 314 16 642 314 329 657 329 315 657 642 657 657 299 1 657 642 15 315 671 15 657 656 656 332 299 1 658 657 315 330 313 299 669 31 299 314 671 657 314 657 15 329 343 329 642 329 671 1 642 314 329 642 314 1 329 328 657 658 656 314 329 657 642 329 627 657 358 657 658 329 642 657 657 657 344 1 315 343 657 642 314 15 658 328 314 657 314 315 314 14 1 627 657 671 327 669 358 329 314 343 329 314 299 314 4 299 656 657 642 671 15 658 314 328 1 330 330 657 670 671 329 657 329 343 657 1 314 314 329 657 627 657 329 657 671 329 284 657 343 327 329 329 642 314 670 329 341 299 642 15 656 657 657 314 329 657 657 314 343 13 329 671 358 299 355 656 343 328 344 284 314 329 329 627 344 359 642 657 330 299 314 327 329 658 15 329 358 612 656 655 655 671 344 671 343 658 329 657 299 657 358 329 329 627 359 329 657 343 329 642 657 642 343 313 642 15 315 670 671 336 299 657 314 642 657 658 642 656 329 30 627 329 314 344 329 627 1 657 658 314 314 313 343 328 656 657 299 299 642 627 343 358 657 655 314 299 657 299 642 627 657 329 284 342 299 1 327 314 315 657 657 314 671 326 329 329 313 329 329 1 670 343 343 314 657 314 315 330 344 642 657 314 641 658 329 329 328 15 359 344 359 1 656 343 16 327 656 657 1 642 
c [Signal] Signal interruption. Caught signal: SIGTERM (15).
c [Label = 673] Encoding starts with target value = 328:
c [Label = 673] Encoding duration: 22713ms.
c [Label = 673] Number of clauses: 7929906.
c [Label = 673] Number of variables: 1566675.
c [Label = 673] Solving duration: 34852 ms.
s [Label = 673] SAT (w = 328).
c [Label = 673]Label assignment: 1 1 1 344 1 313 261 623 1 345 278 34 312 363 313 655 312 1 313 18 34 295 1 362 18 673 329 312 1 313 1 655 328 326 313 673 328 655 1 312 1 278 671 312 1 623 345 1 640 312 673 672 641 295 312 329 278 1 295 312 1 362 295 1 1 329 328 329 312 606 18 673 673 312 312 640 17 655 346 623 17 328 295 330 17 329 326 345 295 658 640 1 312 657 345 312 655 657 672 657 328 657 14 10 656 673 673 345 656 623 657 655 1 1 657 312 1 313 329 345 278 656 357 346 1 673 657 312 345 295 640 640 1 278 655 345 312 656 18 295 295 1 657 313 313 343 673 606 312 1 312 657 312 641 312 295 1 658 606 295 329 312 344 328 671 17 329 640 17 344 278 345 1 329 313 657 673 657 657 657 1 329 345 329 623 329 345 343 1 345 329 345 313 623 312 295 329 657 640 673 329 313 329 328 657 278 296 346 346 360 329 328 328 329 345 657 656 640 311 640 1 312 329 658 623 312 313 312 656 673 623 329 295 312 312 640 312 18 312 641 655 623 657 29 312 656 656 312 329 641 330 329 17 672 640 657 1 658 655 657 343 657 329 657 346 640 623 641 673 658 312 329 312 641 329 12 673 656 362 313 640 295 328 623 312 312 329 312 329 1 18 329 640 312 658 327 346 312 329 345 640 640 312 673 313 330 313 641 312 656 673 18 312 657 673 295 345 312 312 640 313 312 278 658 1 329 657 312 1 640 623 640 312 327 1 673 673 657 313 312 671 327 17 655 657 295 656 17 311 640 329 672 656 313 329 32 640 17 1 673 345 362 655 673 657 312 18 640 312 329 657 329 313 657 640 657 657 295 1 657 640 17 313 673 17 657 656 656 334 295 1 658 657 313 330 311 295 671 35 295 312 673 657 312 657 17 329 345 329 640 329 1 1 640 312 329 640 312 1 329 328 657 658 656 312 329 657 640 329 623 658 362 657 658 329 640 657 657 657 346 1 313 345 657 640 312 17 658 328 312 657 312 313 312 16 1 623 657 673 327 671 362 329 312 345 329 312 295 312 6 295 656 657 640 673 17 658 312 328 1 330 330 657 672 673 329 657 329 345 657 1 312 312 329 657 623 657 329 657 673 329 278 657 345 327 329 329 640 312 672 329 343 295 640 17 656 657 657 312 329 657 657 312 345 15 329 673 362 295 359 656 345 328 346 278 312 329 329 623 346 363 640 657 330 295 312 327 329 658 17 329 362 606 656 655 655 673 346 673 345 658 329 657 295 657 362 329 329 623 363 329 657 345 329 640 657 640 345 311 640 17 313 672 673 338 295 657 312 640 657 658 640 673 329 34 623 329 312 346 329 623 1 657 658 312 312 311 345 328 656 657 295 295 640 623 345 362 657 655 312 295 657 295 640 623 657 329 278 344 295 1 344 312 313 657 657 312 673 326 329 329 311 329 329 1 672 345 345 312 657 312 313 330 346 640 657 312 639 658 329 329 328 17 363 346 363 1 656 345 18 327 656 657 1 640 
c [Signal] Signal interruption. Caught signal: SIGTERM (15).
c [Label = 674] Encoding starts with target value = 328:
c [Label = 674] Encoding duration: 26884ms.
c [Label = 674] Number of clauses: 7938442.
c [Label = 674] Number of variables: 1568025.
c [Signal] Signal interruption. Caught signal: SIGTERM (15).
c [Label = 666] Minimize Makespan Labeling problem (V-nos6.mtx.rnd):
c [Main] Lowest label SAT is set to 668.
c [Main] Kill higher label pid 669.
c [Main] Kill higher label pid 671.
c [Main] Kill higher label pid 672.
c [Main] Kill higher label pid 673.
c [Main] Kill higher label pid 674.
c [Label = 665] Minimize Makespan Labeling problem (V-nos6.mtx.rnd):
c [Main] Kill higher label pid 671.
c [Main] Kill higher label pid 672.
c [Main] Kill higher label pid 673.
c [Main] Kill higher label pid 674.
c [Label = 664] Minimize Makespan Labeling problem (V-nos6.mtx.rnd):
c [Main] Child pid 672 - 832939 terminated by signal 15.
c [Label = 663] Minimize Makespan Labeling problem (V-nos6.mtx.rnd):
c [Main] Child pid 671 - 832940 terminated by signal 15.
c [Label = 662] Minimize Makespan Labeling problem (V-nos6.mtx.rnd):
c [Main] Child pid 674 - 832937 terminated by signal 15.
c [Label = 661] Minimize Makespan Labeling problem (V-nos6.mtx.rnd):
c [Main] Child pid 673 - 832938 terminated by signal 15.
c [Label = 660] Minimize Makespan Labeling problem (V-nos6.mtx.rnd):
c [Label = 662] Encoding starts with target value = 328:
c [Label = 662] Encoding duration: 16131ms.
c [Label = 662] Number of clauses: 7836016.
c [Label = 662] Number of variables: 1551825.
c [Label = 662] Solving duration: 28471 ms.
s [Label = 662] SAT (w = 328).
c [Label = 662]Label assignment: 1 1 1 323 1 323 305 645 1 334 311 12 323 341 324 655 323 1 324 7 6 317 1 340 7 662 329 323 1 323 1 655 328 326 324 662 323 655 1 323 1 311 660 323 1 645 334 1 651 323 656 1 652 317 323 329 311 1 317 323 1 334 317 1 1 329 328 329 323 639 7 656 662 323 323 651 6 655 335 645 6 327 317 317 6 329 326 334 317 658 651 1 323 655 334 323 655 657 661 657 328 657 3 1 656 662 656 334 656 645 657 652 7 1 655 323 1 324 323 334 311 656 335 335 1 6 657 323 334 317 651 651 656 311 655 324 323 656 7 317 317 1 657 324 324 332 657 639 323 1 323 657 323 652 323 317 1 658 639 317 329 323 334 323 660 6 329 651 658 334 311 333 1 329 317 657 662 657 655 657 1 329 334 329 645 329 324 332 1 324 329 334 324 645 323 317 329 657 651 662 329 324 323 328 657 311 317 335 335 334 329 329 328 329 322 657 656 651 322 651 1 317 322 657 645 323 323 323 656 662 645 329 317 323 329 651 323 7 323 651 655 645 657 7 323 656 657 323 329 651 324 329 662 662 651 657 1 658 655 657 332 657 329 657 335 651 645 652 658 651 323 329 323 652 329 1 1 656 334 324 651 317 328 645 323 323 329 323 323 1 7 329 651 323 652 323 335 323 329 334 651 651 323 657 324 324 324 651 322 656 662 1 323 651 657 317 334 323 323 651 324 323 311 658 1 329 657 323 1 651 645 651 323 329 1 662 658 657 323 323 658 324 6 655 657 317 656 6 322 651 329 657 656 324 329 6 651 662 1 662 334 340 655 662 657 323 7 651 323 329 657 329 324 1 651 656 657 317 1 657 651 6 324 662 662 657 651 656 329 317 1 651 657 324 329 322 317 660 7 317 323 661 657 323 657 6 329 334 329 651 329 662 1 651 322 329 651 323 1 329 328 657 655 656 323 329 657 651 329 645 657 340 657 658 329 651 651 657 657 335 1 324 334 657 651 323 6 651 324 323 657 323 323 323 6 1 645 657 1 324 660 340 329 323 334 329 323 317 324 1 317 657 655 651 658 662 657 323 334 1 330 329 657 651 662 329 657 329 334 657 1 324 323 329 651 645 657 329 657 657 329 311 657 334 324 329 329 651 323 658 329 332 317 651 6 656 655 657 323 329 657 657 323 334 4 329 662 334 317 337 651 334 323 335 311 323 329 329 645 335 341 651 656 330 317 323 323 329 658 6 329 340 639 656 655 655 657 335 662 334 656 323 657 317 657 340 329 329 645 341 329 657 334 329 651 657 651 328 322 651 6 324 657 662 329 317 657 323 651 657 658 651 656 329 12 645 329 323 341 329 645 1 657 658 323 323 322 329 328 657 657 317 317 651 645 329 340 657 655 323 317 657 317 651 645 657 329 311 329 317 1 327 323 324 657 657 323 661 326 329 329 323 335 329 1 652 334 324 323 657 323 324 329 335 651 657 323 651 658 329 329 329 6 341 329 335 1 656 334 13 327 656 657 657 651 
c [Label = 667] Encoding starts with target value = 328:
c [Label = 667] Encoding duration: 16265ms.
c [Label = 667] Number of clauses: 7878693.
c [Label = 667] Number of variables: 1558575.
c [Label = 667] Solving duration: 28991 ms.
s [Label = 667] SAT (w = 328).
c [Label = 667]Label assignment: 1 1 1 338 1 319 285 635 1 339 296 22 318 351 319 655 318 1 361 12 22 307 1 350 12 667 329 318 1 319 1 655 361 328 350 667 328 655 1 318 1 296 667 318 1 635 351 1 646 318 11 1 647 307 318 329 296 1 307 318 1 350 307 1 1 329 351 329 318 624 12 22 667 318 318 646 11 655 340 635 33 328 307 330 11 329 328 339 307 22 646 1 318 657 361 318 647 657 33 657 350 657 11 1 656 667 22 339 656 635 657 655 1 1 657 318 1 319 329 340 307 656 345 340 1 667 657 318 339 307 646 646 1 296 655 339 339 656 12 307 307 1 657 319 350 339 667 624 318 1 318 657 318 647 318 307 1 658 624 307 329 318 338 339 667 11 339 646 11 338 296 339 1 329 328 657 667 657 657 657 1 329 339 329 635 329 350 339 1 350 329 339 318 646 318 307 329 657 646 667 329 339 329 350 657 296 318 340 340 348 329 339 339 329 350 657 656 646 317 646 11 318 329 11 635 318 319 318 656 22 635 329 307 318 318 646 318 12 328 667 655 635 657 17 318 656 656 318 329 656 350 329 11 666 646 657 1 11 655 657 339 657 329 657 340 646 635 647 22 658 318 329 318 647 329 6 667 22 350 319 646 307 328 635 318 318 329 318 329 1 12 329 646 318 11 327 340 318 329 339 656 646 318 667 319 339 319 657 318 656 667 12 318 667 664 307 339 318 318 656 319 318 296 658 1 329 657 318 11 646 635 657 318 339 1 667 11 667 319 318 667 327 11 655 657 307 656 11 317 646 329 666 656 319 329 20 646 11 11 667 339 350 22 23 657 318 22 646 318 329 657 329 319 657 646 657 657 307 1 11 646 11 319 12 11 657 656 656 329 318 1 658 657 319 339 317 318 667 23 307 318 667 657 318 657 22 329 339 329 646 329 667 1 646 318 329 646 318 1 329 328 657 658 656 318 329 657 655 339 635 667 350 657 667 350 646 657 657 657 361 1 319 350 657 646 318 11 658 350 318 657 318 319 318 10 1 635 657 667 327 667 350 329 319 339 329 318 307 318 1 307 656 657 646 11 11 11 318 328 22 361 350 667 666 12 329 657 329 339 657 1 318 318 329 657 635 657 329 657 11 329 296 657 339 327 329 329 646 318 11 329 339 307 646 11 667 657 657 318 329 657 657 329 339 11 329 667 350 307 350 656 339 350 350 296 318 329 329 635 340 351 646 657 339 307 318 327 339 655 11 329 350 624 656 655 655 667 340 667 339 22 329 657 307 657 350 329 329 635 351 329 657 339 329 646 657 646 339 317 646 22 319 666 11 329 307 657 318 646 657 1 646 11 329 22 635 329 318 340 329 646 1 657 658 318 318 317 339 328 656 657 307 307 646 635 339 361 657 655 318 307 657 318 646 635 657 329 296 336 307 1 361 318 319 657 657 318 667 339 329 329 317 329 339 1 666 340 339 318 657 318 319 339 340 646 657 318 646 33 329 329 329 11 351 340 351 1 656 339 12 361 656 657 1 646 
c [Label = 666] Encoding starts with target value = 328:
c [Label = 666] Encoding duration: 16072ms.
c [Label = 666] Number of clauses: 7870158.
c [Label = 666] Number of variables: 1557225.
c [Label = 666] Solving duration: 29114 ms.
s [Label = 666] SAT (w = 328).
c [Label = 666]Label assignment: 1 1 1 337 1 320 289 637 1 328 299 40 319 349 327 655 319 1 320 11 20 309 1 368 11 666 329 319 1 320 1 655 328 320 320 20 319 655 1 319 10 299 658 319 1 637 338 1 647 319 656 1 648 309 319 329 299 20 309 319 1 348 309 1 1 329 328 329 319 627 11 656 666 319 319 647 10 655 358 637 10 328 309 330 10 329 338 338 309 658 647 1 319 657 338 328 648 657 665 657 328 657 666 1 656 20 656 338 656 637 657 655 1 1 657 319 1 320 329 338 299 656 343 339 1 10 657 319 358 309 647 647 1 299 655 320 319 656 30 309 309 1 657 320 320 330 657 627 319 20 319 657 319 648 319 309 1 665 627 309 348 319 337 319 658 10 329 647 658 337 299 338 1 338 309 657 666 657 657 657 1 329 338 329 637 329 320 338 1 320 329 338 319 637 319 309 329 657 647 10 329 320 329 328 657 299 309 358 339 338 329 329 338 329 318 657 656 647 318 647 1 319 329 657 637 338 320 338 656 666 637 329 309 319 319 647 319 30 319 647 655 637 657 15 319 656 656 319 329 647 320 329 10 665 647 657 1 658 655 657 330 657 329 657 339 647 637 648 658 658 319 348 319 655 348 5 657 656 338 320 647 309 329 637 319 319 338 339 329 1 11 329 647 319 648 327 358 319 329 338 647 647 319 657 320 320 320 647 319 656 666 11 319 647 657 309 338 319 319 647 320 319 299 658 20 348 657 319 1 647 637 647 319 329 1 10 658 666 320 319 658 327 10 655 657 309 656 30 328 647 348 665 656 320 329 10 647 666 1 666 339 368 655 666 666 319 11 647 319 329 657 329 320 657 647 657 10 309 1 657 647 10 320 666 20 10 656 656 329 309 1 658 657 320 329 318 309 666 21 309 319 666 11 319 657 10 329 338 329 647 329 10 1 647 319 329 647 319 1 329 328 657 658 656 319 339 666 647 329 637 666 348 657 658 329 647 657 657 657 339 10 327 338 9 647 319 10 658 320 319 657 319 320 319 9 1 637 657 1 327 666 348 337 319 338 329 319 309 319 1 309 656 657 647 658 666 657 319 348 1 330 329 657 665 666 329 657 329 338 657 1 319 319 329 657 637 657 329 657 657 329 299 657 358 337 329 348 647 319 658 329 330 309 647 10 666 657 657 319 329 657 1 319 338 666 329 1 358 309 338 656 348 319 339 299 319 338 329 637 339 368 647 657 330 309 319 327 329 655 30 329 348 627 656 655 655 652 339 20 338 656 329 657 309 657 348 329 329 637 349 329 10 338 329 647 9 647 348 319 647 10 320 665 1 329 309 11 319 647 657 658 647 656 329 20 637 329 319 339 339 637 20 657 665 319 319 318 329 328 656 657 309 309 647 637 324 348 657 655 329 309 657 309 647 637 657 329 299 329 309 1 327 319 320 657 657 319 666 330 329 339 318 329 329 1 665 338 320 319 657 319 320 329 339 647 657 319 646 658 329 337 329 30 349 339 349 1 666 358 11 327 657 657 1 647 
c [Label = 661] Encoding starts with target value = 328:
c [Label = 661] Encoding duration: 16343ms.
c [Label = 661] Number of clauses: 7827480.
c [Label = 661] Number of variables: 1550475.
c [Label = 661] Solving duration: 28443 ms.
s [Label = 661] SAT (w = 328).
c [Label = 661]Label assignment: 1 1 1 325 1 325 310 647 1 333 314 1 324 339 325 655 324 1 319 6 1 319 1 329 6 5 329 324 1 325 1 655 324 328 324 1 324 655 1 324 1 315 661 324 1 647 340 1 652 324 657 1 653 320 324 329 314 1 319 324 1 329 319 1 1 329 340 329 324 643 6 1 5 324 324 652 7 657 329 648 17 328 319 325 2 329 333 329 320 652 652 1 324 655 345 324 655 657 656 657 324 657 5 2 656 660 657 336 656 647 657 653 6 1 655 324 1 325 324 335 314 656 334 334 1 1 657 324 333 319 652 652 1 314 655 325 324 656 1 319 319 1 657 325 324 333 657 642 324 1 324 657 324 653 324 319 1 658 643 319 329 324 334 324 661 1 329 652 658 334 315 329 1 329 319 657 1 657 658 657 1 329 338 329 647 329 329 333 1 329 329 336 325 647 324 319 329 657 653 5 329 325 329 324 657 315 319 332 334 334 329 329 333 329 329 657 656 652 323 652 656 324 329 656 647 324 325 324 656 652 647 329 319 324 329 652 324 1 324 652 653 648 657 6 324 656 657 325 329 652 324 329 1 1 652 657 1 657 657 657 333 657 329 657 334 652 647 655 657 655 324 327 324 653 327 1 1 653 333 325 652 319 330 647 324 325 329 324 329 1 6 329 652 324 653 325 329 324 329 333 652 652 324 657 325 325 325 652 325 657 2 1 324 652 657 319 331 324 324 652 325 324 314 658 660 329 657 324 7 652 647 652 324 329 1 1 657 661 325 324 658 325 10 658 657 319 656 661 323 652 329 658 656 325 329 1 652 661 7 1 335 334 652 12 657 324 12 652 324 329 657 329 325 1 652 657 657 319 1 657 652 3 325 7 1 657 656 656 330 319 657 653 657 325 324 323 319 661 6 319 324 661 657 324 657 12 329 334 329 653 329 660 1 652 323 329 653 324 1 329 333 657 658 656 324 329 657 652 324 648 661 341 657 658 340 652 657 657 657 345 657 325 335 657 652 324 8 653 325 324 657 325 325 324 6 1 647 657 3 325 661 340 329 324 338 329 324 320 325 2 319 657 657 652 657 5 656 324 329 12 324 324 657 653 7 329 657 329 330 657 1 325 324 329 657 647 657 329 657 1 329 314 657 329 325 329 329 652 324 658 329 333 319 652 8 661 655 657 324 329 657 657 324 335 5 329 2 334 319 338 656 332 329 340 315 324 329 329 647 334 334 652 656 330 319 324 325 335 658 1 329 334 643 656 655 655 657 334 661 330 652 329 657 319 657 340 329 329 647 339 329 657 333 329 652 657 652 334 323 652 7 325 658 2 330 319 657 324 652 657 658 652 657 329 12 647 329 324 339 329 647 1 657 658 324 324 323 329 329 657 657 319 319 652 647 329 345 657 655 324 319 657 319 652 647 657 329 314 329 319 657 324 324 325 657 657 324 661 330 329 329 324 334 329 1 653 335 329 324 657 324 325 328 334 652 657 324 652 652 329 329 330 1 339 329 334 657 656 332 11 324 656 657 657 652 
c [Label = 664] Encoding starts with target value = 328:
c [Label = 664] Encoding duration: 16209ms.
c [Label = 664] Number of clauses: 7853087.
c [Label = 664] Number of variables: 1554525.
c [Label = 664] Solving duration: 28946 ms.
s [Label = 664] SAT (w = 328).
c [Label = 664]Label assignment: 1 1 1 335 1 322 313 649 1 336 305 1 321 345 322 655 321 1 322 9 1 313 1 329 9 664 329 321 1 322 1 655 321 323 322 1 321 655 1 321 1 321 659 321 1 641 336 1 649 321 655 663 650 321 321 329 305 1 313 321 1 329 313 1 1 329 328 329 321 649 9 663 664 321 321 649 8 655 329 649 8 328 313 327 664 329 323 322 321 658 649 1 321 655 336 321 650 657 656 657 321 657 3 1 656 657 661 336 656 641 657 658 1 1 655 321 1 322 329 336 305 656 339 337 1 658 658 321 335 321 649 649 656 305 655 325 321 656 1 313 313 1 657 322 322 331 657 641 321 1 321 657 321 650 321 313 1 658 649 313 329 321 335 321 659 664 329 649 661 335 313 330 1 329 313 657 658 657 650 657 1 329 336 329 641 329 327 331 1 327 329 336 322 641 321 313 329 657 657 664 329 322 321 321 657 321 313 329 337 328 329 327 331 329 327 657 656 649 320 649 1 313 320 657 641 321 321 321 656 649 641 329 313 321 321 649 321 662 321 649 656 657 657 11 321 656 656 322 329 649 322 329 663 663 649 657 1 650 655 657 331 657 329 657 337 649 641 650 655 655 321 321 321 655 321 3 1 650 336 322 649 313 329 641 321 322 329 321 321 1 9 329 649 321 650 327 329 328 329 336 649 649 321 657 322 322 322 649 322 656 663 9 321 649 657 313 328 321 321 649 322 321 313 658 657 329 657 321 1 649 641 649 321 328 1 658 655 657 321 321 651 327 8 655 657 313 656 663 320 649 329 663 656 322 329 664 649 664 1 658 336 337 650 664 657 321 9 657 321 329 657 329 322 657 649 656 657 313 1 657 649 664 322 664 1 657 649 656 329 313 1 655 658 322 329 320 313 659 17 313 321 663 657 321 657 8 329 327 329 656 329 657 1 649 321 329 657 321 1 329 328 657 655 656 321 329 657 649 329 649 657 344 657 658 329 649 649 657 657 337 657 322 336 657 649 321 8 655 322 321 657 321 322 321 7 1 641 657 1 330 659 344 329 321 336 329 321 329 322 1 313 657 655 649 657 664 657 321 329 1 321 329 657 663 664 329 657 329 328 657 1 322 321 329 649 641 657 329 657 661 329 305 657 330 327 329 329 649 321 658 329 331 313 649 8 664 657 657 321 329 657 657 321 336 664 329 664 337 313 336 649 327 327 337 313 321 329 329 641 337 334 649 657 330 313 321 327 329 658 1 329 336 641 656 655 655 657 337 663 329 650 321 657 313 657 344 330 329 641 345 329 657 336 329 649 657 649 330 320 649 8 322 663 664 337 313 657 321 649 657 658 649 655 329 16 641 329 321 337 329 641 1 657 658 321 321 320 329 328 657 657 313 313 649 641 329 344 657 655 321 313 657 313 649 641 657 329 305 327 313 1 325 321 322 657 657 321 663 323 329 329 321 329 322 1 663 336 324 321 657 321 322 329 337 649 657 321 649 650 329 329 327 1 345 337 345 1 656 327 9 322 656 657 1 649 
c [Main] Lowest label SAT is set to 662.
c [Main] Kill higher label pid 663.
c [Main] Kill higher label pid 664.
c [Main] Kill higher label pid 665.
c [Main] Kill higher label pid 666.
c [Main] Kill higher label pid 667.
c [Label = 663] Encoding starts with target value = 328:
c [Label = 663] Encoding duration: 16190ms.
c [Label = 663] Number of clauses: 7844551.
c [Label = 663] Number of variables: 1553175.
c [Label = 663] Solving duration: 29002 ms.
s [Label = 663] SAT (w = 328).
c [Label = 663]Label assignment: 1 1 1 334 1 323 315 650 1 334 308 1 322 343 323 655 322 1 315 8 1 315 1 329 8 663 329 322 1 323 1 655 322 327 321 1 322 655 1 322 1 322 662 322 1 643 343 1 650 322 657 1 651 322 322 329 308 1 315 322 1 329 315 1 1 329 343 329 322 650 8 656 663 322 322 650 7 655 329 650 21 328 315 327 662 329 334 334 322 650 650 1 322 655 350 322 651 657 656 657 322 657 6 1 656 657 656 335 656 643 657 658 1 1 655 322 1 323 329 336 308 656 337 336 1 1 661 322 334 322 650 650 656 308 655 329 322 656 1 315 315 1 657 323 322 334 657 643 322 1 322 657 322 651 322 315 1 658 650 315 329 322 334 322 662 662 329 650 662 334 315 335 1 329 315 657 1 657 651 657 1 329 335 329 643 329 327 335 1 323 329 335 323 643 322 315 329 657 657 7 329 323 322 322 657 322 315 329 336 327 329 329 335 329 321 657 656 650 321 650 656 315 321 656 643 322 322 322 656 650 643 329 315 322 322 650 322 661 322 650 656 657 657 9 322 656 656 323 329 650 322 329 662 662 650 657 1 655 655 657 334 657 329 657 336 650 643 651 655 655 322 322 322 655 322 2 1 652 334 326 650 315 329 643 322 323 329 322 322 1 8 329 650 322 651 327 329 328 329 335 650 650 322 657 323 323 323 650 323 656 662 8 322 650 657 315 328 322 322 650 323 322 315 658 657 329 657 322 7 650 643 650 322 329 1 662 657 662 322 322 656 327 13 655 657 315 656 662 321 650 329 662 656 323 329 662 650 663 7 662 335 336 650 15 657 322 14 657 322 329 657 329 323 657 650 656 657 315 1 657 650 663 323 8 1 657 650 656 329 315 657 655 661 323 322 321 315 663 15 315 322 663 657 322 657 15 329 327 329 656 329 657 1 650 322 329 657 322 1 329 334 657 655 656 322 329 657 650 322 650 662 342 657 658 342 650 650 657 657 349 657 326 341 657 650 322 7 655 323 322 657 322 323 322 6 1 643 657 1 330 663 348 329 322 341 329 322 329 323 1 315 657 655 650 657 662 656 322 329 14 322 322 657 662 8 329 657 329 329 657 1 323 322 329 650 643 657 329 657 657 329 308 657 330 327 329 329 650 322 657 329 334 315 650 7 663 657 657 322 329 657 657 322 328 6 329 663 336 315 341 650 329 322 342 315 322 329 329 643 336 333 650 657 330 315 322 327 335 658 1 329 334 643 656 655 655 657 336 662 329 650 322 657 315 657 342 329 329 643 343 329 657 335 329 650 657 650 330 321 650 13 323 662 6 329 315 657 322 650 657 658 650 656 329 14 643 329 322 336 329 643 1 657 658 322 322 321 329 328 657 657 315 315 650 643 329 349 657 655 322 315 657 315 650 643 657 329 308 329 315 657 323 322 323 657 657 322 663 328 329 329 322 329 327 1 662 336 329 322 657 322 323 328 336 650 657 322 650 650 329 329 332 1 343 336 343 657 656 327 8 322 656 657 1 650 
c [Signal] Signal interruption. Caught signal: SIGTERM (15).
c [Label = 665] Encoding starts with target value = 328:
c [Label = 665] Encoding duration: 16349ms.
c [Label = 665] Number of clauses: 7861622.
c [Label = 665] Number of variables: 1555875.
c [Label = 665] Solving duration: 29200 ms.
s [Label = 665] SAT (w = 328).
c [Label = 665]Label assignment: 1 1 1 336 1 321 311 648 1 328 302 1 320 347 321 655 320 1 355 10 1 311 1 329 10 665 329 320 1 321 1 655 355 328 346 1 328 655 1 320 1 320 665 320 1 639 337 1 648 320 9 1 649 320 320 329 302 1 311 320 1 329 311 1 1 329 328 329 320 648 10 18 665 320 320 648 9 655 329 648 9 328 311 327 665 329 328 321 320 18 648 1 320 655 337 320 655 657 27 657 346 657 6 2 656 657 18 337 656 639 657 655 1 1 664 320 1 321 329 337 312 656 341 338 1 658 657 320 336 320 648 648 656 302 655 337 337 656 1 311 311 1 657 321 346 337 665 639 320 1 320 657 320 649 320 311 1 658 648 311 329 320 336 337 665 665 337 648 9 336 311 329 1 329 328 657 658 657 649 657 1 329 337 329 639 329 346 335 1 346 329 337 321 648 320 311 329 657 657 665 329 337 320 346 657 320 321 329 338 337 329 337 328 329 346 657 656 648 319 648 9 311 319 9 639 320 320 320 656 18 639 329 311 320 320 648 320 1 328 665 658 657 657 13 320 656 656 321 329 656 346 329 665 664 648 657 1 9 655 657 337 657 329 657 338 648 639 649 18 658 320 320 329 649 329 4 665 18 337 321 648 311 328 639 320 321 329 320 320 1 10 329 649 320 9 327 329 320 329 337 657 648 320 665 321 337 321 657 321 656 665 10 320 665 665 311 331 320 320 656 321 320 311 658 657 329 657 320 1 648 639 658 320 337 1 658 9 665 320 320 665 327 9 655 657 311 656 664 319 648 329 664 656 321 329 665 648 665 1 656 337 338 18 665 657 320 10 657 320 329 657 329 321 657 648 656 657 311 1 9 648 3 321 665 1 657 648 656 329 320 1 655 657 321 337 319 321 665 19 312 321 663 657 320 657 9 329 328 329 656 329 1 1 648 320 329 657 320 1 329 326 657 655 656 320 329 657 657 337 648 665 346 657 665 329 648 648 657 657 338 657 321 337 657 648 320 9 655 346 320 657 320 321 320 8 1 639 657 1 327 665 346 329 327 337 329 320 329 329 1 311 657 655 648 9 665 9 320 329 1 355 346 665 664 665 329 657 329 328 657 1 329 320 329 648 639 657 329 657 9 329 302 657 330 327 329 329 648 320 9 329 337 311 648 9 656 657 657 320 329 657 657 329 337 7 329 665 338 311 343 648 329 346 338 311 320 329 329 640 338 338 648 657 337 311 320 327 329 658 1 329 337 639 656 655 655 665 338 664 329 18 320 657 311 657 346 329 329 640 347 329 657 337 329 648 657 648 329 319 648 9 321 664 665 330 311 657 320 648 657 1 648 9 329 18 639 329 320 338 329 649 1 657 658 320 320 319 337 328 657 657 311 311 648 639 337 346 657 655 320 311 657 320 648 639 657 329 302 337 311 1 355 320 321 657 657 320 665 337 329 329 320 329 337 1 664 337 337 320 657 320 321 337 338 648 657 320 649 27 329 329 329 1 347 338 347 1 656 327 10 355 656 657 1 648 
c [Signal] Signal interruption. Caught signal: SIGTERM (15).
c [Label = 659] Minimize Makespan Labeling problem (V-nos6.mtx.rnd):
c [Label = 658] Minimize Makespan Labeling problem (V-nos6.mtx.rnd):
c [Label = 660] Encoding starts with target value = 328:
c [Label = 660] Encoding duration: 16420ms.
c [Label = 660] Number of clauses: 7818945.
c [Label = 660] Number of variables: 1549125.
c [Label = 660] Solving duration: 28770 ms.
s [Label = 660] SAT (w = 328).
c [Label = 660]Label assignment: 1 1 1 326 1 326 314 649 1 332 317 12 325 337 326 655 325 1 326 5 4 321 1 340 5 4 329 325 1 326 1 655 325 327 326 4 325 655 1 325 1 318 659 325 1 649 337 1 653 325 657 1 654 322 325 329 317 5 321 325 1 332 321 1 1 329 337 329 325 646 5 656 4 326 325 653 4 657 337 650 12 328 321 326 660 329 332 328 322 658 653 1 325 655 340 325 654 657 654 657 325 657 3 1 656 4 656 333 656 649 657 654 5 1 658 325 1 326 325 333 318 656 333 333 1 660 657 325 336 321 653 653 1 317 655 329 325 656 9 321 321 1 657 326 326 331 657 645 325 5 325 657 325 654 325 321 1 658 646 321 333 325 333 325 659 660 329 653 659 333 318 332 1 329 321 657 660 657 658 658 1 329 336 329 649 329 327 332 1 326 329 335 326 650 325 321 329 657 654 4 329 326 329 325 657 318 322 337 333 328 329 329 332 329 324 657 656 653 324 653 1 325 329 657 649 329 326 329 656 653 649 329 321 326 329 653 325 9 325 653 658 650 657 5 325 656 657 326 329 653 326 329 660 1 653 657 1 658 657 657 331 657 329 657 333 653 649 654 654 654 325 333 326 654 332 1 657 654 332 326 653 321 329 649 325 326 329 333 329 1 5 329 654 325 654 326 337 325 329 332 654 653 325 657 326 326 326 653 326 657 660 1 325 653 657 321 332 325 325 653 326 325 317 658 5 333 658 325 7 653 649 654 325 329 1 660 657 660 326 325 658 326 7 658 657 322 656 8 325 653 337 658 656 326 329 660 653 660 4 660 332 340 654 9 657 325 8 653 325 329 657 329 326 1 653 657 660 321 1 657 653 4 326 5 4 1 656 656 329 322 1 654 657 326 329 324 322 660 5 322 326 660 5 325 657 8 329 332 329 654 329 660 1 653 324 329 654 325 1 329 328 657 658 656 325 332 657 654 329 650 660 337 657 658 336 653 657 657 657 340 1 326 335 1 653 325 5 654 326 325 657 326 326 325 5 1 649 657 3 326 660 336 330 326 335 329 325 322 329 1 321 657 657 653 657 660 657 325 332 8 325 329 657 654 5 329 657 329 332 657 1 329 325 329 657 649 657 329 657 657 329 317 657 336 330 329 333 653 325 658 329 331 321 653 7 660 655 657 325 329 657 1 325 332 3 329 660 336 321 335 656 332 325 336 318 325 329 329 650 333 341 653 656 330 321 325 326 335 658 8 329 332 646 656 655 655 657 333 4 332 654 329 657 321 657 336 329 329 649 337 329 1 332 329 653 1 654 332 325 654 7 326 658 3 329 321 5 325 653 657 658 653 656 329 8 649 329 325 337 333 650 5 657 658 325 325 324 329 329 657 657 321 321 653 649 328 340 657 655 329 321 657 322 653 649 657 329 317 329 321 1 326 325 326 657 657 325 660 330 329 333 325 333 329 1 654 333 329 325 657 325 326 329 333 653 657 325 653 654 329 330 329 8 337 329 333 1 657 336 9 326 657 657 657 653 
c [Label = 657] Minimize Makespan Labeling problem (V-nos6.mtx.rnd):
c [Main] Lowest label SAT is set to 661.
c [Main] Kill higher label pid 663.
c [Main] Kill higher label pid 664.
c [Main] Kill higher label pid 665.
c [Label = 656] Minimize Makespan Labeling problem (V-nos6.mtx.rnd):
c [Main] Kill higher label pid 665.
c [Main] Child pid 665 - 832974 terminated by signal 15.
c [Label = 655] Minimize Makespan Labeling problem (V-nos6.mtx.rnd):
c [Main] Child pid 663 - 832976 terminated by signal 15.
c [Label = 653] Minimize Makespan Labeling problem (V-nos6.mtx.rnd):
c [Label = 654] Minimize Makespan Labeling problem (V-nos6.mtx.rnd):
c [Main] Lowest label SAT is set to 660.
c [Label = 652] Minimize Makespan Labeling problem (V-nos6.mtx.rnd):
c [Label = 654] Encoding starts with target value = 328:
c [Label = 654] Encoding duration: 12520ms.
c [Label = 654] Number of clauses: 7111452.
c [Label = 654] Number of variables: 1321650.
c [Label = 654] Solving duration: 0 ms.
s [Label = 654] UNSAT (w = 328).
c [Label = 652] Encoding starts with target value = 328:
c [Label = 652] Encoding duration: 12545ms.
c [Label = 652] Number of clauses: 7094381.
c [Label = 652] Number of variables: 1318950.
c [Label = 652] Solving duration: 0 ms.
s [Label = 652] UNSAT (w = 328).
c [Label = 655] Encoding starts with target value = 328:
c [Label = 655] Encoding duration: 12658ms.
c [Label = 655] Number of clauses: 7119987.
c [Label = 655] Number of variables: 1323000.
c [Label = 655] Solving duration: 0 ms.
s [Label = 655] UNSAT (w = 328).
c [Label = 653] Encoding starts with target value = 328:
c [Label = 653] Encoding duration: 12573ms.
c [Label = 653] Number of clauses: 7102916.
c [Label = 653] Number of variables: 1320300.
c [Label = 653] Solving duration: 0 ms.
s [Label = 653] UNSAT (w = 328).
c [Main] Highest label UNSAT is set to 654
c [Main] Kill lower label pid 652.
c [Main] Kill lower label pid 653.
c [Main] Highest label UNSAT is set to 655
c [Main] Kill lower label pid 653.
c [Label = 656] Encoding starts with target value = 328:
c [Label = 656] Encoding duration: 13170ms.
c [Label = 656] Number of clauses: 7128523.
c [Label = 656] Number of variables: 1324350.
c [Label = 656] Solving duration: 246 ms.
s [Label = 656] SAT (w = 328).
c [Label = 656]Label assignment: 328 328 328 656 328 656 656 328 328 656 656 328 656 656 656 328 656 328 656 328 328 656 328 656 328 328 656 656 328 656 328 328 656 656 656 328 656 328 328 656 328 656 328 656 328 328 656 328 328 656 328 328 328 656 656 656 656 328 656 656 328 656 656 328 328 656 656 656 656 328 328 328 328 656 656 328 328 328 656 328 328 656 656 656 328 656 656 656 656 328 328 328 656 328 656 656 328 328 328 328 656 328 328 328 328 328 328 656 328 328 328 328 328 328 328 656 328 656 656 656 656 328 656 656 328 328 328 656 656 656 328 328 328 656 328 656 656 328 328 656 656 328 328 656 656 656 328 328 656 328 656 328 656 328 656 656 328 328 328 656 656 656 656 656 328 328 656 328 328 656 656 656 328 656 656 328 328 328 328 328 328 656 656 656 328 656 656 656 328 656 656 656 656 328 656 656 656 328 328 328 656 656 656 656 328 656 656 656 656 656 656 656 656 656 656 328 328 328 656 328 328 656 656 328 328 656 656 656 328 328 328 656 656 656 656 328 656 328 656 328 328 328 328 328 656 328 328 656 656 328 656 656 328 328 328 328 328 328 328 328 656 328 656 328 656 328 328 328 328 328 656 656 656 328 656 328 328 328 656 656 328 656 656 328 656 656 656 656 656 328 328 656 328 656 328 656 656 656 656 656 328 328 656 328 656 656 656 328 656 328 328 328 656 328 328 656 656 656 656 328 656 656 656 328 328 656 328 656 328 328 328 328 656 656 328 328 328 328 656 656 328 656 328 328 328 656 328 328 656 328 656 328 328 656 656 328 328 328 328 328 656 656 328 328 328 656 328 328 656 656 328 656 656 328 328 328 328 656 328 328 328 328 656 328 328 328 328 328 656 656 328 328 328 656 656 656 656 328 328 656 656 328 328 656 328 328 656 656 656 328 656 328 328 328 656 656 328 656 328 656 656 328 328 328 656 656 328 328 656 328 328 656 328 328 656 328 328 328 328 656 328 656 656 328 328 656 328 328 656 656 328 656 656 656 328 328 328 328 328 656 328 656 656 656 656 656 656 656 656 328 656 328 328 328 328 328 328 656 656 328 656 656 328 328 328 656 328 656 656 328 328 656 656 656 328 328 328 656 328 328 656 656 328 656 656 656 656 328 656 328 656 656 656 328 328 328 328 328 656 656 328 328 656 656 328 656 328 656 656 656 328 656 656 656 656 656 656 656 328 656 656 328 328 656 656 656 656 656 328 328 656 656 328 328 328 328 328 656 328 656 328 656 328 656 328 656 656 656 328 656 656 328 656 656 328 328 328 656 656 328 328 656 328 328 656 656 328 656 328 328 328 328 328 656 328 328 656 656 656 656 328 328 328 328 656 656 656 656 656 328 328 656 656 328 328 656 656 328 328 656 656 328 656 328 328 328 656 656 656 656 328 656 656 656 328 328 656 328 656 656 656 656 656 656 328 328 656 656 656 328 656 656 656 656 328 328 656 328 328 656 656 656 328 656 656 656 328 328 656 328 656 328 328 328 328 
c [Main] Lowest label SAT is set to 656.
c [Main] Kill higher label pid 657.
c [Main] Kill higher label pid 658.
c [Main] Kill higher label pid 659.
c [Label = 657] Encoding starts with target value = 328:
c [Label = 657] Encoding duration: 12678ms.
c [Label = 657] Number of clauses: 7133863.
c [Label = 657] Number of variables: 1325700.
c [Signal] Signal interruption. Caught signal: SIGTERM (15).
c [Label = 659] Encoding starts with target value = 328:
c [Label = 659] Encoding duration: 14328ms.
c [Label = 659] Number of clauses: 7810409.
c [Label = 659] Number of variables: 1547775.
c [Signal] Signal interruption. Caught signal: SIGTERM (15).
c [Label = 658] Encoding starts with target value = 328:
c [Label = 658] Encoding duration: 14378ms.
c [Label = 658] Number of clauses: 7801874.
c [Label = 658] Number of variables: 1546425.
c [Signal] Signal interruption. Caught signal: SIGTERM (15).
c [Main] Child pid 657 - 833001 terminated by signal 15.
c [Main] Child pid 658 - 833000 terminated by signal 15.
c [Main] Child pid 659 - 832999 terminated by signal 15.
c [Signal] Signal interruption. Caught signal: SIGTERM (15).
c [Main] All children have completed.
r [Main] 
r [Main] Final results: 
r [Main] Lowest label SAT:  	656.
r [Main] Highest label UNSAT:	655.
r [Main] Total real time: 123998 ms.
r [Main] Total memory consumed: 27832 MB.
r [Main] 
