c [Version] Minimize Makespan Labeling Encoder version 1.0.0.
c [Param] LB is predefined as 115.
c [Param] UB is predefined as 685.
c [Param] Memory limit is set to 30000.
c [Param] Real time limit is set to 1800.
c [Param] Worker count is set to 8.
c [Main] Search strategy: Iterating from upper bound.
c [Main] Search order: 685 684 683 682 681 680 679 678 677 676 675 674 673 672 671 670 669 668 667 666 665 664 663 662 661 660 659 658 657 656 655 654 653 652 651 650 649 648 647 646 645 644 643 642 641 640 639 638 637 636 635 634 633 632 631 630 629 628 627 626 625 624 623 622 621 620 619 618 617 616 615 614 613 612 611 610 609 608 607 606 605 604 603 602 601 600 599 598 597 596 595 594 593 592 591 590 589 588 587 586 585 584 583 582 581 580 579 578 577 576 575 574 573 572 571 570 569 568 567 566 565 564 563 562 561 560 559 558 557 556 555 554 553 552 551 550 549 548 547 546 545 544 543 542 541 540 539 538 537 536 535 534 533 532 531 530 529 528 527 526 525 524 523 522 521 520 519 518 517 516 515 514 513 512 511 510 509 508 507 506 505 504 503 502 501 500 499 498 497 496 495 494 493 492 491 490 489 488 487 486 485 484 483 482 481 480 479 478 477 476 475 474 473 472 471 470 469 468 467 466 465 464 463 462 461 460 459 458 457 456 455 454 453 452 451 450 449 448 447 446 445 444 443 442 441 440 439 438 437 436 435 434 433 432 431 430 429 428 427 426 425 424 423 422 421 420 419 418 417 416 415 414 413 412 411 410 409 408 407 406 405 404 403 402 401 400 399 398 397 396 395 394 393 392 391 390 389 388 387 386 385 384 383 382 381 380 379 378 377 376 375 374 373 372 371 370 369 368 367 366 365 364 363 362 361 360 359 358 357 356 355 354 353 352 351 350 349 348 347 346 345 344 343 342 341 340 339 338 337 336 335 334 333 332 331 330 329 328 327 326 325 324 323 322 321 320 319 318 317 316 315 314 313 312 311 310 309 308 307 306 305 304 303 302 301 300 299 298 297 296 295 294 293 292 291 290 289 288 287 286 285 284 283 282 281 280 279 278 277 276 275 274 273 272 271 270 269 268 267 266 265 264 263 262 261 260 259 258 257 256 255 254 253 252 251 250 249 248 247 246 245 244 243 242 241 240 239 238 237 236 235 234 233 232 231 230 229 228 227 226 225 224 223 222 221 220 219 218 217 216 215 214 213 212 211 210 209 208 207 206 205 204 203 202 201 200 199 198 197 196 195 194 193 192 191 190 189 188 187 186 185 184 183 182 181 180 179 178 177 176 175 174 173 172 171 170 169 168 167 166 165 164 163 162 161 160 159 158 157 156 155 154 153 152 151 150 149 148 147 146 145 144 143 142 141 140 139 138 137 136 135 134 133 132 131 130 129 128 127 126 125 124 123 122 121 120 119 118 117 116 115.
c [Main] Encoding and solving for graph: W-685_bus.mtx.rnd.
c [Label = 685] Minimize Makespan Labeling problem (W-685_bus.mtx.rnd):
c [Label = 684] Minimize Makespan Labeling problem (W-685_bus.mtx.rnd):
c [Label = 683] Minimize Makespan Labeling problem (W-685_bus.mtx.rnd):
c [Label = 682] Minimize Makespan Labeling problem (W-685_bus.mtx.rnd):
c [Label = 680] Minimize Makespan Labeling problem (W-685_bus.mtx.rnd):
c [Label = 681] Minimize Makespan Labeling problem (W-685_bus.mtx.rnd):
c [Label = 678] Minimize Makespan Labeling problem (W-685_bus.mtx.rnd):
c [Label = 679] Minimize Makespan Labeling problem (W-685_bus.mtx.rnd):
c [Label = 684] Encoding starts with target value = 114:
c [Label = 684] Encoding duration: 9401ms.
c [Label = 684] Number of clauses: 7285883.
c [Label = 684] Number of variables: 1393290.
c [Label = 684] Solving duration: 748 ms.
s [Label = 684] SAT (w = 114).
c [Label = 684]Label assignment: 570 456 456 114 570 114 342 342 228 342 456 114 456 114 456 570 342 342 456 228 456 114 342 456 114 456 456 228 456 228 456 228 342 456 342 228 228 228 114 456 342 342 114 570 228 456 228 342 342 228 456 228 228 342 342 342 228 228 114 456 228 342 570 342 228 570 342 570 228 684 114 114 228 228 342 456 684 342 114 114 456 114 456 570 342 228 342 456 228 228 228 228 114 114 342 342 342 342 456 228 342 228 342 456 228 342 342 228 228 342 228 456 114 228 342 228 114 342 570 342 570 342 342 342 228 456 342 342 342 228 228 228 342 114 114 228 228 228 570 228 342 570 114 228 114 228 114 114 342 570 114 228 342 570 342 456 114 228 228 342 114 342 456 342 228 684 228 456 228 228 228 342 342 342 342 228 342 114 114 114 228 114 456 114 342 228 456 228 342 342 342 456 456 228 114 342 228 228 114 342 114 342 342 456 228 114 114 456 456 342 228 114 456 228 228 114 228 342 228 114 228 228 114 570 114 342 228 342 228 342 456 456 228 228 228 456 228 114 228 228 114 342 456 342 228 342 228 570 456 342 228 228 342 570 114 228 456 114 114 228 228 228 114 228 228 342 114 114 456 456 342 228 114 228 114 342 114 228 456 114 114 114 342 228 342 114 342 456 114 342 228 228 114 228 228 228 228 342 228 456 228 114 114 114 228 228 228 228 342 114 228 342 342 342 228 114 342 228 342 228 228 114 114 228 456 342 114 228 228 342 342 114 228 228 342 114 456 228 228 228 114 456 228 342 114 342 228 114 228 228 228 228 228 228 228 228 114 456 228 228 342 342 228 228 342 114 342 342 114 342 114 342 114 114 228 114 342 342 228 114 342 114 456 228 228 114 228 342 342 114 228 228 114 228 114 114 228 228 342 228 228 228 228 228 228 114 342 228 228 342 228 114 228 228 342 228 114 114 114 114 114 114 228 114 456 228 114 342 342 114 228 228 114 114 114 228 342 342 114 228 228 114 114 114 114 228 228 114 114 114 228 228 114 114 228 114 114 228 114 228 228 114 114 456 114 228 228 228 228 114 114 228 342 342 114 114 114 114 114 342 228 228 114 114 228 114 114 114 114 114 114 456 228 228 114 228 228 114 114 114 228 114 342 114 114 228 228 342 228 114 114 228 228 228 114 342 342 228 114 228 228 114 114 228 342 114 114 114 342 114 228 228 114 114 114 114 114 228 228 228 114 114 228 228 228 228 114 114 228 114 114 114 228 114 228 228 114 228 114 114 114 228 114 114 114 228 114 114 228 114 228 228 114 228 114 114 114 228 114 114 114 342 342 114 114 114 114 114 114 228 114 114 114 114 114 114 114 228 228 114 114 114 114 114 114 114 114 114 114 114 114 114 114 114 228 228 114 114 228 114 114 114 114 114 114 114 228 114 114 114 228 114 114 114 228 228 114 114 114 114 114 114 114 228 114 114 114 228 114 228 228 114 114 114 114 114 228 114 114 114 114 114 114 114 114 114 114 114 114 228 114 114 114 114 114 114 114 114 114 114 114 114 114 114 114 
c [Main] Lowest label SAT is set to 684.
c [Main] Kill higher label pid 685.
c [Label = 685] Encoding starts with target value = 114:
c [Label = 685] Encoding duration: 9453ms.
c [Label = 685] Number of clauses: 7294015.
c [Label = 685] Number of variables: 1394660.
c [Label = 685] Solving duration: 912 ms.
s [Label = 685] SAT (w = 114).
c [Label = 685]Label assignment: 230 344 344 1 230 1 458 458 572 458 344 1 344 1 344 230 458 458 344 572 344 1 458 344 1 344 458 572 344 572 344 572 458 344 458 572 572 572 1 344 458 458 1 344 572 344 572 458 458 572 344 572 572 458 458 230 572 572 1 344 572 458 230 458 572 230 458 230 572 116 1 1 572 572 458 344 116 458 1 1 344 1 344 230 458 572 458 344 572 572 572 572 1 1 458 458 458 458 344 572 458 572 458 344 572 458 458 572 572 458 572 344 1 572 458 572 1 458 230 458 230 458 458 458 572 344 458 458 458 572 572 572 458 1 1 572 572 572 230 572 458 230 1 572 1 572 1 1 458 230 1 572 458 458 458 344 1 572 572 458 1 458 344 458 572 116 572 344 572 572 572 458 458 344 458 572 458 1 1 1 572 1 344 1 458 572 344 572 458 458 458 458 344 572 1 458 572 572 1 458 1 458 458 344 572 1 1 344 344 458 572 1 344 572 572 1 572 458 572 1 572 572 1 230 1 458 572 458 572 458 344 458 572 572 572 344 572 1 572 572 1 343 344 458 572 458 572 230 458 458 572 572 458 230 1 572 344 1 1 572 572 572 1 572 572 458 1 1 344 344 458 572 1 572 1 458 1 572 344 1 1 1 458 572 458 1 458 344 1 458 572 572 1 572 572 572 572 458 572 344 572 1 1 1 572 572 572 572 458 1 572 458 458 458 572 1 458 572 458 572 572 1 1 572 344 458 1 572 572 458 458 1 572 572 458 1 344 572 572 572 1 344 572 458 1 458 572 1 572 572 572 572 572 572 572 572 1 458 572 572 458 458 572 572 458 1 458 458 1 458 1 458 1 1 572 1 458 458 572 1 458 1 344 572 572 1 572 458 458 1 572 572 1 572 1 1 572 572 458 572 572 572 572 572 572 1 458 572 572 458 572 1 572 572 458 572 1 1 1 1 1 1 572 1 344 572 1 458 458 1 572 572 1 1 1 572 458 458 1 572 572 1 1 1 1 572 572 1 1 1 572 572 1 1 572 1 1 572 1 572 572 1 1 344 1 572 572 572 572 1 1 572 458 458 1 1 1 1 1 458 572 572 1 1 572 1 1 1 1 1 1 344 572 572 1 572 572 1 1 1 572 1 458 1 1 572 572 458 572 1 1 572 572 572 1 458 458 572 1 572 572 1 1 572 458 1 1 1 458 1 572 572 1 1 1 1 1 572 572 572 1 1 572 572 572 572 1 1 572 1 1 1 572 1 572 572 1 572 1 1 1 572 1 1 1 572 1 1 572 1 572 572 1 572 1 1 1 572 1 1 1 458 458 1 1 1 1 1 1 572 1 1 1 1 1 1 1 572 572 1 1 1 1 1 1 1 1 1 1 1 1 1 1 1 572 572 1 1 572 1 1 1 1 1 1 1 572 1 1 1 572 1 1 1 572 572 1 1 1 1 1 1 1 572 1 1 1 572 1 572 572 1 1 1 1 1 572 1 1 1 1 1 1 1 1 1 1 1 1 572 1 1 1 1 1 1 1 1 1 1 1 1 1 1 1 
c [Signal] Signal interruption. Caught signal: SIGTERM (15).
c [Label = 677] Minimize Makespan Labeling problem (W-685_bus.mtx.rnd):
c [Main] Child pid 685 - 833020 terminated by signal 15.
c [Label = 676] Minimize Makespan Labeling problem (W-685_bus.mtx.rnd):
c [Label = 682] Encoding starts with target value = 114:
c [Label = 682] Encoding duration: 9480ms.
c [Label = 682] Number of clauses: 7268776.
c [Label = 682] Number of variables: 1390550.
c [Label = 682] Solving duration: 30954 ms.
s [Label = 682] UNSAT (w = 114).
c [Label = 676] Encoding starts with target value = 114:
c [Label = 676] Encoding duration: 10253ms.
c [Label = 676] Number of clauses: 7217455.
c [Label = 676] Number of variables: 1382330.
c [Signal] Signal interruption. Caught signal: SIGTERM (15).
c [Main] Highest label UNSAT is set to 682
c [Main] Kill lower label pid 676.
c [Main] Kill lower label pid 677.
c [Main] Kill lower label pid 678.
c [Main] Kill lower label pid 679.
c [Main] Kill lower label pid 680.
c [Main] Kill lower label pid 681.
c [Label = 679] Encoding starts with target value = 114:
c [Label = 679] Encoding duration: 9512ms.
c [Label = 679] Number of clauses: 7243115.
c [Label = 679] Number of variables: 1386440.
c [Label = 679] Solving duration: 31541 ms.
s [Label = 679] UNSAT (w = 114).
c [Signal] Signal interruption. Caught signal: SIGTERM (15).
c [Label = 678] Encoding starts with target value = 114:
c [Label = 678] Encoding duration: 9557ms.
c [Label = 678] Number of clauses: 7234562.
c [Label = 678] Number of variables: 1385070.
c [Label = 678] Solving duration: 31537 ms.
s [Label = 678] UNSAT (w = 114).
c [Signal] Signal interruption. Caught signal: SIGTERM (15).
c [Label = 677] Encoding starts with target value = 114:
c [Label = 677] Encoding duration: 10175ms.
c [Label = 677] Number of clauses: 7226008.
c [Label = 677] Number of variables: 1383700.
c [Signal] Signal interruption. Caught signal: SIGTERM (15).
c [Label = 680] Encoding starts with target value = 114:
c [Label = 680] Encoding duration: 9423ms.
c [Label = 680] Number of clauses: 7251669.
c [Label = 680] Number of variables: 1387810.
c [Label = 680] Solving duration: 31490 ms.
s [Label = 680] UNSAT (w = 114).
c [Signal] Signal interruption. Caught signal: SIGTERM (15).
c [Label = 681] Encoding starts with target value = 114:
c [Label = 681] Encoding duration: 9409ms.
c [Label = 681] Number of clauses: 7260222.
c [Label = 681] Number of variables: 1389180.
c [Label = 681] Solving duration: 31498 ms.
s [Label = 681] UNSAT (w = 114).
c [Signal] Signal interruption. Caught signal: SIGTERM (15).
c [Label = 683] Encoding starts with target value = 114:
c [Label = 683] Encoding duration: 9643ms.
c [Label = 683] Number of clauses: 7277329.
c [Label = 683] Number of variables: 1391920.
c [Label = 683] Solving duration: 31033 ms.
s [Label = 683] UNSAT (w = 114).
c [Main] Child pid 679 - 833026 terminated by signal 15.
c [Main] Child pid 678 - 833027 terminated by signal 15.
c [Main] Child pid 676 - 833033 terminated by signal 15.
c [Main] Child pid 681 - 833024 terminated by signal 15.
c [Main] Child pid 680 - 833025 terminated by signal 15.
c [Main] Child pid 677 - 833032 terminated by signal 15.
c [Main] Highest label UNSAT is set to 683
c [Signal] Signal interruption. Caught signal: SIGTERM (15).
c [Main] All children have completed.
r [Main] 
r [Main] Final results: 
r [Main] Lowest label SAT:  	684.
r [Main] Highest label UNSAT:	683.
r [Main] Total real time: 42659 ms.
r [Main] Total memory consumed: 19707.4 MB.
r [Main] 
