c [Version] Minimize Makespan Labeling Encoder version 1.0.0.
c [Param] LB is predefined as 136.
c [Param] UB is predefined as 668.
c [Param] Memory limit is set to 30000.
c [Param] Real time limit is set to 1800.
c [Main] Search strategy: Incremental from upper bound.
c [Main] Encoding and solving for graph: P-can__445.mtx.rnd.
c [Incremental] Minimize Makespan Labeling Antibandwidth problem (P-can__445.mtx.rnd):
c [Incremental] Encoding starts with target value = 135:
c [Incremental] Encoding duration: 7017ms.
c [Incremental] Number of clauses: 6204469.
c [Incremental] Number of variables: 824626.
c [Incremental] Solving for max label = 668:
c [Incremental] Solving duration: 215865 ms.
s [Incremental] SAT (label = 668).
Label assignment: 628 637 470 597 212 463 338 236 23 292 464 466 611 631 51 176 234 583 70 622 439 401 193 335 508 629 638 388 177 27 67 660 579 26 493 80 606 60 184 607 580 364 504 472 613 16 323 296 487 644 348 497 507 36 604 68 192 39 189 72 535 153 473 394 165 82 442 24 517 662 603 468 505 42 429 89 649 659 363 624 226 615 160 224 658 167 386 516 313 616 476 32 225 178 340 651 239 531 75 44 322 288 29 657 117 389 191 240 59 215 261 584 116 66 614 521 2 300 609 8 243 360 445 356 222 311 298 20 63 309 371 219 639 351 65 366 459 648 378 596 612 520 317 14 381 494 451 25 238 502 621 329 636 208 62 625 471 424 179 47 251 588 654 578 213 232 490 334 495 318 642 385 627 259 320 600 652 452 278 458 435 488 307 591 587 15 174 185 326 486 87 71 444 266 586 7 425 21 594 358 85 474 332 633 430 252 5 227 666 485 64 655 467 147 337 3 230 78 333 330 12 237 377 663 342 43 540 456 515 499 107 204 9 10 665 479 200 190 503 592 645 268 461 534 169 17 57 91 536 421 347 619 446 187 250 325 661 375 162 346 664 345 405 13 480 4 632 103 353 519 30 56 269 362 231 312 331 97 361 653 477 48 175 22 205 199 344 55 207 18 427 498 49 626 40 598 279 166 201 506 303 206 94 352 359 350 308 374 37 605 203 209 229 617 194 157 426 95 223 76 84 437 220 28 92 635 228 173 465 88 77 365 601 319 589 305 53 45 35 623 74 641 443 134 339 423 133 373 218 83 462 90 482 483 620 341 246 367 327 496 131 354 581 667 217 656 93 396 214 144 491 634 104 647 608 668 306 163 646 492 102 46 428 574 469 530 19 182 602 290 595 522 328 382 618 501 195 34 640 210 395 6 336 233 295 135 590 242 643 379 370 610 156 321 630 170 513 484 599 61 510 216 124 577 582 186 181 31 158 475 369 41 372 171 197 132 202 455 159 38 448 368 172 512 650 
c [Incremental] Max used label: 668.
c [Incremental] Label 668 is removed from searching.
c [Incremental] Solving for max label = 667:
c [Incremental] Solving duration: 1365 ms.
s [Incremental] SAT (label = 667).
Label assignment: 628 637 470 597 212 476 338 236 23 292 464 466 611 631 51 176 234 583 70 622 439 401 193 335 508 629 638 388 177 27 67 660 579 26 493 80 606 60 184 607 580 364 504 472 613 16 323 296 487 644 348 497 507 36 604 68 192 39 189 72 535 153 473 394 165 82 442 24 463 662 603 468 505 42 429 89 649 659 363 624 226 615 160 224 658 167 386 516 313 616 457 32 225 178 340 651 239 531 75 44 322 288 29 657 117 389 191 240 59 215 261 584 116 66 614 521 2 300 609 8 243 360 445 356 222 311 298 20 63 309 371 219 639 351 65 366 459 648 378 596 612 520 317 14 381 494 451 25 238 502 621 329 636 208 62 625 471 424 179 47 251 588 654 578 213 232 490 334 495 318 642 385 627 259 320 592 652 452 278 458 435 488 307 591 587 15 174 185 326 486 87 71 444 266 586 7 425 21 594 358 85 474 332 633 430 252 5 227 666 485 64 655 467 147 337 3 230 78 333 330 12 237 377 663 342 43 540 456 515 499 107 204 9 10 665 479 200 190 503 595 645 268 461 534 169 17 57 91 536 421 347 619 446 187 250 325 661 375 162 346 664 345 405 13 480 4 632 103 353 519 30 56 269 362 231 312 331 97 361 653 477 48 175 22 205 199 344 55 207 18 427 498 49 626 40 598 279 166 201 506 303 206 94 352 359 350 308 374 37 605 203 209 229 617 194 157 426 95 223 76 84 437 220 28 92 635 228 173 465 88 77 365 601 319 589 305 53 45 35 623 74 641 443 134 339 423 133 373 218 83 462 90 482 483 620 341 246 367 327 496 131 354 581 600 217 656 93 396 214 144 491 634 104 647 608 667 306 163 646 492 102 46 428 574 469 530 19 182 602 290 593 522 328 382 618 501 195 34 640 210 395 6 336 233 295 135 590 242 643 379 370 610 156 321 630 170 513 484 599 61 510 216 124 577 582 186 181 31 158 475 369 41 372 171 197 132 202 455 159 38 448 368 172 512 650 
c [Incremental] Max used label: 667.
c [Incremental] Label 667 is removed from searching.
c [Incremental] Solving for max label = 666:
c [Incremental] Solving duration: 1182 ms.
s [Incremental] SAT (label = 666).
Label assignment: 628 637 470 597 212 476 338 236 23 292 464 466 611 631 51 176 234 583 70 622 439 401 193 335 508 629 638 388 177 27 67 660 579 26 493 80 606 60 184 607 580 364 504 472 613 16 323 296 487 644 348 497 507 36 604 68 192 39 189 72 535 153 473 394 165 82 442 24 463 662 603 468 505 42 429 89 649 659 363 624 226 615 160 224 658 167 386 516 313 616 457 32 225 178 340 651 239 524 75 44 322 288 29 657 117 389 191 240 59 215 261 584 116 66 614 521 2 300 609 8 243 360 445 356 222 311 298 20 63 309 371 219 639 351 65 366 459 648 378 596 612 494 317 14 381 528 451 25 238 502 621 329 636 208 62 625 471 424 179 47 251 588 654 578 213 232 490 334 495 318 642 385 627 259 320 592 652 452 278 458 435 488 307 591 587 15 174 185 326 486 87 71 444 266 586 7 425 21 594 358 85 474 332 632 430 252 5 227 666 485 64 655 467 147 337 3 230 78 333 330 12 237 377 633 342 43 540 456 515 499 107 204 9 10 665 479 200 190 503 595 645 268 461 534 169 17 57 91 536 421 347 619 446 187 250 325 664 375 162 346 585 345 405 13 480 4 626 103 353 519 30 56 269 362 231 312 331 97 361 653 477 48 175 22 205 199 344 55 207 18 427 498 49 661 40 598 279 166 201 506 303 206 94 352 359 350 308 374 37 605 203 209 229 617 194 157 426 95 223 76 84 437 220 28 92 635 228 173 465 88 77 365 601 319 589 305 53 45 35 623 74 641 443 134 339 423 133 373 218 83 462 90 482 483 620 341 246 367 327 496 131 354 581 600 217 656 93 396 214 144 491 634 104 647 608 663 306 163 646 492 102 46 428 574 469 526 19 182 602 290 593 522 328 382 618 501 195 34 640 210 395 6 336 233 295 135 590 242 643 379 370 610 156 321 630 170 513 484 599 61 510 216 124 577 582 186 181 31 158 475 369 41 372 171 197 132 202 455 159 38 448 368 172 512 650 
c [Incremental] Max used label: 666.
c [Incremental] Label 666 is removed from searching.
c [Incremental] Solving for max label = 665:
c [Incremental] Solving duration: 1103 ms.
s [Incremental] SAT (label = 665).
Label assignment: 628 637 470 597 212 476 338 236 23 292 464 466 611 631 51 176 234 583 70 622 439 401 193 335 508 629 638 388 177 27 67 660 579 26 493 80 606 60 184 607 580 364 504 472 577 16 323 296 487 644 348 497 507 36 604 68 192 39 189 72 535 153 473 394 165 82 442 24 463 662 603 468 505 42 429 89 649 659 363 624 226 615 160 224 658 167 386 516 313 616 457 32 225 178 340 651 239 524 75 44 322 288 29 657 117 389 191 240 59 215 261 584 116 66 614 521 2 300 609 8 243 360 445 356 222 311 298 20 63 309 371 219 639 351 65 366 459 648 378 596 612 494 317 14 381 528 451 25 238 502 621 329 636 208 62 625 471 424 179 47 251 588 654 578 213 232 490 334 495 318 642 385 627 259 320 592 652 452 278 458 435 488 307 591 587 15 174 185 326 486 87 71 444 266 586 7 425 21 594 358 85 474 332 632 430 252 5 227 613 485 64 655 467 147 337 3 230 78 333 330 12 237 377 633 342 43 540 456 515 499 107 204 9 10 665 479 200 190 503 595 645 268 461 534 169 17 57 91 536 421 347 619 446 187 250 325 664 375 162 346 585 345 405 13 480 4 626 103 353 519 30 56 269 362 231 312 331 97 361 653 477 48 175 22 205 199 344 55 207 18 427 498 49 661 40 598 279 166 201 506 303 206 94 352 359 350 308 374 37 605 203 209 229 617 194 157 426 95 223 76 84 437 220 28 92 635 228 173 465 88 77 365 601 319 589 305 53 45 35 623 74 641 438 134 339 423 133 373 218 83 462 90 482 483 620 341 246 367 327 496 131 354 581 600 217 656 93 396 214 144 491 634 104 647 608 663 306 163 646 492 102 46 428 574 469 478 19 182 602 290 593 522 328 382 618 501 195 34 640 210 395 6 336 233 295 135 590 242 643 379 370 610 156 321 630 170 513 484 599 61 510 216 124 576 582 186 181 31 158 475 369 41 372 171 197 132 202 455 159 38 448 368 172 512 650 
c [Incremental] Max used label: 665.
c [Incremental] Label 665 is removed from searching.
c [Incremental] Solving for max label = 664:
c [Incremental] Solving duration: 1190 ms.
s [Incremental] SAT (label = 664).
Label assignment: 628 637 470 597 212 476 338 236 23 292 464 466 611 631 51 176 234 583 70 622 439 401 193 335 508 629 638 388 177 27 67 660 579 26 493 80 606 60 184 607 580 364 504 472 577 16 323 296 487 644 348 497 507 36 604 68 192 39 189 72 535 153 473 394 165 82 442 24 463 662 603 468 505 42 429 89 649 659 363 624 226 615 160 224 658 167 386 517 313 616 457 32 225 178 340 651 239 524 75 44 322 288 29 657 117 389 191 240 59 215 261 584 116 66 614 521 2 300 609 8 243 360 445 356 222 311 298 20 63 309 310 219 639 351 65 366 459 648 378 596 612 494 317 14 381 502 451 25 238 495 621 329 636 208 62 625 471 424 179 47 251 588 654 578 213 232 490 334 516 318 642 385 627 259 320 592 652 452 278 458 435 488 307 591 587 15 174 185 326 486 87 71 444 266 586 7 425 21 594 358 85 474 332 632 430 252 5 227 613 485 64 653 467 147 337 3 230 78 333 330 12 237 377 633 342 43 540 456 515 499 107 204 9 10 655 479 200 190 503 595 645 268 461 534 169 17 57 91 536 421 347 619 446 187 250 325 664 375 164 346 575 345 405 13 480 4 626 103 353 519 30 56 269 362 231 312 331 97 361 447 477 48 175 22 205 199 344 55 207 18 427 498 49 643 40 598 279 166 201 585 303 162 94 352 359 350 308 374 37 605 203 209 229 617 194 157 426 95 223 76 84 437 220 28 92 635 228 173 465 88 77 365 601 319 589 305 53 45 35 623 74 641 438 134 339 423 133 373 218 83 462 90 482 483 620 341 246 367 327 496 131 354 581 600 217 656 93 396 214 144 491 634 104 647 608 663 306 163 646 492 102 46 428 574 469 478 19 182 602 290 593 522 328 382 618 501 195 34 640 210 395 6 336 233 295 135 590 242 661 379 370 610 156 321 630 170 513 484 599 61 510 216 124 576 582 186 181 31 158 475 369 41 372 171 197 132 202 455 159 38 448 368 172 512 650 
c [Incremental] Max used label: 664.
c [Incremental] Label 664 is removed from searching.
c [Incremental] Solving for max label = 663:
c [Incremental] Solving duration: 18628 ms.
s [Incremental] SAT (label = 663).
Label assignment: 628 637 470 597 212 476 338 236 23 292 464 466 611 631 51 176 234 583 70 622 439 401 193 335 508 629 638 388 177 27 75 660 579 26 493 80 606 60 184 415 580 364 504 472 577 16 323 296 487 644 348 497 507 36 604 68 192 39 189 72 535 153 473 394 165 82 442 24 463 662 603 468 505 42 429 200 649 659 363 624 226 615 160 224 658 167 386 517 313 616 457 32 514 178 340 651 239 524 84 44 322 573 29 657 117 389 191 240 59 215 261 584 116 66 614 521 2 248 609 8 243 360 445 356 222 311 298 20 63 309 310 219 639 351 69 366 459 648 378 596 612 494 317 14 381 502 451 25 238 495 621 329 636 208 62 625 65 424 179 47 251 588 654 578 213 96 490 334 516 318 642 385 627 259 320 592 652 452 278 458 435 488 307 591 587 15 174 185 349 486 87 71 444 266 586 7 425 21 594 358 85 474 332 632 430 252 5 227 613 485 67 653 467 147 337 3 230 78 333 330 12 237 377 633 342 43 540 456 515 499 107 204 9 10 655 479 197 190 503 595 645 268 461 534 169 17 57 91 536 421 347 619 446 187 250 325 641 375 164 346 575 345 405 13 480 4 626 103 353 519 30 56 269 362 231 312 331 235 361 447 477 48 175 22 205 199 344 55 207 18 427 498 49 643 40 598 279 166 201 585 303 162 94 352 359 350 308 374 37 605 203 209 229 617 194 157 426 95 223 76 90 437 220 28 92 635 228 173 465 88 77 365 601 319 589 305 53 45 35 623 74 571 438 134 339 423 133 373 218 83 462 89 482 436 620 341 246 367 327 496 131 354 581 600 217 656 111 396 214 144 491 634 104 647 608 663 306 163 646 492 102 46 428 574 469 478 19 182 602 290 593 522 328 382 618 64 195 34 640 210 395 6 336 233 295 135 590 242 661 379 370 610 156 321 630 170 513 484 599 61 510 216 124 576 582 186 181 58 158 475 369 41 372 171 198 132 202 455 159 38 448 368 172 512 650 
c [Incremental] Max used label: 663.
c [Incremental] Label 663 is removed from searching.
c [Incremental] Solving for max label = 662:
c [Incremental] Solving duration: 65448 ms.
s [Incremental] SAT (label = 662).
Label assignment: 624 439 487 628 216 464 407 177 403 20 357 475 610 533 23 176 234 581 154 586 443 466 197 335 493 168 650 208 36 640 75 623 615 620 25 211 602 3 193 270 566 364 501 429 617 578 323 153 5 649 192 618 499 356 606 43 438 90 284 72 535 189 473 452 184 165 435 45 37 391 654 442 468 47 456 200 631 645 363 575 40 605 52 67 22 167 446 512 313 611 472 83 528 653 64 507 134 655 87 24 322 418 607 647 57 419 178 240 54 257 255 584 26 80 616 518 50 427 642 661 218 317 421 355 191 318 309 17 144 310 430 222 613 380 351 366 470 627 378 633 46 495 8 7 635 502 420 311 238 494 588 298 614 634 60 622 65 424 498 641 307 571 651 101 444 392 15 657 485 35 662 338 630 259 174 590 158 457 209 450 326 315 266 31 587 33 152 185 349 30 44 61 451 320 576 11 425 27 314 358 219 486 332 478 268 447 203 225 629 206 66 637 467 147 337 39 229 6 2 330 18 287 377 632 342 19 600 441 515 140 227 198 195 4 648 471 196 51 223 273 646 274 460 339 169 69 10 175 505 145 362 532 411 182 190 187 658 300 329 345 573 352 589 97 316 13 591 70 353 567 29 62 461 445 231 524 331 570 361 267 477 220 16 202 215 204 431 53 9 194 279 510 135 639 32 596 132 133 161 569 269 232 95 303 359 626 312 481 324 585 221 214 230 612 14 188 426 94 201 77 242 437 12 48 89 181 228 142 346 604 305 365 484 319 582 212 74 99 71 619 76 636 476 42 333 423 21 373 285 148 454 92 489 390 506 327 343 492 367 179 131 354 568 462 304 656 68 396 336 480 491 170 302 465 638 163 306 143 652 496 1 38 428 609 469 479 440 490 608 290 595 594 58 382 63 500 453 151 603 210 295 659 341 233 404 141 592 84 621 379 252 643 157 321 625 644 159 482 597 55 146 73 59 572 308 186 160 41 183 508 34 28 422 171 199 88 207 369 56 82 448 368 241 537 85 
c [Incremental] Max used label: 662.
c [Incremental] Label 662 is removed from searching.
c [Incremental] Solving for max label = 661:
c [Incremental] Solving duration: 1193 ms.
s [Incremental] SAT (label = 661).
Label assignment: 624 439 487 628 216 464 407 177 403 20 357 475 610 533 23 176 234 581 154 586 443 466 197 335 493 168 650 208 36 640 75 623 615 620 25 211 602 3 193 270 566 364 501 429 617 578 323 153 5 649 192 618 499 356 606 43 438 90 284 72 535 189 473 452 184 165 435 45 37 391 654 442 468 47 456 200 631 645 363 575 40 605 52 67 22 167 446 512 313 611 472 83 528 653 64 507 134 655 87 24 322 418 607 647 57 419 178 240 54 257 255 584 26 80 616 518 50 427 642 661 218 317 421 355 191 318 309 17 144 310 430 222 613 380 351 366 470 627 378 633 46 495 8 7 635 502 420 311 238 494 588 298 614 634 60 622 65 424 498 641 307 571 651 101 444 392 15 657 485 35 630 338 660 259 174 590 158 457 209 450 326 315 266 31 587 33 152 185 349 30 44 61 451 320 576 11 425 27 314 358 219 486 332 478 268 447 203 225 629 206 66 637 467 147 337 39 229 6 2 330 18 287 377 632 342 19 600 441 515 140 227 198 195 4 648 471 196 51 223 273 646 274 460 339 169 69 10 175 505 145 362 532 411 182 190 187 658 300 329 345 573 352 589 97 316 13 591 70 353 567 29 62 461 445 231 524 331 570 361 267 477 220 16 202 215 204 431 53 9 194 279 510 135 639 32 596 132 133 161 569 269 232 95 303 359 626 312 481 324 585 221 214 230 612 14 188 426 94 201 77 242 437 12 48 89 181 228 142 346 604 305 365 484 319 582 212 74 99 71 619 76 636 476 42 333 423 21 373 285 148 454 92 489 390 506 327 343 492 367 179 131 354 568 462 304 656 68 396 336 480 491 170 302 465 638 163 306 143 652 496 1 38 428 609 469 479 440 490 608 290 595 594 58 382 63 500 453 151 603 210 295 659 341 233 404 141 592 84 621 379 252 643 157 321 625 644 159 482 597 55 146 73 59 572 308 186 160 41 183 508 34 28 422 171 199 88 207 369 56 82 448 368 241 537 85 
c [Incremental] Max used label: 661.
c [Incremental] Label 661 is removed from searching.
c [Incremental] Solving for max label = 660:
c [Incremental] Solving duration: 1626 ms.
s [Incremental] SAT (label = 660).
Label assignment: 624 424 487 628 216 464 407 177 403 20 439 475 610 533 23 176 237 581 154 586 443 466 197 335 493 168 650 208 178 640 75 623 615 620 25 211 602 51 193 270 566 364 501 429 617 578 323 153 5 649 192 618 499 356 473 43 438 90 284 72 535 189 374 452 184 165 435 45 654 391 605 442 468 36 456 200 631 162 363 575 37 647 47 67 22 167 446 512 313 611 472 24 528 301 64 507 134 655 87 3 322 418 607 653 57 419 138 240 52 257 255 584 26 80 616 518 50 427 588 642 218 317 421 355 191 318 309 17 144 310 430 222 613 380 351 366 470 627 378 633 46 495 8 7 635 509 420 497 238 494 660 298 614 634 60 565 65 458 297 641 307 571 651 101 444 392 15 622 485 35 630 338 657 259 166 590 158 457 209 450 326 315 266 31 587 33 152 185 349 30 44 61 451 320 576 11 425 27 406 358 219 486 332 478 268 447 203 225 629 206 66 637 467 147 517 39 229 6 2 330 18 287 377 632 342 19 600 441 515 140 227 198 195 601 648 471 196 235 223 273 646 274 460 339 169 69 10 175 505 145 362 532 411 182 190 100 658 300 329 345 573 42 589 97 361 13 591 70 353 567 462 62 461 445 231 524 331 570 352 267 481 220 16 34 215 204 502 54 9 194 279 510 48 639 32 596 132 133 186 569 269 234 95 303 359 626 312 448 511 585 221 214 230 612 14 188 426 94 201 77 242 437 12 49 89 181 228 173 346 604 305 365 484 319 582 212 74 99 71 619 76 636 476 41 333 423 21 373 285 148 477 92 489 390 506 327 343 492 367 179 131 354 568 29 304 656 68 396 336 480 491 170 302 465 652 163 306 143 341 325 1 38 428 609 638 479 440 490 608 290 595 594 58 382 63 500 183 151 603 210 295 659 328 233 404 141 592 84 621 379 252 643 157 321 625 644 159 482 597 55 146 73 59 572 308 172 160 40 232 508 53 28 422 171 199 88 205 369 56 82 453 368 241 537 85 
c [Incremental] Max used label: 660.
c [Incremental] Label 660 is removed from searching.
c [Incremental] Solving for max label = 659:
c [Incremental] Solving duration: 1063 ms.
s [Incremental] SAT (label = 659).
Label assignment: 624 424 487 628 216 464 407 177 403 20 439 475 610 533 23 176 237 581 154 586 443 466 197 335 493 168 650 208 178 640 75 623 615 620 25 211 602 51 193 270 566 364 501 429 617 578 323 153 5 649 192 618 499 356 473 43 438 90 284 72 535 189 374 452 184 165 435 45 654 391 588 442 468 36 456 200 631 162 363 575 37 605 47 67 22 167 446 512 313 611 472 24 528 301 64 507 134 655 87 3 322 418 607 653 57 419 138 240 52 257 255 584 26 80 616 518 50 427 587 642 218 317 421 355 191 318 309 17 144 310 430 222 613 380 351 366 470 627 378 633 46 495 8 7 635 509 420 497 238 494 651 298 614 634 60 565 65 458 297 641 307 571 647 101 444 392 15 622 485 35 630 338 657 259 166 564 158 457 209 450 326 315 266 31 590 33 152 185 349 30 44 61 451 320 576 11 425 27 406 358 219 486 332 478 268 447 203 225 629 206 66 637 467 147 517 39 229 6 2 330 18 287 377 632 342 19 600 441 515 140 227 198 195 601 648 471 196 235 223 273 646 274 460 339 169 69 10 175 505 145 362 532 411 182 190 100 658 300 329 345 573 42 589 97 361 13 591 70 353 567 462 62 461 445 231 524 331 570 352 267 481 220 16 34 215 204 502 54 9 194 279 510 48 639 32 596 132 133 186 569 269 234 95 303 359 626 312 448 511 585 221 214 230 612 14 188 426 94 201 77 242 437 12 49 89 181 228 173 346 604 305 365 484 319 582 212 74 99 71 619 76 636 476 41 333 423 21 373 285 148 477 92 489 390 506 327 343 492 367 179 131 354 568 29 304 656 68 396 336 480 491 170 302 465 652 163 306 143 341 325 1 38 428 609 638 479 440 490 608 290 595 594 58 382 63 500 183 151 603 210 295 659 328 233 404 141 592 84 621 379 252 643 157 321 625 644 159 482 597 55 146 73 59 572 308 172 160 40 232 508 53 28 422 171 199 88 205 369 56 82 453 368 241 537 85 
c [Incremental] Max used label: 659.
c [Incremental] Label 659 is removed from searching.
c [Incremental] Solving for max label = 658:
c [Incremental] Solving duration: 1111 ms.
s [Incremental] SAT (label = 658).
Label assignment: 624 424 487 628 216 464 407 177 403 20 439 475 610 533 23 176 237 581 153 586 443 466 197 335 493 165 650 208 178 640 75 623 615 620 25 211 602 51 168 270 566 364 501 429 617 36 323 224 5 649 192 618 499 356 473 43 438 90 284 72 535 189 374 452 184 167 435 31 654 391 588 442 468 33 456 200 631 162 363 575 44 605 45 67 22 154 446 512 313 611 472 24 528 301 64 507 134 655 87 3 322 418 607 653 57 419 138 240 52 257 255 584 26 80 616 518 50 427 587 642 218 317 421 355 191 318 309 17 144 310 430 222 613 380 351 366 470 627 378 633 47 495 8 7 635 509 420 497 238 494 651 298 614 634 60 565 65 458 297 641 307 571 647 101 444 392 15 622 485 35 630 338 657 259 166 563 158 457 209 450 326 315 266 19 590 37 152 185 349 30 56 61 451 320 576 11 425 27 406 358 219 486 332 474 268 447 203 225 629 206 66 637 467 147 517 39 229 6 2 330 18 287 377 632 342 48 600 441 515 140 227 198 195 601 648 471 196 235 223 273 646 274 460 316 175 69 10 182 505 145 362 532 411 187 190 100 658 300 329 345 573 42 589 97 361 13 591 70 353 567 462 62 461 445 231 524 331 570 352 267 481 220 16 34 215 204 502 54 9 181 279 510 78 639 32 596 132 133 186 569 269 234 95 303 359 626 312 448 511 585 221 214 230 564 14 188 426 94 201 77 242 437 12 49 89 179 228 173 346 604 305 365 484 319 582 212 74 99 71 619 76 636 476 41 333 423 21 373 285 148 477 92 489 390 506 327 343 492 367 612 131 354 568 29 304 656 68 396 336 480 491 170 302 465 652 163 306 143 341 325 1 38 428 609 638 479 440 455 608 290 594 583 58 382 63 500 213 151 603 210 295 180 328 233 404 141 592 84 621 379 252 643 157 321 625 644 159 482 597 55 146 73 59 572 595 172 160 40 232 508 53 28 422 171 199 88 205 369 46 82 453 368 241 537 85 
c [Incremental] Max used label: 658.
c [Incremental] Label 658 is removed from searching.
c [Incremental] Solving for max label = 657:
c [Incremental] Solving duration: 1066 ms.
s [Incremental] SAT (label = 657).
Label assignment: 624 424 487 623 216 464 407 177 403 20 439 475 610 533 23 176 237 581 153 586 443 466 197 335 493 165 650 208 178 640 75 620 615 602 25 211 578 51 168 270 566 364 501 429 617 36 323 224 5 649 192 618 499 356 473 43 438 90 284 72 535 189 374 452 184 167 435 31 654 391 655 442 468 33 456 200 631 162 363 575 44 594 45 67 22 154 446 512 313 628 472 24 528 301 64 507 134 587 87 3 322 418 607 653 57 419 138 240 52 257 255 565 26 80 616 518 50 427 584 642 218 317 421 355 191 318 309 17 144 310 430 222 614 380 351 366 470 627 378 605 47 495 8 7 633 509 420 497 238 494 651 298 635 634 60 562 65 458 297 641 307 571 647 101 444 392 15 622 485 35 630 338 657 259 166 563 158 457 209 450 326 315 266 19 613 37 152 185 349 30 56 61 451 320 576 11 519 97 406 358 194 486 332 474 268 447 203 225 629 206 66 637 431 147 517 39 229 6 2 330 18 287 377 632 342 48 600 441 515 140 227 198 195 601 648 483 196 235 223 273 646 274 460 316 175 69 10 182 505 145 362 532 411 187 190 100 4 300 329 345 573 42 589 99 361 13 591 70 353 567 462 62 461 471 231 524 293 570 352 267 481 220 16 34 215 204 502 54 9 181 279 510 78 639 32 596 132 133 186 569 269 234 95 303 359 626 312 448 511 585 221 214 230 564 14 188 426 94 201 77 242 437 331 49 89 179 228 173 346 604 180 365 484 319 582 212 74 102 71 619 76 636 476 41 333 423 21 373 285 142 477 92 489 390 506 327 343 492 367 612 148 354 568 29 304 656 68 396 336 480 491 170 302 465 652 163 306 143 341 325 1 38 428 609 638 479 440 455 583 290 598 608 27 382 63 500 213 151 603 210 295 172 328 233 404 141 592 84 621 379 252 643 157 321 625 644 159 482 597 55 146 73 59 572 595 183 160 40 232 508 53 28 422 171 199 88 205 369 46 82 453 368 241 537 85 
c [Incremental] Max used label: 657.
c [Incremental] Label 657 is removed from searching.
c [Incremental] Solving for max label = 656:
c [Incremental] Solving duration: 1047 ms.
s [Incremental] SAT (label = 656).
Label assignment: 624 424 487 623 216 464 407 177 403 20 439 475 610 533 23 176 237 581 153 586 443 466 197 335 493 165 650 208 178 640 75 620 615 602 25 211 578 51 168 270 566 364 501 429 617 36 323 224 5 649 192 618 499 356 473 43 438 90 284 72 535 189 374 452 184 167 435 31 654 391 645 442 468 33 456 200 631 162 363 575 44 594 45 67 22 154 446 512 313 628 472 24 528 301 64 507 134 587 87 3 322 418 607 653 57 419 138 240 52 257 255 565 26 80 616 518 50 427 584 642 218 317 421 355 191 318 309 17 144 310 430 222 614 380 351 366 470 627 378 605 47 495 8 7 633 509 420 498 238 494 651 298 635 634 60 562 65 458 297 641 307 571 647 101 444 392 15 622 485 35 630 338 655 259 166 563 158 457 209 450 326 315 266 19 613 37 152 185 349 30 56 61 451 320 576 11 497 97 406 358 194 486 332 474 268 447 203 225 629 206 66 637 431 147 517 39 229 6 2 330 18 287 377 632 342 48 600 441 515 140 227 198 195 601 648 483 196 235 223 273 646 274 460 316 175 69 10 182 505 145 362 532 411 187 190 100 4 300 329 345 573 42 589 99 361 13 591 70 353 567 462 62 461 471 231 524 293 570 352 267 481 220 16 34 215 204 502 54 9 181 279 510 78 639 32 596 132 133 186 569 269 234 95 303 359 626 312 448 511 585 221 214 230 564 14 188 426 94 201 77 242 437 331 49 89 179 228 173 346 604 180 365 484 319 582 212 74 102 71 619 76 636 476 41 333 423 21 373 285 142 477 92 489 390 506 327 343 492 367 612 148 354 568 29 304 656 68 396 336 480 491 170 302 465 652 163 306 143 341 325 1 38 428 609 638 479 440 455 583 290 598 608 27 382 63 500 213 151 603 210 295 172 328 233 404 141 592 84 621 379 252 643 157 321 625 644 159 482 597 55 146 73 59 572 595 183 160 40 232 508 53 28 422 171 199 88 205 369 46 82 453 368 241 537 85 
c [Incremental] Max used label: 656.
c [Incremental] Label 656 is removed from searching.
c [Incremental] Solving for max label = 655:
c [Incremental] Solving duration: 3022 ms.
s [Incremental] SAT (label = 655).
Label assignment: 624 424 487 623 216 464 407 177 403 20 439 475 610 593 23 176 237 581 153 586 443 466 197 335 493 165 650 208 178 640 75 620 615 602 25 211 578 51 168 270 566 364 501 429 617 36 323 224 5 649 192 618 499 356 473 43 438 90 284 72 561 189 374 452 184 167 435 31 654 391 645 442 468 33 456 200 631 162 363 575 44 594 45 67 22 154 446 512 313 628 472 24 528 301 64 507 134 587 87 3 322 418 607 653 57 419 138 280 52 257 255 565 26 145 616 589 50 427 585 642 218 317 421 355 191 318 309 17 144 310 430 222 614 380 351 366 470 627 423 605 47 495 8 7 633 509 420 498 238 494 651 298 635 634 60 562 65 458 297 641 307 571 647 101 444 392 15 622 485 35 630 338 655 259 166 563 158 457 209 450 326 315 266 19 613 37 152 185 349 30 56 61 451 320 584 11 497 97 406 358 194 486 332 474 268 447 203 225 629 206 66 637 431 147 517 39 229 6 2 330 18 287 377 632 342 48 600 441 590 140 227 198 195 601 648 483 196 235 223 273 646 274 460 316 175 69 10 182 505 139 362 532 411 187 190 100 12 300 329 345 573 42 574 99 361 13 580 70 353 567 462 62 461 471 283 524 289 570 352 267 481 220 16 34 293 204 502 54 9 181 279 510 78 639 32 596 132 133 186 569 269 234 95 303 359 626 312 448 511 583 221 214 230 564 14 188 426 94 201 77 242 437 331 49 89 179 228 173 346 604 180 365 484 319 582 212 74 102 71 619 76 636 476 41 333 432 21 373 285 142 477 92 489 390 506 327 343 492 367 612 148 445 591 29 304 4 68 396 336 480 491 170 302 465 652 163 306 143 341 325 1 38 428 609 638 479 440 467 579 290 598 608 27 454 63 500 213 151 603 210 295 172 328 233 404 141 592 84 621 455 252 643 157 321 625 644 159 482 597 55 146 73 59 572 595 183 160 40 232 508 53 28 422 171 199 88 205 369 46 82 453 368 241 537 85 
c [Incremental] Max used label: 655.
c [Incremental] Label 655 is removed from searching.
c [Incremental] Solving for max label = 654:
c [Incremental] Solving duration: 98018 ms.
s [Incremental] SAT (label = 654).
Label assignment: 624 463 466 487 216 590 130 177 531 261 439 475 443 630 22 104 168 126 593 579 57 311 175 331 493 335 182 197 189 591 75 585 504 606 20 214 588 23 178 61 616 338 501 415 615 410 298 395 5 584 265 618 499 356 473 266 650 69 262 36 561 649 374 228 184 167 363 33 654 366 645 435 442 43 272 64 631 162 351 396 25 60 191 72 31 176 468 512 411 641 51 24 573 301 65 507 83 611 88 3 317 387 192 653 592 418 138 280 35 224 209 565 185 144 602 648 323 430 577 651 219 402 259 355 174 284 318 129 131 310 519 223 614 397 613 357 470 627 423 623 329 494 8 7 617 509 268 446 226 495 642 288 605 425 15 538 200 458 297 622 326 81 647 96 444 385 132 420 485 45 633 337 634 412 166 563 158 457 315 436 640 620 254 18 607 11 314 193 349 128 39 66 451 450 589 19 498 87 403 358 194 478 169 229 113 447 52 206 629 308 70 637 431 133 517 239 243 47 601 334 274 135 198 632 445 208 48 419 628 127 333 441 196 483 646 503 159 235 211 404 635 118 30 332 146 67 505 163 10 586 488 532 269 156 190 100 12 353 400 345 534 42 600 85 619 13 580 62 322 361 460 68 352 471 283 481 289 522 330 56 34 215 82 16 299 204 502 54 302 181 252 639 76 149 32 279 248 428 344 384 576 222 95 291 359 186 320 234 511 595 221 179 230 564 14 264 461 59 201 84 346 583 336 328 49 604 188 173 578 581 180 378 327 414 596 294 86 21 74 612 80 521 476 41 305 537 199 373 369 142 496 92 232 386 148 477 343 492 417 603 170 434 354 29 304 4 644 587 480 489 491 217 398 626 652 9 608 143 341 325 1 53 413 594 27 469 582 467 572 324 150 610 40 513 28 207 212 449 636 210 295 233 172 71 399 134 598 63 621 490 231 643 440 321 625 638 157 482 597 500 99 79 93 218 260 183 160 38 249 508 306 77 312 599 171 73 205 432 46 58 462 479 213 533 55 
c [Incremental] Max used label: 654.
c [Incremental] Label 654 is removed from searching.
c [Incremental] Solving for max label = 653:
c [Incremental] Solving duration: 172057 ms.
s [Incremental] SAT (label = 653).
Label assignment: 398 457 466 487 239 464 537 23 462 20 463 630 603 591 42 573 117 191 586 579 424 297 165 298 493 5 166 182 189 48 57 589 504 620 22 228 624 67 178 61 344 335 501 435 33 150 331 284 173 522 218 499 483 275 459 281 356 55 317 650 574 304 439 238 184 167 422 43 590 412 645 441 582 31 287 68 631 168 338 310 60 36 593 77 25 174 468 486 576 641 427 24 571 319 100 177 44 649 41 3 301 414 563 653 592 419 138 299 35 224 225 447 185 144 385 648 26 390 602 17 273 381 265 367 642 250 329 63 129 292 458 223 627 399 389 347 470 474 434 584 62 494 8 7 651 509 315 455 215 495 612 288 606 119 15 538 210 440 307 386 326 132 76 410 444 103 124 478 70 45 632 337 647 423 147 376 640 432 253 451 193 233 152 18 622 11 308 216 349 64 39 19 446 453 625 158 498 179 366 358 195 536 594 634 175 413 169 203 623 294 72 646 480 110 2 200 240 636 601 342 131 161 484 629 437 205 86 433 628 180 333 637 197 6 34 443 107 291 192 587 51 127 442 316 146 69 521 196 488 575 418 539 346 164 187 12 52 190 353 633 400 472 600 160 643 13 580 47 348 16 114 66 352 471 283 369 289 564 312 163 615 220 75 613 293 262 430 618 302 181 252 639 95 149 82 296 609 115 635 318 263 314 94 309 372 452 320 201 155 595 585 212 255 50 14 199 461 59 198 88 258 567 332 30 32 607 171 290 450 176 194 405 313 49 596 431 118 566 73 485 78 570 467 21 251 409 206 350 384 135 234 105 254 391 148 351 343 477 417 211 188 428 375 454 303 4 644 565 172 339 503 217 336 619 577 9 610 143 583 325 1 71 515 588 27 481 597 652 617 324 162 608 28 513 74 214 230 436 269 208 221 517 209 40 341 562 598 80 438 456 241 599 445 142 605 572 516 235 614 626 54 65 99 416 604 282 183 460 38 448 426 506 300 286 151 53 370 285 46 638 479 492 227 621 79 
c [Incremental] Max used label: 653.
c [Incremental] Label 653 is removed from searching.
c [Incremental] Solving for max label = 652:
c [Incremental] Solving duration: 1009 ms.
s [Incremental] SAT (label = 652).
Label assignment: 398 457 466 487 261 464 537 23 462 20 463 630 603 591 42 573 117 191 586 579 424 297 165 298 493 5 166 182 189 48 57 589 504 620 22 228 624 67 178 61 344 335 501 435 33 150 331 284 173 522 218 499 473 275 459 281 356 55 317 616 574 304 439 238 184 167 422 43 590 412 645 441 582 31 287 71 631 168 338 310 60 36 593 77 25 174 468 486 576 641 427 24 571 319 100 177 44 649 41 3 301 414 563 650 592 419 138 299 35 202 225 447 185 144 385 648 26 390 602 17 273 381 265 367 642 250 329 63 129 292 458 223 627 399 389 347 470 474 434 584 62 494 8 7 651 509 315 455 215 495 612 288 606 119 15 538 210 440 307 386 326 132 76 410 444 69 124 478 70 45 632 337 647 423 147 340 640 432 253 451 193 233 152 18 622 11 308 216 349 64 39 19 446 453 625 158 498 179 366 358 195 536 594 634 175 413 169 200 623 294 72 646 480 110 2 226 203 636 601 342 131 161 484 629 437 205 86 433 628 180 333 637 197 6 34 443 107 291 192 587 51 127 442 316 146 98 521 196 488 575 418 539 346 164 187 12 52 190 353 633 400 472 600 160 643 13 580 47 348 16 114 66 352 471 283 369 289 564 312 163 615 220 75 613 293 262 430 618 302 181 252 639 95 149 82 296 609 115 635 318 263 314 94 309 372 452 320 201 155 595 585 212 255 50 14 199 461 59 198 88 258 567 332 30 32 607 171 290 450 176 194 405 313 49 596 431 118 566 73 485 126 570 467 21 251 409 206 350 384 135 234 68 254 391 148 351 343 477 417 211 188 428 375 454 303 4 644 565 172 339 503 217 336 619 577 9 610 143 583 325 1 78 476 588 27 481 597 652 617 324 162 608 28 513 74 214 230 436 269 208 221 517 209 40 341 562 598 80 438 456 204 599 445 142 605 572 516 235 614 626 54 65 99 416 604 282 183 460 38 448 426 506 300 286 151 53 370 285 46 638 479 492 227 621 79 
c [Incremental] Max used label: 652.
c [Incremental] Label 652 is removed from searching.
c [Incremental] Solving for max label = 651:
c [Incremental] Solving duration: 947 ms.
s [Incremental] SAT (label = 651).
Label assignment: 398 457 466 487 261 464 537 23 462 20 463 630 603 591 42 573 117 191 586 579 424 297 165 298 493 5 166 228 189 48 57 589 504 620 22 232 624 67 178 61 344 335 501 435 33 150 331 284 173 522 218 499 473 275 459 281 356 55 317 616 574 304 439 238 184 167 422 43 590 412 645 441 582 31 287 78 631 168 338 310 60 36 593 71 25 174 468 486 576 641 427 24 571 319 100 177 44 649 41 3 301 414 563 650 592 419 138 299 35 202 225 447 154 144 385 648 26 390 602 17 273 352 265 367 642 250 329 63 129 292 458 223 627 399 389 347 470 474 434 584 62 494 8 7 651 509 315 455 215 495 612 288 606 119 15 538 222 440 307 386 326 132 77 410 444 69 124 478 70 45 632 337 647 423 147 340 640 432 253 451 193 185 152 18 622 11 308 216 357 64 39 19 446 453 625 158 498 179 368 358 195 536 594 634 175 413 169 200 623 294 72 646 480 110 2 226 203 636 601 342 131 161 403 629 437 205 86 433 628 180 268 637 197 6 34 443 107 291 192 587 51 127 442 316 146 98 521 196 484 575 418 539 346 164 187 12 52 190 353 633 400 472 600 160 643 13 580 75 348 16 114 66 345 471 283 349 289 564 312 163 615 220 47 613 293 262 430 618 302 181 252 639 95 149 76 296 609 115 635 318 263 314 94 309 372 452 320 201 155 595 585 212 255 50 14 199 461 59 198 88 258 567 332 30 32 607 171 290 450 176 194 405 313 49 596 431 118 566 73 485 126 570 467 21 251 409 206 350 384 135 234 68 254 391 148 351 366 477 417 217 188 428 375 454 303 4 644 565 172 339 503 211 336 619 577 9 610 143 583 325 1 81 476 588 27 481 597 626 617 324 162 608 28 513 74 214 230 436 269 208 221 488 209 40 341 562 598 80 438 456 204 599 445 142 605 572 516 235 614 621 54 65 99 416 604 282 183 460 38 448 426 506 300 286 151 53 370 285 46 638 479 492 227 568 79 
c [Incremental] Max used label: 651.
c [Incremental] Label 651 is removed from searching.
c [Incremental] Solving for max label = 650:
c [Incremental] Solving duration: 951 ms.
s [Incremental] SAT (label = 650).
Label assignment: 398 457 466 487 261 464 537 139 462 20 463 630 603 592 23 573 117 191 586 579 424 297 165 298 493 5 166 228 194 48 57 589 504 620 22 232 624 67 178 61 344 337 501 435 33 150 335 284 173 522 218 499 473 275 459 281 356 55 42 616 574 304 439 238 184 182 422 43 590 412 645 441 582 31 287 78 631 168 338 310 60 36 593 71 25 174 468 486 576 641 427 24 571 319 100 177 44 649 41 3 301 414 563 650 561 419 138 299 35 202 225 449 154 144 385 648 26 390 602 17 273 352 265 367 642 250 330 63 129 292 458 223 627 399 389 347 470 474 434 584 62 494 8 7 315 509 329 455 215 495 612 288 606 119 15 538 222 440 308 386 326 132 77 410 444 69 124 478 70 45 632 334 647 423 147 340 640 432 253 451 193 185 152 18 622 11 167 216 357 64 39 19 446 453 625 307 498 179 2 358 195 536 594 634 175 413 169 200 623 294 72 646 480 110 56 226 203 636 601 342 131 161 403 629 437 205 86 433 628 180 268 637 197 6 34 443 107 291 192 587 51 127 442 316 146 98 521 196 484 575 418 539 346 164 187 12 10 190 353 633 400 472 600 160 643 13 580 75 348 16 114 66 345 471 283 349 289 564 312 163 615 220 47 613 293 262 430 618 302 181 252 639 276 149 76 296 609 115 635 318 263 314 94 309 372 452 320 201 155 595 585 212 255 50 14 199 447 59 198 88 258 567 332 30 32 607 171 290 450 176 188 405 596 49 591 431 118 566 73 485 126 570 467 21 251 409 206 350 384 135 234 68 254 391 148 351 366 477 417 217 170 428 375 454 324 4 644 565 172 339 503 211 336 619 577 9 610 143 583 331 1 81 476 588 27 481 597 626 617 306 162 608 28 513 74 214 141 436 269 208 221 488 209 40 341 562 598 80 438 456 204 599 445 142 605 572 516 235 614 621 54 65 99 416 604 282 183 460 38 448 426 506 300 286 151 53 370 285 46 638 479 492 227 568 79 
c [Incremental] Max used label: 650.
c [Incremental] Label 650 is removed from searching.
c [Incremental] Solving for max label = 649:
c [Incremental] Solving duration: 895 ms.
s [Incremental] SAT (label = 649).
Label assignment: 398 457 466 487 261 464 537 139 462 20 463 630 603 592 23 573 117 191 586 579 424 297 165 298 493 5 166 228 194 48 57 589 504 620 22 232 624 67 178 61 344 337 501 435 33 150 335 284 173 522 218 499 473 275 459 281 356 55 42 616 574 304 439 238 184 182 422 43 590 412 645 441 582 31 287 78 631 168 338 315 60 36 593 71 25 174 468 486 576 585 427 24 571 319 100 177 44 649 41 3 301 414 563 641 561 419 138 299 35 202 225 449 154 144 385 648 26 390 602 17 273 352 265 367 642 250 330 63 129 292 458 223 627 399 389 347 470 474 434 584 62 494 8 7 310 509 329 455 215 495 612 288 606 119 15 538 222 440 308 386 326 132 77 410 444 69 124 478 70 45 632 334 647 423 147 340 640 432 253 451 193 185 152 18 622 11 167 216 357 64 39 19 446 453 625 307 498 179 2 358 195 536 594 634 175 413 169 200 623 294 72 646 480 110 56 226 203 636 601 342 131 161 403 629 437 205 86 433 628 180 268 637 197 6 34 443 107 291 192 587 51 127 442 316 146 98 521 196 484 575 418 539 346 164 187 12 10 190 353 633 400 472 600 160 643 13 580 75 348 16 114 66 345 471 283 349 289 564 312 163 615 220 47 613 293 262 430 618 302 181 252 639 276 149 76 296 609 115 635 318 263 314 94 309 372 452 320 201 155 595 583 212 255 50 14 199 461 59 198 88 258 567 332 30 32 607 171 290 450 176 188 405 591 49 596 431 118 566 73 485 126 570 467 21 251 409 206 350 384 135 234 68 254 391 148 351 366 477 417 217 170 428 375 454 324 4 644 565 172 339 503 211 336 619 577 9 610 143 608 331 1 81 476 588 27 481 597 626 617 306 162 611 28 513 74 214 141 436 269 208 221 488 209 40 341 562 598 80 438 456 204 599 445 142 605 572 516 235 614 621 54 65 99 416 604 282 183 447 38 448 426 506 300 286 151 53 370 285 46 638 479 492 227 568 79 
c [Incremental] Max used label: 649.
c [Incremental] Label 649 is removed from searching.
c [Incremental] Solving for max label = 648:
c [Incremental] Solving duration: 967 ms.
s [Incremental] SAT (label = 648).
Label assignment: 398 457 466 487 261 464 537 139 462 20 463 630 603 612 23 573 117 191 586 579 424 297 165 298 493 5 184 228 194 48 57 589 504 620 22 232 624 67 178 61 344 337 501 435 33 150 335 256 173 522 218 499 473 275 459 281 356 55 42 616 574 304 439 238 226 166 422 43 590 412 645 421 582 31 287 78 631 168 338 315 60 36 593 71 25 174 441 486 576 585 427 24 571 319 100 177 44 592 41 3 330 414 563 641 561 419 138 299 35 202 225 449 154 144 385 648 26 390 602 17 273 352 265 367 642 250 329 63 129 292 458 223 627 399 389 347 470 474 434 584 62 494 8 7 310 509 355 455 215 495 568 284 606 119 15 538 222 440 308 386 301 132 77 410 444 69 121 478 70 45 632 334 647 423 147 340 640 432 253 451 193 185 152 18 622 11 167 216 357 64 39 19 446 453 625 307 498 179 2 358 195 536 594 634 175 413 169 200 623 294 72 646 480 110 56 231 203 636 601 342 131 161 403 629 437 205 86 433 628 180 268 637 197 6 34 443 107 291 192 587 51 127 442 316 146 98 521 196 484 575 418 539 346 164 187 12 10 190 353 633 400 472 600 160 643 13 580 75 348 16 114 66 345 471 283 349 289 564 312 163 615 220 47 613 293 262 430 618 302 181 252 639 276 149 76 296 609 115 635 318 263 314 94 309 372 452 320 201 155 595 583 212 255 50 14 199 461 59 198 88 258 567 332 30 32 607 171 290 450 176 188 405 591 49 596 431 118 566 73 485 126 570 467 21 251 409 206 350 384 135 234 68 254 391 148 351 366 477 417 217 170 428 375 454 324 4 644 565 172 339 503 211 336 619 577 9 610 143 608 331 1 81 476 588 27 481 597 626 617 306 162 611 28 513 74 214 141 436 269 208 221 488 209 40 341 562 598 80 438 456 204 599 445 142 605 572 516 235 614 621 54 65 99 416 604 282 183 447 38 448 426 506 300 286 151 53 370 285 46 638 479 492 227 560 79 
c [Incremental] Max used label: 648.
c [Incremental] Label 648 is removed from searching.
c [Incremental] Solving for max label = 647:
c [Incremental] Solving duration: 913 ms.
s [Incremental] SAT (label = 647).
Label assignment: 398 457 466 487 292 464 537 138 462 20 463 630 603 612 23 573 117 182 586 579 404 301 165 315 483 5 189 228 194 48 57 589 504 620 22 232 624 67 178 61 344 337 501 435 33 129 335 256 173 522 218 499 473 275 449 281 356 3 42 616 574 304 439 238 226 160 422 43 590 412 645 421 582 31 272 78 631 168 338 326 60 36 593 71 25 166 441 486 576 585 427 24 571 319 100 177 44 592 88 41 330 414 563 641 561 424 184 299 35 191 210 450 153 594 385 139 26 390 602 17 288 352 264 367 642 250 329 63 134 297 458 223 627 355 389 347 470 474 434 584 62 494 8 7 310 509 360 455 215 495 568 284 606 119 15 538 222 440 308 386 298 132 77 410 444 69 121 423 70 45 632 334 647 411 147 340 640 432 253 451 193 185 152 18 622 19 167 216 357 64 39 66 446 453 11 307 498 179 2 358 195 536 587 634 175 413 169 200 623 294 72 646 480 110 52 231 203 636 601 342 130 161 403 629 437 205 83 433 628 180 268 637 197 6 34 443 107 291 202 557 51 127 442 316 154 98 521 196 484 575 418 639 346 164 187 12 10 190 353 633 400 472 600 157 643 13 580 75 348 16 114 56 345 471 283 349 328 564 312 163 615 220 47 613 293 262 430 618 302 181 252 559 276 149 76 296 609 115 635 318 263 314 94 309 372 452 306 192 155 595 583 212 255 50 14 199 461 59 201 86 258 567 332 30 32 607 171 290 397 176 188 405 591 49 596 431 118 566 73 485 146 570 467 21 251 409 206 350 384 135 234 68 254 391 148 351 366 477 417 217 170 428 354 454 324 4 644 565 172 339 503 211 336 560 577 9 610 143 608 331 1 81 476 588 27 481 597 626 617 325 162 611 28 638 74 214 141 436 269 208 221 488 209 40 341 562 598 80 438 456 204 599 445 142 605 572 516 235 614 621 54 65 99 416 604 282 183 447 38 448 426 506 300 265 151 53 370 285 46 619 479 491 492 558 79 
c [Incremental] Max used label: 647.
c [Incremental] Label 647 is removed from searching.
c [Incremental] Solving for max label = 646:
c [Incremental] Solving duration: 459185 ms.
s [Incremental] SAT (label = 646).
Label assignment: 356 483 481 403 469 212 401 225 234 276 413 596 495 535 157 501 303 141 156 602 454 445 223 200 472 37 155 284 64 345 73 434 405 611 38 468 338 184 211 526 421 334 470 503 14 132 317 134 275 315 23 443 409 423 477 564 444 93 187 55 473 50 644 567 169 76 478 74 642 600 217 494 441 346 569 33 337 186 610 425 42 146 282 32 504 612 506 589 266 634 407 586 465 135 27 293 288 365 59 457 336 391 104 340 431 463 67 233 16 628 196 424 80 508 21 369 313 66 646 430 197 291 262 613 152 214 302 12 138 585 588 629 417 389 278 438 486 418 643 492 592 416 328 34 598 226 133 500 194 559 160 359 622 427 238 479 203 451 51 273 363 558 329 557 467 400 604 324 408 13 415 484 623 296 326 358 300 422 130 464 560 364 127 35 539 60 213 31 595 316 17 71 198 286 10 78 488 280 461 215 192 632 615 580 99 9 126 228 633 299 227 626 474 165 335 161 190 645 640 224 1 171 371 63 590 131 153 475 575 347 230 69 43 625 361 449 4 62 584 561 191 563 18 638 195 29 309 178 204 219 310 605 124 179 619 205 24 617 158 46 554 210 618 621 462 185 311 44 609 439 352 297 103 57 325 172 202 68 565 39 455 220 36 199 145 433 578 56 294 341 256 452 41 601 25 631 566 591 576 419 239 129 635 123 603 502 342 556 343 637 218 154 163 348 86 148 459 54 209 448 229 537 353 627 92 75 243 208 630 298 639 330 52 312 594 272 497 53 58 410 607 606 458 20 581 355 81 19 8 82 583 47 582 331 15 307 428 491 460 426 159 327 370 485 350 2 7 512 188 283 221 597 5 490 482 216 320 182 164 636 435 168 493 3 30 498 574 206 614 322 599 641 77 505 446 180 177 308 620 573 579 571 49 577 616 79 45 83 269 399 222 150 411 344 28 442 22 572 61 339 143 85 11 48 270 162 89 362 98 624 142 323 499 593 65 268 404 587 201 608 207 271 232 562 84 
c [Incremental] Max used label: 646.
c [Incremental] Label 646 is removed from searching.
c [Incremental] Solving for max label = 645:
c [Incremental] Solving duration: 341222 ms.
s [Incremental] SAT (label = 645).
Label assignment: 331 334 148 31 451 364 396 213 219 271 411 586 500 593 289 139 393 417 157 634 346 452 210 490 468 27 45 280 14 338 2 432 455 41 176 447 225 193 209 272 330 319 29 503 49 531 311 60 235 437 373 156 474 422 595 255 430 79 51 120 458 199 573 567 47 93 202 74 581 440 566 352 264 345 578 160 329 174 612 406 48 144 302 87 514 460 506 629 479 640 625 553 296 55 52 591 281 369 103 245 428 407 483 286 431 449 572 220 63 606 175 588 88 493 603 355 33 78 643 441 273 277 301 582 263 275 325 205 112 592 631 613 310 395 388 448 36 429 645 459 622 379 323 43 488 232 50 340 208 642 154 6 618 68 35 64 575 475 30 403 363 569 59 259 62 394 540 608 268 227 404 485 630 295 204 326 147 427 72 461 590 351 504 597 599 12 196 18 23 201 442 306 423 283 17 58 42 265 623 238 183 637 336 21 84 8 443 214 638 292 222 589 70 172 288 4 189 627 481 223 261 171 233 86 616 478 153 178 20 190 368 65 361 574 367 473 399 10 585 186 337 471 607 69 285 11 290 454 200 267 617 587 624 453 621 165 576 577 565 57 258 203 480 539 464 16 211 73 604 130 3 291 170 44 159 173 380 124 9 83 465 231 601 151 167 433 568 195 294 362 554 436 198 628 276 598 610 46 632 456 181 400 13 370 583 486 324 564 303 626 188 212 194 343 164 342 484 26 53 221 457 552 353 182 40 410 269 126 635 420 215 435 25 299 619 366 494 67 34 66 602 596 462 571 538 354 85 347 426 179 579 54 551 312 15 322 469 497 477 413 184 314 356 439 229 639 7 556 163 287 327 38 1 434 438 224 321 185 266 555 482 537 467 641 32 502 570 636 614 349 611 228 75 496 207 300 61 313 550 594 633 37 39 615 605 113 24 644 128 320 584 136 92 262 600 155 150 545 28 56 142 80 19 132 206 127 81 348 82 580 129 308 489 71 177 445 401 542 226 620 187 169 217 76 609 
c [Incremental] Max used label: 645.
c [Incremental] Label 645 is removed from searching.
c [Incremental] Solving for max label = 644:
c [Incremental] Solving duration: 806 ms.
s [Incremental] SAT (label = 644).
Label assignment: 331 334 148 31 451 364 396 213 219 271 411 586 500 593 289 139 393 417 157 634 346 474 210 490 468 27 45 280 14 338 2 432 455 41 176 447 225 193 209 272 330 319 29 467 49 531 311 60 235 437 373 156 473 422 595 255 430 79 51 120 452 199 573 567 47 93 202 74 581 440 566 352 264 345 578 160 329 174 612 406 48 144 302 87 514 460 506 629 479 640 625 553 296 55 52 591 281 369 103 245 428 407 483 286 431 449 572 220 63 606 175 588 88 493 603 355 33 78 602 441 273 277 301 582 263 275 325 205 112 563 631 613 310 395 388 448 36 429 643 459 622 379 323 43 488 232 50 340 208 642 154 6 618 68 35 64 575 475 30 403 363 569 59 259 62 394 540 608 268 227 404 485 630 295 204 326 147 427 72 461 590 351 504 597 599 12 196 18 23 201 442 306 423 283 17 58 42 265 623 238 183 637 336 21 84 8 443 214 638 292 222 589 70 172 288 4 189 627 481 223 261 171 233 86 616 472 153 178 20 190 368 65 361 574 367 478 399 10 585 186 337 471 607 69 285 11 290 454 200 267 617 587 624 453 621 165 576 577 565 57 258 203 480 539 458 16 211 73 604 130 3 291 170 44 159 173 380 124 9 83 465 231 601 151 167 433 568 195 294 362 554 436 198 628 276 598 610 46 632 456 181 400 13 370 583 486 324 564 303 626 188 212 194 332 164 342 484 26 53 221 457 552 353 182 40 410 269 126 635 420 215 435 25 299 619 366 494 67 34 66 596 592 462 571 538 354 85 347 426 179 579 54 551 312 15 322 469 497 477 413 184 314 356 439 229 639 7 556 163 287 327 38 1 434 438 224 321 185 266 555 482 537 464 641 32 502 570 636 614 349 611 228 75 496 207 300 61 313 550 594 633 37 39 615 605 113 24 644 128 320 584 136 92 262 600 155 150 545 28 56 142 80 19 132 206 127 81 348 82 580 129 308 489 71 177 445 401 542 226 620 187 169 217 76 609 
c [Incremental] Max used label: 644.
c [Incremental] Label 644 is removed from searching.
c [Incremental] Solving for max label = 643:
c [Incremental] Solving duration: 715 ms.
s [Incremental] SAT (label = 643).
Label assignment: 331 334 148 31 451 364 396 213 219 271 411 586 500 593 289 139 393 417 157 634 346 474 210 490 468 27 45 280 14 338 2 432 455 41 176 447 225 193 209 272 330 319 29 467 49 531 311 60 235 437 373 156 473 422 595 255 430 77 51 120 452 199 573 567 47 93 202 74 581 440 566 352 264 345 578 160 329 174 612 406 48 144 302 87 514 460 79 629 479 640 625 553 296 55 52 591 281 369 103 245 428 407 483 286 431 449 572 220 63 606 175 588 548 493 603 355 33 78 602 441 273 277 301 582 263 275 325 205 112 563 631 613 310 395 388 448 36 429 643 459 622 379 323 43 488 232 50 340 208 642 154 6 618 68 35 64 575 475 30 403 363 569 59 259 62 394 540 608 268 227 404 485 630 295 204 326 147 427 72 461 590 351 504 597 599 12 196 18 23 201 442 306 423 283 17 58 42 265 623 238 183 637 336 21 84 8 443 214 638 292 222 589 70 172 288 4 189 627 481 223 261 171 233 86 616 472 153 178 20 190 368 65 361 574 367 478 399 10 585 186 337 471 607 69 285 11 290 454 200 267 617 587 624 453 621 165 576 577 565 57 258 203 480 539 458 16 211 73 604 130 3 291 170 44 159 173 380 124 9 83 465 231 601 151 167 433 568 195 294 362 554 436 198 628 276 598 610 46 632 456 181 400 13 370 583 486 324 564 303 626 188 212 194 332 164 342 484 26 53 221 457 552 353 182 40 410 269 126 635 420 215 435 25 299 619 366 494 67 34 66 596 592 462 571 538 354 85 347 426 179 579 54 551 312 15 322 469 497 477 413 184 314 356 439 229 639 7 556 163 287 327 38 1 434 438 224 321 185 266 555 482 537 464 641 32 502 570 636 614 349 611 228 75 496 207 300 61 313 550 594 633 37 39 615 605 113 24 549 128 320 584 136 92 262 600 155 150 545 28 56 142 80 19 132 206 127 81 348 82 580 129 308 489 71 177 445 401 542 226 620 187 169 217 76 609 
c [Incremental] Max used label: 643.
c [Incremental] Label 643 is removed from searching.
c [Incremental] Solving for max label = 642:
c [Incremental] Solving duration: 977 ms.
s [Incremental] SAT (label = 642).
Label assignment: 331 334 148 31 451 364 396 208 219 271 411 586 500 593 289 139 393 417 156 634 348 474 160 468 466 27 45 280 14 338 2 432 455 41 176 447 225 193 209 272 330 319 29 467 49 531 315 60 235 437 397 191 473 422 595 255 430 629 51 120 452 231 573 567 47 93 202 74 581 440 463 317 264 345 578 157 329 174 612 406 48 144 284 87 514 460 79 152 409 640 625 553 296 55 52 591 281 373 103 245 425 407 485 286 431 449 572 220 305 606 175 588 548 493 603 355 33 78 602 428 273 277 263 582 168 275 325 205 112 560 631 613 310 365 372 448 36 427 26 459 622 379 323 43 488 232 50 346 215 618 154 6 592 642 302 64 575 429 30 403 363 569 17 259 62 394 540 608 268 222 442 479 201 295 210 326 3 423 72 461 590 351 476 597 599 12 196 53 18 204 408 172 424 283 178 58 42 265 623 238 183 604 369 21 84 637 443 214 638 292 227 589 70 177 288 4 189 627 481 223 261 171 218 86 616 478 8 180 501 190 368 65 361 574 367 504 399 5 585 186 337 471 607 69 285 11 290 454 200 267 617 587 624 453 621 165 576 577 565 57 258 203 480 539 458 95 211 610 159 130 413 291 166 44 313 173 380 124 10 83 465 230 600 151 16 433 568 195 294 358 554 436 198 628 276 598 564 46 632 419 181 400 9 370 583 486 324 563 303 619 188 626 194 332 164 342 472 22 23 221 362 552 328 182 40 63 269 126 635 420 179 435 25 299 77 366 469 67 34 66 596 594 462 571 538 333 85 354 426 601 579 54 507 312 15 327 475 497 477 415 184 314 356 439 229 639 7 556 163 287 339 38 1 434 438 224 321 185 266 555 496 537 464 620 32 502 570 641 614 336 611 228 20 494 207 300 61 320 550 561 143 37 39 615 559 113 24 549 128 212 584 136 92 262 605 155 150 545 28 56 142 80 19 132 206 127 81 344 82 580 129 308 483 71 13 445 401 542 216 609 187 169 217 76 636 
c [Incremental] Max used label: 642.
c [Incremental] Label 642 is removed from searching.
c [Incremental] Solving for max label = 641:
c [Incremental] Solving duration: 1046 ms.
s [Incremental] SAT (label = 641).
Label assignment: 331 334 148 31 451 364 396 208 263 271 411 586 500 593 289 139 393 417 156 634 452 474 160 468 466 27 45 280 14 338 2 432 455 41 176 447 225 193 209 272 330 319 29 467 49 602 315 60 235 437 397 191 473 422 595 255 430 629 51 120 470 219 573 567 47 93 202 74 581 440 463 328 264 345 578 157 329 174 612 406 48 144 284 87 514 460 79 152 409 625 566 553 296 55 52 591 281 373 103 245 425 407 317 286 431 449 572 220 305 606 175 588 548 493 603 355 33 78 613 428 273 277 260 582 168 275 325 205 112 560 579 631 310 365 369 448 36 427 26 459 622 379 323 43 488 232 50 346 215 618 154 6 592 640 302 64 575 429 30 403 363 569 17 259 62 394 540 608 268 222 442 479 201 295 210 326 3 423 72 461 590 351 476 597 599 12 196 53 18 204 408 172 424 283 178 58 42 265 623 238 183 604 354 21 84 637 443 214 638 292 227 589 70 177 288 4 189 627 481 223 261 171 218 86 616 478 8 180 501 190 368 65 361 574 367 490 399 5 585 186 337 471 607 69 285 11 290 454 200 267 617 587 624 453 621 165 576 577 565 57 258 203 480 539 458 76 211 610 159 130 413 291 166 44 313 173 380 124 10 83 465 230 600 151 16 433 568 195 294 358 554 436 198 628 276 598 564 46 632 419 181 400 9 370 583 486 324 563 303 619 188 626 194 332 164 342 472 22 23 221 362 552 320 182 40 63 269 126 635 420 179 435 25 299 77 366 469 67 34 66 596 594 462 571 538 333 85 353 426 601 547 54 504 312 15 327 475 497 477 415 184 314 356 439 229 639 7 556 163 287 339 38 1 434 438 224 321 185 266 555 496 537 464 620 32 502 570 641 614 336 611 228 20 494 207 300 61 322 550 561 143 37 39 615 559 113 24 549 128 212 584 136 92 262 605 155 150 545 28 56 142 95 19 132 206 127 81 344 82 580 129 308 483 71 13 445 401 542 216 609 187 169 217 80 636 
c [Incremental] Max used label: 641.
c [Incremental] Label 641 is removed from searching.
c [Incremental] Solving for max label = 640:
c [Incremental] Solving duration: 732 ms.
s [Incremental] SAT (label = 640).
Label assignment: 331 334 148 31 451 364 396 208 263 271 411 586 500 593 289 139 393 417 156 634 452 444 160 468 466 27 45 280 14 338 2 432 455 41 176 447 225 193 209 272 330 319 29 467 49 602 315 60 235 437 397 191 473 422 595 255 430 629 51 120 470 219 573 567 47 93 202 74 581 440 463 328 264 345 578 157 329 174 612 406 48 144 284 87 514 460 79 152 409 625 566 553 296 55 52 591 281 373 103 245 425 407 317 286 431 449 572 220 305 606 175 588 548 493 603 355 33 78 613 428 273 277 260 582 168 275 325 205 112 560 579 631 310 365 369 448 36 427 26 459 622 379 323 43 488 232 50 346 215 618 154 6 592 640 302 64 575 429 30 403 363 558 17 259 62 394 540 608 268 222 442 479 201 295 210 326 3 423 72 461 590 348 476 597 599 12 196 53 18 204 408 172 424 283 178 58 42 265 623 238 183 604 354 21 84 637 443 214 638 292 227 589 70 177 288 4 189 627 481 223 261 171 218 86 616 478 8 180 501 190 368 65 361 574 367 490 399 5 585 186 337 471 607 69 285 11 290 454 200 267 617 587 624 453 621 165 576 577 565 57 258 203 480 539 458 76 211 610 159 130 413 291 166 44 313 173 380 124 10 83 465 230 600 151 16 433 568 195 294 358 554 436 198 628 276 598 564 46 632 419 181 400 9 370 583 484 324 563 303 619 188 626 194 332 164 342 472 22 23 221 362 552 320 182 40 63 269 126 635 420 179 435 25 299 77 366 469 67 34 66 596 594 462 571 538 333 85 353 426 601 547 54 504 312 15 327 475 497 477 415 184 314 356 439 229 639 7 556 163 287 339 38 1 434 438 224 321 185 266 555 496 537 464 580 32 502 570 620 614 336 611 228 20 494 207 300 61 307 550 561 143 37 39 615 559 113 24 549 128 212 584 136 92 262 605 155 150 545 28 56 142 95 19 132 206 127 81 344 82 569 129 308 483 71 13 445 401 542 216 609 187 169 217 80 636 
c [Incremental] Max used label: 640.
c [Incremental] Label 640 is removed from searching.
c [Incremental] Solving for max label = 639:
c [Incremental] Solving duration: 882 ms.
s [Incremental] SAT (label = 639).
Label assignment: 331 334 148 31 451 364 396 208 263 271 411 586 500 593 289 139 393 417 156 634 452 444 160 468 466 27 45 280 14 338 2 432 455 41 176 447 225 193 209 272 330 319 29 467 49 602 315 60 235 437 397 191 473 422 595 231 430 79 51 120 470 219 573 567 47 93 202 74 581 440 463 328 264 345 578 157 329 174 612 406 48 144 284 97 514 460 87 152 409 625 566 553 296 55 52 591 281 373 103 245 425 407 317 286 431 449 572 220 305 606 175 588 548 493 603 355 33 78 613 428 273 277 260 582 168 275 325 205 112 560 579 631 310 365 227 448 36 427 630 459 622 379 323 43 488 232 50 346 215 618 154 6 592 368 302 64 575 429 30 192 363 558 17 259 62 394 540 608 340 222 442 479 201 295 210 326 3 423 72 461 590 348 476 597 599 12 196 26 18 204 408 172 424 283 178 58 42 265 623 238 183 604 354 21 84 637 443 214 638 292 239 589 70 177 288 4 189 627 481 223 261 171 218 86 616 478 8 180 501 190 371 53 361 574 367 490 399 5 585 186 337 471 607 69 285 11 290 454 200 267 617 587 624 453 621 165 576 577 565 57 258 203 480 539 458 76 211 610 159 130 413 291 166 44 313 173 380 124 10 83 465 230 600 151 16 433 568 195 294 358 554 436 198 628 276 598 564 46 632 419 181 400 9 370 583 484 324 563 303 619 188 626 194 332 164 342 472 22 23 221 362 552 320 182 40 63 269 126 635 420 179 435 25 299 77 366 469 67 34 66 596 594 462 571 538 333 85 353 426 601 547 54 504 312 15 327 475 497 477 415 184 314 356 439 229 639 7 556 163 287 339 38 1 434 438 224 321 185 266 555 496 537 464 580 32 502 570 620 614 336 611 228 20 494 369 300 61 307 550 561 143 37 39 615 559 113 24 549 128 212 584 136 92 262 605 155 150 545 28 56 142 95 19 132 206 127 81 344 82 569 129 308 483 71 13 445 401 542 216 609 187 169 217 80 636 
c [Incremental] Max used label: 639.
c [Incremental] Label 639 is removed from searching.
c [Incremental] Solving for max label = 638:
c [Incremental] Solving duration: 55901 ms.
s [Incremental] SAT (label = 638).
Label assignment: 331 334 148 31 451 364 396 208 263 271 411 586 500 593 289 139 393 417 156 634 452 444 160 468 466 27 45 280 14 338 2 432 455 41 176 447 225 193 209 272 330 319 29 467 49 602 315 60 235 437 397 191 473 422 595 231 430 77 51 120 470 219 573 567 47 93 202 74 581 440 463 328 264 345 578 157 329 174 612 406 48 144 284 97 514 460 87 152 409 625 566 553 296 55 52 591 281 373 103 245 425 407 317 286 431 449 572 212 305 606 175 588 548 485 603 350 33 78 613 428 273 277 260 582 168 275 325 205 112 560 579 631 310 358 233 448 36 427 630 459 622 379 323 43 488 232 50 346 218 618 154 6 592 368 302 64 575 429 30 192 363 558 17 269 62 404 540 608 340 227 442 479 201 295 210 326 3 423 72 461 590 348 476 597 599 12 196 26 18 204 408 172 424 283 178 58 42 265 623 238 183 604 354 21 84 637 443 214 638 292 239 589 70 177 288 4 189 627 481 223 261 171 221 86 616 478 8 180 493 190 371 53 361 574 367 490 399 5 585 186 337 471 607 69 285 11 290 454 200 267 617 587 624 453 621 165 576 577 565 57 258 203 480 539 458 76 211 610 159 130 413 291 166 44 313 173 380 134 10 124 465 222 600 151 16 433 568 195 294 362 554 436 198 628 276 598 564 46 632 419 181 400 9 370 583 484 324 563 303 619 188 626 194 332 164 342 472 22 23 241 356 552 320 182 40 63 268 126 635 420 179 435 25 299 83 398 469 67 34 66 596 594 462 571 538 333 85 353 426 601 547 54 504 312 15 327 475 497 477 415 184 314 359 439 229 636 7 556 163 287 339 38 1 434 438 224 321 185 266 555 496 537 464 580 32 502 570 620 614 336 611 228 20 494 369 300 61 307 550 561 143 37 39 615 559 113 24 549 128 220 584 136 92 262 605 155 150 545 28 56 142 82 19 132 206 127 81 344 98 569 129 308 483 71 13 445 401 542 216 609 187 169 215 80 629 
c [Incremental] Max used label: 638.
c [Incremental] Label 638 is removed from searching.
c [Incremental] Solving for max label = 637:
c [Signal] Signal interruption. Caught signal: SIGTERM (15).
c [Main] Lim pid ends with result: 254.
r [Main] 
r [Main] Final results: 
r [Main] Total real time: 1807057 ms.
r [Main] Total memory consumed: 2154.7 MB.
r [Main] 
