c [Version] Minimize Makespan Labeling Encoder version 1.0.0.
c [Param] Target value is set to 130.
c [Param] LB is predefined as 131.
c [Param] UB is predefined as 273.
c [Param] Target value is set to Antibandwidth.
c [Param] Vertices mode is set to Has hole.
c [Param] Result verification is ON.
c [Param] Memory limit is set to 30000.
c [Param] Real time limit is set to 1800.
c [Param] Worker count is set to 8.
c [Param] Max CNF size is set to 10.
c [Main] Search strategy: Iterating Breadth First Search.
c [Main] Search order: 202 166 238 148 184 220 256 139 157 175 193 211 229 247 265 134 143 152 161 170 179 188 197 206 215 224 233 242 251 260 269 132 136 141 145 150 154 159 163 168 172 177 181 186 190 195 199 204 208 213 217 222 226 231 235 240 244 249 253 258 262 267 271 131 133 135 137 140 142 144 146 149 151 153 155 158 160 162 164 167 169 171 173 176 178 180 182 185 187 189 191 194 196 198 200 203 205 207 209 212 214 216 218 221 223 225 227 230 232 234 236 239 241 243 245 248 250 252 254 257 259 261 263 266 268 270 272 138 147 156 165 174 183 192 201 210 219 228 237 246 255 264 273.
c [Main] Encoding and solving for graph: S-sherman4.mtx.rnd.
c [Label = 202] Minimize Makespan Labeling problem (S-sherman4.mtx.rnd):
c [Label = 166] Minimize Makespan Labeling problem (S-sherman4.mtx.rnd):
c [Label = 148] Minimize Makespan Labeling problem (S-sherman4.mtx.rnd):
c [Label = 238] Minimize Makespan Labeling problem (S-sherman4.mtx.rnd):
c [Label = 184] Minimize Makespan Labeling problem (S-sherman4.mtx.rnd):
c [Label = 220] Minimize Makespan Labeling problem (S-sherman4.mtx.rnd):
c [Label = 256] Minimize Makespan Labeling problem (S-sherman4.mtx.rnd):
c [Label = 139] Minimize Makespan Labeling problem (S-sherman4.mtx.rnd):
c [Label = 139] Encoding starts with target value = 130:
c [Label = 139] Encoding duration: 691ms.
c [Label = 139] Number of clauses: 355022.
c [Label = 139] Number of variables: 150816.
c [Label = 139] Solving duration: 2 ms.
s [Label = 139] SAT (w = 130).
c [Label = 139] Label assignment: 9 9 139 139 139 9 9 9 9 9 139 9 9 139 9 9 9 139 139 139 9 139 139 9 139 139 9 9 9 139 139 139 139 139 9 9 139 9 139 9 9 139 9 139 139 139 139 139 139 139 139 139 9 9 139 9 9 139 139 139 139 139 139 139 139 9 139 9 139 9 139 9 9 9 9 9 9 139 9 9 139 139 9 139 9 9 139 9 9 9 9 9 139 139 9 139 9 139 139 139 139 9 9 139 139 139 139 9 139 9 139 9 9 9 9 139 139 139 139 139 9 139 139 139 139 139 139 9 139 139 9 139 139 139 139 9 9 139 9 139 139 139 9 9 9 9 9 9 139 9 9 139 9 9 139 139 139 139 9 9 9 9 139 9 139 139 9 139 9 9 9 9 139 139 9 139 139 139 9 9 9 9 9 9 9 139 139 139 139 9 9 139 9 139 139 139 9 9 9 139 9 9 9 139 139 139 9 9 139 9 9 139 9 139 9 9 139 9 139 139 139 139 9 9 9 139 9 139 139 9 139 9 9 139 139 139 139 9 9 9 139 139 9 9 139 139 139 139 9 9 9 9 139 139 139 139 9 139 139 9 9 139 9 9 139 139 139 139 139 139 9 139 139 9 9 9 139 9 139 139 139 9 139 9 139 139 9 139 139 9 9 139 139 139 139 139 9 9 139 139 9 9 9 9 9 139 9 9 9 9 139 139 9 139 9 139 9 9 139 9 139 139 9 9 139 9 9 139 139 9 9 9 139 139 139 139 139 139 9 9 139 139 9 139 139 9 139 9 139 9 9 9 139 9 139 9 9 9 9 9 9 9 9 139 9 139 139 139 139 9 139 9 9 9 9 139 9 9 139 9 9 9 139 139 139 9 139 9 9 9 9 139 9 139 139 139 9 9 9 139 139 139 9 9 139 9 139 9 9 139 9 139 139 139 139 9 9 9 139 9 9 9 9 139 139 139 9 9 9 9 139 9 9 139 139 139 139 9 139 139 9 9 139 9 9 9 139 9 9 139 9 139 139 139 139 9 9 9 9 9 139 139 9 9 139 9 139 139 139 139 9 139 139 9 9 139 9 139 9 139 139 9 9 139 9 9 9 9 139 9 9 9 9 139 9 139 9 139 9 9 139 9 139 139 139 139 139 139 9 139 139 139 139 139 139 139 9 139 9 139 9 9 9 139 9 9 139 139 139 9 139 9 9 139 139 9 9 9 139 9 9 9 9 1 139 139 
c [Label = 256] Encoding starts with target value = 130:
c [Signal] Signal interruption. Caught signal: SIGTERM (15).
c [Label = 184] Encoding starts with target value = 130:
c [Signal] Signal interruption. Caught signal: SIGTERM (15).
c [Label = 220] Encoding starts with target value = 130:
c [Signal] Signal interruption. Caught signal: SIGTERM (15).
c [Label = 148] Encoding starts with target value = 130:
c [Label = 148] Encoding duration: 843ms.
c [Label = 148] Number of clauses: 427873.
c [Label = 148] Number of variables: 160644.
c [Signal] Signal interruption. Caught signal: SIGTERM (15).
c [Main] Lowest label SAT is set to 139.
c [Main] Kill higher label pid 256.
c [Main] Kill higher label pid 220.
c [Main] Kill higher label pid 184.
c [Main] Kill higher label pid 148.
c [Main] Kill higher label pid 238.
c [Main] Kill higher label pid 166.
c [Main] Kill higher label pid 202.
c [Label = 238] Encoding starts with target value = 130:
c [Signal] Signal interruption. Caught signal: SIGTERM (15).
c [Label = 166] Encoding starts with target value = 130:
c [Signal] Signal interruption. Caught signal: SIGTERM (15).
c [Label = 202] Encoding starts with target value = 130:
c [Signal] Signal interruption. Caught signal: SIGTERM (15).
c [Label = 134] Minimize Makespan Labeling problem (S-sherman4.mtx.rnd):
c [Main] Child pid 148 - 27666 terminated by signal 15.
c [Main] Child pid 184 - 27667 terminated by signal 15.
c [Main] Child pid 256 - 27669 terminated by signal 15.
c [Label = 132] Minimize Makespan Labeling problem (S-sherman4.mtx.rnd):
c [Label = 136] Minimize Makespan Labeling problem (S-sherman4.mtx.rnd):
c [Main] Child pid 166 - 27664 terminated by signal 15.
c [Main] Child pid 238 - 27665 terminated by signal 15.
c [Label = 135] Minimize Makespan Labeling problem (S-sherman4.mtx.rnd):
c [Label = 133] Minimize Makespan Labeling problem (S-sherman4.mtx.rnd):
c [Main] Child pid 220 - 27668 terminated by signal 15.
c [Label = 131] Minimize Makespan Labeling problem (S-sherman4.mtx.rnd):
c [Main] Child pid 202 - 27663 terminated by signal 15.
c [Label = 137] Minimize Makespan Labeling problem (S-sherman4.mtx.rnd):
c [Label = 138] Minimize Makespan Labeling problem (S-sherman4.mtx.rnd):
c [Label = 132] Encoding starts with target value = 130:
c [Label = 132] Encoding duration: 624ms.
c [Label = 132] Number of clauses: 298361.
c [Label = 132] Number of variables: 143172.
c [Label = 132] Solving duration: 1 ms.
s [Label = 132] SAT (w = 130).
c [Label = 132] Label assignment: 2 2 132 132 132 2 2 2 2 2 132 2 2 132 2 2 2 132 132 132 2 132 132 2 132 132 2 2 2 132 132 132 132 132 2 2 132 2 132 2 2 132 2 132 132 132 132 132 132 132 132 132 2 2 132 2 2 132 132 132 132 132 132 132 132 2 132 2 132 2 132 2 2 2 2 2 2 132 2 2 132 132 2 132 2 2 132 2 2 2 2 2 132 132 2 132 2 132 132 132 132 2 2 132 132 132 132 2 132 2 132 2 2 2 2 132 132 132 132 132 2 132 132 132 132 132 132 2 132 132 2 132 132 132 132 2 2 132 2 132 132 132 2 2 2 2 2 2 132 2 2 132 2 2 132 132 132 132 2 2 2 2 132 2 132 132 2 132 2 2 2 2 132 132 2 132 132 132 2 2 2 2 2 2 2 132 132 132 132 2 2 132 2 132 132 132 2 2 2 132 2 2 2 132 132 132 2 2 132 2 2 132 2 132 2 2 132 2 132 132 132 132 2 2 2 132 2 132 132 2 132 2 2 132 132 132 132 2 2 2 132 132 2 2 132 132 132 132 2 2 2 2 132 132 132 132 2 132 132 2 2 132 2 2 132 132 132 132 132 132 2 132 132 2 2 2 132 2 132 132 132 2 132 2 132 132 2 132 132 2 2 132 132 132 132 132 2 2 132 132 2 2 2 2 2 132 2 2 2 2 132 132 2 132 2 132 2 2 132 2 132 132 2 2 132 2 2 132 132 2 2 2 132 132 132 132 132 132 2 2 132 132 2 132 132 2 132 2 132 2 2 2 132 2 132 2 2 2 2 2 2 2 2 132 2 132 132 132 132 2 132 2 2 2 2 132 2 2 132 2 2 2 132 132 132 2 132 2 2 2 2 132 2 132 132 132 2 2 2 132 132 132 2 2 132 2 132 2 2 132 2 132 132 132 132 2 2 2 132 2 2 2 2 132 132 132 2 2 2 2 132 2 2 132 132 132 132 2 132 132 2 2 132 2 2 2 132 2 2 132 2 132 132 132 132 2 2 2 2 2 132 132 2 2 132 2 132 132 132 132 2 132 132 2 2 132 2 132 2 132 132 2 2 132 2 2 2 2 132 2 2 2 2 132 2 132 2 132 2 2 132 2 132 132 132 132 132 132 2 132 132 132 132 132 132 132 2 132 2 132 2 2 2 132 2 2 132 132 132 2 132 2 2 132 132 2 2 2 132 2 2 2 2 1 132 132 
c [Label = 131] Encoding starts with target value = 130:
c [Label = 131] Encoding duration: 619ms.
c [Label = 131] Number of clauses: 290266.
c [Label = 131] Number of variables: 142080.
c [Label = 131] Solving duration: 6 ms.
s [Label = 131] SAT (w = 130).
c [Label = 131] Label assignment: 1 1 131 131 131 1 1 1 1 1 131 1 1 131 1 1 1 131 131 131 1 131 131 1 131 131 1 1 1 131 131 131 131 131 1 1 131 1 131 1 1 131 1 131 131 131 131 131 131 131 131 131 1 1 131 1 1 131 131 131 131 131 131 131 131 1 131 1 131 1 131 1 1 1 1 1 1 131 1 1 131 131 1 131 1 1 131 1 1 1 1 1 131 131 1 131 1 131 131 131 131 1 1 131 131 131 131 1 131 1 131 1 1 1 1 131 131 131 131 131 1 131 131 131 131 131 131 1 131 131 1 131 131 131 131 1 1 131 1 131 131 131 1 1 1 1 1 1 131 1 1 131 1 1 131 131 131 131 1 1 1 1 131 1 131 131 1 131 1 1 1 1 131 131 1 131 131 131 1 1 1 1 1 1 1 131 131 131 131 1 1 131 1 131 131 131 1 1 1 131 1 1 1 131 131 131 1 1 131 1 1 131 1 131 1 1 131 1 131 131 131 131 1 1 1 131 1 131 131 1 131 1 1 131 131 131 131 1 1 1 131 131 1 1 131 131 131 131 1 1 1 1 131 131 131 131 1 131 131 1 1 131 1 1 131 131 131 131 131 131 1 131 131 1 1 1 131 1 131 131 131 1 131 1 131 131 1 131 131 1 1 131 131 131 131 131 1 1 131 131 1 1 1 1 1 131 1 1 1 1 131 131 1 131 1 131 1 1 131 1 131 131 1 1 131 1 1 131 131 1 1 1 131 131 131 131 131 131 1 1 131 131 1 131 131 1 131 1 131 1 1 1 131 1 131 1 1 1 1 1 1 1 1 131 1 131 131 131 131 1 131 1 1 1 1 131 1 1 131 1 1 1 131 131 131 1 131 1 1 1 1 131 1 131 131 131 1 1 1 131 131 131 1 1 131 1 131 1 1 131 1 131 131 131 131 1 1 1 131 1 1 1 1 131 131 131 1 1 1 1 131 1 1 131 131 131 131 1 131 131 1 1 131 1 1 1 131 1 1 131 1 131 131 131 131 1 1 1 1 1 131 131 1 1 131 1 131 131 131 131 1 131 131 1 1 131 1 131 1 131 131 1 1 131 1 1 1 1 131 1 1 1 1 131 1 131 1 131 1 1 131 1 131 131 131 131 131 131 1 131 131 131 131 131 131 131 1 131 1 131 1 1 1 131 1 1 131 131 131 1 131 1 1 131 131 1 1 1 131 1 1 1 1 1 131 131 
c [Label = 133] Encoding starts with target value = 130:
c [Label = 133] Encoding duration: 640ms.
c [Label = 133] Number of clauses: 306455.
c [Label = 133] Number of variables: 144264.
c [Label = 133] Solving duration: 1 ms.
s [Label = 133] SAT (w = 130).
c [Label = 133] Label assignment: 3 3 133 133 133 3 3 3 3 3 133 3 3 133 3 3 3 133 133 133 3 133 133 3 133 133 3 3 3 133 133 133 133 133 3 3 133 3 133 3 3 133 3 133 133 133 133 133 133 133 133 133 3 3 133 3 3 133 133 133 133 133 133 133 133 3 133 3 133 3 133 3 3 3 3 3 3 133 3 3 133 133 3 133 3 3 133 3 3 3 3 3 133 133 3 133 3 133 133 133 133 3 3 133 133 133 133 3 133 3 133 3 3 3 3 133 133 133 133 133 3 133 133 133 133 133 133 3 133 133 3 133 133 133 133 3 3 133 3 133 133 133 3 3 3 3 3 3 133 3 3 133 3 3 133 133 133 133 3 3 3 3 133 3 133 133 3 133 3 3 3 3 133 133 3 133 133 133 3 3 3 3 3 3 3 133 133 133 133 3 3 133 3 133 133 133 3 3 3 133 3 3 3 133 133 133 3 3 133 3 3 133 3 133 3 3 133 3 133 133 133 133 3 3 3 133 3 133 133 3 133 3 3 133 133 133 133 3 3 3 133 133 3 3 133 133 133 133 3 3 3 3 133 133 133 133 3 133 133 3 3 133 3 3 133 133 133 133 133 133 3 133 133 3 3 3 133 3 133 133 133 3 133 3 133 133 3 133 133 3 3 133 133 133 133 133 3 3 133 133 3 3 3 3 3 133 3 3 3 3 133 133 3 133 3 133 3 3 133 3 133 133 3 3 133 3 3 133 133 3 3 3 133 133 133 133 133 133 3 3 133 133 3 133 133 3 133 3 133 3 3 3 133 3 133 3 3 3 3 3 3 3 3 133 3 133 133 133 133 3 133 3 3 3 3 133 3 3 133 3 3 3 133 133 133 3 133 3 3 3 3 133 3 133 133 133 3 3 3 133 133 133 3 3 133 3 133 3 3 133 3 133 133 133 133 3 3 3 133 3 3 3 3 133 133 133 3 3 3 3 133 3 3 133 133 133 133 3 133 133 3 3 133 3 3 3 133 3 3 133 3 133 133 133 133 3 3 3 3 3 133 133 3 3 133 3 133 133 133 133 3 133 133 3 3 133 3 133 3 133 133 3 3 133 3 3 3 3 133 3 3 3 3 133 3 133 3 133 3 3 133 3 133 133 133 133 133 133 3 133 133 133 133 133 133 133 3 133 3 133 3 3 3 133 3 3 133 133 133 3 133 3 3 133 133 3 3 3 133 3 3 3 3 1 133 133 
c [Signal] Signal interruption. Caught signal: SIGTERM (15).
c [Main] Lowest label SAT is set to 132.
c [Main] Kill higher label pid 138.
c [Main] Kill higher label pid 135.
c [Main] Kill higher label pid 133.
c [Main] Kill higher label pid 136.
c [Main] Kill higher label pid 134.
c [Main] Kill higher label pid 137.
c [Label = 136] Encoding starts with target value = 130:
c [Label = 136] Encoding duration: 657ms.
c [Label = 136] Number of clauses: 330739.
c [Label = 136] Number of variables: 147540.
c [Label = 136] Solving duration: 2 ms.
s [Label = 136] SAT (w = 130).
c [Label = 136] Label assignment: 6 6 136 136 136 6 6 6 6 6 136 6 6 136 6 6 6 136 136 136 6 136 136 6 136 136 6 6 6 136 136 136 136 136 6 6 136 6 136 6 6 136 6 136 136 136 136 136 136 136 136 136 6 6 136 6 6 136 136 136 136 136 136 136 136 6 136 6 136 6 136 6 6 6 6 6 6 136 6 6 136 136 6 136 6 6 136 6 6 6 6 6 136 136 6 136 6 136 136 136 136 6 6 136 136 136 136 6 136 6 136 6 6 6 6 136 136 136 136 136 6 136 136 136 136 136 136 6 136 136 6 136 136 136 136 6 6 136 6 136 136 136 6 6 6 6 6 6 136 6 6 136 6 6 136 136 136 136 6 6 6 6 136 6 136 136 6 136 6 6 6 6 136 136 6 136 136 136 6 6 6 6 6 6 6 136 136 136 136 6 6 136 6 136 136 136 6 6 6 136 6 6 6 136 136 136 6 6 136 6 6 136 6 136 6 6 136 6 136 136 136 136 6 6 6 136 6 136 136 6 136 6 6 136 136 136 136 6 6 6 136 136 6 6 136 136 136 136 6 6 6 6 136 136 136 136 6 136 136 6 6 136 6 6 136 136 136 136 136 136 6 136 136 6 6 6 136 6 136 136 136 6 136 6 136 136 6 136 136 6 6 136 136 136 136 136 6 6 136 136 6 6 6 6 6 136 6 6 6 6 136 136 6 136 6 136 6 6 136 6 136 136 6 6 136 6 6 136 136 6 6 6 136 136 136 136 136 136 6 6 136 136 6 136 136 6 136 6 136 6 6 6 136 6 136 6 6 6 6 6 6 6 6 136 6 136 136 136 136 6 136 6 6 6 6 136 6 6 136 6 6 6 136 136 136 6 136 6 6 6 6 136 6 136 136 136 6 6 6 136 136 136 6 6 136 6 136 6 6 136 6 136 136 136 136 6 6 6 136 6 6 6 6 136 136 136 6 6 6 6 136 6 6 136 136 136 136 6 136 136 6 6 136 6 6 6 136 6 6 136 6 136 136 136 136 6 6 6 6 6 136 136 6 6 136 6 136 136 136 136 6 136 136 6 6 136 6 136 6 136 136 6 6 136 6 6 6 6 136 6 6 6 6 136 6 136 6 136 6 6 136 6 136 136 136 136 136 136 6 136 136 136 136 136 136 136 6 136 6 136 6 6 6 136 6 6 136 136 136 6 136 6 6 136 136 6 6 6 136 6 6 6 6 1 136 136 
c [Signal] Signal interruption. Caught signal: SIGTERM (15).
c [Label = 134] Encoding starts with target value = 130:
c [Label = 134] Encoding duration: 719ms.
c [Label = 134] Number of clauses: 314550.
c [Label = 134] Number of variables: 145356.
c [Label = 134] Solving duration: 1 ms.
s [Label = 134] SAT (w = 130).
c [Label = 134] Label assignment: 4 4 134 134 134 4 4 4 4 4 134 4 4 134 4 4 4 134 134 134 4 134 134 4 134 134 4 4 4 134 134 134 134 134 4 4 134 4 134 4 4 134 4 134 134 134 134 134 134 134 134 134 4 4 134 4 4 134 134 134 134 134 134 134 134 4 134 4 134 4 134 4 4 4 4 4 4 134 4 4 134 134 4 134 4 4 134 4 4 4 4 4 134 134 4 134 4 134 134 134 134 4 4 134 134 134 134 4 134 4 134 4 4 4 4 134 134 134 134 134 4 134 134 134 134 134 134 4 134 134 4 134 134 134 134 4 4 134 4 134 134 134 4 4 4 4 4 4 134 4 4 134 4 4 134 134 134 134 4 4 4 4 134 4 134 134 4 134 4 4 4 4 134 134 4 134 134 134 4 4 4 4 4 4 4 134 134 134 134 4 4 134 4 134 134 134 4 4 4 134 4 4 4 134 134 134 4 4 134 4 4 134 4 134 4 4 134 4 134 134 134 134 4 4 4 134 4 134 134 4 134 4 4 134 134 134 134 4 4 4 134 134 4 4 134 134 134 134 4 4 4 4 134 134 134 134 4 134 134 4 4 134 4 4 134 134 134 134 134 134 4 134 134 4 4 4 134 4 134 134 134 4 134 4 134 134 4 134 134 4 4 134 134 134 134 134 4 4 134 134 4 4 4 4 4 134 4 4 4 4 134 134 4 134 4 134 4 4 134 4 134 134 4 4 134 4 4 134 134 4 4 4 134 134 134 134 134 134 4 4 134 134 4 134 134 4 134 4 134 4 4 4 134 4 134 4 4 4 4 4 4 4 4 134 4 134 134 134 134 4 134 4 4 4 4 134 4 4 134 4 4 4 134 134 134 4 134 4 4 4 4 134 4 134 134 134 4 4 4 134 134 134 4 4 134 4 134 4 4 134 4 134 134 134 134 4 4 4 134 4 4 4 4 134 134 134 4 4 4 4 134 4 4 134 134 134 134 4 134 134 4 4 134 4 4 4 134 4 4 134 4 134 134 134 134 4 4 4 4 4 134 134 4 4 134 4 134 134 134 134 4 134 134 4 4 134 4 134 4 134 134 4 4 134 4 4 4 4 134 4 4 4 4 134 4 134 4 134 4 4 134 4 134 134 134 134 134 134 4 134 134 134 134 134 134 134 4 134 4 134 4 4 4 134 4 4 134 134 134 4 134 4 4 134 134 4 4 4 134 4 4 4 4 1 134 134 
c [Signal] Signal interruption. Caught signal: SIGTERM (15).
c [Label = 137] Encoding starts with target value = 130:
c [Label = 137] Encoding duration: 681ms.
c [Label = 137] Number of clauses: 338833.
c [Label = 137] Number of variables: 148632.
c [Label = 137] Solving duration: 2 ms.
s [Label = 137] SAT (w = 130).
c [Label = 137] Label assignment: 7 7 137 137 137 7 7 7 7 7 137 7 7 137 7 7 7 137 137 137 7 137 137 7 137 137 7 7 7 137 137 137 137 137 7 7 137 7 137 7 7 137 7 137 137 137 137 137 137 137 137 137 7 7 137 7 7 137 137 137 137 137 137 137 137 7 137 7 137 7 137 7 7 7 7 7 7 137 7 7 137 137 7 137 7 7 137 7 7 7 7 7 137 137 7 137 7 137 137 137 137 7 7 137 137 137 137 7 137 7 137 7 7 7 7 137 137 137 137 137 7 137 137 137 137 137 137 7 137 137 7 137 137 137 137 7 7 137 7 137 137 137 7 7 7 7 7 7 137 7 7 137 7 7 137 137 137 137 7 7 7 7 137 7 137 137 7 137 7 7 7 7 137 137 7 137 137 137 7 7 7 7 7 7 7 137 137 137 137 7 7 137 7 137 137 137 7 7 7 137 7 7 7 137 137 137 7 7 137 7 7 137 7 137 7 7 137 7 137 137 137 137 7 7 7 137 7 137 137 7 137 7 7 137 137 137 137 7 7 7 137 137 7 7 137 137 137 137 7 7 7 7 137 137 137 137 7 137 137 7 7 137 7 7 137 137 137 137 137 137 7 137 137 7 7 7 137 7 137 137 137 7 137 7 137 137 7 137 137 7 7 137 137 137 137 137 7 7 137 137 7 7 7 7 7 137 7 7 7 7 137 137 7 137 7 137 7 7 137 7 137 137 7 7 137 7 7 137 137 7 7 7 137 137 137 137 137 137 7 7 137 137 7 137 137 7 137 7 137 7 7 7 137 7 137 7 7 7 7 7 7 7 7 137 7 137 137 137 137 7 137 7 7 7 7 137 7 7 137 7 7 7 137 137 137 7 137 7 7 7 7 137 7 137 137 137 7 7 7 137 137 137 7 7 137 7 137 7 7 137 7 137 137 137 137 7 7 7 137 7 7 7 7 137 137 137 7 7 7 7 137 7 7 137 137 137 137 7 137 137 7 7 137 7 7 7 137 7 7 137 7 137 137 137 137 7 7 7 7 7 137 137 7 7 137 7 137 137 137 137 7 137 137 7 7 137 7 137 7 137 137 7 7 137 7 7 7 7 137 7 7 7 7 137 7 137 7 137 7 7 137 7 137 137 137 137 137 137 7 137 137 137 137 137 137 137 7 137 7 137 7 7 7 137 7 7 137 137 137 7 137 7 7 137 137 7 7 7 137 7 7 7 7 1 137 137 
c [Signal] Signal interruption. Caught signal: SIGTERM (15).
c [Label = 138] Encoding starts with target value = 130:
c [Label = 138] Encoding duration: 691ms.
c [Label = 138] Number of clauses: 346928.
c [Label = 138] Number of variables: 149724.
c [Label = 138] Solving duration: 2 ms.
s [Label = 138] SAT (w = 130).
c [Label = 138] Label assignment: 8 8 138 138 138 8 8 8 8 8 138 8 8 138 8 8 8 138 138 138 8 138 138 8 138 138 8 8 8 138 138 138 138 138 8 8 138 8 138 8 8 138 8 138 138 138 138 138 138 138 138 138 8 8 138 8 8 138 138 138 138 138 138 138 138 8 138 8 138 8 138 8 8 8 8 8 8 138 8 8 138 138 8 138 8 8 138 8 8 8 8 8 138 138 8 138 8 138 138 138 138 8 8 138 138 138 138 8 138 8 138 8 8 8 8 138 138 138 138 138 8 138 138 138 138 138 138 8 138 138 8 138 138 138 138 8 8 138 8 138 138 138 8 8 8 8 8 8 138 8 8 138 8 8 138 138 138 138 8 8 8 8 138 8 138 138 8 138 8 8 8 8 138 138 8 138 138 138 8 8 8 8 8 8 8 138 138 138 138 8 8 138 8 138 138 138 8 8 8 138 8 8 8 138 138 138 8 8 138 8 8 138 8 138 8 8 138 8 138 138 138 138 8 8 8 138 8 138 138 8 138 8 8 138 138 138 138 8 8 8 138 138 8 8 138 138 138 138 8 8 8 8 138 138 138 138 8 138 138 8 8 138 8 8 138 138 138 138 138 138 8 138 138 8 8 8 138 8 138 138 138 8 138 8 138 138 8 138 138 8 8 138 138 138 138 138 8 8 138 138 8 8 8 8 8 138 8 8 8 8 138 138 8 138 8 138 8 8 138 8 138 138 8 8 138 8 8 138 138 8 8 8 138 138 138 138 138 138 8 8 138 138 8 138 138 8 138 8 138 8 8 8 138 8 138 8 8 8 8 8 8 8 8 138 8 138 138 138 138 8 138 8 8 8 8 138 8 8 138 8 8 8 138 138 138 8 138 8 8 8 8 138 8 138 138 138 8 8 8 138 138 138 8 8 138 8 138 8 8 138 8 138 138 138 138 8 8 8 138 8 8 8 8 138 138 138 8 8 8 8 138 8 8 138 138 138 138 8 138 138 8 8 138 8 8 8 138 8 8 138 8 138 138 138 138 8 8 8 8 8 138 138 8 8 138 8 138 138 138 138 8 138 138 8 8 138 8 138 8 138 138 8 8 138 8 8 8 8 138 8 8 8 8 138 8 138 8 138 8 8 138 8 138 138 138 138 138 138 8 138 138 138 138 138 138 138 8 138 8 138 8 8 8 138 8 8 138 138 138 8 138 8 8 138 138 8 8 8 138 8 8 8 8 1 138 138 
c [Signal] Signal interruption. Caught signal: SIGTERM (15).
c [Label = 135] Encoding starts with target value = 130:
c [Label = 135] Encoding duration: 736ms.
c [Label = 135] Number of clauses: 322644.
c [Label = 135] Number of variables: 146448.
c [Label = 135] Solving duration: 2 ms.
s [Label = 135] SAT (w = 130).
c [Label = 135] Label assignment: 5 5 135 135 135 5 5 5 5 5 135 5 5 135 5 5 5 135 135 135 5 135 135 5 135 135 5 5 5 135 135 135 135 135 5 5 135 5 135 5 5 135 5 135 135 135 135 135 135 135 135 135 5 5 135 5 5 135 135 135 135 135 135 135 135 5 135 5 135 5 135 5 5 5 5 5 5 135 5 5 135 135 5 135 5 5 135 5 5 5 5 5 135 135 5 135 5 135 135 135 135 5 5 135 135 135 135 5 135 5 135 5 5 5 5 135 135 135 135 135 5 135 135 135 135 135 135 5 135 135 5 135 135 135 135 5 5 135 5 135 135 135 5 5 5 5 5 5 135 5 5 135 5 5 135 135 135 135 5 5 5 5 135 5 135 135 5 135 5 5 5 5 135 135 5 135 135 135 5 5 5 5 5 5 5 135 135 135 135 5 5 135 5 135 135 135 5 5 5 135 5 5 5 135 135 135 5 5 135 5 5 135 5 135 5 5 135 5 135 135 135 135 5 5 5 135 5 135 135 5 135 5 5 135 135 135 135 5 5 5 135 135 5 5 135 135 135 135 5 5 5 5 135 135 135 135 5 135 135 5 5 135 5 5 135 135 135 135 135 135 5 135 135 5 5 5 135 5 135 135 135 5 135 5 135 135 5 135 135 5 5 135 135 135 135 135 5 5 135 135 5 5 5 5 5 135 5 5 5 5 135 135 5 135 5 135 5 5 135 5 135 135 5 5 135 5 5 135 135 5 5 5 135 135 135 135 135 135 5 5 135 135 5 135 135 5 135 5 135 5 5 5 135 5 135 5 5 5 5 5 5 5 5 135 5 135 135 135 135 5 135 5 5 5 5 135 5 5 135 5 5 5 135 135 135 5 135 5 5 5 5 135 5 135 135 135 5 5 5 135 135 135 5 5 135 5 135 5 5 135 5 135 135 135 135 5 5 5 135 5 5 5 5 135 135 135 5 5 5 5 135 5 5 135 135 135 135 5 135 135 5 5 135 5 5 5 135 5 5 135 5 135 135 135 135 5 5 5 5 5 135 135 5 5 135 5 135 135 135 135 5 135 135 5 5 135 5 135 5 135 135 5 5 135 5 5 5 5 135 5 5 5 5 135 5 135 5 135 5 5 135 5 135 135 135 135 135 135 5 135 135 135 135 135 135 135 5 135 5 135 5 5 5 135 5 5 135 135 135 5 135 5 5 135 135 5 5 5 135 5 5 5 5 1 135 135 
c [Signal] Signal interruption. Caught signal: SIGTERM (15).
c [Main] Lowest label SAT is set to 131.
c [Main] Kill higher label pid 138.
c [Main] Kill higher label pid 135.
c [Main] Kill higher label pid 133.
c [Main] Kill higher label pid 136.
c [Main] Kill higher label pid 134.
c [Main] Kill higher label pid 137.
c [Main] Child pid 133 - 27675 terminated by signal 15.
c [Main] Child pid 136 - 27673 terminated by signal 15.
c [Main] Child pid 134 - 27671 terminated by signal 15.
c [Main] Child pid 137 - 27677 terminated by signal 15.
c [Main] Child pid 135 - 27676 terminated by signal 15.
c [Main] Child pid 138 - 27678 terminated by signal 15.
c [Signal] Signal interruption. Caught signal: SIGTERM (15).
c [Main] All children have completed.
r [Main] 
r [Main] Final results: 
r [Main] Lowest label SAT:  	131.
r [Main] Highest label UNSAT:	-.
r [Main] Total real time: 1657 ms.
r [Main] Total memory consumed: 1126.9 MB.
r [Main] 
