c [Version] Minimize Makespan Labeling Encoder version 1.0.0.
c [Param] Target value is set to 164.
c [Param] LB is predefined as 165.
c [Param] UB is predefined as 337.
c [Param] Target value is set to Antibandwidth.
c [Param] Vertices mode is set to Has hole.
c [Param] Result verification is ON.
c [Param] Memory limit is set to 30000.
c [Param] Real time limit is set to 1800.
c [Param] Worker count is set to 8.
c [Param] Max CNF size is set to 10.
c [Main] Search strategy: Iterating Breadth First Search.
c [Main] Search order: 251 207 294 185 229 272 316 174 196 218 240 261 283 305 327 169 179 190 201 212 223 234 245 256 266 277 288 299 310 321 332 166 171 176 182 187 193 198 204 209 215 220 226 231 237 242 248 253 258 263 269 274 280 285 291 296 302 307 313 318 324 329 335 165 167 170 172 175 177 180 183 186 188 191 194 197 199 202 205 208 210 213 216 219 221 224 227 230 232 235 238 241 243 246 249 252 254 257 259 262 264 267 270 273 275 278 281 284 286 289 292 295 297 300 303 306 308 311 314 317 319 322 325 328 330 333 336 168 173 178 181 184 189 192 195 200 203 206 211 214 217 222 225 228 233 236 239 244 247 250 255 260 265 268 271 276 279 282 287 290 293 298 301 304 309 312 315 320 323 326 331 334 337.
c [Main] Encoding and solving for graph: V-nos6.mtx.rnd.
c [Label = 251] Minimize Makespan Labeling problem (V-nos6.mtx.rnd):
c [Label = 207] Minimize Makespan Labeling problem (V-nos6.mtx.rnd):
c [Label = 185] Minimize Makespan Labeling problem (V-nos6.mtx.rnd):
c [Label = 294] Minimize Makespan Labeling problem (V-nos6.mtx.rnd):
c [Label = 229] Minimize Makespan Labeling problem (V-nos6.mtx.rnd):
c [Label = 272] Minimize Makespan Labeling problem (V-nos6.mtx.rnd):
c [Label = 316] Minimize Makespan Labeling problem (V-nos6.mtx.rnd):
c [Label = 174] Minimize Makespan Labeling problem (V-nos6.mtx.rnd):
c [Label = 174] Encoding starts with target value = 164:
c [Label = 174] Encoding duration: 1099ms.
c [Label = 174] Number of clauses: 525627.
c [Label = 174] Number of variables: 233698.
c [Label = 174] Solving duration: 4 ms.
s [Label = 174] SAT (w = 164).
c [Label = 174] Label assignment: 10 10 10 174 10 174 174 10 10 174 174 10 174 174 174 10 174 10 174 10 10 174 10 174 10 10 174 174 10 174 10 10 174 174 174 10 174 10 10 174 10 174 10 174 10 10 174 10 10 174 10 10 10 174 174 174 174 10 174 174 10 174 174 10 10 174 174 174 174 10 10 10 10 174 174 10 10 10 174 10 10 174 174 174 10 174 174 174 174 10 10 10 174 10 174 174 10 10 10 10 174 10 10 10 10 10 10 174 10 10 10 10 10 10 10 174 10 174 174 174 174 10 174 174 10 10 10 174 174 174 10 10 10 174 10 174 174 10 10 174 174 10 10 174 174 174 10 10 174 10 174 10 174 10 174 174 10 10 10 174 174 174 174 174 10 10 174 10 10 174 174 174 10 174 174 10 10 10 10 10 10 174 174 174 10 174 174 174 10 174 174 174 174 10 174 174 174 10 10 10 174 174 174 174 10 174 174 174 174 174 174 174 174 174 174 10 10 10 174 10 10 174 174 10 10 174 174 174 10 10 10 174 174 174 174 10 174 10 174 10 10 10 10 10 174 10 10 174 174 10 174 174 10 10 10 10 10 10 10 10 174 10 174 10 174 10 10 10 10 10 174 174 174 10 174 10 10 10 174 174 10 174 174 10 174 174 174 174 174 10 10 174 10 174 10 174 174 174 174 174 10 10 174 10 174 174 174 10 174 10 10 10 174 10 10 174 174 174 174 10 174 174 174 10 10 174 10 174 10 10 10 10 174 174 10 10 10 10 174 174 10 174 10 10 10 174 10 10 174 10 174 10 10 174 174 10 10 10 10 10 174 174 10 10 10 174 10 10 174 174 10 174 174 10 10 10 10 174 10 10 10 10 174 10 10 10 10 10 174 174 10 10 10 174 174 174 174 10 10 174 174 10 10 174 10 10 174 174 174 10 174 10 10 10 174 174 10 174 10 174 174 10 10 10 174 174 10 10 174 10 10 174 10 10 174 10 10 10 10 174 10 174 174 10 10 174 10 10 174 174 10 174 174 174 10 10 10 10 10 174 10 174 174 174 174 174 174 174 174 10 174 10 10 10 10 10 10 174 174 10 174 174 10 10 10 174 10 174 174 10 10 174 174 174 10 10 10 174 10 10 174 174 10 174 174 174 174 10 174 10 174 174 174 10 10 10 10 10 174 174 10 10 174 174 10 174 10 174 174 174 10 174 174 174 174 174 174 174 10 174 174 10 10 174 174 174 174 174 10 10 174 174 10 10 10 10 10 174 10 174 10 174 10 174 10 174 174 174 10 174 174 10 174 174 10 10 10 174 174 10 10 174 10 10 174 174 10 174 10 10 10 10 10 174 10 10 174 174 174 174 10 10 10 10 174 174 174 174 174 10 10 174 174 10 10 174 174 10 10 174 174 10 174 10 10 10 174 174 174 174 10 174 174 174 10 10 174 10 174 174 174 174 174 174 10 10 174 174 174 10 174 174 174 174 10 10 174 10 10 174 174 174 10 174 174 174 10 10 174 10 174 10 10 10 1 
c [Label = 185] Encoding starts with target value = 164:
c [Label = 185] Encoding duration: 1244ms.
c [Label = 185] Number of clauses: 619517.
c [Label = 185] Number of variables: 248548.
c [Label = 185] Solving duration: 7 ms.
s [Label = 185] SAT (w = 164).
c [Label = 185] Label assignment: 21 21 21 185 21 185 185 21 21 185 185 21 185 185 185 21 185 21 185 21 21 185 21 185 21 21 185 185 21 185 21 21 185 185 185 21 185 21 21 185 21 185 21 185 21 21 185 21 21 185 21 21 21 185 185 185 185 21 185 185 21 185 185 21 21 185 185 185 185 21 21 21 21 185 185 21 21 21 185 21 21 185 185 185 21 185 185 185 185 21 21 21 185 21 185 185 21 21 21 21 185 21 21 21 21 21 21 185 21 21 21 21 21 21 21 185 21 185 185 185 185 21 185 185 21 21 21 185 185 185 21 21 21 185 21 185 185 21 21 185 185 21 21 185 185 185 21 21 185 21 185 21 185 21 185 185 21 21 21 185 185 185 185 185 21 21 185 21 21 185 185 185 21 185 185 21 21 21 21 21 21 185 185 185 21 185 185 185 21 185 185 185 185 21 185 185 185 21 21 21 185 185 185 185 21 185 185 185 185 185 185 185 185 185 185 21 21 21 185 21 21 185 185 21 21 185 185 185 21 21 21 185 185 185 185 21 185 21 185 21 21 21 21 21 185 21 21 185 185 21 185 185 21 21 21 21 21 21 21 21 185 21 185 21 185 21 21 21 21 21 185 185 185 21 185 21 21 21 185 185 21 185 185 21 185 185 185 185 185 21 21 185 21 185 21 185 185 185 185 185 21 21 185 21 185 185 185 21 185 21 21 21 185 21 21 185 185 185 185 21 185 185 185 21 21 185 21 185 21 21 21 21 185 185 21 21 21 21 185 185 21 185 21 21 21 185 21 21 185 21 185 21 21 185 185 21 21 21 21 21 185 185 21 21 21 185 21 21 185 185 21 185 185 21 21 21 21 185 21 21 21 21 185 21 21 21 21 21 185 185 21 21 21 185 185 185 185 21 21 185 185 21 21 185 21 21 185 185 185 21 185 21 21 21 185 185 21 185 21 185 185 21 21 21 185 185 21 21 185 21 21 185 21 21 185 21 21 21 21 185 21 185 185 21 21 185 21 21 185 185 21 185 185 185 21 21 21 21 21 185 21 185 185 185 185 185 185 185 185 21 185 21 21 21 21 21 21 185 185 21 185 185 21 21 21 185 21 185 185 21 21 185 185 185 21 21 21 185 21 21 185 185 21 185 185 185 185 21 185 21 185 185 185 21 21 21 21 21 185 185 21 21 185 185 21 185 21 185 185 185 21 185 185 185 185 185 185 185 21 185 185 21 21 185 185 185 185 185 21 21 185 185 21 21 21 21 21 185 21 185 21 185 21 185 21 185 185 185 21 185 185 21 185 185 21 21 21 185 185 21 21 185 21 21 185 185 21 185 21 21 21 21 21 185 21 21 185 185 185 185 21 21 21 21 185 185 185 185 185 21 21 185 185 21 21 185 185 21 21 185 185 21 185 21 21 21 185 185 185 185 21 185 185 185 21 21 185 21 185 185 185 185 185 185 21 21 185 185 185 21 185 185 185 185 21 21 185 21 21 185 185 185 21 185 185 185 21 21 185 21 185 21 21 21 1 
c [Signal] Signal interruption. Caught signal: SIGTERM (15).
c [Label = 229] Encoding starts with target value = 164:
c [Signal] Signal interruption. Caught signal: SIGTERM (15).
c [Label = 272] Encoding starts with target value = 164:
c [Signal] Signal interruption. Caught signal: SIGTERM (15).
c [Label = 207] Encoding starts with target value = 164:
c [Signal] Signal interruption. Caught signal: SIGTERM (15).
c [Label = 316] Encoding starts with target value = 164:
c [Signal] Signal interruption. Caught signal: SIGTERM (15).
c [Main] Lowest label SAT is set to 174.
c [Main] Kill higher label pid 185.
c [Main] Kill higher label pid 229.
c [Main] Kill higher label pid 294.
c [Main] Kill higher label pid 272.
c [Main] Kill higher label pid 207.
c [Main] Kill higher label pid 316.
c [Main] Kill higher label pid 251.
c [Label = 251] Encoding starts with target value = 164:
c [Signal] Signal interruption. Caught signal: SIGTERM (15).
c [Label = 294] Encoding starts with target value = 164:
c [Signal] Signal interruption. Caught signal: SIGTERM (15).
c [Label = 169] Minimize Makespan Labeling problem (V-nos6.mtx.rnd):
c [Main] Child pid 207 - 27773 terminated by signal 15.
c [Main] Child pid 251 - 27772 terminated by signal 15.
c [Main] Child pid 185 - 27775 terminated by signal 15.
c [Main] Child pid 316 - 27778 terminated by signal 15.
c [Label = 167] Minimize Makespan Labeling problem (V-nos6.mtx.rnd):
c [Main] Child pid 272 - 27777 terminated by signal 15.
c [Label = 166] Minimize Makespan Labeling problem (V-nos6.mtx.rnd):
c [Label = 171] Minimize Makespan Labeling problem (V-nos6.mtx.rnd):
c [Label = 165] Minimize Makespan Labeling problem (V-nos6.mtx.rnd):
c [Main] Child pid 294 - 27774 terminated by signal 15.
c [Label = 172] Minimize Makespan Labeling problem (V-nos6.mtx.rnd):
c [Label = 170] Minimize Makespan Labeling problem (V-nos6.mtx.rnd):
c [Main] Child pid 229 - 27776 terminated by signal 15.
c [Label = 168] Minimize Makespan Labeling problem (V-nos6.mtx.rnd):
c [Label = 166] Encoding starts with target value = 164:
c [Label = 166] Encoding duration: 982ms.
c [Label = 166] Number of clauses: 457343.
c [Label = 166] Number of variables: 222898.
c [Label = 166] Solving duration: 1 ms.
s [Label = 166] SAT (w = 164).
c [Label = 166] Label assignment: 2 2 2 166 2 166 166 2 2 166 166 2 166 166 166 2 166 2 166 2 2 166 2 166 2 2 166 166 2 166 2 2 166 166 166 2 166 2 2 166 2 166 2 166 2 2 166 2 2 166 2 2 2 166 166 166 166 2 166 166 2 166 166 2 2 166 166 166 166 2 2 2 2 166 166 2 2 2 166 2 2 166 166 166 2 166 166 166 166 2 2 2 166 2 166 166 2 2 2 2 166 2 2 2 2 2 2 166 2 2 2 2 2 2 2 166 2 166 166 166 166 2 166 166 2 2 2 166 166 166 2 2 2 166 2 166 166 2 2 166 166 2 2 166 166 166 2 2 166 2 166 2 166 2 166 166 2 2 2 166 166 166 166 166 2 2 166 2 2 166 166 166 2 166 166 2 2 2 2 2 2 166 166 166 2 166 166 166 2 166 166 166 166 2 166 166 166 2 2 2 166 166 166 166 2 166 166 166 166 166 166 166 166 166 166 2 2 2 166 2 2 166 166 2 2 166 166 166 2 2 2 166 166 166 166 2 166 2 166 2 2 2 2 2 166 2 2 166 166 2 166 166 2 2 2 2 2 2 2 2 166 2 166 2 166 2 2 2 2 2 166 166 166 2 166 2 2 2 166 166 2 166 166 2 166 166 166 166 166 2 2 166 2 166 2 166 166 166 166 166 2 2 166 2 166 166 166 2 166 2 2 2 166 2 2 166 166 166 166 2 166 166 166 2 2 166 2 166 2 2 2 2 166 166 2 2 2 2 166 166 2 166 2 2 2 166 2 2 166 2 166 2 2 166 166 2 2 2 2 2 166 166 2 2 2 166 2 2 166 166 2 166 166 2 2 2 2 166 2 2 2 2 166 2 2 2 2 2 166 166 2 2 2 166 166 166 166 2 2 166 166 2 2 166 2 2 166 166 166 2 166 2 2 2 166 166 2 166 2 166 166 2 2 2 166 166 2 2 166 2 2 166 2 2 166 2 2 2 2 166 2 166 166 2 2 166 2 2 166 166 2 166 166 166 2 2 2 2 2 166 2 166 166 166 166 166 166 166 166 2 166 2 2 2 2 2 2 166 166 2 166 166 2 2 2 166 2 166 166 2 2 166 166 166 2 2 2 166 2 2 166 166 2 166 166 166 166 2 166 2 166 166 166 2 2 2 2 2 166 166 2 2 166 166 2 166 2 166 166 166 2 166 166 166 166 166 166 166 2 166 166 2 2 166 166 166 166 166 2 2 166 166 2 2 2 2 2 166 2 166 2 166 2 166 2 166 166 166 2 166 166 2 166 166 2 2 2 166 166 2 2 166 2 2 166 166 2 166 2 2 2 2 2 166 2 2 166 166 166 166 2 2 2 2 166 166 166 166 166 2 2 166 166 2 2 166 166 2 2 166 166 2 166 2 2 2 166 166 166 166 2 166 166 166 2 2 166 2 166 166 166 166 166 166 2 2 166 166 166 2 166 166 166 166 2 2 166 2 2 166 166 166 2 166 166 166 2 2 166 2 166 2 2 2 1 
c [Label = 167] Encoding starts with target value = 164:
c [Label = 167] Encoding duration: 990ms.
c [Label = 167] Number of clauses: 465878.
c [Label = 167] Number of variables: 224248.
c [Label = 167] Solving duration: 1 ms.
s [Label = 167] SAT (w = 164).
c [Label = 167] Label assignment: 3 3 3 167 3 167 167 3 3 167 167 3 167 167 167 3 167 3 167 3 3 167 3 167 3 3 167 167 3 167 3 3 167 167 167 3 167 3 3 167 3 167 3 167 3 3 167 3 3 167 3 3 3 167 167 167 167 3 167 167 3 167 167 3 3 167 167 167 167 3 3 3 3 167 167 3 3 3 167 3 3 167 167 167 3 167 167 167 167 3 3 3 167 3 167 167 3 3 3 3 167 3 3 3 3 3 3 167 3 3 3 3 3 3 3 167 3 167 167 167 167 3 167 167 3 3 3 167 167 167 3 3 3 167 3 167 167 3 3 167 167 3 3 167 167 167 3 3 167 3 167 3 167 3 167 167 3 3 3 167 167 167 167 167 3 3 167 3 3 167 167 167 3 167 167 3 3 3 3 3 3 167 167 167 3 167 167 167 3 167 167 167 167 3 167 167 167 3 3 3 167 167 167 167 3 167 167 167 167 167 167 167 167 167 167 3 3 3 167 3 3 167 167 3 3 167 167 167 3 3 3 167 167 167 167 3 167 3 167 3 3 3 3 3 167 3 3 167 167 3 167 167 3 3 3 3 3 3 3 3 167 3 167 3 167 3 3 3 3 3 167 167 167 3 167 3 3 3 167 167 3 167 167 3 167 167 167 167 167 3 3 167 3 167 3 167 167 167 167 167 3 3 167 3 167 167 167 3 167 3 3 3 167 3 3 167 167 167 167 3 167 167 167 3 3 167 3 167 3 3 3 3 167 167 3 3 3 3 167 167 3 167 3 3 3 167 3 3 167 3 167 3 3 167 167 3 3 3 3 3 167 167 3 3 3 167 3 3 167 167 3 167 167 3 3 3 3 167 3 3 3 3 167 3 3 3 3 3 167 167 3 3 3 167 167 167 167 3 3 167 167 3 3 167 3 3 167 167 167 3 167 3 3 3 167 167 3 167 3 167 167 3 3 3 167 167 3 3 167 3 3 167 3 3 167 3 3 3 3 167 3 167 167 3 3 167 3 3 167 167 3 167 167 167 3 3 3 3 3 167 3 167 167 167 167 167 167 167 167 3 167 3 3 3 3 3 3 167 167 3 167 167 3 3 3 167 3 167 167 3 3 167 167 167 3 3 3 167 3 3 167 167 3 167 167 167 167 3 167 3 167 167 167 3 3 3 3 3 167 167 3 3 167 167 3 167 3 167 167 167 3 167 167 167 167 167 167 167 3 167 167 3 3 167 167 167 167 167 3 3 167 167 3 3 3 3 3 167 3 167 3 167 3 167 3 167 167 167 3 167 167 3 167 167 3 3 3 167 167 3 3 167 3 3 167 167 3 167 3 3 3 3 3 167 3 3 167 167 167 167 3 3 3 3 167 167 167 167 167 3 3 167 167 3 3 167 167 3 3 167 167 3 167 3 3 3 167 167 167 167 3 167 167 167 3 3 167 3 167 167 167 167 167 167 3 3 167 167 167 3 167 167 167 167 3 3 167 3 3 167 167 167 3 167 167 167 3 3 167 3 167 3 3 3 1 
c [Label = 165] Encoding starts with target value = 164:
c [Label = 165] Encoding duration: 982ms.
c [Label = 165] Number of clauses: 448807.
c [Label = 165] Number of variables: 221548.
c [Label = 165] Solving duration: 10 ms.
s [Label = 165] SAT (w = 164).
c [Label = 165] Label assignment: 1 1 1 165 1 165 165 1 1 165 165 1 165 165 165 1 165 1 165 1 1 165 1 165 1 1 165 165 1 165 1 1 165 165 165 1 165 1 1 165 1 165 1 165 1 1 165 1 1 165 1 1 1 165 165 165 165 1 165 165 1 165 165 1 1 165 165 165 165 1 1 1 1 165 165 1 1 1 165 1 1 165 165 165 1 165 165 165 165 1 1 1 165 1 165 165 1 1 1 1 165 1 1 1 1 1 1 165 1 1 1 1 1 1 1 165 1 165 165 165 165 1 165 165 1 1 1 165 165 165 1 1 1 165 1 165 165 1 1 165 165 1 1 165 165 165 1 1 165 1 165 1 165 1 165 165 1 1 1 165 165 165 165 165 1 1 165 1 1 165 165 165 1 165 165 1 1 1 1 1 1 165 165 165 1 165 165 165 1 165 165 165 165 1 165 165 165 1 1 1 165 165 165 165 1 165 165 165 165 165 165 165 165 165 165 1 1 1 165 1 1 165 165 1 1 165 165 165 1 1 1 165 165 165 165 1 165 1 165 1 1 1 1 1 165 1 1 165 165 1 165 165 1 1 1 1 1 1 1 1 165 1 165 1 165 1 1 1 1 1 165 165 165 1 165 1 1 1 165 165 1 165 165 1 165 165 165 165 165 1 1 165 1 165 1 165 165 165 165 165 1 1 165 1 165 165 165 1 165 1 1 1 165 1 1 165 165 165 165 1 165 165 165 1 1 165 1 165 1 1 1 1 165 165 1 1 1 1 165 165 1 165 1 1 1 165 1 1 165 1 165 1 1 165 165 1 1 1 1 1 165 165 1 1 1 165 1 1 165 165 1 165 165 1 1 1 1 165 1 1 1 1 165 1 1 1 1 1 165 165 1 1 1 165 165 165 165 1 1 165 165 1 1 165 1 1 165 165 165 1 165 1 1 1 165 165 1 165 1 165 165 1 1 1 165 165 1 1 165 1 1 165 1 1 165 1 1 1 1 165 1 165 165 1 1 165 1 1 165 165 1 165 165 165 1 1 1 1 1 165 1 165 165 165 165 165 165 165 165 1 165 1 1 1 1 1 1 165 165 1 165 165 1 1 1 165 1 165 165 1 1 165 165 165 1 1 1 165 1 1 165 165 1 165 165 165 165 1 165 1 165 165 165 1 1 1 1 1 165 165 1 1 165 165 1 165 1 165 165 165 1 165 165 165 165 165 165 165 1 165 165 1 1 165 165 165 165 165 1 1 165 165 1 1 1 1 1 165 1 165 1 165 1 165 1 165 165 165 1 165 165 1 165 165 1 1 1 165 165 1 1 165 1 1 165 165 1 165 1 1 1 1 1 165 1 1 165 165 165 165 1 1 1 1 165 165 165 165 165 1 1 165 165 1 1 165 165 1 1 165 165 1 165 1 1 1 165 165 165 165 1 165 165 165 1 1 165 1 165 165 165 165 165 165 1 1 165 165 165 1 165 165 165 165 1 1 165 1 1 165 165 165 1 165 165 165 1 1 165 1 165 1 1 1 1 
c [Label = 168] Encoding starts with target value = 164:
c [Label = 168] Encoding duration: 1053ms.
c [Label = 168] Number of clauses: 474414.
c [Label = 168] Number of variables: 225598.
c [Label = 168] Solving duration: 2 ms.
s [Label = 168] SAT (w = 164).
c [Label = 168] Label assignment: 4 4 4 168 4 168 168 4 4 168 168 4 168 168 168 4 168 4 168 4 4 168 4 168 4 4 168 168 4 168 4 4 168 168 168 4 168 4 4 168 4 168 4 168 4 4 168 4 4 168 4 4 4 168 168 168 168 4 168 168 4 168 168 4 4 168 168 168 168 4 4 4 4 168 168 4 4 4 168 4 4 168 168 168 4 168 168 168 168 4 4 4 168 4 168 168 4 4 4 4 168 4 4 4 4 4 4 168 4 4 4 4 4 4 4 168 4 168 168 168 168 4 168 168 4 4 4 168 168 168 4 4 4 168 4 168 168 4 4 168 168 4 4 168 168 168 4 4 168 4 168 4 168 4 168 168 4 4 4 168 168 168 168 168 4 4 168 4 4 168 168 168 4 168 168 4 4 4 4 4 4 168 168 168 4 168 168 168 4 168 168 168 168 4 168 168 168 4 4 4 168 168 168 168 4 168 168 168 168 168 168 168 168 168 168 4 4 4 168 4 4 168 168 4 4 168 168 168 4 4 4 168 168 168 168 4 168 4 168 4 4 4 4 4 168 4 4 168 168 4 168 168 4 4 4 4 4 4 4 4 168 4 168 4 168 4 4 4 4 4 168 168 168 4 168 4 4 4 168 168 4 168 168 4 168 168 168 168 168 4 4 168 4 168 4 168 168 168 168 168 4 4 168 4 168 168 168 4 168 4 4 4 168 4 4 168 168 168 168 4 168 168 168 4 4 168 4 168 4 4 4 4 168 168 4 4 4 4 168 168 4 168 4 4 4 168 4 4 168 4 168 4 4 168 168 4 4 4 4 4 168 168 4 4 4 168 4 4 168 168 4 168 168 4 4 4 4 168 4 4 4 4 168 4 4 4 4 4 168 168 4 4 4 168 168 168 168 4 4 168 168 4 4 168 4 4 168 168 168 4 168 4 4 4 168 168 4 168 4 168 168 4 4 4 168 168 4 4 168 4 4 168 4 4 168 4 4 4 4 168 4 168 168 4 4 168 4 4 168 168 4 168 168 168 4 4 4 4 4 168 4 168 168 168 168 168 168 168 168 4 168 4 4 4 4 4 4 168 168 4 168 168 4 4 4 168 4 168 168 4 4 168 168 168 4 4 4 168 4 4 168 168 4 168 168 168 168 4 168 4 168 168 168 4 4 4 4 4 168 168 4 4 168 168 4 168 4 168 168 168 4 168 168 168 168 168 168 168 4 168 168 4 4 168 168 168 168 168 4 4 168 168 4 4 4 4 4 168 4 168 4 168 4 168 4 168 168 168 4 168 168 4 168 168 4 4 4 168 168 4 4 168 4 4 168 168 4 168 4 4 4 4 4 168 4 4 168 168 168 168 4 4 4 4 168 168 168 168 168 4 4 168 168 4 4 168 168 4 4 168 168 4 168 4 4 4 168 168 168 168 4 168 168 168 4 4 168 4 168 168 168 168 168 168 4 4 168 168 168 4 168 168 168 168 4 4 168 4 4 168 168 168 4 168 168 168 4 4 168 4 168 4 4 4 1 
c [Signal] Signal interruption. Caught signal: SIGTERM (15).
c [Label = 172] Encoding starts with target value = 164:
c [Label = 172] Encoding duration: 1041ms.
c [Label = 172] Number of clauses: 508556.
c [Label = 172] Number of variables: 230998.
c [Label = 172] Solving duration: 3 ms.
s [Label = 172] SAT (w = 164).
c [Label = 172] Label assignment: 8 8 8 172 8 172 172 8 8 172 172 8 172 172 172 8 172 8 172 8 8 172 8 172 8 8 172 172 8 172 8 8 172 172 172 8 172 8 8 172 8 172 8 172 8 8 172 8 8 172 8 8 8 172 172 172 172 8 172 172 8 172 172 8 8 172 172 172 172 8 8 8 8 172 172 8 8 8 172 8 8 172 172 172 8 172 172 172 172 8 8 8 172 8 172 172 8 8 8 8 172 8 8 8 8 8 8 172 8 8 8 8 8 8 8 172 8 172 172 172 172 8 172 172 8 8 8 172 172 172 8 8 8 172 8 172 172 8 8 172 172 8 8 172 172 172 8 8 172 8 172 8 172 8 172 172 8 8 8 172 172 172 172 172 8 8 172 8 8 172 172 172 8 172 172 8 8 8 8 8 8 172 172 172 8 172 172 172 8 172 172 172 172 8 172 172 172 8 8 8 172 172 172 172 8 172 172 172 172 172 172 172 172 172 172 8 8 8 172 8 8 172 172 8 8 172 172 172 8 8 8 172 172 172 172 8 172 8 172 8 8 8 8 8 172 8 8 172 172 8 172 172 8 8 8 8 8 8 8 8 172 8 172 8 172 8 8 8 8 8 172 172 172 8 172 8 8 8 172 172 8 172 172 8 172 172 172 172 172 8 8 172 8 172 8 172 172 172 172 172 8 8 172 8 172 172 172 8 172 8 8 8 172 8 8 172 172 172 172 8 172 172 172 8 8 172 8 172 8 8 8 8 172 172 8 8 8 8 172 172 8 172 8 8 8 172 8 8 172 8 172 8 8 172 172 8 8 8 8 8 172 172 8 8 8 172 8 8 172 172 8 172 172 8 8 8 8 172 8 8 8 8 172 8 8 8 8 8 172 172 8 8 8 172 172 172 172 8 8 172 172 8 8 172 8 8 172 172 172 8 172 8 8 8 172 172 8 172 8 172 172 8 8 8 172 172 8 8 172 8 8 172 8 8 172 8 8 8 8 172 8 172 172 8 8 172 8 8 172 172 8 172 172 172 8 8 8 8 8 172 8 172 172 172 172 172 172 172 172 8 172 8 8 8 8 8 8 172 172 8 172 172 8 8 8 172 8 172 172 8 8 172 172 172 8 8 8 172 8 8 172 172 8 172 172 172 172 8 172 8 172 172 172 8 8 8 8 8 172 172 8 8 172 172 8 172 8 172 172 172 8 172 172 172 172 172 172 172 8 172 172 8 8 172 172 172 172 172 8 8 172 172 8 8 8 8 8 172 8 172 8 172 8 172 8 172 172 172 8 172 172 8 172 172 8 8 8 172 172 8 8 172 8 8 172 172 8 172 8 8 8 8 8 172 8 8 172 172 172 172 8 8 8 8 172 172 172 172 172 8 8 172 172 8 8 172 172 8 8 172 172 8 172 8 8 8 172 172 172 172 8 172 172 172 8 8 172 8 172 172 172 172 172 172 8 8 172 172 172 8 172 172 172 172 8 8 172 8 8 172 172 172 8 172 172 172 8 8 172 8 172 8 8 8 1 
c [Signal] Signal interruption. Caught signal: SIGTERM (15).
c [Label = 170] Encoding starts with target value = 164:
c [Label = 170] Encoding duration: 1083ms.
c [Label = 170] Number of clauses: 491485.
c [Label = 170] Number of variables: 228298.
c [Label = 170] Solving duration: 2 ms.
s [Label = 170] SAT (w = 164).
c [Label = 170] Label assignment: 6 6 6 170 6 170 170 6 6 170 170 6 170 170 170 6 170 6 170 6 6 170 6 170 6 6 170 170 6 170 6 6 170 170 170 6 170 6 6 170 6 170 6 170 6 6 170 6 6 170 6 6 6 170 170 170 170 6 170 170 6 170 170 6 6 170 170 170 170 6 6 6 6 170 170 6 6 6 170 6 6 170 170 170 6 170 170 170 170 6 6 6 170 6 170 170 6 6 6 6 170 6 6 6 6 6 6 170 6 6 6 6 6 6 6 170 6 170 170 170 170 6 170 170 6 6 6 170 170 170 6 6 6 170 6 170 170 6 6 170 170 6 6 170 170 170 6 6 170 6 170 6 170 6 170 170 6 6 6 170 170 170 170 170 6 6 170 6 6 170 170 170 6 170 170 6 6 6 6 6 6 170 170 170 6 170 170 170 6 170 170 170 170 6 170 170 170 6 6 6 170 170 170 170 6 170 170 170 170 170 170 170 170 170 170 6 6 6 170 6 6 170 170 6 6 170 170 170 6 6 6 170 170 170 170 6 170 6 170 6 6 6 6 6 170 6 6 170 170 6 170 170 6 6 6 6 6 6 6 6 170 6 170 6 170 6 6 6 6 6 170 170 170 6 170 6 6 6 170 170 6 170 170 6 170 170 170 170 170 6 6 170 6 170 6 170 170 170 170 170 6 6 170 6 170 170 170 6 170 6 6 6 170 6 6 170 170 170 170 6 170 170 170 6 6 170 6 170 6 6 6 6 170 170 6 6 6 6 170 170 6 170 6 6 6 170 6 6 170 6 170 6 6 170 170 6 6 6 6 6 170 170 6 6 6 170 6 6 170 170 6 170 170 6 6 6 6 170 6 6 6 6 170 6 6 6 6 6 170 170 6 6 6 170 170 170 170 6 6 170 170 6 6 170 6 6 170 170 170 6 170 6 6 6 170 170 6 170 6 170 170 6 6 6 170 170 6 6 170 6 6 170 6 6 170 6 6 6 6 170 6 170 170 6 6 170 6 6 170 170 6 170 170 170 6 6 6 6 6 170 6 170 170 170 170 170 170 170 170 6 170 6 6 6 6 6 6 170 170 6 170 170 6 6 6 170 6 170 170 6 6 170 170 170 6 6 6 170 6 6 170 170 6 170 170 170 170 6 170 6 170 170 170 6 6 6 6 6 170 170 6 6 170 170 6 170 6 170 170 170 6 170 170 170 170 170 170 170 6 170 170 6 6 170 170 170 170 170 6 6 170 170 6 6 6 6 6 170 6 170 6 170 6 170 6 170 170 170 6 170 170 6 170 170 6 6 6 170 170 6 6 170 6 6 170 170 6 170 6 6 6 6 6 170 6 6 170 170 170 170 6 6 6 6 170 170 170 170 170 6 6 170 170 6 6 170 170 6 6 170 170 6 170 6 6 6 170 170 170 170 6 170 170 170 6 6 170 6 170 170 170 170 170 170 6 6 170 170 170 6 170 170 170 170 6 6 170 6 6 170 170 170 6 170 170 170 6 6 170 6 170 6 6 6 1 
c [Signal] Signal interruption. Caught signal: SIGTERM (15).
c [Main] Lowest label SAT is set to 166.
c [Main] Kill higher label pid 168.
c [Main] Kill higher label pid 172.
c [Main] Kill higher label pid 170.
c [Main] Kill higher label pid 167.
c [Main] Kill higher label pid 171.
c [Main] Kill higher label pid 169.
c [Label = 171] Encoding starts with target value = 164:
c [Label = 171] Encoding duration: 1040ms.
c [Label = 171] Number of clauses: 500020.
c [Label = 171] Number of variables: 229648.
c [Label = 171] Solving duration: 3 ms.
s [Label = 171] SAT (w = 164).
c [Label = 171] Label assignment: 7 7 7 171 7 171 171 7 7 171 171 7 171 171 171 7 171 7 171 7 7 171 7 171 7 7 171 171 7 171 7 7 171 171 171 7 171 7 7 171 7 171 7 171 7 7 171 7 7 171 7 7 7 171 171 171 171 7 171 171 7 171 171 7 7 171 171 171 171 7 7 7 7 171 171 7 7 7 171 7 7 171 171 171 7 171 171 171 171 7 7 7 171 7 171 171 7 7 7 7 171 7 7 7 7 7 7 171 7 7 7 7 7 7 7 171 7 171 171 171 171 7 171 171 7 7 7 171 171 171 7 7 7 171 7 171 171 7 7 171 171 7 7 171 171 171 7 7 171 7 171 7 171 7 171 171 7 7 7 171 171 171 171 171 7 7 171 7 7 171 171 171 7 171 171 7 7 7 7 7 7 171 171 171 7 171 171 171 7 171 171 171 171 7 171 171 171 7 7 7 171 171 171 171 7 171 171 171 171 171 171 171 171 171 171 7 7 7 171 7 7 171 171 7 7 171 171 171 7 7 7 171 171 171 171 7 171 7 171 7 7 7 7 7 171 7 7 171 171 7 171 171 7 7 7 7 7 7 7 7 171 7 171 7 171 7 7 7 7 7 171 171 171 7 171 7 7 7 171 171 7 171 171 7 171 171 171 171 171 7 7 171 7 171 7 171 171 171 171 171 7 7 171 7 171 171 171 7 171 7 7 7 171 7 7 171 171 171 171 7 171 171 171 7 7 171 7 171 7 7 7 7 171 171 7 7 7 7 171 171 7 171 7 7 7 171 7 7 171 7 171 7 7 171 171 7 7 7 7 7 171 171 7 7 7 171 7 7 171 171 7 171 171 7 7 7 7 171 7 7 7 7 171 7 7 7 7 7 171 171 7 7 7 171 171 171 171 7 7 171 171 7 7 171 7 7 171 171 171 7 171 7 7 7 171 171 7 171 7 171 171 7 7 7 171 171 7 7 171 7 7 171 7 7 171 7 7 7 7 171 7 171 171 7 7 171 7 7 171 171 7 171 171 171 7 7 7 7 7 171 7 171 171 171 171 171 171 171 171 7 171 7 7 7 7 7 7 171 171 7 171 171 7 7 7 171 7 171 171 7 7 171 171 171 7 7 7 171 7 7 171 171 7 171 171 171 171 7 171 7 171 171 171 7 7 7 7 7 171 171 7 7 171 171 7 171 7 171 171 171 7 171 171 171 171 171 171 171 7 171 171 7 7 171 171 171 171 171 7 7 171 171 7 7 7 7 7 171 7 171 7 171 7 171 7 171 171 171 7 171 171 7 171 171 7 7 7 171 171 7 7 171 7 7 171 171 7 171 7 7 7 7 7 171 7 7 171 171 171 171 7 7 7 7 171 171 171 171 171 7 7 171 171 7 7 171 171 7 7 171 171 7 171 7 7 7 171 171 171 171 7 171 171 171 7 7 171 7 171 171 171 171 171 171 7 7 171 171 171 7 171 171 171 171 7 7 171 7 7 171 171 171 7 171 171 171 7 7 171 7 171 7 7 7 1 
c [Signal] Signal interruption. Caught signal: SIGTERM (15).
c [Label = 169] Encoding starts with target value = 164:
c [Label = 169] Encoding duration: 1042ms.
c [Label = 169] Number of clauses: 482949.
c [Label = 169] Number of variables: 226948.
c [Label = 169] Solving duration: 2 ms.
s [Label = 169] SAT (w = 164).
c [Label = 169] Label assignment: 5 5 5 169 5 169 169 5 5 169 169 5 169 169 169 5 169 5 169 5 5 169 5 169 5 5 169 169 5 169 5 5 169 169 169 5 169 5 5 169 5 169 5 169 5 5 169 5 5 169 5 5 5 169 169 169 169 5 169 169 5 169 169 5 5 169 169 169 169 5 5 5 5 169 169 5 5 5 169 5 5 169 169 169 5 169 169 169 169 5 5 5 169 5 169 169 5 5 5 5 169 5 5 5 5 5 5 169 5 5 5 5 5 5 5 169 5 169 169 169 169 5 169 169 5 5 5 169 169 169 5 5 5 169 5 169 169 5 5 169 169 5 5 169 169 169 5 5 169 5 169 5 169 5 169 169 5 5 5 169 169 169 169 169 5 5 169 5 5 169 169 169 5 169 169 5 5 5 5 5 5 169 169 169 5 169 169 169 5 169 169 169 169 5 169 169 169 5 5 5 169 169 169 169 5 169 169 169 169 169 169 169 169 169 169 5 5 5 169 5 5 169 169 5 5 169 169 169 5 5 5 169 169 169 169 5 169 5 169 5 5 5 5 5 169 5 5 169 169 5 169 169 5 5 5 5 5 5 5 5 169 5 169 5 169 5 5 5 5 5 169 169 169 5 169 5 5 5 169 169 5 169 169 5 169 169 169 169 169 5 5 169 5 169 5 169 169 169 169 169 5 5 169 5 169 169 169 5 169 5 5 5 169 5 5 169 169 169 169 5 169 169 169 5 5 169 5 169 5 5 5 5 169 169 5 5 5 5 169 169 5 169 5 5 5 169 5 5 169 5 169 5 5 169 169 5 5 5 5 5 169 169 5 5 5 169 5 5 169 169 5 169 169 5 5 5 5 169 5 5 5 5 169 5 5 5 5 5 169 169 5 5 5 169 169 169 169 5 5 169 169 5 5 169 5 5 169 169 169 5 169 5 5 5 169 169 5 169 5 169 169 5 5 5 169 169 5 5 169 5 5 169 5 5 169 5 5 5 5 169 5 169 169 5 5 169 5 5 169 169 5 169 169 169 5 5 5 5 5 169 5 169 169 169 169 169 169 169 169 5 169 5 5 5 5 5 5 169 169 5 169 169 5 5 5 169 5 169 169 5 5 169 169 169 5 5 5 169 5 5 169 169 5 169 169 169 169 5 169 5 169 169 169 5 5 5 5 5 169 169 5 5 169 169 5 169 5 169 169 169 5 169 169 169 169 169 169 169 5 169 169 5 5 169 169 169 169 169 5 5 169 169 5 5 5 5 5 169 5 169 5 169 5 169 5 169 169 169 5 169 169 5 169 169 5 5 5 169 169 5 5 169 5 5 169 169 5 169 5 5 5 5 5 169 5 5 169 169 169 169 5 5 5 5 169 169 169 169 169 5 5 169 169 5 5 169 169 5 5 169 169 5 169 5 5 5 169 169 169 169 5 169 169 169 5 5 169 5 169 169 169 169 169 169 5 5 169 169 169 5 169 169 169 169 5 5 169 5 5 169 169 169 5 169 169 169 5 5 169 5 169 5 5 5 1 
c [Signal] Signal interruption. Caught signal: SIGTERM (15).
c [Main] Kill higher label pid 168.
c [Main] Kill higher label pid 172.
c [Main] Kill higher label pid 170.
c [Main] Kill higher label pid 171.
c [Main] Kill higher label pid 169.
c [Main] Lowest label SAT is set to 165.
c [Main] Kill higher label pid 168.
c [Main] Kill higher label pid 172.
c [Main] Kill higher label pid 170.
c [Main] Kill higher label pid 171.
c [Main] Kill higher label pid 169.
c [Main] Child pid 171 - 27783 terminated by signal 15.
c [Main] Child pid 172 - 27787 terminated by signal 15.
c [Main] Child pid 169 - 27781 terminated by signal 15.
c [Main] Child pid 168 - 27788 terminated by signal 15.
c [Main] Child pid 170 - 27786 terminated by signal 15.
c [Main] All children have completed.
r [Main] 
r [Main] Final results: 
r [Main] Lowest label SAT:  	165.
r [Main] Highest label UNSAT:	-.
r [Main] Total real time: 2626 ms.
r [Main] Total memory consumed: 1808.8 MB.
r [Main] 
c [Signal] Signal interruption. Caught signal: SIGTERM (15).
