c [Version] Minimize Makespan Labeling Encoder version 1.0.0.
c [Param] Target value is set to 90.
c [Param] LB is predefined as 91.
c [Param] UB is predefined as 318.
c [Param] Target value is set to Antibandwidth.
c [Param] Vertices mode is set to No hole.
c [Param] Result verification is ON.
c [Param] Memory limit is set to 30000.
c [Param] Real time limit is set to 1800.
c [Param] Max CNF size is set to 10.
c [Main] Search strategy: Incremental from upper bound.
c [Main] Encoding and solving for graph: O-impcol_d.mtx.rnd.
c [Incremental] Minimize Makespan Labeling problem (O-impcol_d.mtx.rnd):
c [Incremental] Encoding starts with target value = 90:
c [Incremental] Encoding duration: 1441ms.
c [Incremental] Number of clauses: 2159834.
c [Incremental] Number of variables: 358664.
c [Incremental] Solving for max label = 318:
c [Incremental] Solving duration: 320981 ms.
s [Incremental] SAT (label = 318).
c [Incremental] Label assignment: 2 224 114 303 1 276 13 316 228 286 255 98 174 318 297 279 283 140 289 207 318 197 156 138 71 231 193 268 102 241 1 12 2 8 285 318 265 138 34 5 240 72 117 81 195 16 8 258 296 20 170 80 117 109 66 203 33 229 96 9 92 312 158 219 317 1 254 4 186 132 41 124 262 137 78 65 50 227 64 87 193 22 194 3 294 83 47 281 131 104 3 165 143 46 292 288 43 37 290 215 118 137 263 302 110 162 228 85 1 8 259 8 239 55 159 223 92 6 51 94 48 217 212 233 92 8 61 270 177 187 287 318 318 189 188 198 5 175 5 11 235 1 92 109 219 67 9 98 318 106 163 8 152 3 105 301 54 172 199 251 56 160 128 300 108 150 147 93 228 84 318 59 274 128 275 8 260 1 1 25 277 178 42 139 228 247 226 318 2 31 228 161 318 155 199 151 157 146 7 3 138 40 273 15 284 60 9 149 192 90 69 38 228 248 245 68 97 261 249 154 28 318 314 200 88 164 125 272 230 253 293 70 6 318 266 291 91 271 44 9 234 318 229 134 38 45 136 166 309 96 246 227 318 141 184 39 3 318 97 3 14 1 182 252 75 269 221 226 318 318 311 86 18 11 3 95 95 125 5 153 179 121 49 232 132 181 2 36 21 250 180 137 298 318 3 183 99 244 101 111 243 191 5 73 109 310 237 17 91 79 185 318 318 228 318 214 256 107 228 204 282 211 206 213 2 1 24 63 130 305 308 267 220 210 118 1 169 278 299 145 2 129 113 2 310 216 76 318 58 173 112 89 1 168 77 313 127 222 30 53 123 307 280 19 126 264 257 27 318 100 133 128 318 202 6 318 236 318 219 208 306 8 196 242 315 1 103 167 148 218 52 82 10 122 318 304 205 57 123 32 144 8 201 23 142 190 176 120 238 116 309 74 171 119 318 209 29 35 295 135 225 26 115 62 2 
c [Incremental] Max used label: 318.
c [Incremental] Label 318 is removed from searching.
c [Incremental] Solving for max label = 317:
c [Incremental] Solving duration: 24500 ms.
s [Incremental] SAT (label = 317).
c [Incremental] Label assignment: 4 212 3 317 2 286 13 316 219 300 252 98 196 317 315 269 276 144 226 207 314 195 65 7 73 258 193 241 14 240 175 117 2 5 288 317 217 5 316 5 235 63 116 82 102 16 47 254 307 64 123 19 131 96 170 317 95 215 101 104 96 316 173 219 24 67 202 50 11 43 317 122 315 281 83 172 168 317 51 153 104 22 194 98 280 61 42 278 4 1 3 164 49 27 4 270 87 93 308 317 118 137 183 221 110 142 306 92 193 8 259 8 191 33 161 96 90 6 118 12 17 213 208 198 92 4 77 232 178 193 262 311 48 37 180 214 6 2 93 313 233 1 92 109 225 7 9 98 60 106 167 24 28 317 114 197 38 190 194 251 147 16 130 295 125 53 3 124 181 75 316 59 274 5 275 8 260 1 6 62 317 57 315 94 219 244 225 302 282 317 184 150 113 154 316 2 58 145 46 199 2 9 163 2 287 149 317 159 192 79 52 98 210 216 245 69 97 265 249 151 317 315 8 158 88 133 68 246 230 256 107 106 11 317 32 296 98 126 105 36 261 20 236 121 205 17 115 15 309 96 268 7 317 5 186 54 3 227 97 5 23 316 182 253 66 264 229 317 250 201 194 85 41 31 34 8 3 89 118 166 70 138 165 231 115 220 317 35 25 248 176 137 293 292 80 187 127 234 310 317 243 157 119 71 120 303 237 14 98 76 185 56 8 239 317 218 263 134 200 204 277 314 206 211 2 1 297 74 18 301 312 267 273 203 135 285 160 8 304 152 2 289 112 317 169 188 81 44 106 109 39 84 291 139 156 6 72 238 272 19 17 283 298 30 136 174 257 40 317 102 111 8 129 209 1 141 255 299 223 91 242 4 171 224 305 279 103 162 146 222 143 177 13 100 271 266 317 140 86 284 78 6 189 21 107 228 128 132 179 155 317 10 45 29 290 247 108 99 294 26 227 55 1 148 6 
c [Incremental] Max used label: 317.
c [Incremental] Label 317 is removed from searching.
c [Incremental] Solving for max label = 316:
c [Incremental] Solving duration: 297 ms.
s [Incremental] SAT (label = 316).
c [Incremental] Label assignment: 4 212 3 316 2 286 13 316 227 300 252 98 196 316 315 269 276 144 226 207 314 195 65 7 73 258 193 241 14 240 175 117 2 5 288 316 217 5 316 5 235 63 116 82 102 16 46 254 307 64 123 19 131 96 170 316 95 215 101 104 96 316 173 219 24 67 202 50 11 43 316 122 315 281 83 172 168 316 51 153 104 22 194 98 280 61 42 278 4 1 3 164 49 27 4 270 87 93 308 316 118 134 183 221 110 142 306 92 193 8 259 8 191 33 161 96 90 6 133 12 17 213 208 198 92 4 77 232 178 193 262 311 48 37 180 214 6 2 93 313 233 1 92 109 225 7 9 98 60 106 167 24 28 316 114 197 38 190 194 251 147 16 130 295 125 53 3 124 181 75 316 59 274 5 275 8 260 1 6 62 316 57 315 94 219 244 225 302 282 316 184 150 113 154 316 2 58 145 45 199 2 9 163 2 287 149 316 159 192 79 52 98 210 216 245 69 97 265 249 151 316 315 8 158 88 137 68 246 230 256 107 106 11 316 32 296 98 126 105 36 261 20 236 121 205 17 115 15 309 96 268 7 316 5 186 54 3 226 97 5 23 316 182 253 66 264 229 316 250 201 194 85 41 31 34 8 3 89 118 166 70 138 165 231 115 220 316 35 25 248 176 136 293 292 80 187 127 234 310 316 243 157 119 71 120 303 237 14 98 76 185 56 8 239 316 218 263 134 200 204 277 314 206 211 2 1 297 74 18 301 312 267 273 203 135 285 160 8 304 152 2 289 112 316 169 188 81 44 106 109 39 84 291 139 156 6 72 238 272 19 17 283 298 30 136 174 257 40 316 102 111 8 129 209 1 141 255 299 223 91 242 4 171 224 305 279 103 162 146 222 143 177 13 100 271 266 316 140 86 284 78 6 189 21 107 228 128 132 179 155 316 10 47 29 290 247 108 99 294 26 226 55 1 148 6 
c [Incremental] Max used label: 316.
c [Incremental] Label 316 is removed from searching.
c [Incremental] Solving for max label = 315:
c [Incremental] Solving duration: 55553 ms.
s [Incremental] SAT (label = 315).
c [Incremental] Label assignment: 191 194 62 228 197 284 1 91 227 300 244 98 196 100 301 229 269 144 213 207 314 195 77 42 73 258 193 241 14 240 178 117 2 5 288 315 217 5 315 225 235 65 116 161 102 16 36 254 307 4 138 10 131 96 156 314 95 215 101 87 7 315 174 219 24 13 202 3 11 78 314 122 278 281 67 149 168 314 51 157 104 81 194 98 280 61 44 116 4 1 3 164 20 27 2 231 64 93 308 315 3 133 183 222 104 142 277 136 192 3 259 8 179 48 153 96 90 28 132 12 9 201 208 198 12 4 7 232 315 193 262 296 50 24 103 214 6 46 93 313 233 1 92 109 225 7 9 29 54 47 110 24 25 307 114 212 38 187 194 250 167 1 125 295 2 53 3 124 181 75 311 59 274 5 275 8 260 1 6 60 314 57 315 55 225 266 225 311 282 315 184 147 113 154 315 2 58 145 45 199 2 22 177 315 289 149 315 159 190 79 9 98 210 216 245 69 4 265 248 151 311 100 8 158 315 150 72 246 230 270 107 106 11 279 32 287 98 130 105 37 225 3 236 121 205 21 33 15 309 97 257 7 99 1 186 66 3 224 298 5 23 307 182 253 10 264 232 276 252 201 194 119 41 31 34 8 315 89 315 166 70 141 137 180 115 221 302 35 315 247 170 134 293 273 80 226 127 234 311 85 243 155 123 71 120 111 237 14 98 76 185 63 8 239 315 218 263 121 200 204 249 314 5 209 2 315 297 74 17 118 3 267 268 203 129 285 169 8 304 152 315 290 315 315 172 188 83 211 106 109 39 86 291 139 165 2 84 238 272 19 4 283 306 30 135 176 256 40 305 100 49 8 132 220 1 140 255 310 224 68 242 4 173 223 286 303 103 163 171 215 143 82 13 100 271 261 312 148 88 292 56 2 189 1 112 315 128 126 175 146 315 10 52 18 294 251 108 94 299 26 225 43 162 160 206 
c [Incremental] Max used label: 315.
c [Incremental] Label 315 is removed from searching.
c [Incremental] Solving for max label = 314:
c [Incremental] Solving duration: 16432 ms.
s [Incremental] SAT (label = 314).
c [Incremental] Label assignment: 191 194 62 228 197 284 1 91 227 300 244 98 196 100 301 229 269 144 213 207 314 195 77 42 73 258 193 241 14 240 178 117 2 5 288 314 217 5 314 223 235 65 116 161 102 16 36 254 307 4 138 10 131 96 156 314 95 215 101 87 7 314 176 218 24 13 202 3 11 78 314 122 278 281 67 149 168 314 51 157 104 81 194 98 280 61 44 148 4 1 3 164 20 27 2 231 64 93 308 314 3 133 183 222 104 142 277 136 192 3 259 8 179 48 153 96 90 28 132 12 9 201 208 198 12 4 7 232 314 193 262 296 50 24 103 214 6 46 93 313 233 1 92 109 222 7 9 29 54 47 110 24 25 307 114 212 38 187 194 250 167 1 125 295 2 53 3 124 181 75 311 59 274 5 275 8 260 26 6 60 314 57 314 55 223 266 219 311 282 313 184 147 113 154 313 2 58 145 4 199 2 22 173 313 289 149 307 159 190 79 9 98 210 216 245 66 4 265 248 151 311 100 8 158 309 150 72 246 230 270 107 106 11 279 32 287 98 130 105 37 172 3 236 121 205 21 69 15 309 97 257 7 99 1 186 45 3 224 298 5 23 307 182 253 10 264 232 276 252 201 194 119 41 31 34 8 305 89 302 170 70 141 137 180 115 221 302 35 314 247 177 134 293 273 80 243 127 234 311 88 242 155 123 71 120 111 237 14 98 76 185 63 8 238 314 219 263 121 200 204 249 314 5 209 2 309 297 74 17 118 3 267 268 203 129 285 169 8 304 152 312 290 313 313 171 188 83 211 106 109 39 86 291 139 162 2 84 226 272 19 12 283 306 30 133 174 256 40 305 100 49 8 132 220 1 140 255 310 224 68 239 4 225 223 286 303 103 163 135 215 143 82 13 100 271 261 312 146 85 292 56 2 189 1 112 314 128 126 175 160 314 10 52 18 294 251 108 94 299 33 224 43 165 166 206 
c [Incremental] Max used label: 314.
c [Incremental] Label 314 is removed from searching.
c [Incremental] Solving for max label = 313:
c [Incremental] Solving duration: 14042 ms.
s [Incremental] SAT (label = 313).
c [Incremental] Label assignment: 191 194 62 228 197 284 1 91 227 226 244 98 196 100 301 229 269 144 213 207 304 195 77 42 89 258 193 241 14 240 178 117 2 5 288 313 217 5 312 223 235 65 116 161 102 16 15 254 307 4 138 10 131 96 156 309 95 215 101 64 7 313 176 218 24 13 202 3 11 36 298 126 278 281 78 154 168 302 46 157 104 45 194 98 280 73 28 148 4 4 3 164 20 27 2 231 67 93 308 311 3 118 183 219 104 136 277 137 192 3 259 8 170 48 153 96 88 30 132 12 9 201 208 198 12 4 7 232 313 193 262 296 52 24 103 214 6 47 94 313 233 1 97 109 222 7 9 29 54 50 110 24 25 307 114 212 38 187 194 250 167 1 125 295 2 53 3 124 181 90 311 59 274 5 275 8 260 26 6 60 292 57 313 55 223 266 219 311 282 313 184 147 113 136 313 2 58 145 4 199 2 22 173 313 289 149 307 159 190 79 44 98 210 216 245 66 4 265 248 151 311 100 2 158 309 150 72 246 230 270 107 106 11 279 32 287 92 130 105 37 180 3 236 121 205 21 69 15 309 97 257 2 99 1 189 49 3 208 298 5 23 307 135 253 10 264 232 276 252 186 194 119 41 31 34 8 305 81 302 172 70 142 141 179 115 221 302 35 311 247 177 118 293 273 80 243 127 234 311 87 242 155 123 71 122 111 237 14 98 76 185 63 2 238 311 219 263 118 200 204 249 313 5 209 2 309 297 74 17 118 3 267 268 203 129 285 169 8 304 152 312 290 313 312 171 182 83 211 106 109 39 86 291 134 162 2 84 225 272 19 17 283 306 18 120 174 256 40 305 100 61 8 133 220 1 140 255 310 223 68 239 4 224 222 286 303 103 163 139 215 143 82 13 102 271 261 312 146 85 300 75 2 188 1 112 313 128 118 175 160 313 10 56 33 294 251 108 94 299 43 223 51 165 166 206 
c [Incremental] Max used label: 313.
c [Incremental] Label 313 is removed from searching.
c [Incremental] Solving for max label = 312:
c [Incremental] Solving duration: 308 ms.
s [Incremental] SAT (label = 312).
c [Incremental] Label assignment: 191 194 62 223 197 284 1 91 227 226 244 98 196 100 301 229 269 144 213 207 304 195 77 42 89 258 193 241 14 240 178 117 2 5 288 312 217 5 312 222 235 65 116 161 102 16 15 254 307 4 138 10 131 96 156 309 95 215 101 64 7 312 176 218 24 13 202 3 11 36 298 126 278 281 78 154 168 302 46 157 104 45 194 98 280 73 28 148 4 4 3 164 43 27 2 231 67 93 308 311 3 118 183 219 104 136 270 137 192 3 259 8 170 48 153 96 88 30 132 12 9 201 208 198 12 4 7 232 312 193 262 296 52 24 103 214 6 47 94 312 233 1 97 109 222 7 9 29 54 50 110 24 25 307 114 212 38 187 194 250 167 1 125 295 2 53 3 124 181 90 311 59 274 5 275 8 260 26 6 60 292 57 312 55 222 228 219 311 282 312 184 147 113 135 312 2 58 145 4 199 2 22 173 312 289 149 307 159 190 79 44 98 210 216 245 66 4 265 248 151 311 110 2 158 309 150 72 246 230 264 107 106 11 279 32 287 92 130 105 37 180 3 236 121 205 21 69 15 309 97 257 2 99 1 189 49 3 208 298 5 23 307 133 253 20 261 232 276 252 186 194 119 41 31 34 8 305 81 302 172 70 142 141 179 115 221 302 35 311 247 177 118 293 273 80 243 127 234 311 87 242 155 123 71 122 111 237 14 98 76 185 63 2 238 311 219 263 118 200 204 249 312 5 209 2 309 297 74 17 118 3 267 268 203 129 285 169 8 304 152 312 290 312 312 171 182 83 211 106 109 39 86 291 134 162 2 84 225 272 19 17 283 303 18 120 174 256 40 306 100 61 8 132 220 1 140 255 310 222 68 239 4 224 222 286 277 103 163 139 215 143 82 13 102 271 266 312 146 85 300 75 2 188 1 112 312 128 118 175 160 312 10 56 33 294 251 108 94 299 42 222 51 165 166 206 
c [Incremental] Max used label: 312.
c [Incremental] Label 312 is removed from searching.
c [Incremental] Solving for max label = 311:
c [Incremental] Solving duration: 32013 ms.
s [Incremental] SAT (label = 311).
c [Incremental] Label assignment: 191 194 62 222 197 284 1 91 218 229 244 98 220 100 301 224 269 144 213 207 304 195 77 41 89 258 193 242 14 240 177 117 2 5 288 311 285 5 311 216 235 65 116 161 102 16 15 254 307 4 138 10 123 96 154 309 95 215 101 42 7 308 227 185 24 13 241 3 11 36 38 94 278 281 78 64 171 311 46 157 104 61 194 98 280 73 28 148 4 4 3 174 20 27 311 231 67 93 308 311 3 129 225 219 104 136 176 137 192 3 259 8 170 48 132 96 88 4 122 12 9 201 208 198 12 4 7 228 309 193 260 296 52 1 103 214 6 47 94 309 233 1 97 109 205 7 311 29 309 50 110 2 25 4 114 212 38 187 209 250 167 1 125 295 39 53 3 118 181 90 311 59 274 5 275 8 262 18 6 60 311 57 131 55 221 266 221 311 282 131 184 147 113 136 311 2 54 145 31 19 2 22 173 303 289 149 195 159 190 75 44 98 210 285 245 66 4 265 248 151 276 100 2 153 311 150 72 246 230 270 107 106 11 279 1 287 92 124 105 311 178 3 236 121 219 21 69 15 309 97 257 2 99 1 189 49 3 219 298 5 23 307 135 253 10 264 232 163 252 186 204 119 33 30 26 8 305 81 302 169 70 142 141 179 129 218 302 43 311 247 165 129 293 273 80 243 105 234 311 84 24 158 120 79 127 102 237 14 98 76 185 83 2 238 311 202 263 126 199 203 249 311 5 196 2 309 297 74 17 106 3 267 268 206 111 308 168 8 304 152 307 290 311 311 175 182 71 35 130 180 63 87 311 134 133 2 37 223 272 51 17 283 300 4 292 162 256 32 305 82 58 8 311 211 1 140 255 310 218 68 239 4 226 217 286 277 103 139 156 215 143 172 13 102 271 261 311 146 85 299 34 2 188 1 112 306 128 115 160 155 311 14 56 86 291 251 108 97 294 40 183 45 164 166 200 
c [Incremental] Max used label: 311.
c [Incremental] Label 311 is removed from searching.
c [Incremental] Solving for max label = 310:
c [Incremental] Solving duration: 452705 ms.
s [Incremental] SAT (label = 310).
c [Incremental] Label assignment: 128 38 181 87 62 310 294 6 161 11 156 2 91 2 7 12 57 221 1 218 280 308 142 277 1 70 114 91 201 214 307 309 129 163 38 310 11 219 16 98 131 238 310 239 272 135 10 140 8 310 185 147 39 11 227 220 310 95 147 287 310 31 1 190 82 310 310 240 285 175 198 310 216 309 246 243 255 204 220 244 310 107 237 128 76 121 111 103 219 218 159 1 1 133 16 130 220 29 44 220 199 307 233 310 222 310 91 285 36 88 51 132 120 290 264 177 164 167 219 164 115 218 164 109 168 139 164 13 232 174 160 24 130 154 220 142 194 165 214 18 60 24 217 1 6 58 164 218 1 152 40 164 126 150 256 37 281 122 11 50 171 66 216 155 173 2 11 266 38 230 34 250 86 218 308 189 69 162 310 164 195 283 96 247 187 157 208 309 1 80 91 268 310 263 191 124 252 153 209 137 213 112 310 289 84 310 166 145 211 180 202 72 1 56 59 1 1 158 276 257 97 109 303 90 310 201 282 1 259 77 74 248 249 234 73 182 205 197 206 170 78 67 184 185 106 64 96 310 79 23 48 7 39 4 307 148 119 21 308 138 53 102 267 169 200 47 83 99 308 296 143 116 310 275 176 1 310 144 310 2 253 220 292 269 310 288 54 265 310 220 270 299 75 310 274 193 262 104 5 35 63 117 125 226 46 26 273 85 192 251 123 203 306 28 6 19 93 310 114 134 25 20 220 6 94 291 81 178 228 108 33 32 55 220 298 110 260 92 242 271 310 223 310 71 146 15 43 65 220 245 258 225 105 304 68 295 278 212 172 14 196 4 30 149 300 254 186 141 218 302 61 215 1 22 310 118 151 310 310 9 235 101 284 310 128 113 204 45 1 124 236 310 297 183 128 52 207 305 127 293 188 301 286 96 241 8 42 310 41 231 27 210 136 261 3 89 17 310 229 279 100 49 224 158 179 
c [Incremental] Max used label: 310.
c [Incremental] Label 310 is removed from searching.
c [Incremental] Solving for max label = 309:
c [Incremental] Solving duration: 18743 ms.
s [Incremental] SAT (label = 309).
c [Incremental] Label assignment: 128 38 181 88 62 276 294 6 161 11 156 2 87 2 7 12 57 221 1 218 280 308 142 277 1 70 114 91 201 214 307 309 129 163 38 309 11 219 16 98 131 238 309 239 272 135 10 140 8 307 185 130 39 11 227 218 309 95 147 287 309 31 1 190 82 309 306 240 285 175 198 308 216 309 246 243 255 204 219 244 309 107 237 95 76 121 111 34 219 218 159 1 124 133 16 103 186 29 44 219 199 307 233 308 220 309 91 285 36 79 51 137 120 290 264 132 180 167 219 164 115 218 164 109 168 139 222 13 232 174 160 24 114 154 217 142 194 165 217 18 60 24 217 1 6 74 164 218 1 152 12 153 126 150 256 37 281 122 11 50 171 66 216 155 173 40 11 266 22 230 12 250 80 218 308 189 69 162 308 164 195 283 96 247 187 157 208 309 1 86 91 268 299 263 191 124 252 177 209 106 213 112 304 289 84 307 166 145 211 170 202 72 1 39 90 1 1 158 275 257 97 109 303 56 309 201 282 1 259 77 64 248 249 234 73 182 205 197 206 58 78 67 184 215 123 47 96 304 59 23 48 7 33 4 307 148 119 21 308 138 53 102 267 169 200 24 83 99 308 296 143 116 296 308 176 1 309 144 308 2 253 205 292 269 309 288 54 265 308 185 270 299 75 309 274 193 262 104 5 35 63 117 114 226 46 26 273 85 192 251 125 203 306 28 6 19 93 309 114 134 25 20 218 6 94 291 81 178 228 108 3 32 55 219 298 110 260 92 242 271 308 223 309 71 146 15 43 65 214 245 258 225 105 304 68 295 278 212 172 14 196 4 30 149 300 254 186 141 218 302 61 207 1 22 307 118 151 309 286 9 235 101 284 309 128 113 204 45 1 113 236 309 297 183 128 52 207 305 127 293 188 301 286 96 241 8 42 309 41 231 27 210 136 261 3 89 17 302 229 279 100 49 224 158 179 
c [Incremental] Max used label: 309.
c [Incremental] Label 309 is removed from searching.
c [Incremental] Solving for max label = 308:
c [Incremental] Solving duration: 264 ms.
s [Incremental] SAT (label = 308).
c [Incremental] Label assignment: 128 38 181 88 62 276 294 6 134 11 156 2 87 2 7 12 57 221 1 218 280 308 142 277 1 70 114 91 201 214 307 308 128 151 38 308 11 218 16 98 131 238 308 239 272 135 10 140 8 307 185 130 39 11 219 218 308 95 147 287 308 31 1 190 82 308 306 240 285 175 198 308 216 308 246 243 255 204 218 244 308 107 237 95 76 121 111 34 218 218 159 1 124 133 16 103 186 29 44 218 199 307 233 308 220 308 91 285 36 79 51 137 120 290 264 132 180 167 218 164 115 218 164 109 168 139 222 13 232 174 160 24 114 154 217 142 194 165 217 18 60 24 217 1 6 74 164 218 1 152 12 153 126 150 256 37 281 122 11 50 171 66 216 155 173 40 11 266 22 230 12 250 80 218 308 189 69 162 308 151 195 283 96 247 187 157 208 308 1 86 91 268 299 263 191 124 252 177 209 106 213 112 304 289 84 307 166 145 211 170 202 72 1 39 90 1 1 158 274 257 97 109 303 56 308 201 282 1 259 77 64 248 249 234 73 182 205 197 206 58 78 67 183 215 123 47 96 304 59 23 48 7 33 4 307 148 119 21 308 138 53 102 267 169 200 24 83 99 308 296 143 116 296 308 176 1 308 144 308 1 253 205 292 241 308 288 54 265 308 185 270 299 75 308 273 193 262 104 5 35 63 117 114 223 46 26 271 85 192 251 125 184 306 28 6 19 91 308 114 136 25 20 218 2 93 291 81 178 228 92 3 32 55 218 298 110 260 91 242 269 308 227 308 71 146 15 43 65 214 245 258 225 105 304 68 295 278 212 172 14 196 3 30 149 300 254 202 141 203 302 61 207 1 22 307 118 163 308 286 9 235 101 284 308 128 113 204 45 1 108 236 308 297 181 128 52 207 305 127 293 188 301 286 100 261 8 42 308 41 231 27 210 129 224 3 89 17 275 229 279 94 49 226 161 179 
c [Incremental] Max used label: 308.
c [Incremental] Label 308 is removed from searching.
c [Incremental] Solving for max label = 307:
c [Incremental] Solving duration: 65269 ms.
s [Incremental] SAT (label = 307).
c [Incremental] Label assignment: 91 293 217 88 62 276 294 34 289 28 127 2 87 1 7 12 53 221 1 145 280 307 149 202 1 58 114 91 201 214 307 304 184 151 1 95 11 217 16 98 131 224 307 239 245 134 10 140 47 298 185 147 65 11 225 213 307 95 143 287 186 31 307 190 82 307 165 219 285 175 176 307 216 286 246 222 255 204 187 244 307 186 235 95 70 121 111 6 192 214 159 1 124 168 16 106 163 26 44 180 2 307 247 306 201 277 12 250 24 79 50 133 124 290 237 161 179 167 130 155 115 127 164 109 1 139 227 13 306 174 160 11 41 128 208 142 194 160 217 18 81 7 217 1 92 74 164 5 103 307 6 153 38 150 256 8 281 122 8 60 269 66 216 155 307 40 11 266 9 220 12 217 80 201 307 189 69 162 270 164 195 262 1 226 307 141 307 307 33 86 100 265 299 263 191 124 252 154 209 137 217 112 304 217 84 307 166 307 211 170 187 72 92 53 90 1 4 158 275 257 97 307 303 83 123 201 282 1 259 77 64 248 267 234 76 171 205 2 195 73 78 71 184 215 120 51 2 304 4 23 43 7 1 63 307 126 119 21 233 136 17 102 264 169 199 57 56 306 307 296 135 1 296 307 173 1 307 144 307 210 253 147 292 261 307 288 37 193 193 185 260 299 67 307 274 96 258 104 5 1 61 125 117 231 46 25 273 85 178 251 116 147 306 22 32 93 54 307 105 132 19 203 217 96 93 183 238 108 228 307 20 138 55 94 1 99 240 58 242 271 182 223 307 75 146 2 42 59 214 241 198 181 98 304 68 307 177 212 36 14 188 3 30 157 48 254 96 156 200 302 1 207 102 27 307 118 152 236 268 9 232 101 284 306 39 113 204 45 217 110 230 307 297 148 107 52 206 305 172 307 272 301 300 217 243 8 35 295 278 218 29 217 129 197 3 89 15 279 229 196 291 49 249 162 283 
c [Incremental] Max used label: 307.
c [Incremental] Label 307 is removed from searching.
c [Incremental] Solving for max label = 306:
c [Signal] Signal interruption. Caught signal: SIGTERM (15).
c [Main] Lim pid ends with result: 254.
r [Main] 
r [Main] Final results: 
r [Main] Total real time: 1805130 ms.
r [Main] Total memory consumed: 1896.3 MB.
r [Main] 
