c [Version] Minimize Makespan Labeling Encoder version 1.0.0.
c [Param] Target value is set to 130.
c [Param] LB is predefined as 131.
c [Param] UB is predefined as 273.
c [Param] Target value is set to Antibandwidth.
c [Param] Vertices mode is set to Has hole.
c [Param] Result verification is ON.
c [Param] Memory limit is set to 30000.
c [Param] Real time limit is set to 1800.
c [Param] Worker count is set to 8.
c [Param] Max CNF size is set to 10.
c [Main] Search strategy: Iterating Breadth First Search (Reverse).
c [Main] Search order: 202 238 166 256 220 184 148 265 247 229 211 193 175 157 139 269 260 251 242 233 224 215 206 197 188 179 170 161 152 143 134 271 267 262 258 253 249 244 240 235 231 226 222 217 213 208 204 199 195 190 186 181 177 172 168 163 159 154 150 145 141 136 132 272 270 268 266 263 261 259 257 254 252 250 248 245 243 241 239 236 234 232 230 227 225 223 221 218 216 214 212 209 207 205 203 200 198 196 194 191 189 187 185 182 180 178 176 173 171 169 167 164 162 160 158 155 153 151 149 146 144 142 140 137 135 133 131 273 264 255 246 237 228 219 210 201 192 183 174 165 156 147 138.
c [Main] Encoding and solving for graph: S-sherman4.mtx.rnd.
c [Label = 238] Minimize Makespan Labeling problem (S-sherman4.mtx.rnd):
c [Label = 202] Minimize Makespan Labeling problem (S-sherman4.mtx.rnd):
c [Label = 166] Minimize Makespan Labeling problem (S-sherman4.mtx.rnd):
c [Label = 256] Minimize Makespan Labeling problem (S-sherman4.mtx.rnd):
c [Label = 184] Minimize Makespan Labeling problem (S-sherman4.mtx.rnd):
c [Label = 220] Minimize Makespan Labeling problem (S-sherman4.mtx.rnd):
c [Label = 265] Minimize Makespan Labeling problem (S-sherman4.mtx.rnd):
c [Label = 148] Minimize Makespan Labeling problem (S-sherman4.mtx.rnd):
c [Label = 148] Encoding starts with target value = 130:
c [Label = 148] Encoding duration: 831ms.
c [Label = 148] Number of clauses: 427873.
c [Label = 148] Number of variables: 160644.
c [Label = 148] Solving duration: 5 ms.
s [Label = 148] SAT (w = 130).
c [Label = 148] Label assignment: 18 18 148 148 148 18 18 18 18 18 148 18 18 148 18 18 18 148 148 148 18 148 148 18 148 148 18 18 18 148 148 148 148 148 18 18 148 18 148 18 18 148 18 148 148 148 148 148 148 148 148 148 18 18 148 18 18 148 148 148 148 148 148 148 148 18 148 18 148 18 148 18 18 18 18 18 18 148 18 18 148 148 18 148 18 18 148 18 18 18 18 18 148 148 18 148 18 148 148 148 148 18 18 148 148 148 148 18 148 18 148 18 18 18 18 148 148 148 148 148 18 148 148 148 148 148 148 18 148 148 18 148 148 148 148 18 18 148 18 148 148 148 18 18 18 18 18 18 148 18 18 148 18 18 148 148 148 148 18 18 18 18 148 18 148 148 18 148 18 18 18 18 148 148 18 148 148 148 18 18 18 18 18 18 18 148 148 148 148 18 18 148 18 148 148 148 18 18 18 148 18 18 18 148 148 148 18 18 148 18 18 148 18 148 18 18 148 18 148 148 148 148 18 18 18 148 18 148 148 18 148 18 18 148 148 148 148 18 18 18 148 148 18 18 148 148 148 148 18 18 18 18 148 148 148 148 18 148 148 18 18 148 18 18 148 148 148 148 148 148 18 148 148 18 18 18 148 18 148 148 148 18 148 18 148 148 18 148 148 18 18 148 148 148 148 148 18 18 148 148 18 18 18 18 18 148 18 18 18 18 148 148 18 148 18 148 18 18 148 18 148 148 18 18 148 18 18 148 148 18 18 18 148 148 148 148 148 148 18 18 148 148 18 148 148 18 148 18 148 18 18 18 148 18 148 18 18 18 18 18 18 18 18 148 18 148 148 148 148 18 148 18 18 18 18 148 18 18 148 18 18 18 148 148 148 18 148 18 18 18 18 148 18 148 148 148 18 18 18 148 148 148 18 18 148 18 148 18 18 148 18 148 148 148 148 18 18 18 148 18 18 18 18 148 148 148 18 18 18 18 148 18 18 148 148 148 148 18 148 148 18 18 148 18 18 18 148 18 18 148 18 148 148 148 148 18 18 18 18 18 148 148 18 18 148 18 148 148 148 148 18 148 148 18 18 148 18 148 18 148 148 18 18 148 18 18 18 18 148 18 18 18 18 148 18 148 18 148 18 18 148 18 148 148 148 148 148 148 18 148 148 148 148 148 148 148 18 148 18 148 18 18 18 148 18 18 148 148 148 18 148 18 18 148 148 18 18 18 148 18 18 18 18 1 148 148 
c [Label = 220] Encoding starts with target value = 130:
c [Signal] Signal interruption. Caught signal: SIGTERM (15).
c [Label = 166] Encoding starts with target value = 130:
c [Signal] Signal interruption. Caught signal: SIGTERM (15).
c [Main] Lowest label SAT is set to 148.
c [Main] Kill higher label pid 265.
c [Main] Kill higher label pid 184.
c [Main] Kill higher label pid 220.
c [Main] Kill higher label pid 256.
c [Main] Kill higher label pid 166.
c [Main] Kill higher label pid 238.
c [Main] Kill higher label pid 202.
c [Label = 184] Encoding starts with target value = 130:
c [Signal] Signal interruption. Caught signal: SIGTERM (15).
c [Label = 202] Encoding starts with target value = 130:
c [Signal] Signal interruption. Caught signal: SIGTERM (15).
c [Label = 238] Encoding starts with target value = 130:
c [Signal] Signal interruption. Caught signal: SIGTERM (15).
c [Label = 265] Encoding starts with target value = 130:
c [Signal] Signal interruption. Caught signal: SIGTERM (15).
c [Label = 256] Encoding starts with target value = 130:
c [Signal] Signal interruption. Caught signal: SIGTERM (15).
c [Label = 139] Minimize Makespan Labeling problem (S-sherman4.mtx.rnd):
c [Main] Child pid 202 - 17028 terminated by signal 15.
c [Main] Child pid 166 - 17030 terminated by signal 15.
c [Label = 134] Minimize Makespan Labeling problem (S-sherman4.mtx.rnd):
c [Main] Child pid 220 - 17032 terminated by signal 15.
c [Label = 143] Minimize Makespan Labeling problem (S-sherman4.mtx.rnd):
c [Main] Child pid 256 - 17031 terminated by signal 15.
c [Label = 145] Minimize Makespan Labeling problem (S-sherman4.mtx.rnd):
c [Main] Child pid 184 - 17033 terminated by signal 15.
c [Label = 141] Minimize Makespan Labeling problem (S-sherman4.mtx.rnd):
c [Label = 136] Minimize Makespan Labeling problem (S-sherman4.mtx.rnd):
c [Main] Child pid 238 - 17029 terminated by signal 15.
c [Main] Child pid 265 - 17035 terminated by signal 15.
c [Label = 132] Minimize Makespan Labeling problem (S-sherman4.mtx.rnd):
c [Label = 146] Minimize Makespan Labeling problem (S-sherman4.mtx.rnd):
c [Label = 134] Encoding starts with target value = 130:
c [Label = 134] Encoding duration: 675ms.
c [Label = 134] Number of clauses: 314550.
c [Label = 134] Number of variables: 145356.
c [Label = 134] Solving duration: 1 ms.
s [Label = 134] SAT (w = 130).
c [Label = 134] Label assignment: 4 4 134 134 134 4 4 4 4 4 134 4 4 134 4 4 4 134 134 134 4 134 134 4 134 134 4 4 4 134 134 134 134 134 4 4 134 4 134 4 4 134 4 134 134 134 134 134 134 134 134 134 4 4 134 4 4 134 134 134 134 134 134 134 134 4 134 4 134 4 134 4 4 4 4 4 4 134 4 4 134 134 4 134 4 4 134 4 4 4 4 4 134 134 4 134 4 134 134 134 134 4 4 134 134 134 134 4 134 4 134 4 4 4 4 134 134 134 134 134 4 134 134 134 134 134 134 4 134 134 4 134 134 134 134 4 4 134 4 134 134 134 4 4 4 4 4 4 134 4 4 134 4 4 134 134 134 134 4 4 4 4 134 4 134 134 4 134 4 4 4 4 134 134 4 134 134 134 4 4 4 4 4 4 4 134 134 134 134 4 4 134 4 134 134 134 4 4 4 134 4 4 4 134 134 134 4 4 134 4 4 134 4 134 4 4 134 4 134 134 134 134 4 4 4 134 4 134 134 4 134 4 4 134 134 134 134 4 4 4 134 134 4 4 134 134 134 134 4 4 4 4 134 134 134 134 4 134 134 4 4 134 4 4 134 134 134 134 134 134 4 134 134 4 4 4 134 4 134 134 134 4 134 4 134 134 4 134 134 4 4 134 134 134 134 134 4 4 134 134 4 4 4 4 4 134 4 4 4 4 134 134 4 134 4 134 4 4 134 4 134 134 4 4 134 4 4 134 134 4 4 4 134 134 134 134 134 134 4 4 134 134 4 134 134 4 134 4 134 4 4 4 134 4 134 4 4 4 4 4 4 4 4 134 4 134 134 134 134 4 134 4 4 4 4 134 4 4 134 4 4 4 134 134 134 4 134 4 4 4 4 134 4 134 134 134 4 4 4 134 134 134 4 4 134 4 134 4 4 134 4 134 134 134 134 4 4 4 134 4 4 4 4 134 134 134 4 4 4 4 134 4 4 134 134 134 134 4 134 134 4 4 134 4 4 4 134 4 4 134 4 134 134 134 134 4 4 4 4 4 134 134 4 4 134 4 134 134 134 134 4 134 134 4 4 134 4 134 4 134 134 4 4 134 4 4 4 4 134 4 4 4 4 134 4 134 4 134 4 4 134 4 134 134 134 134 134 134 4 134 134 134 134 134 134 134 4 134 4 134 4 4 4 134 4 4 134 134 134 4 134 4 4 134 134 4 4 4 134 4 4 4 4 1 134 134 
c [Label = 136] Encoding starts with target value = 130:
c [Label = 136] Encoding duration: 680ms.
c [Label = 136] Number of clauses: 330739.
c [Label = 136] Number of variables: 147540.
c [Label = 136] Solving duration: 2 ms.
s [Label = 136] SAT (w = 130).
c [Label = 136] Label assignment: 6 6 136 136 136 6 6 6 6 6 136 6 6 136 6 6 6 136 136 136 6 136 136 6 136 136 6 6 6 136 136 136 136 136 6 6 136 6 136 6 6 136 6 136 136 136 136 136 136 136 136 136 6 6 136 6 6 136 136 136 136 136 136 136 136 6 136 6 136 6 136 6 6 6 6 6 6 136 6 6 136 136 6 136 6 6 136 6 6 6 6 6 136 136 6 136 6 136 136 136 136 6 6 136 136 136 136 6 136 6 136 6 6 6 6 136 136 136 136 136 6 136 136 136 136 136 136 6 136 136 6 136 136 136 136 6 6 136 6 136 136 136 6 6 6 6 6 6 136 6 6 136 6 6 136 136 136 136 6 6 6 6 136 6 136 136 6 136 6 6 6 6 136 136 6 136 136 136 6 6 6 6 6 6 6 136 136 136 136 6 6 136 6 136 136 136 6 6 6 136 6 6 6 136 136 136 6 6 136 6 6 136 6 136 6 6 136 6 136 136 136 136 6 6 6 136 6 136 136 6 136 6 6 136 136 136 136 6 6 6 136 136 6 6 136 136 136 136 6 6 6 6 136 136 136 136 6 136 136 6 6 136 6 6 136 136 136 136 136 136 6 136 136 6 6 6 136 6 136 136 136 6 136 6 136 136 6 136 136 6 6 136 136 136 136 136 6 6 136 136 6 6 6 6 6 136 6 6 6 6 136 136 6 136 6 136 6 6 136 6 136 136 6 6 136 6 6 136 136 6 6 6 136 136 136 136 136 136 6 6 136 136 6 136 136 6 136 6 136 6 6 6 136 6 136 6 6 6 6 6 6 6 6 136 6 136 136 136 136 6 136 6 6 6 6 136 6 6 136 6 6 6 136 136 136 6 136 6 6 6 6 136 6 136 136 136 6 6 6 136 136 136 6 6 136 6 136 6 6 136 6 136 136 136 136 6 6 6 136 6 6 6 6 136 136 136 6 6 6 6 136 6 6 136 136 136 136 6 136 136 6 6 136 6 6 6 136 6 6 136 6 136 136 136 136 6 6 6 6 6 136 136 6 6 136 6 136 136 136 136 6 136 136 6 6 136 6 136 6 136 136 6 6 136 6 6 6 6 136 6 6 6 6 136 6 136 6 136 6 6 136 6 136 136 136 136 136 136 6 136 136 136 136 136 136 136 6 136 6 136 6 6 6 136 6 6 136 136 136 6 136 6 6 136 136 6 6 6 136 6 6 6 6 1 136 136 
c [Signal] Signal interruption. Caught signal: SIGTERM (15).
c [Label = 141] Encoding starts with target value = 130:
c [Signal] Signal interruption. Caught signal: SIGTERM (15).
c [Main] Lowest label SAT is set to 134.
c [Main] Kill higher label pid 146.
c [Main] Kill higher label pid 136.
c [Main] Kill higher label pid 141.
c [Main] Kill higher label pid 143.
c [Main] Kill higher label pid 145.
c [Main] Kill higher label pid 139.
c [Label = 143] Encoding starts with target value = 130:
c [Label = 143] Encoding duration: 769ms.
c [Label = 143] Number of clauses: 387400.
c [Label = 143] Number of variables: 155184.
c [Label = 143] Solving duration: 4 ms.
s [Label = 143] SAT (w = 130).
c [Label = 143] Label assignment: 13 13 143 143 143 13 13 13 13 13 143 13 13 143 13 13 13 143 143 143 13 143 143 13 143 143 13 13 13 143 143 143 143 143 13 13 143 13 143 13 13 143 13 143 143 143 143 143 143 143 143 143 13 13 143 13 13 143 143 143 143 143 143 143 143 13 143 13 143 13 143 13 13 13 13 13 13 143 13 13 143 143 13 143 13 13 143 13 13 13 13 13 143 143 13 143 13 143 143 143 143 13 13 143 143 143 143 13 143 13 143 13 13 13 13 143 143 143 143 143 13 143 143 143 143 143 143 13 143 143 13 143 143 143 143 13 13 143 13 143 143 143 13 13 13 13 13 13 143 13 13 143 13 13 143 143 143 143 13 13 13 13 143 13 143 143 13 143 13 13 13 13 143 143 13 143 143 143 13 13 13 13 13 13 13 143 143 143 143 13 13 143 13 143 143 143 13 13 13 143 13 13 13 143 143 143 13 13 143 13 13 143 13 143 13 13 143 13 143 143 143 143 13 13 13 143 13 143 143 13 143 13 13 143 143 143 143 13 13 13 143 143 13 13 143 143 143 143 13 13 13 13 143 143 143 143 13 143 143 13 13 143 13 13 143 143 143 143 143 143 13 143 143 13 13 13 143 13 143 143 143 13 143 13 143 143 13 143 143 13 13 143 143 143 143 143 13 13 143 143 13 13 13 13 13 143 13 13 13 13 143 143 13 143 13 143 13 13 143 13 143 143 13 13 143 13 13 143 143 13 13 13 143 143 143 143 143 143 13 13 143 143 13 143 143 13 143 13 143 13 13 13 143 13 143 13 13 13 13 13 13 13 13 143 13 143 143 143 143 13 143 13 13 13 13 143 13 13 143 13 13 13 143 143 143 13 143 13 13 13 13 143 13 143 143 143 13 13 13 143 143 143 13 13 143 13 143 13 13 143 13 143 143 143 143 13 13 13 143 13 13 13 13 143 143 143 13 13 13 13 143 13 13 143 143 143 143 13 143 143 13 13 143 13 13 13 143 13 13 143 13 143 143 143 143 13 13 13 13 13 143 143 13 13 143 13 143 143 143 143 13 143 143 13 13 143 13 143 13 143 143 13 13 143 13 13 13 13 143 13 13 13 13 143 13 143 13 143 13 13 143 13 143 143 143 143 143 143 13 143 143 143 143 143 143 143 13 143 13 143 13 13 13 143 13 13 143 143 143 13 143 13 13 143 143 13 13 13 143 13 13 13 13 1 143 143 
c [Signal] Signal interruption. Caught signal: SIGTERM (15).
c [Label = 145] Encoding starts with target value = 130:
c [Signal] Signal interruption. Caught signal: SIGTERM (15).
c [Label = 139] Encoding starts with target value = 130:
c [Label = 139] Encoding duration: 778ms.
c [Label = 139] Number of clauses: 355022.
c [Label = 139] Number of variables: 150816.
c [Label = 139] Solving duration: 3 ms.
s [Label = 139] SAT (w = 130).
c [Label = 139] Label assignment: 9 9 139 139 139 9 9 9 9 9 139 9 9 139 9 9 9 139 139 139 9 139 139 9 139 139 9 9 9 139 139 139 139 139 9 9 139 9 139 9 9 139 9 139 139 139 139 139 139 139 139 139 9 9 139 9 9 139 139 139 139 139 139 139 139 9 139 9 139 9 139 9 9 9 9 9 9 139 9 9 139 139 9 139 9 9 139 9 9 9 9 9 139 139 9 139 9 139 139 139 139 9 9 139 139 139 139 9 139 9 139 9 9 9 9 139 139 139 139 139 9 139 139 139 139 139 139 9 139 139 9 139 139 139 139 9 9 139 9 139 139 139 9 9 9 9 9 9 139 9 9 139 9 9 139 139 139 139 9 9 9 9 139 9 139 139 9 139 9 9 9 9 139 139 9 139 139 139 9 9 9 9 9 9 9 139 139 139 139 9 9 139 9 139 139 139 9 9 9 139 9 9 9 139 139 139 9 9 139 9 9 139 9 139 9 9 139 9 139 139 139 139 9 9 9 139 9 139 139 9 139 9 9 139 139 139 139 9 9 9 139 139 9 9 139 139 139 139 9 9 9 9 139 139 139 139 9 139 139 9 9 139 9 9 139 139 139 139 139 139 9 139 139 9 9 9 139 9 139 139 139 9 139 9 139 139 9 139 139 9 9 139 139 139 139 139 9 9 139 139 9 9 9 9 9 139 9 9 9 9 139 139 9 139 9 139 9 9 139 9 139 139 9 9 139 9 9 139 139 9 9 9 139 139 139 139 139 139 9 9 139 139 9 139 139 9 139 9 139 9 9 9 139 9 139 9 9 9 9 9 9 9 9 139 9 139 139 139 139 9 139 9 9 9 9 139 9 9 139 9 9 9 139 139 139 9 139 9 9 9 9 139 9 139 139 139 9 9 9 139 139 139 9 9 139 9 139 9 9 139 9 139 139 139 139 9 9 9 139 9 9 9 9 139 139 139 9 9 9 9 139 9 9 139 139 139 139 9 139 139 9 9 139 9 9 9 139 9 9 139 9 139 139 139 139 9 9 9 9 9 139 139 9 9 139 9 139 139 139 139 9 139 139 9 9 139 9 139 9 139 139 9 9 139 9 9 9 9 139 9 9 9 9 139 9 139 9 139 9 9 139 9 139 139 139 139 139 139 9 139 139 139 139 139 139 139 9 139 9 139 9 9 9 139 9 9 139 139 139 9 139 9 9 139 139 9 9 9 139 9 9 9 9 1 139 139 
c [Signal] Signal interruption. Caught signal: SIGTERM (15).
c [Label = 146] Encoding starts with target value = 130:
c [Label = 146] Encoding duration: 791ms.
c [Label = 146] Number of clauses: 411684.
c [Label = 146] Number of variables: 158460.
c [Label = 146] Solving duration: 4 ms.
s [Label = 146] SAT (w = 130).
c [Label = 146] Label assignment: 16 16 146 146 146 16 16 16 16 16 146 16 16 146 16 16 16 146 146 146 16 146 146 16 146 146 16 16 16 146 146 146 146 146 16 16 146 16 146 16 16 146 16 146 146 146 146 146 146 146 146 146 16 16 146 16 16 146 146 146 146 146 146 146 146 16 146 16 146 16 146 16 16 16 16 16 16 146 16 16 146 146 16 146 16 16 146 16 16 16 16 16 146 146 16 146 16 146 146 146 146 16 16 146 146 146 146 16 146 16 146 16 16 16 16 146 146 146 146 146 16 146 146 146 146 146 146 16 146 146 16 146 146 146 146 16 16 146 16 146 146 146 16 16 16 16 16 16 146 16 16 146 16 16 146 146 146 146 16 16 16 16 146 16 146 146 16 146 16 16 16 16 146 146 16 146 146 146 16 16 16 16 16 16 16 146 146 146 146 16 16 146 16 146 146 146 16 16 16 146 16 16 16 146 146 146 16 16 146 16 16 146 16 146 16 16 146 16 146 146 146 146 16 16 16 146 16 146 146 16 146 16 16 146 146 146 146 16 16 16 146 146 16 16 146 146 146 146 16 16 16 16 146 146 146 146 16 146 146 16 16 146 16 16 146 146 146 146 146 146 16 146 146 16 16 16 146 16 146 146 146 16 146 16 146 146 16 146 146 16 16 146 146 146 146 146 16 16 146 146 16 16 16 16 16 146 16 16 16 16 146 146 16 146 16 146 16 16 146 16 146 146 16 16 146 16 16 146 146 16 16 16 146 146 146 146 146 146 16 16 146 146 16 146 146 16 146 16 146 16 16 16 146 16 146 16 16 16 16 16 16 16 16 146 16 146 146 146 146 16 146 16 16 16 16 146 16 16 146 16 16 16 146 146 146 16 146 16 16 16 16 146 16 146 146 146 16 16 16 146 146 146 16 16 146 16 146 16 16 146 16 146 146 146 146 16 16 16 146 16 16 16 16 146 146 146 16 16 16 16 146 16 16 146 146 146 146 16 146 146 16 16 146 16 16 16 146 16 16 146 16 146 146 146 146 16 16 16 16 16 146 146 16 16 146 16 146 146 146 146 16 146 146 16 16 146 16 146 16 146 146 16 16 146 16 16 16 16 146 16 16 16 16 146 16 146 16 146 16 16 146 16 146 146 146 146 146 146 16 146 146 146 146 146 146 146 16 146 16 146 16 16 16 146 16 16 146 146 146 16 146 16 16 146 146 16 16 16 146 16 16 16 16 1 146 146 
c [Signal] Signal interruption. Caught signal: SIGTERM (15).
c [Label = 133] Minimize Makespan Labeling problem (S-sherman4.mtx.rnd):
c [Main] Child pid 136 - 17041 terminated by signal 15.
c [Main] Child pid 139 - 17036 terminated by signal 15.
c [Main] Child pid 143 - 17037 terminated by signal 15.
c [Main] Child pid 146 - 17043 terminated by signal 15.
c [Main] Child pid 141 - 17040 terminated by signal 15.
c [Main] Child pid 145 - 17039 terminated by signal 15.
c [Label = 131] Minimize Makespan Labeling problem (S-sherman4.mtx.rnd):
c [Label = 132] Encoding starts with target value = 130:
c [Label = 132] Encoding duration: 764ms.
c [Label = 132] Number of clauses: 298361.
c [Label = 132] Number of variables: 143172.
c [Label = 132] Solving duration: 1 ms.
s [Label = 132] SAT (w = 130).
c [Label = 132] Label assignment: 2 2 132 132 132 2 2 2 2 2 132 2 2 132 2 2 2 132 132 132 2 132 132 2 132 132 2 2 2 132 132 132 132 132 2 2 132 2 132 2 2 132 2 132 132 132 132 132 132 132 132 132 2 2 132 2 2 132 132 132 132 132 132 132 132 2 132 2 132 2 132 2 2 2 2 2 2 132 2 2 132 132 2 132 2 2 132 2 2 2 2 2 132 132 2 132 2 132 132 132 132 2 2 132 132 132 132 2 132 2 132 2 2 2 2 132 132 132 132 132 2 132 132 132 132 132 132 2 132 132 2 132 132 132 132 2 2 132 2 132 132 132 2 2 2 2 2 2 132 2 2 132 2 2 132 132 132 132 2 2 2 2 132 2 132 132 2 132 2 2 2 2 132 132 2 132 132 132 2 2 2 2 2 2 2 132 132 132 132 2 2 132 2 132 132 132 2 2 2 132 2 2 2 132 132 132 2 2 132 2 2 132 2 132 2 2 132 2 132 132 132 132 2 2 2 132 2 132 132 2 132 2 2 132 132 132 132 2 2 2 132 132 2 2 132 132 132 132 2 2 2 2 132 132 132 132 2 132 132 2 2 132 2 2 132 132 132 132 132 132 2 132 132 2 2 2 132 2 132 132 132 2 132 2 132 132 2 132 132 2 2 132 132 132 132 132 2 2 132 132 2 2 2 2 2 132 2 2 2 2 132 132 2 132 2 132 2 2 132 2 132 132 2 2 132 2 2 132 132 2 2 2 132 132 132 132 132 132 2 2 132 132 2 132 132 2 132 2 132 2 2 2 132 2 132 2 2 2 2 2 2 2 2 132 2 132 132 132 132 2 132 2 2 2 2 132 2 2 132 2 2 2 132 132 132 2 132 2 2 2 2 132 2 132 132 132 2 2 2 132 132 132 2 2 132 2 132 2 2 132 2 132 132 132 132 2 2 2 132 2 2 2 2 132 132 132 2 2 2 2 132 2 2 132 132 132 132 2 132 132 2 2 132 2 2 2 132 2 2 132 2 132 132 132 132 2 2 2 2 2 132 132 2 2 132 2 132 132 132 132 2 132 132 2 2 132 2 132 2 132 132 2 2 132 2 2 2 2 132 2 2 2 2 132 2 132 2 132 2 2 132 2 132 132 132 132 132 132 2 132 132 132 132 132 132 132 2 132 2 132 2 2 2 132 2 2 132 132 132 2 132 2 2 132 132 2 2 2 132 2 2 2 2 1 132 132 
c [Main] Lowest label SAT is set to 132.
c [Main] Kill higher label pid 133.
c [Label = 133] Encoding starts with target value = 130:
c [Signal] Signal interruption. Caught signal: SIGTERM (15).
c [Main] Child pid 133 - 17047 terminated by signal 15.
c [Label = 131] Encoding starts with target value = 130:
c [Label = 131] Encoding duration: 383ms.
c [Label = 131] Number of clauses: 290266.
c [Label = 131] Number of variables: 142080.
c [Label = 131] Solving duration: 5 ms.
s [Label = 131] SAT (w = 130).
c [Label = 131] Label assignment: 1 1 131 131 131 1 1 1 1 1 131 1 1 131 1 1 1 131 131 131 1 131 131 1 131 131 1 1 1 131 131 131 131 131 1 1 131 1 131 1 1 131 1 131 131 131 131 131 131 131 131 131 1 1 131 1 1 131 131 131 131 131 131 131 131 1 131 1 131 1 131 1 1 1 1 1 1 131 1 1 131 131 1 131 1 1 131 1 1 1 1 1 131 131 1 131 1 131 131 131 131 1 1 131 131 131 131 1 131 1 131 1 1 1 1 131 131 131 131 131 1 131 131 131 131 131 131 1 131 131 1 131 131 131 131 1 1 131 1 131 131 131 1 1 1 1 1 1 131 1 1 131 1 1 131 131 131 131 1 1 1 1 131 1 131 131 1 131 1 1 1 1 131 131 1 131 131 131 1 1 1 1 1 1 1 131 131 131 131 1 1 131 1 131 131 131 1 1 1 131 1 1 1 131 131 131 1 1 131 1 1 131 1 131 1 1 131 1 131 131 131 131 1 1 1 131 1 131 131 1 131 1 1 131 131 131 131 1 1 1 131 131 1 1 131 131 131 131 1 1 1 1 131 131 131 131 1 131 131 1 1 131 1 1 131 131 131 131 131 131 1 131 131 1 1 1 131 1 131 131 131 1 131 1 131 131 1 131 131 1 1 131 131 131 131 131 1 1 131 131 1 1 1 1 1 131 1 1 1 1 131 131 1 131 1 131 1 1 131 1 131 131 1 1 131 1 1 131 131 1 1 1 131 131 131 131 131 131 1 1 131 131 1 131 131 1 131 1 131 1 1 1 131 1 131 1 1 1 1 1 1 1 1 131 1 131 131 131 131 1 131 1 1 1 1 131 1 1 131 1 1 1 131 131 131 1 131 1 1 1 1 131 1 131 131 131 1 1 1 131 131 131 1 1 131 1 131 1 1 131 1 131 131 131 131 1 1 1 131 1 1 1 1 131 131 131 1 1 1 1 131 1 1 131 131 131 131 1 131 131 1 1 131 1 1 1 131 1 1 131 1 131 131 131 131 1 1 1 1 1 131 131 1 1 131 1 131 131 131 131 1 131 131 1 1 131 1 131 1 131 131 1 1 131 1 1 1 1 131 1 1 1 1 131 1 131 1 131 1 1 131 1 131 131 131 131 131 131 1 131 131 131 131 131 131 131 1 131 1 131 1 1 1 131 1 1 131 131 131 1 131 1 1 131 131 1 1 1 131 1 1 1 1 1 131 131 
c [Main] Lowest label SAT is set to 131.
c [Signal] Signal interruption. Caught signal: SIGTERM (15).
c [Main] All children have completed.
r [Main] 
r [Main] Final results: 
r [Main] Lowest label SAT:  	131.
r [Main] Highest label UNSAT:	-.
r [Main] Total real time: 2418 ms.
r [Main] Total memory consumed: 1381.4 MB.
r [Main] 
