c [Version] Minimize Makespan Labeling Encoder version 1.0.0.
c [Param] Target value is set to 164.
c [Param] LB is predefined as 165.
c [Param] UB is predefined as 337.
c [Param] Target value is set to Antibandwidth.
c [Param] Vertices mode is set to Has hole.
c [Param] Result verification is ON.
c [Param] Memory limit is set to 30000.
c [Param] Real time limit is set to 1800.
c [Param] Worker count is set to 8.
c [Param] Max CNF size is set to 10.
c [Main] Search strategy: Iterating Breadth First Search (Reverse).
c [Main] Search order: 251 294 207 316 272 229 185 327 305 283 261 240 218 196 174 332 321 310 299 288 277 266 256 245 234 223 212 201 190 179 169 335 329 324 318 313 307 302 296 291 285 280 274 269 263 258 253 248 242 237 231 226 220 215 209 204 198 193 187 182 176 171 166 336 333 330 328 325 322 319 317 314 311 308 306 303 300 297 295 292 289 286 284 281 278 275 273 270 267 264 262 259 257 254 252 249 246 243 241 238 235 232 230 227 224 221 219 216 213 210 208 205 202 199 197 194 191 188 186 183 180 177 175 172 170 167 165 337 334 331 326 323 320 315 312 309 304 301 298 293 290 287 282 279 276 271 268 265 260 255 250 247 244 239 236 233 228 225 222 217 214 211 206 203 200 195 192 189 184 181 178 173 168.
c [Main] Encoding and solving for graph: V-nos6.mtx.rnd.
c [Label = 251] Minimize Makespan Labeling problem (V-nos6.mtx.rnd):
c [Label = 294] Minimize Makespan Labeling problem (V-nos6.mtx.rnd):
c [Label = 316] Minimize Makespan Labeling problem (V-nos6.mtx.rnd):
c [Label = 207] Minimize Makespan Labeling problem (V-nos6.mtx.rnd):
c [Label = 272] Minimize Makespan Labeling problem (V-nos6.mtx.rnd):
c [Label = 229] Minimize Makespan Labeling problem (V-nos6.mtx.rnd):
c [Label = 327] Minimize Makespan Labeling problem (V-nos6.mtx.rnd):
c [Label = 185] Minimize Makespan Labeling problem (V-nos6.mtx.rnd):
c [Label = 207] Encoding starts with target value = 164:
c [Label = 207] Encoding duration: 1662ms.
c [Label = 207] Number of clauses: 807298.
c [Label = 207] Number of variables: 278248.
c [Label = 207] Solving duration: 14 ms.
s [Label = 207] SAT (w = 164).
c [Label = 207] Label assignment: 43 43 43 207 43 207 207 43 43 207 207 43 207 207 207 43 207 43 207 43 43 207 43 207 43 43 207 207 43 207 43 43 207 207 207 43 207 43 43 207 43 207 43 207 43 43 207 43 43 207 43 43 43 207 207 207 207 43 207 207 43 207 207 43 43 207 207 207 207 43 43 43 43 207 207 43 43 43 207 43 43 207 207 207 43 207 207 207 207 43 43 43 207 43 207 207 43 43 43 43 207 43 43 43 43 43 43 207 43 43 43 43 43 43 43 207 43 207 207 207 207 43 207 207 43 43 43 207 207 207 43 43 43 207 43 207 207 43 43 207 207 43 43 207 207 207 43 43 207 43 207 43 207 43 207 207 43 43 43 207 207 207 207 207 43 43 207 43 43 207 207 207 43 207 207 43 43 43 43 43 43 207 207 207 43 207 207 207 43 207 207 207 207 43 207 207 207 43 43 43 207 207 207 207 43 207 207 207 207 207 207 207 207 207 207 43 43 43 207 43 43 207 207 43 43 207 207 207 43 43 43 207 207 207 207 43 207 43 207 43 43 43 43 43 207 43 43 207 207 43 207 207 43 43 43 43 43 43 43 43 207 43 207 43 207 43 43 43 43 43 207 207 207 43 207 43 43 43 207 207 43 207 207 43 207 207 207 207 207 43 43 207 43 207 43 207 207 207 207 207 43 43 207 43 207 207 207 43 207 43 43 43 207 43 43 207 207 207 207 43 207 207 207 43 43 207 43 207 43 43 43 43 207 207 43 43 43 43 207 207 43 207 43 43 43 207 43 43 207 43 207 43 43 207 207 43 43 43 43 43 207 207 43 43 43 207 43 43 207 207 43 207 207 43 43 43 43 207 43 43 43 43 207 43 43 43 43 43 207 207 43 43 43 207 207 207 207 43 43 207 207 43 43 207 43 43 207 207 207 43 207 43 43 43 207 207 43 207 43 207 207 43 43 43 207 207 43 43 207 43 43 207 43 43 207 43 43 43 43 207 43 207 207 43 43 207 43 43 207 207 43 207 207 207 43 43 43 43 43 207 43 207 207 207 207 207 207 207 207 43 207 43 43 43 43 43 43 207 207 43 207 207 43 43 43 207 43 207 207 43 43 207 207 207 43 43 43 207 43 43 207 207 43 207 207 207 207 43 207 43 207 207 207 43 43 43 43 43 207 207 43 43 207 207 43 207 43 207 207 207 43 207 207 207 207 207 207 207 43 207 207 43 43 207 207 207 207 207 43 43 207 207 43 43 43 43 43 207 43 207 43 207 43 207 43 207 207 207 43 207 207 43 207 207 43 43 43 207 207 43 43 207 43 43 207 207 43 207 43 43 43 43 43 207 43 43 207 207 207 207 43 43 43 43 207 207 207 207 207 43 43 207 207 43 43 207 207 43 43 207 207 43 207 43 43 43 207 207 207 207 43 207 207 207 43 43 207 43 207 207 207 207 207 207 43 43 207 207 207 43 207 207 207 207 43 43 207 43 43 207 207 207 43 207 207 207 43 43 207 43 207 43 43 43 1 
c [Label = 327] Encoding starts with target value = 164:
c [Signal] Signal interruption. Caught signal: SIGTERM (15).
c [Label = 229] Encoding starts with target value = 164:
c [Signal] Signal interruption. Caught signal: SIGTERM (15).
c [Main] Lowest label SAT is set to 207.
c [Main] Kill higher label pid 327.
c [Main] Kill higher label pid 272.
c [Main] Kill higher label pid 229.
c [Main] Kill higher label pid 294.
c [Main] Kill higher label pid 316.
c [Main] Kill higher label pid 251.
c [Label = 294] Encoding starts with target value = 164:
c [Signal] Signal interruption. Caught signal: SIGTERM (15).
c [Label = 316] Encoding starts with target value = 164:
c [Signal] Signal interruption. Caught signal: SIGTERM (15).
c [Label = 251] Encoding starts with target value = 164:
c [Signal] Signal interruption. Caught signal: SIGTERM (15).
c [Label = 196] Minimize Makespan Labeling problem (V-nos6.mtx.rnd):
c [Label = 272] Encoding starts with target value = 164:
c [Signal] Signal interruption. Caught signal: SIGTERM (15).
c [Main] Child pid 229 - 17550 terminated by signal 15.
c [Main] Child pid 251 - 17545 terminated by signal 15.
c [Label = 201] Minimize Makespan Labeling problem (V-nos6.mtx.rnd):
c [Main] Child pid 294 - 17546 terminated by signal 15.
c [Main] Child pid 316 - 17548 terminated by signal 15.
c [Label = 174] Minimize Makespan Labeling problem (V-nos6.mtx.rnd):
c [Label = 179] Minimize Makespan Labeling problem (V-nos6.mtx.rnd):
c [Main] Child pid 327 - 17552 terminated by signal 15.
c [Label = 169] Minimize Makespan Labeling problem (V-nos6.mtx.rnd):
c [Label = 190] Minimize Makespan Labeling problem (V-nos6.mtx.rnd):
c [Main] Child pid 272 - 17549 terminated by signal 15.
c [Label = 204] Minimize Makespan Labeling problem (V-nos6.mtx.rnd):
c [Label = 185] Encoding starts with target value = 164:
c [Label = 185] Encoding duration: 1897ms.
c [Label = 185] Number of clauses: 619517.
c [Label = 185] Number of variables: 248548.
c [Label = 185] Solving duration: 7 ms.
s [Label = 185] SAT (w = 164).
c [Label = 185] Label assignment: 21 21 21 185 21 185 185 21 21 185 185 21 185 185 185 21 185 21 185 21 21 185 21 185 21 21 185 185 21 185 21 21 185 185 185 21 185 21 21 185 21 185 21 185 21 21 185 21 21 185 21 21 21 185 185 185 185 21 185 185 21 185 185 21 21 185 185 185 185 21 21 21 21 185 185 21 21 21 185 21 21 185 185 185 21 185 185 185 185 21 21 21 185 21 185 185 21 21 21 21 185 21 21 21 21 21 21 185 21 21 21 21 21 21 21 185 21 185 185 185 185 21 185 185 21 21 21 185 185 185 21 21 21 185 21 185 185 21 21 185 185 21 21 185 185 185 21 21 185 21 185 21 185 21 185 185 21 21 21 185 185 185 185 185 21 21 185 21 21 185 185 185 21 185 185 21 21 21 21 21 21 185 185 185 21 185 185 185 21 185 185 185 185 21 185 185 185 21 21 21 185 185 185 185 21 185 185 185 185 185 185 185 185 185 185 21 21 21 185 21 21 185 185 21 21 185 185 185 21 21 21 185 185 185 185 21 185 21 185 21 21 21 21 21 185 21 21 185 185 21 185 185 21 21 21 21 21 21 21 21 185 21 185 21 185 21 21 21 21 21 185 185 185 21 185 21 21 21 185 185 21 185 185 21 185 185 185 185 185 21 21 185 21 185 21 185 185 185 185 185 21 21 185 21 185 185 185 21 185 21 21 21 185 21 21 185 185 185 185 21 185 185 185 21 21 185 21 185 21 21 21 21 185 185 21 21 21 21 185 185 21 185 21 21 21 185 21 21 185 21 185 21 21 185 185 21 21 21 21 21 185 185 21 21 21 185 21 21 185 185 21 185 185 21 21 21 21 185 21 21 21 21 185 21 21 21 21 21 185 185 21 21 21 185 185 185 185 21 21 185 185 21 21 185 21 21 185 185 185 21 185 21 21 21 185 185 21 185 21 185 185 21 21 21 185 185 21 21 185 21 21 185 21 21 185 21 21 21 21 185 21 185 185 21 21 185 21 21 185 185 21 185 185 185 21 21 21 21 21 185 21 185 185 185 185 185 185 185 185 21 185 21 21 21 21 21 21 185 185 21 185 185 21 21 21 185 21 185 185 21 21 185 185 185 21 21 21 185 21 21 185 185 21 185 185 185 185 21 185 21 185 185 185 21 21 21 21 21 185 185 21 21 185 185 21 185 21 185 185 185 21 185 185 185 185 185 185 185 21 185 185 21 21 185 185 185 185 185 21 21 185 185 21 21 21 21 21 185 21 185 21 185 21 185 21 185 185 185 21 185 185 21 185 185 21 21 21 185 185 21 21 185 21 21 185 185 21 185 21 21 21 21 21 185 21 21 185 185 185 185 21 21 21 21 185 185 185 185 185 21 21 185 185 21 21 185 185 21 21 185 185 21 185 21 21 21 185 185 185 185 21 185 185 185 21 21 185 21 185 185 185 185 185 185 21 21 185 185 185 21 185 185 185 185 21 21 185 21 21 185 185 185 21 185 185 185 21 21 185 21 185 21 21 21 1 
c [Label = 204] Encoding starts with target value = 164:
c [Signal] Signal interruption. Caught signal: SIGTERM (15).
c [Main] Lowest label SAT is set to 185.
c [Main] Kill higher label pid 204.
c [Main] Kill higher label pid 190.
c [Main] Kill higher label pid 201.
c [Main] Kill higher label pid 196.
c [Label = 190] Encoding starts with target value = 164:
c [Signal] Signal interruption. Caught signal: SIGTERM (15).
c [Label = 201] Encoding starts with target value = 164:
c [Signal] Signal interruption. Caught signal: SIGTERM (15).
c [Label = 196] Encoding starts with target value = 164:
c [Signal] Signal interruption. Caught signal: SIGTERM (15).
c [Label = 182] Minimize Makespan Labeling problem (V-nos6.mtx.rnd):
c [Main] Child pid 190 - 17573 terminated by signal 15.
c [Main] Child pid 196 - 17570 terminated by signal 15.
c [Main] Child pid 201 - 17572 terminated by signal 15.
c [Main] Child pid 204 - 17576 terminated by signal 15.
c [Label = 183] Minimize Makespan Labeling problem (V-nos6.mtx.rnd):
c [Label = 171] Minimize Makespan Labeling problem (V-nos6.mtx.rnd):
c [Label = 166] Minimize Makespan Labeling problem (V-nos6.mtx.rnd):
c [Label = 176] Minimize Makespan Labeling problem (V-nos6.mtx.rnd):
c [Label = 169] Encoding starts with target value = 164:
c [Label = 169] Encoding duration: 1181ms.
c [Label = 169] Number of clauses: 482949.
c [Label = 169] Number of variables: 226948.
c [Label = 169] Solving duration: 2 ms.
s [Label = 169] SAT (w = 164).
c [Label = 169] Label assignment: 5 5 5 169 5 169 169 5 5 169 169 5 169 169 169 5 169 5 169 5 5 169 5 169 5 5 169 169 5 169 5 5 169 169 169 5 169 5 5 169 5 169 5 169 5 5 169 5 5 169 5 5 5 169 169 169 169 5 169 169 5 169 169 5 5 169 169 169 169 5 5 5 5 169 169 5 5 5 169 5 5 169 169 169 5 169 169 169 169 5 5 5 169 5 169 169 5 5 5 5 169 5 5 5 5 5 5 169 5 5 5 5 5 5 5 169 5 169 169 169 169 5 169 169 5 5 5 169 169 169 5 5 5 169 5 169 169 5 5 169 169 5 5 169 169 169 5 5 169 5 169 5 169 5 169 169 5 5 5 169 169 169 169 169 5 5 169 5 5 169 169 169 5 169 169 5 5 5 5 5 5 169 169 169 5 169 169 169 5 169 169 169 169 5 169 169 169 5 5 5 169 169 169 169 5 169 169 169 169 169 169 169 169 169 169 5 5 5 169 5 5 169 169 5 5 169 169 169 5 5 5 169 169 169 169 5 169 5 169 5 5 5 5 5 169 5 5 169 169 5 169 169 5 5 5 5 5 5 5 5 169 5 169 5 169 5 5 5 5 5 169 169 169 5 169 5 5 5 169 169 5 169 169 5 169 169 169 169 169 5 5 169 5 169 5 169 169 169 169 169 5 5 169 5 169 169 169 5 169 5 5 5 169 5 5 169 169 169 169 5 169 169 169 5 5 169 5 169 5 5 5 5 169 169 5 5 5 5 169 169 5 169 5 5 5 169 5 5 169 5 169 5 5 169 169 5 5 5 5 5 169 169 5 5 5 169 5 5 169 169 5 169 169 5 5 5 5 169 5 5 5 5 169 5 5 5 5 5 169 169 5 5 5 169 169 169 169 5 5 169 169 5 5 169 5 5 169 169 169 5 169 5 5 5 169 169 5 169 5 169 169 5 5 5 169 169 5 5 169 5 5 169 5 5 169 5 5 5 5 169 5 169 169 5 5 169 5 5 169 169 5 169 169 169 5 5 5 5 5 169 5 169 169 169 169 169 169 169 169 5 169 5 5 5 5 5 5 169 169 5 169 169 5 5 5 169 5 169 169 5 5 169 169 169 5 5 5 169 5 5 169 169 5 169 169 169 169 5 169 5 169 169 169 5 5 5 5 5 169 169 5 5 169 169 5 169 5 169 169 169 5 169 169 169 169 169 169 169 5 169 169 5 5 169 169 169 169 169 5 5 169 169 5 5 5 5 5 169 5 169 5 169 5 169 5 169 169 169 5 169 169 5 169 169 5 5 5 169 169 5 5 169 5 5 169 169 5 169 5 5 5 5 5 169 5 5 169 169 169 169 5 5 5 5 169 169 169 169 169 5 5 169 169 5 5 169 169 5 5 169 169 5 169 5 5 5 169 169 169 169 5 169 169 169 5 5 169 5 169 169 169 169 169 169 5 5 169 169 169 5 169 169 169 169 5 5 169 5 5 169 169 169 5 169 169 169 5 5 169 5 169 5 5 5 1 
c [Label = 171] Encoding starts with target value = 164:
c [Label = 171] Encoding duration: 1171ms.
c [Label = 171] Number of clauses: 500020.
c [Label = 171] Number of variables: 229648.
c [Label = 171] Solving duration: 3 ms.
s [Label = 171] SAT (w = 164).
c [Label = 171] Label assignment: 7 7 7 171 7 171 171 7 7 171 171 7 171 171 171 7 171 7 171 7 7 171 7 171 7 7 171 171 7 171 7 7 171 171 171 7 171 7 7 171 7 171 7 171 7 7 171 7 7 171 7 7 7 171 171 171 171 7 171 171 7 171 171 7 7 171 171 171 171 7 7 7 7 171 171 7 7 7 171 7 7 171 171 171 7 171 171 171 171 7 7 7 171 7 171 171 7 7 7 7 171 7 7 7 7 7 7 171 7 7 7 7 7 7 7 171 7 171 171 171 171 7 171 171 7 7 7 171 171 171 7 7 7 171 7 171 171 7 7 171 171 7 7 171 171 171 7 7 171 7 171 7 171 7 171 171 7 7 7 171 171 171 171 171 7 7 171 7 7 171 171 171 7 171 171 7 7 7 7 7 7 171 171 171 7 171 171 171 7 171 171 171 171 7 171 171 171 7 7 7 171 171 171 171 7 171 171 171 171 171 171 171 171 171 171 7 7 7 171 7 7 171 171 7 7 171 171 171 7 7 7 171 171 171 171 7 171 7 171 7 7 7 7 7 171 7 7 171 171 7 171 171 7 7 7 7 7 7 7 7 171 7 171 7 171 7 7 7 7 7 171 171 171 7 171 7 7 7 171 171 7 171 171 7 171 171 171 171 171 7 7 171 7 171 7 171 171 171 171 171 7 7 171 7 171 171 171 7 171 7 7 7 171 7 7 171 171 171 171 7 171 171 171 7 7 171 7 171 7 7 7 7 171 171 7 7 7 7 171 171 7 171 7 7 7 171 7 7 171 7 171 7 7 171 171 7 7 7 7 7 171 171 7 7 7 171 7 7 171 171 7 171 171 7 7 7 7 171 7 7 7 7 171 7 7 7 7 7 171 171 7 7 7 171 171 171 171 7 7 171 171 7 7 171 7 7 171 171 171 7 171 7 7 7 171 171 7 171 7 171 171 7 7 7 171 171 7 7 171 7 7 171 7 7 171 7 7 7 7 171 7 171 171 7 7 171 7 7 171 171 7 171 171 171 7 7 7 7 7 171 7 171 171 171 171 171 171 171 171 7 171 7 7 7 7 7 7 171 171 7 171 171 7 7 7 171 7 171 171 7 7 171 171 171 7 7 7 171 7 7 171 171 7 171 171 171 171 7 171 7 171 171 171 7 7 7 7 7 171 171 7 7 171 171 7 171 7 171 171 171 7 171 171 171 171 171 171 171 7 171 171 7 7 171 171 171 171 171 7 7 171 171 7 7 7 7 7 171 7 171 7 171 7 171 7 171 171 171 7 171 171 7 171 171 7 7 7 171 171 7 7 171 7 7 171 171 7 171 7 7 7 7 7 171 7 7 171 171 171 171 7 7 7 7 171 171 171 171 171 7 7 171 171 7 7 171 171 7 7 171 171 7 171 7 7 7 171 171 171 171 7 171 171 171 7 7 171 7 171 171 171 171 171 171 7 7 171 171 171 7 171 171 171 171 7 7 171 7 7 171 171 171 7 171 171 171 7 7 171 7 171 7 7 7 1 
c [Signal] Signal interruption. Caught signal: SIGTERM (15).
c [Label = 183] Encoding starts with target value = 164:
c [Signal] Signal interruption. Caught signal: SIGTERM (15).
c [Label = 176] Encoding starts with target value = 164:
c [Signal] Signal interruption. Caught signal: SIGTERM (15).
c [Main] Lowest label SAT is set to 169.
c [Main] Kill higher label pid 183.
c [Main] Kill higher label pid 171.
c [Main] Kill higher label pid 176.
c [Main] Kill higher label pid 182.
c [Main] Kill higher label pid 179.
c [Main] Kill higher label pid 174.
c [Label = 182] Encoding starts with target value = 164:
c [Signal] Signal interruption. Caught signal: SIGTERM (15).
c [Label = 179] Encoding starts with target value = 164:
c [Label = 179] Encoding duration: 1427ms.
c [Label = 179] Number of clauses: 568304.
c [Label = 179] Number of variables: 240448.
c [Label = 179] Solving duration: 5 ms.
s [Label = 179] SAT (w = 164).
c [Label = 179] Label assignment: 15 15 15 179 15 179 179 15 15 179 179 15 179 179 179 15 179 15 179 15 15 179 15 179 15 15 179 179 15 179 15 15 179 179 179 15 179 15 15 179 15 179 15 179 15 15 179 15 15 179 15 15 15 179 179 179 179 15 179 179 15 179 179 15 15 179 179 179 179 15 15 15 15 179 179 15 15 15 179 15 15 179 179 179 15 179 179 179 179 15 15 15 179 15 179 179 15 15 15 15 179 15 15 15 15 15 15 179 15 15 15 15 15 15 15 179 15 179 179 179 179 15 179 179 15 15 15 179 179 179 15 15 15 179 15 179 179 15 15 179 179 15 15 179 179 179 15 15 179 15 179 15 179 15 179 179 15 15 15 179 179 179 179 179 15 15 179 15 15 179 179 179 15 179 179 15 15 15 15 15 15 179 179 179 15 179 179 179 15 179 179 179 179 15 179 179 179 15 15 15 179 179 179 179 15 179 179 179 179 179 179 179 179 179 179 15 15 15 179 15 15 179 179 15 15 179 179 179 15 15 15 179 179 179 179 15 179 15 179 15 15 15 15 15 179 15 15 179 179 15 179 179 15 15 15 15 15 15 15 15 179 15 179 15 179 15 15 15 15 15 179 179 179 15 179 15 15 15 179 179 15 179 179 15 179 179 179 179 179 15 15 179 15 179 15 179 179 179 179 179 15 15 179 15 179 179 179 15 179 15 15 15 179 15 15 179 179 179 179 15 179 179 179 15 15 179 15 179 15 15 15 15 179 179 15 15 15 15 179 179 15 179 15 15 15 179 15 15 179 15 179 15 15 179 179 15 15 15 15 15 179 179 15 15 15 179 15 15 179 179 15 179 179 15 15 15 15 179 15 15 15 15 179 15 15 15 15 15 179 179 15 15 15 179 179 179 179 15 15 179 179 15 15 179 15 15 179 179 179 15 179 15 15 15 179 179 15 179 15 179 179 15 15 15 179 179 15 15 179 15 15 179 15 15 179 15 15 15 15 179 15 179 179 15 15 179 15 15 179 179 15 179 179 179 15 15 15 15 15 179 15 179 179 179 179 179 179 179 179 15 179 15 15 15 15 15 15 179 179 15 179 179 15 15 15 179 15 179 179 15 15 179 179 179 15 15 15 179 15 15 179 179 15 179 179 179 179 15 179 15 179 179 179 15 15 15 15 15 179 179 15 15 179 179 15 179 15 179 179 179 15 179 179 179 179 179 179 179 15 179 179 15 15 179 179 179 179 179 15 15 179 179 15 15 15 15 15 179 15 179 15 179 15 179 15 179 179 179 15 179 179 15 179 179 15 15 15 179 179 15 15 179 15 15 179 179 15 179 15 15 15 15 15 179 15 15 179 179 179 179 15 15 15 15 179 179 179 179 179 15 15 179 179 15 15 179 179 15 15 179 179 15 179 15 15 15 179 179 179 179 15 179 179 179 15 15 179 15 179 179 179 179 179 179 15 15 179 179 179 15 179 179 179 179 15 15 179 15 15 179 179 179 15 179 179 179 15 15 179 15 179 15 15 15 1 
c [Signal] Signal interruption. Caught signal: SIGTERM (15).
c [Label = 174] Encoding starts with target value = 164:
c [Label = 174] Encoding duration: 1139ms.
c [Label = 174] Number of clauses: 525627.
c [Label = 174] Number of variables: 233698.
c [Label = 174] Solving duration: 4 ms.
s [Label = 174] SAT (w = 164).
c [Label = 174] Label assignment: 10 10 10 174 10 174 174 10 10 174 174 10 174 174 174 10 174 10 174 10 10 174 10 174 10 10 174 174 10 174 10 10 174 174 174 10 174 10 10 174 10 174 10 174 10 10 174 10 10 174 10 10 10 174 174 174 174 10 174 174 10 174 174 10 10 174 174 174 174 10 10 10 10 174 174 10 10 10 174 10 10 174 174 174 10 174 174 174 174 10 10 10 174 10 174 174 10 10 10 10 174 10 10 10 10 10 10 174 10 10 10 10 10 10 10 174 10 174 174 174 174 10 174 174 10 10 10 174 174 174 10 10 10 174 10 174 174 10 10 174 174 10 10 174 174 174 10 10 174 10 174 10 174 10 174 174 10 10 10 174 174 174 174 174 10 10 174 10 10 174 174 174 10 174 174 10 10 10 10 10 10 174 174 174 10 174 174 174 10 174 174 174 174 10 174 174 174 10 10 10 174 174 174 174 10 174 174 174 174 174 174 174 174 174 174 10 10 10 174 10 10 174 174 10 10 174 174 174 10 10 10 174 174 174 174 10 174 10 174 10 10 10 10 10 174 10 10 174 174 10 174 174 10 10 10 10 10 10 10 10 174 10 174 10 174 10 10 10 10 10 174 174 174 10 174 10 10 10 174 174 10 174 174 10 174 174 174 174 174 10 10 174 10 174 10 174 174 174 174 174 10 10 174 10 174 174 174 10 174 10 10 10 174 10 10 174 174 174 174 10 174 174 174 10 10 174 10 174 10 10 10 10 174 174 10 10 10 10 174 174 10 174 10 10 10 174 10 10 174 10 174 10 10 174 174 10 10 10 10 10 174 174 10 10 10 174 10 10 174 174 10 174 174 10 10 10 10 174 10 10 10 10 174 10 10 10 10 10 174 174 10 10 10 174 174 174 174 10 10 174 174 10 10 174 10 10 174 174 174 10 174 10 10 10 174 174 10 174 10 174 174 10 10 10 174 174 10 10 174 10 10 174 10 10 174 10 10 10 10 174 10 174 174 10 10 174 10 10 174 174 10 174 174 174 10 10 10 10 10 174 10 174 174 174 174 174 174 174 174 10 174 10 10 10 10 10 10 174 174 10 174 174 10 10 10 174 10 174 174 10 10 174 174 174 10 10 10 174 10 10 174 174 10 174 174 174 174 10 174 10 174 174 174 10 10 10 10 10 174 174 10 10 174 174 10 174 10 174 174 174 10 174 174 174 174 174 174 174 10 174 174 10 10 174 174 174 174 174 10 10 174 174 10 10 10 10 10 174 10 174 10 174 10 174 10 174 174 174 10 174 174 10 174 174 10 10 10 174 174 10 10 174 10 10 174 174 10 174 10 10 10 10 10 174 10 10 174 174 174 174 10 10 10 10 174 174 174 174 174 10 10 174 174 10 10 174 174 10 10 174 174 10 174 10 10 10 174 174 174 174 10 174 174 174 10 10 174 10 174 174 174 174 174 174 10 10 174 174 174 10 174 174 174 174 10 10 174 10 10 174 174 174 10 174 174 174 10 10 174 10 174 10 10 10 1 
c [Signal] Signal interruption. Caught signal: SIGTERM (15).
c [Label = 167] Minimize Makespan Labeling problem (V-nos6.mtx.rnd):
c [Main] Child pid 171 - 17579 terminated by signal 15.
c [Main] Child pid 174 - 17571 terminated by signal 15.
c [Main] Child pid 176 - 17578 terminated by signal 15.
c [Label = 168] Minimize Makespan Labeling problem (V-nos6.mtx.rnd):
c [Main] Child pid 182 - 17577 terminated by signal 15.
c [Main] Child pid 179 - 17574 terminated by signal 15.
c [Main] Child pid 183 - 17581 terminated by signal 15.
c [Label = 165] Minimize Makespan Labeling problem (V-nos6.mtx.rnd):
c [Label = 166] Encoding starts with target value = 164:
c [Label = 166] Encoding duration: 1137ms.
c [Label = 166] Number of clauses: 457343.
c [Label = 166] Number of variables: 222898.
c [Label = 166] Solving duration: 1 ms.
s [Label = 166] SAT (w = 164).
c [Label = 166] Label assignment: 2 2 2 166 2 166 166 2 2 166 166 2 166 166 166 2 166 2 166 2 2 166 2 166 2 2 166 166 2 166 2 2 166 166 166 2 166 2 2 166 2 166 2 166 2 2 166 2 2 166 2 2 2 166 166 166 166 2 166 166 2 166 166 2 2 166 166 166 166 2 2 2 2 166 166 2 2 2 166 2 2 166 166 166 2 166 166 166 166 2 2 2 166 2 166 166 2 2 2 2 166 2 2 2 2 2 2 166 2 2 2 2 2 2 2 166 2 166 166 166 166 2 166 166 2 2 2 166 166 166 2 2 2 166 2 166 166 2 2 166 166 2 2 166 166 166 2 2 166 2 166 2 166 2 166 166 2 2 2 166 166 166 166 166 2 2 166 2 2 166 166 166 2 166 166 2 2 2 2 2 2 166 166 166 2 166 166 166 2 166 166 166 166 2 166 166 166 2 2 2 166 166 166 166 2 166 166 166 166 166 166 166 166 166 166 2 2 2 166 2 2 166 166 2 2 166 166 166 2 2 2 166 166 166 166 2 166 2 166 2 2 2 2 2 166 2 2 166 166 2 166 166 2 2 2 2 2 2 2 2 166 2 166 2 166 2 2 2 2 2 166 166 166 2 166 2 2 2 166 166 2 166 166 2 166 166 166 166 166 2 2 166 2 166 2 166 166 166 166 166 2 2 166 2 166 166 166 2 166 2 2 2 166 2 2 166 166 166 166 2 166 166 166 2 2 166 2 166 2 2 2 2 166 166 2 2 2 2 166 166 2 166 2 2 2 166 2 2 166 2 166 2 2 166 166 2 2 2 2 2 166 166 2 2 2 166 2 2 166 166 2 166 166 2 2 2 2 166 2 2 2 2 166 2 2 2 2 2 166 166 2 2 2 166 166 166 166 2 2 166 166 2 2 166 2 2 166 166 166 2 166 2 2 2 166 166 2 166 2 166 166 2 2 2 166 166 2 2 166 2 2 166 2 2 166 2 2 2 2 166 2 166 166 2 2 166 2 2 166 166 2 166 166 166 2 2 2 2 2 166 2 166 166 166 166 166 166 166 166 2 166 2 2 2 2 2 2 166 166 2 166 166 2 2 2 166 2 166 166 2 2 166 166 166 2 2 2 166 2 2 166 166 2 166 166 166 166 2 166 2 166 166 166 2 2 2 2 2 166 166 2 2 166 166 2 166 2 166 166 166 2 166 166 166 166 166 166 166 2 166 166 2 2 166 166 166 166 166 2 2 166 166 2 2 2 2 2 166 2 166 2 166 2 166 2 166 166 166 2 166 166 2 166 166 2 2 2 166 166 2 2 166 2 2 166 166 2 166 2 2 2 2 2 166 2 2 166 166 166 166 2 2 2 2 166 166 166 166 166 2 2 166 166 2 2 166 166 2 2 166 166 2 166 2 2 2 166 166 166 166 2 166 166 166 2 2 166 2 166 166 166 166 166 166 2 2 166 166 166 2 166 166 166 166 2 2 166 2 2 166 166 166 2 166 166 166 2 2 166 2 166 2 2 2 1 
c [Main] Lowest label SAT is set to 166.
c [Main] Kill higher label pid 168.
c [Main] Kill higher label pid 167.
c [Label = 167] Encoding starts with target value = 164:
c [Signal] Signal interruption. Caught signal: SIGTERM (15).
c [Label = 168] Encoding starts with target value = 164:
c [Signal] Signal interruption. Caught signal: SIGTERM (15).
c [Main] Child pid 168 - 17585 terminated by signal 15.
c [Main] Child pid 167 - 17583 terminated by signal 15.
c [Label = 165] Encoding starts with target value = 164:
c [Label = 165] Encoding duration: 656ms.
c [Label = 165] Number of clauses: 448807.
c [Label = 165] Number of variables: 221548.
c [Label = 165] Solving duration: 7 ms.
s [Label = 165] SAT (w = 164).
c [Label = 165] Label assignment: 1 1 1 165 1 165 165 1 1 165 165 1 165 165 165 1 165 1 165 1 1 165 1 165 1 1 165 165 1 165 1 1 165 165 165 1 165 1 1 165 1 165 1 165 1 1 165 1 1 165 1 1 1 165 165 165 165 1 165 165 1 165 165 1 1 165 165 165 165 1 1 1 1 165 165 1 1 1 165 1 1 165 165 165 1 165 165 165 165 1 1 1 165 1 165 165 1 1 1 1 165 1 1 1 1 1 1 165 1 1 1 1 1 1 1 165 1 165 165 165 165 1 165 165 1 1 1 165 165 165 1 1 1 165 1 165 165 1 1 165 165 1 1 165 165 165 1 1 165 1 165 1 165 1 165 165 1 1 1 165 165 165 165 165 1 1 165 1 1 165 165 165 1 165 165 1 1 1 1 1 1 165 165 165 1 165 165 165 1 165 165 165 165 1 165 165 165 1 1 1 165 165 165 165 1 165 165 165 165 165 165 165 165 165 165 1 1 1 165 1 1 165 165 1 1 165 165 165 1 1 1 165 165 165 165 1 165 1 165 1 1 1 1 1 165 1 1 165 165 1 165 165 1 1 1 1 1 1 1 1 165 1 165 1 165 1 1 1 1 1 165 165 165 1 165 1 1 1 165 165 1 165 165 1 165 165 165 165 165 1 1 165 1 165 1 165 165 165 165 165 1 1 165 1 165 165 165 1 165 1 1 1 165 1 1 165 165 165 165 1 165 165 165 1 1 165 1 165 1 1 1 1 165 165 1 1 1 1 165 165 1 165 1 1 1 165 1 1 165 1 165 1 1 165 165 1 1 1 1 1 165 165 1 1 1 165 1 1 165 165 1 165 165 1 1 1 1 165 1 1 1 1 165 1 1 1 1 1 165 165 1 1 1 165 165 165 165 1 1 165 165 1 1 165 1 1 165 165 165 1 165 1 1 1 165 165 1 165 1 165 165 1 1 1 165 165 1 1 165 1 1 165 1 1 165 1 1 1 1 165 1 165 165 1 1 165 1 1 165 165 1 165 165 165 1 1 1 1 1 165 1 165 165 165 165 165 165 165 165 1 165 1 1 1 1 1 1 165 165 1 165 165 1 1 1 165 1 165 165 1 1 165 165 165 1 1 1 165 1 1 165 165 1 165 165 165 165 1 165 1 165 165 165 1 1 1 1 1 165 165 1 1 165 165 1 165 1 165 165 165 1 165 165 165 165 165 165 165 1 165 165 1 1 165 165 165 165 165 1 1 165 165 1 1 1 1 1 165 1 165 1 165 1 165 1 165 165 165 1 165 165 1 165 165 1 1 1 165 165 1 1 165 1 1 165 165 1 165 1 1 1 1 1 165 1 1 165 165 165 165 1 1 1 1 165 165 165 165 165 1 1 165 165 1 1 165 165 1 1 165 165 1 165 1 1 1 165 165 165 165 1 165 165 165 1 1 165 1 165 165 165 165 165 165 1 1 165 165 165 1 165 165 165 165 1 1 165 1 1 165 165 165 1 165 165 165 1 1 165 1 165 1 1 1 1 
c [Main] Lowest label SAT is set to 165.
c [Signal] Signal interruption. Caught signal: SIGTERM (15).
c [Main] All children have completed.
r [Main] 
r [Main] Final results: 
r [Main] Lowest label SAT:  	165.
r [Main] Highest label UNSAT:	-.
r [Main] Total real time: 4361 ms.
r [Main] Total memory consumed: 2177.2 MB.
r [Main] 
