c [Version] Minimize Makespan Labeling Encoder version 1.0.0.
c [Param] Target value is set to 116.
c [Param] LB is predefined as 117.
c [Param] UB is predefined as 715.
c [Param] Target value is set to Antibandwidth.
c [Param] Vertices mode is set to Has hole.
c [Param] Result verification is ON.
c [Param] Memory limit is set to 30000.
c [Param] Real time limit is set to 1800.
c [Param] Worker count is set to 8.
c [Param] Max CNF size is set to 10.
c [Main] Search strategy: Iterating Breadth First Search (Reverse).
c [Main] Search order: 416 566 266 641 491 341 191 678 603 528 453 378 303 228 153 697 659 622 584 547 509 472 434 397 359 322 284 247 209 172 134 706 687 668 650 631 612 593 575 556 537 518 500 481 462 443 425 406 387 368 350 331 312 293 275 256 237 218 200 181 162 143 125 711 701 692 682 673 663 654 645 636 626 617 607 598 588 579 570 561 551 542 532 523 513 504 495 486 476 467 457 448 438 429 420 411 401 392 382 373 363 354 345 336 326 317 307 298 288 279 270 261 251 242 232 223 213 204 195 186 176 167 157 148 138 129 120 713 708 703 699 694 689 684 680 675 670 665 661 656 652 647 643 638 633 628 624 619 614 609 605 600 595 590 586 581 577 572 568 563 558 553 549 544 539 534 530 525 520 515 511 506 502 497 493 488 483 478 474 469 464 459 455 450 445 440 436 431 427 422 418 413 408 403 399 394 389 384 380 375 370 365 361 356 352 347 343 338 333 328 324 319 314 309 305 300 295 290 286 281 277 272 268 263 258 253 249 244 239 234 230 225 220 215 211 206 202 197 193 188 183 178 174 169 164 159 155 150 145 140 136 131 127 122 118 714 712 709 707 704 702 700 698 695 693 690 688 685 683 681 679 676 674 671 669 666 664 662 660 657 655 653 651 648 646 644 642 639 637 634 632 629 627 625 623 620 618 615 613 610 608 606 604 601 599 596 594 591 589 587 585 582 580 578 576 573 571 569 567 564 562 559 557 554 552 550 548 545 543 540 538 535 533 531 529 526 524 521 519 516 514 512 510 507 505 503 501 498 496 494 492 489 487 484 482 479 477 475 473 470 468 465 463 460 458 456 454 451 449 446 444 441 439 437 435 432 430 428 426 423 421 419 417 414 412 409 407 404 402 400 398 395 393 390 388 385 383 381 379 376 374 371 369 366 364 362 360 357 355 353 351 348 346 344 342 339 337 334 332 329 327 325 323 320 318 315 313 310 308 306 304 301 299 296 294 291 289 287 285 282 280 278 276 273 271 269 267 264 262 259 257 254 252 250 248 245 243 240 238 235 233 231 229 226 224 221 219 216 214 212 210 207 205 203 201 198 196 194 192 189 187 184 182 179 177 175 173 170 168 165 163 160 158 156 154 151 149 146 144 141 139 137 135 132 130 128 126 123 121 119 117 715 710 705 696 691 686 677 672 667 658 649 640 635 630 621 616 611 602 597 592 583 574 565 560 555 546 541 536 527 522 517 508 499 490 485 480 471 466 461 452 447 442 433 424 415 410 405 396 391 386 377 372 367 358 349 340 335 330 321 316 311 302 297 292 283 274 265 260 255 246 241 236 227 222 217 208 199 190 185 180 171 166 161 152 147 142 133 124.
c [Main] Encoding and solving for graph: X-can__715.mtx.rnd.
c [Label = 416] Minimize Makespan Labeling problem (X-can__715.mtx.rnd):
c [Label = 566] Minimize Makespan Labeling problem (X-can__715.mtx.rnd):
c [Label = 266] Minimize Makespan Labeling problem (X-can__715.mtx.rnd):
c [Label = 641] Minimize Makespan Labeling problem (X-can__715.mtx.rnd):
c [Label = 491] Minimize Makespan Labeling problem (X-can__715.mtx.rnd):
c [Label = 341] Minimize Makespan Labeling problem (X-can__715.mtx.rnd):
c [Label = 678] Minimize Makespan Labeling problem (X-can__715.mtx.rnd):
c [Label = 191] Minimize Makespan Labeling problem (X-can__715.mtx.rnd):
c [Label = 191] Encoding starts with target value = 116:
c [Label = 191] Encoding duration: 1551ms.
c [Label = 191] Number of clauses: 1491325.
c [Label = 191] Number of variables: 271858.
c [Label = 191] Solving duration: 0 ms.
s [Label = 191] UNSAT (w = 116).
c [Main] Highest label UNSAT is set to 191
c [Label = 603] Minimize Makespan Labeling problem (X-can__715.mtx.rnd):
c [Label = 266] Encoding starts with target value = 116:
c [Label = 266] Encoding duration: 3229ms.
c [Label = 266] Number of clauses: 2887593.
c [Label = 266] Number of variables: 459903.
c [Label = 266] Solving duration: 9979 ms.
s [Label = 266] UNSAT (w = 116).
c [Main] Highest label UNSAT is set to 266
c [Label = 528] Minimize Makespan Labeling problem (X-can__715.mtx.rnd):
c [Label = 341] Encoding starts with target value = 116:
c [Label = 341] Encoding duration: 4433ms.
c [Label = 341] Number of clauses: 4048255.
c [Label = 341] Number of variables: 567153.
c [Label = 341] Solving duration: 10925 ms.
s [Label = 341] UNSAT (w = 116).
c [Main] Highest label UNSAT is set to 341
c [Label = 453] Minimize Makespan Labeling problem (X-can__715.mtx.rnd):
c [Label = 416] Encoding starts with target value = 116:
c [Label = 416] Encoding duration: 6396ms.
c [Label = 416] Number of clauses: 5445238.
c [Label = 416] Number of variables: 755198.
c [Label = 416] Solving duration: 19528 ms.
s [Label = 416] UNSAT (w = 116).
c [Main] Highest label UNSAT is set to 416
c [Label = 697] Minimize Makespan Labeling problem (X-can__715.mtx.rnd):
c [Label = 566] Encoding starts with target value = 116:
c [Label = 566] Encoding duration: 10333ms.
c [Label = 566] Number of clauses: 8003598.
c [Label = 566] Number of variables: 1050493.
c [Label = 566] Solving duration: 20496 ms.
s [Label = 566] UNSAT (w = 116).
c [Main] Highest label UNSAT is set to 566
c [Main] Kill lower label pid 453.
c [Main] Kill lower label pid 528.
c [Main] Kill lower label pid 491.
c [Label = 453] Encoding starts with target value = 116:
c [Label = 453] Encoding duration: 8467ms.
c [Label = 453] Number of clauses: 6017831.
c [Label = 453] Number of variables: 808108.
c [Signal] Signal interruption. Caught signal: SIGTERM (15).
c [Label = 491] Encoding starts with target value = 116:
c [Label = 491] Encoding duration: 8342ms.
c [Label = 491] Number of clauses: 6842935.
c [Label = 491] Number of variables: 943243.
c [Signal] Signal interruption. Caught signal: SIGTERM (15).
c [Label = 528] Encoding starts with target value = 116:
c [Label = 528] Encoding duration: 11092ms.
c [Label = 528] Number of clauses: 7415529.
c [Label = 528] Number of variables: 996153.
c [Signal] Signal interruption. Caught signal: SIGTERM (15).
c [Label = 659] Minimize Makespan Labeling problem (X-can__715.mtx.rnd):
c [Main] Child pid 453 - 1798378 terminated by signal 15.
c [Label = 622] Minimize Makespan Labeling problem (X-can__715.mtx.rnd):
c [Main] Child pid 491 - 1798367 terminated by signal 15.
c [Label = 584] Minimize Makespan Labeling problem (X-can__715.mtx.rnd):
c [Main] Child pid 528 - 1798377 terminated by signal 15.
c [Label = 706] Minimize Makespan Labeling problem (X-can__715.mtx.rnd):
c [Label = 603] Encoding starts with target value = 116:
c [Label = 603] Encoding duration: 11043ms.
c [Label = 603] Number of clauses: 8813941.
c [Label = 603] Number of variables: 1184198.
c [Label = 603] Solving duration: 22538 ms.
s [Label = 603] SAT (w = 116).
c [Label = 603] Label assignment: 1 1 1 1 1 1 1 1 117 117 1 1 1 1 1 1 1 1 1 1 1 1 117 117 117 117 117 117 117 117 117 1 1 1 117 1 1 1 117 233 117 1 1 1 1 233 233 1 1 1 233 1 117 1 1 233 1 117 1 233 233 1 1 1 233 1 1 1 233 117 117 1 1 117 117 117 117 117 117 233 1 1 1 117 117 1 1 1 233 349 233 233 233 1 117 1 117 233 233 1 1 1 349 1 1 1 233 117 1 1 117 233 349 233 349 1 349 117 233 1 233 233 349 233 117 1 1 233 117 117 1 349 117 117 233 349 233 117 117 349 117 1 370 254 1 1 1 349 117 117 117 1 233 117 349 1 117 1 1 117 117 233 117 117 233 233 1 1 233 117 233 117 117 349 486 117 233 1 117 117 233 1 1 349 138 117 117 349 117 602 233 370 1 233 233 465 117 349 117 233 1 233 1 233 117 1 349 1 349 117 1 254 117 233 1 1 349 1 349 117 581 117 465 465 465 1 233 233 117 1 465 233 1 1 233 117 233 233 117 233 1 233 1 117 1 603 117 117 349 349 465 349 1 117 581 233 233 1 117 117 349 465 233 117 349 117 117 349 349 233 349 1 349 117 349 117 233 233 1 1 465 349 349 349 465 465 233 1 603 349 117 233 465 1 1 233 602 349 117 1 349 117 487 233 603 233 1 233 486 233 233 117 465 349 370 233 349 349 117 233 465 465 117 349 233 233 602 117 349 465 465 465 349 602 470 117 233 1 465 254 603 1 603 349 117 117 1 1 117 233 603 581 233 349 350 1 486 1 117 349 602 349 602 138 1 1 349 603 349 465 349 349 349 603 603 233 233 603 254 233 349 233 350 233 486 370 233 487 349 465 371 602 117 349 465 233 602 602 487 603 233 465 602 603 465 603 349 486 349 117 349 254 117 602 1 233 233 465 233 349 117 233 233 1 117 349 465 465 349 117 370 465 233 349 117 486 603 602 465 1 465 603 602 233 117 117 603 465 602 1 233 117 349 117 349 1 370 370 465 233 465 349 603 603 465 233 349 349 602 349 233 117 465 581 465 1 370 465 233 603 486 486 465 370 603 465 117 602 465 233 233 603 486 465 349 233 349 370 349 117 117 349 349 465 465 349 117 603 1 602 603 233 233 581 603 233 1 349 465 117 233 117 585 233 349 465 465 603 603 233 1 603 370 1 465 349 117 603 349 117 233 233 603 602 233 1 465 349 465 603 117 466 349 465 117 465 465 465 603 233 233 1 117 349 233 349 465 465 349 603 603 603 349 370 370 1 233 254 465 233 465 603 233 465 603 349 1 349 349 233 117 349 602 602 603 349 581 465 603 486 465 233 603 465 233 465 1 585 603 233 233 1 465 117 468 370 603 465 349 349 1 581 602 465 233 138 233 602 1 370 349 233 465 466 486 465 465 233 117 1 233 349 233 602 349 349 117 349 603 486 233 370 465 603 233 465 1 465 602 602 465 117 233 603 467 349 465 117 603 465 465 349 349 603 603 486 117 349 349 469 370 349 486 603 349 465 370 117 603 117 117 603 603 603 465 465 233 233 117 254 349 22 603 603 349 233 465 233 371 581 465 465 233 349 581 
c [Label = 622] Encoding starts with target value = 116:
c [Signal] Signal interruption. Caught signal: SIGTERM (15).
c [Label = 659] Encoding starts with target value = 116:
c [Signal] Signal interruption. Caught signal: SIGTERM (15).
c [Main] Lowest label SAT is set to 603.
c [Main] Kill higher label pid 622.
c [Main] Kill higher label pid 659.
c [Main] Kill higher label pid 697.
c [Main] Kill higher label pid 678.
c [Main] Kill higher label pid 706.
c [Main] Kill higher label pid 641.
c [Label = 697] Encoding starts with target value = 116:
c [Signal] Signal interruption. Caught signal: SIGTERM (15).
c [Label = 641] Encoding starts with target value = 116:
c [Label = 641] Encoding duration: 11839ms.
c [Label = 641] Number of clauses: 9402010.
c [Label = 641] Number of variables: 1238538.
c [Label = 641] Solving duration: 24200 ms.
s [Label = 641] SAT (w = 116).
c [Label = 641] Label assignment: 1 1 1 1 1 1 1 1 117 117 1 1 1 1 1 1 1 1 1 1 1 1 117 117 117 117 117 117 117 117 117 1 1 1 117 1 1 1 117 233 117 1 1 1 1 233 233 1 1 1 233 1 117 1 1 233 1 117 1 233 233 1 1 1 233 1 1 1 233 117 117 1 1 117 117 117 117 117 117 233 1 1 1 117 117 1 1 1 233 349 233 233 233 1 117 1 117 233 233 1 1 1 349 1 1 1 233 117 1 1 117 233 349 233 349 1 349 117 233 1 233 233 349 233 117 1 1 233 117 117 1 349 117 117 233 349 233 117 117 349 117 1 408 292 1 1 1 349 117 117 117 1 233 117 349 1 117 1 1 117 117 233 117 117 233 233 1 1 233 117 233 117 117 349 524 117 233 1 117 117 233 1 1 349 176 117 117 349 117 640 233 408 1 233 233 465 117 349 117 233 1 233 1 233 117 1 349 1 349 117 1 292 117 233 1 1 349 1 349 117 581 117 465 465 465 1 233 233 117 1 465 233 1 1 233 117 233 233 117 233 1 233 1 117 1 641 117 117 349 349 465 349 1 117 581 233 233 1 117 117 349 465 233 117 349 117 117 349 349 233 349 1 349 117 349 117 233 233 1 1 465 349 349 349 465 465 233 1 641 349 117 233 465 1 1 233 640 349 117 1 349 117 525 233 641 233 1 233 524 233 233 117 465 349 408 233 349 349 117 233 465 465 117 349 233 233 640 117 349 465 465 465 349 640 470 117 233 1 465 292 641 1 641 349 117 117 1 1 117 233 641 581 233 349 350 1 524 1 117 349 640 349 640 176 1 1 349 641 349 465 349 349 349 641 641 233 233 641 292 233 349 233 350 233 524 408 233 525 349 465 409 640 117 349 465 233 640 640 525 641 233 465 640 641 465 641 349 524 349 117 349 292 117 640 1 233 233 465 233 349 117 233 233 1 117 349 465 465 349 117 408 465 233 349 117 524 641 640 465 1 465 641 640 233 117 117 641 465 640 1 233 117 349 117 349 1 408 408 465 233 465 349 641 641 465 233 349 349 640 349 233 117 465 581 465 1 408 465 233 641 524 524 465 408 641 465 117 640 465 233 233 641 524 465 349 233 349 408 349 117 117 349 349 465 465 349 117 641 1 640 641 233 233 581 641 233 1 349 465 117 233 117 585 233 349 465 465 641 641 233 1 641 408 1 465 349 117 641 349 117 233 233 641 640 233 1 465 349 465 641 117 466 349 465 117 465 465 465 641 233 233 1 117 349 233 349 465 465 349 641 641 641 349 408 408 1 233 292 465 233 465 641 233 465 641 349 1 349 349 233 117 349 640 640 641 349 581 465 641 524 465 233 641 465 233 465 1 585 641 233 233 1 465 117 468 408 641 465 349 349 1 581 640 465 233 176 233 640 1 408 349 233 465 466 524 465 465 233 117 1 233 349 233 640 349 349 117 349 641 524 233 408 465 641 233 465 1 465 640 640 465 117 233 641 467 349 465 117 641 465 465 349 349 641 641 524 117 349 349 469 408 349 524 641 349 465 408 117 641 117 117 641 641 641 465 465 233 233 117 292 349 60 641 641 349 233 465 233 409 581 465 465 233 349 581 
c [Signal] Signal interruption. Caught signal: SIGTERM (15).
c [Label = 706] Encoding starts with target value = 116:
c [Signal] Signal interruption. Caught signal: SIGTERM (15).
c [Label = 678] Encoding starts with target value = 116:
c [Label = 678] Encoding duration: 13134ms.
c [Label = 678] Number of clauses: 9974604.
c [Label = 678] Number of variables: 1291448.
c [Signal] Signal interruption. Caught signal: SIGTERM (15).
c [Label = 593] Minimize Makespan Labeling problem (X-can__715.mtx.rnd):
c [Main] Child pid 622 - 1798388 terminated by signal 15.
c [Label = 575] Minimize Makespan Labeling problem (X-can__715.mtx.rnd):
c [Main] Child pid 659 - 1798387 terminated by signal 15.
c [Label = 598] Minimize Makespan Labeling problem (X-can__715.mtx.rnd):
c [Main] Child pid 706 - 1798390 terminated by signal 15.
c [Label = 588] Minimize Makespan Labeling problem (X-can__715.mtx.rnd):
c [Main] Child pid 697 - 1798381 terminated by signal 15.
c [Label = 579] Minimize Makespan Labeling problem (X-can__715.mtx.rnd):
c [Main] Child pid 641 - 1798366 terminated by signal 15.
c [Label = 570] Minimize Makespan Labeling problem (X-can__715.mtx.rnd):
c [Main] Child pid 678 - 1798370 terminated by signal 15.
c [Label = 600] Minimize Makespan Labeling problem (X-can__715.mtx.rnd):
c [Label = 584] Encoding starts with target value = 116:
c [Label = 584] Encoding duration: 10646ms.
c [Label = 584] Number of clauses: 8519907.
c [Label = 584] Number of variables: 1157028.
c [Label = 584] Solving duration: 22717 ms.
s [Label = 584] SAT (w = 116).
c [Label = 584] Label assignment: 1 1 1 1 1 1 1 1 117 117 1 1 1 1 1 1 1 1 1 1 1 1 117 117 117 117 117 117 117 117 117 1 1 1 117 1 1 1 117 233 117 1 1 1 1 233 233 1 1 1 233 1 117 1 1 233 1 117 1 233 233 1 1 1 233 1 1 1 233 117 117 1 1 117 117 117 117 117 117 233 1 1 1 117 117 1 1 1 233 349 233 233 233 1 117 1 117 233 233 1 1 1 349 1 1 1 233 117 1 1 117 233 349 233 349 1 349 117 233 1 233 233 349 233 117 1 1 233 117 117 1 349 117 117 233 349 233 117 117 349 117 1 351 235 1 1 1 349 117 117 117 1 233 117 349 1 117 1 1 117 117 233 117 117 233 233 1 1 233 117 233 117 117 349 467 117 233 1 117 117 233 1 1 349 119 117 117 349 117 583 233 351 1 233 233 465 117 349 117 233 1 233 1 233 117 1 349 1 349 117 1 235 117 233 1 1 349 1 349 117 581 117 465 465 465 1 233 233 117 1 465 233 1 1 233 117 233 233 117 233 1 233 1 117 1 584 117 117 349 349 465 349 1 117 581 233 233 1 117 117 349 465 233 117 349 117 117 349 349 233 349 1 349 117 349 117 233 233 1 1 465 349 349 349 465 465 233 1 584 349 117 233 465 1 1 233 583 349 117 1 349 117 468 233 584 233 1 233 467 233 233 117 465 349 351 233 349 349 117 233 465 465 117 349 233 233 583 117 349 465 465 465 349 583 468 117 233 1 465 235 584 1 584 349 117 117 1 1 117 233 584 581 233 349 350 1 467 1 117 349 583 349 583 119 1 1 349 584 349 465 349 349 349 584 584 233 233 584 235 233 349 233 350 233 467 351 233 468 349 465 352 583 117 349 465 233 583 583 468 584 233 465 583 584 465 584 349 467 349 117 349 235 117 583 1 233 233 465 233 349 117 233 233 1 117 349 465 465 349 117 351 465 233 349 117 467 584 583 465 1 465 584 583 233 117 117 584 465 583 1 233 117 349 117 349 1 351 351 465 233 465 349 584 584 465 233 349 349 583 349 233 117 465 581 465 1 351 465 233 584 467 467 465 351 584 465 117 583 465 233 233 584 467 465 349 233 349 351 349 117 117 349 349 465 465 349 117 584 1 583 584 233 233 581 584 233 1 349 465 117 233 117 583 233 349 465 465 584 584 233 1 584 351 1 465 349 117 584 349 117 233 233 584 583 233 1 465 349 465 584 117 466 349 465 117 465 465 465 584 233 233 1 117 349 233 349 465 465 349 584 584 584 349 351 351 1 233 235 465 233 465 584 233 465 584 349 1 349 349 233 117 349 583 583 584 349 581 465 584 467 465 233 584 465 233 465 1 583 584 233 233 1 465 117 468 351 584 465 349 349 1 581 583 465 233 119 233 583 1 351 349 233 465 466 467 465 465 233 117 1 233 349 233 583 349 349 117 349 584 467 233 351 465 584 233 465 1 465 583 583 465 117 233 584 467 349 465 117 584 465 465 349 349 584 584 467 117 349 349 467 351 349 467 584 349 465 351 117 584 117 117 584 584 584 465 465 233 233 117 235 349 3 584 584 349 233 465 233 352 581 465 465 233 349 581 
c [Main] Lowest label SAT is set to 584.
c [Main] Kill higher label pid 600.
c [Main] Kill higher label pid 598.
c [Main] Kill higher label pid 588.
c [Main] Kill higher label pid 593.
c [Label = 600] Encoding starts with target value = 116:
c [Label = 600] Encoding duration: 10789ms.
c [Label = 600] Number of clauses: 8767515.
c [Label = 600] Number of variables: 1179908.
c [Signal] Signal interruption. Caught signal: SIGTERM (15).
c [Label = 588] Encoding starts with target value = 116:
c [Label = 588] Encoding duration: 10519ms.
c [Label = 588] Number of clauses: 8581809.
c [Label = 588] Number of variables: 1162748.
c [Signal] Signal interruption. Caught signal: SIGTERM (15).
c [Label = 598] Encoding starts with target value = 116:
c [Label = 598] Encoding duration: 11193ms.
c [Label = 598] Number of clauses: 8736564.
c [Label = 598] Number of variables: 1177048.
c [Signal] Signal interruption. Caught signal: SIGTERM (15).
c [Label = 593] Encoding starts with target value = 116:
c [Label = 593] Encoding duration: 10861ms.
c [Label = 593] Number of clauses: 8659186.
c [Label = 593] Number of variables: 1169898.
c [Signal] Signal interruption. Caught signal: SIGTERM (15).
c [Label = 581] Minimize Makespan Labeling problem (X-can__715.mtx.rnd):
c [Main] Child pid 588 - 1798394 terminated by signal 15.
c [Label = 577] Minimize Makespan Labeling problem (X-can__715.mtx.rnd):
c [Main] Child pid 598 - 1798393 terminated by signal 15.
c [Main] Child pid 600 - 1798397 terminated by signal 15.
c [Label = 572] Minimize Makespan Labeling problem (X-can__715.mtx.rnd):
c [Label = 568] Minimize Makespan Labeling problem (X-can__715.mtx.rnd):
c [Main] Child pid 593 - 1798391 terminated by signal 15.
c [Label = 582] Minimize Makespan Labeling problem (X-can__715.mtx.rnd):
c [Label = 570] Encoding starts with target value = 116:
c [Label = 570] Encoding duration: 9998ms.
c [Label = 570] Number of clauses: 8065500.
c [Label = 570] Number of variables: 1056213.
c [Label = 570] Solving duration: 21394 ms.
s [Label = 570] UNSAT (w = 116).
c [Main] Highest label UNSAT is set to 570
c [Main] Kill lower label pid 568.
c [Label = 568] Encoding starts with target value = 116:
c [Signal] Signal interruption. Caught signal: SIGTERM (15).
c [Label = 580] Minimize Makespan Labeling problem (X-can__715.mtx.rnd):
c [Main] Child pid 568 - 1798409 terminated by signal 15.
c [Label = 578] Minimize Makespan Labeling problem (X-can__715.mtx.rnd):
c [Label = 579] Encoding starts with target value = 116:
c [Label = 579] Encoding duration: 10341ms.
c [Label = 579] Number of clauses: 8204779.
c [Label = 579] Number of variables: 1069083.
c [Label = 579] Solving duration: 21318 ms.
s [Label = 579] UNSAT (w = 116).
c [Main] Highest label UNSAT is set to 579
c [Main] Kill lower label pid 578.
c [Main] Kill lower label pid 572.
c [Main] Kill lower label pid 577.
c [Main] Kill lower label pid 575.
c [Label = 577] Encoding starts with target value = 116:
c [Signal] Signal interruption. Caught signal: SIGTERM (15).
c [Label = 572] Encoding starts with target value = 116:
c [Signal] Signal interruption. Caught signal: SIGTERM (15).
c [Label = 575] Encoding starts with target value = 116:
c [Label = 575] Encoding duration: 10376ms.
c [Label = 575] Number of clauses: 8142877.
c [Label = 575] Number of variables: 1063363.
c [Label = 575] Solving duration: 21861 ms.
s [Label = 575] UNSAT (w = 116).
c [Signal] Signal interruption. Caught signal: SIGTERM (15).
c [Label = 578] Encoding starts with target value = 116:
c [Signal] Signal interruption. Caught signal: SIGTERM (15).
c [Label = 583] Minimize Makespan Labeling problem (X-can__715.mtx.rnd):
c [Main] Child pid 578 - 1798412 terminated by signal 15.
c [Main] Child pid 577 - 1798407 terminated by signal 15.
c [Main] Child pid 572 - 1798408 terminated by signal 15.
c [Main] Child pid 575 - 1798392 terminated by signal 15.
c [Label = 580] Encoding starts with target value = 116:
c [Label = 580] Encoding duration: 7208ms.
c [Label = 580] Number of clauses: 8210615.
c [Label = 580] Number of variables: 1070513.
c [Label = 580] Solving duration: 14772 ms.
s [Label = 580] UNSAT (w = 116).
c [Label = 581] Encoding starts with target value = 116:
c [Label = 581] Encoding duration: 8569ms.
c [Label = 581] Number of clauses: 8473480.
c [Label = 581] Number of variables: 1152738.
c [Label = 581] Solving duration: 15723 ms.
s [Label = 581] SAT (w = 116).
c [Label = 581] Label assignment: 1 1 1 1 1 1 1 1 117 117 1 1 1 1 1 1 1 1 1 1 1 1 117 117 117 117 117 117 117 117 117 1 1 1 117 1 1 1 117 233 117 1 1 1 1 233 233 1 1 1 233 1 117 1 1 233 1 117 1 233 233 1 1 1 233 1 1 1 233 117 117 1 1 117 117 117 117 117 117 233 1 1 1 117 117 1 1 1 233 349 233 233 233 1 117 1 117 233 233 1 1 1 349 1 1 1 233 117 1 1 117 233 349 233 349 1 349 117 233 1 233 233 349 233 117 1 1 233 117 117 1 349 117 117 233 349 233 117 117 349 117 1 463 233 1 1 1 349 117 117 117 1 233 117 349 1 117 1 1 117 117 233 117 117 233 233 1 1 233 117 233 117 117 349 349 117 233 1 117 117 233 1 1 349 117 117 117 349 117 465 233 117 1 233 233 465 117 349 117 233 1 233 1 233 117 1 349 1 349 117 1 233 117 463 1 1 349 1 349 117 581 117 465 465 581 1 233 233 117 1 465 233 1 1 233 117 233 233 117 233 1 233 1 117 1 465 117 117 349 349 465 580 1 117 581 233 233 1 117 117 349 465 233 117 349 117 117 349 349 233 349 1 349 117 349 117 233 233 1 1 465 349 349 349 465 465 233 1 465 349 117 233 465 1 1 233 465 349 117 1 349 117 349 233 233 233 1 233 233 233 233 117 465 349 1 233 349 465 117 233 465 465 117 349 233 233 349 117 349 465 465 465 581 465 465 117 233 1 465 233 581 1 581 349 465 117 1 1 117 233 581 581 233 349 465 1 233 1 117 349 465 349 465 465 1 465 349 581 349 465 349 349 349 581 581 233 233 581 233 233 349 233 349 233 581 349 233 581 349 465 349 465 117 349 465 233 233 581 465 581 233 465 1 581 465 581 580 465 349 580 349 581 117 349 1 233 233 465 233 349 117 233 233 1 117 349 465 465 349 117 349 465 233 349 117 349 581 465 465 1 465 581 581 233 117 117 581 465 581 1 465 117 349 117 349 1 349 349 465 233 465 349 581 581 465 233 349 349 581 349 233 117 465 580 465 1 465 465 233 581 349 465 349 465 581 465 117 465 465 233 233 581 581 465 349 233 349 349 581 117 117 349 581 465 465 349 117 467 233 465 581 233 233 581 117 233 1 349 465 117 233 117 581 465 349 465 465 581 581 233 1 581 347 1 465 349 117 233 349 117 233 233 581 349 233 581 465 465 465 581 117 465 349 465 117 465 465 465 581 233 233 1 117 349 233 349 465 465 349 581 581 581 349 349 349 1 233 1 465 233 465 465 233 465 581 349 465 349 349 233 117 349 581 465 581 349 581 465 581 581 465 233 581 465 233 465 1 581 581 233 233 1 465 117 465 349 581 465 349 349 1 581 349 465 233 117 233 465 581 465 349 1 465 465 581 465 465 233 117 1 233 349 233 233 349 349 117 349 581 581 233 349 465 581 233 465 1 465 117 581 465 117 233 581 349 349 465 117 581 1 465 349 349 581 581 465 117 349 349 465 349 349 581 581 349 465 349 117 581 117 117 581 581 349 465 465 233 233 117 233 349 1 581 465 349 233 233 233 465 581 465 465 233 349 581 
c [Main] Highest label UNSAT is set to 580
c [Main] Lowest label SAT is set to 581.
c [Main] Kill higher label pid 583.
c [Main] Kill higher label pid 582.
c [Label = 583] Encoding starts with target value = 116:
c [Label = 583] Encoding duration: 7922ms.
c [Label = 583] Number of clauses: 8504431.
c [Label = 583] Number of variables: 1155598.
c [Signal] Signal interruption. Caught signal: SIGTERM (15).
c [Label = 582] Encoding starts with target value = 116:
c [Label = 582] Encoding duration: 9015ms.
c [Label = 582] Number of clauses: 8488956.
c [Label = 582] Number of variables: 1154168.
c [Label = 582] Solving duration: 15941 ms.
s [Label = 582] SAT (w = 116).
c [Label = 582] Label assignment: 1 1 1 1 1 1 1 1 117 117 1 1 1 1 1 1 1 1 1 1 1 1 117 117 117 117 117 117 117 117 117 1 1 1 117 1 1 1 117 233 117 1 1 1 1 233 233 1 1 1 233 1 117 1 1 233 1 117 1 233 233 1 1 1 233 1 1 1 233 117 117 1 1 117 117 117 117 117 117 233 1 1 1 117 117 1 1 1 233 349 233 233 233 1 117 1 117 233 233 1 1 1 349 1 1 1 233 117 1 1 117 233 349 233 349 1 349 117 233 1 233 233 349 233 117 1 1 233 117 117 1 349 117 117 233 349 233 117 117 349 117 1 350 234 1 1 1 349 117 117 117 1 233 117 349 1 117 1 1 117 117 233 117 117 233 233 1 1 233 117 233 117 117 349 466 117 233 1 117 117 233 1 1 349 118 117 117 349 117 582 233 117 1 233 233 465 117 349 117 233 1 233 1 233 117 1 349 1 349 117 1 234 117 233 1 1 349 1 349 117 582 117 465 465 465 1 233 233 117 1 465 233 1 1 233 117 233 233 117 233 1 233 1 117 1 582 117 117 349 349 465 349 1 117 582 233 233 1 117 117 349 465 233 117 349 117 117 349 349 233 349 1 349 117 349 117 233 233 1 1 465 349 349 349 465 465 233 1 582 349 117 233 465 1 1 233 582 349 117 1 349 117 466 233 582 233 1 233 233 233 233 117 465 349 1 233 349 349 117 233 465 465 117 349 233 233 350 117 349 465 465 465 349 582 466 117 233 1 465 234 581 1 581 349 117 117 1 1 117 233 581 582 233 349 350 1 466 1 117 349 582 349 582 582 1 1 349 581 349 465 349 349 349 581 581 233 233 581 234 233 349 233 350 233 466 350 233 466 349 465 350 582 117 349 465 233 582 582 466 581 233 465 582 582 465 581 580 582 349 117 349 234 117 582 1 233 233 465 233 349 117 233 233 1 117 349 465 465 349 117 350 465 233 349 117 466 582 582 465 1 465 581 582 233 117 117 581 465 582 1 233 117 349 117 349 1 350 350 465 233 465 349 581 582 465 233 349 349 582 349 233 117 465 580 465 1 350 465 233 581 466 466 465 350 581 465 117 582 465 233 233 581 466 465 349 233 349 350 349 117 117 349 349 465 465 349 117 581 1 582 581 233 233 582 581 233 1 349 465 117 233 117 582 233 349 465 465 581 581 233 1 581 350 1 465 349 117 582 349 117 233 233 581 582 233 582 465 349 465 581 117 466 349 465 117 465 465 465 581 233 233 1 117 349 233 349 465 465 349 581 581 581 349 350 350 1 233 1 465 233 465 581 233 465 581 349 1 349 349 233 117 349 582 582 582 349 582 465 581 466 465 233 581 465 233 465 1 582 581 233 233 1 465 117 466 350 581 465 349 349 1 582 350 465 233 118 233 582 466 350 349 233 465 466 466 465 465 233 117 1 233 349 233 582 349 349 117 349 581 466 233 350 465 581 233 465 1 465 582 581 465 117 233 581 466 349 465 117 582 465 465 349 349 581 581 465 117 349 349 466 350 349 466 582 349 465 350 117 581 117 117 581 581 582 465 465 233 233 117 234 349 1 581 582 349 233 465 233 350 581 465 465 233 349 581 
c [Signal] Signal interruption. Caught signal: SIGTERM (15).
c [Main] Child pid 582 - 1798410 terminated by signal 15.
c [Main] Child pid 583 - 1798413 terminated by signal 15.
c [Signal] Signal interruption. Caught signal: SIGTERM (15).
c [Main] All children have completed.
r [Main] 
r [Main] Final results: 
r [Main] Lowest label SAT:  	581.
r [Main] Highest label UNSAT:	580.
r [Main] Total real time: 95169 ms.
r [Main] Total memory consumed: 19929.7 MB.
r [Main] 
