c [Version] Minimize Makespan Labeling Encoder version 1.0.0.
c [Param] LB is predefined as 103.
c [Param] UB is predefined as 513.
c [Param] Memory limit is set to 30000.
c [Param] Real time limit is set to 1800.
c [Param] Worker count is set to 8.
c [Param] Max CNF size is set to 10.
c [Main] Search strategy: Iterating from upper bound.
c [Main] Search order: 513 512 511 510 509 508 507 506 505 504 503 502 501 500 499 498 497 496 495 494 493 492 491 490 489 488 487 486 485 484 483 482 481 480 479 478 477 476 475 474 473 472 471 470 469 468 467 466 465 464 463 462 461 460 459 458 457 456 455 454 453 452 451 450 449 448 447 446 445 444 443 442 441 440 439 438 437 436 435 434 433 432 431 430 429 428 427 426 425 424 423 422 421 420 419 418 417 416 415 414 413 412 411 410 409 408 407 406 405 404 403 402 401 400 399 398 397 396 395 394 393 392 391 390 389 388 387 386 385 384 383 382 381 380 379 378 377 376 375 374 373 372 371 370 369 368 367 366 365 364 363 362 361 360 359 358 357 356 355 354 353 352 351 350 349 348 347 346 345 344 343 342 341 340 339 338 337 336 335 334 333 332 331 330 329 328 327 326 325 324 323 322 321 320 319 318 317 316 315 314 313 312 311 310 309 308 307 306 305 304 303 302 301 300 299 298 297 296 295 294 293 292 291 290 289 288 287 286 285 284 283 282 281 280 279 278 277 276 275 274 273 272 271 270 269 268 267 266 265 264 263 262 261 260 259 258 257 256 255 254 253 252 251 250 249 248 247 246 245 244 243 242 241 240 239 238 237 236 235 234 233 232 231 230 229 228 227 226 225 224 223 222 221 220 219 218 217 216 215 214 213 212 211 210 209 208 207 206 205 204 203 202 201 200 199 198 197 196 195 194 193 192 191 190 189 188 187 186 185 184 183 182 181 180 179 178 177 176 175 174 173 172 171 170 169 168 167 166 165 164 163 162 161 160 159 158 157 156 155 154 153 152 151 150 149 148 147 146 145 144 143 142 141 140 139 138 137 136 135 134 133 132 131 130 129 128 127 126 125 124 123 122 121 120 119 118 117 116 115 114 113 112 111 110 109 108 107 106 105 104 103.
c [Main] Encoding and solving for graph: W-685_bus.mtx.rnd.
c [Label = 508] Encoding duration: 6416ms.
c [Label = 508] Number of clauses: 4395049.
c [Label = 508] Number of variables: 936135.
c [Label = 508] Solving duration: 19582 ms.
s [Label = 508] UNSAT (w = 102).
c [Label = 506] Encoding duration: 6350ms.
c [Label = 506] Number of clauses: 4377790.
c [Label = 506] Number of variables: 933245.
c [Label = 506] Solving duration: 19622 ms.
s [Label = 506] UNSAT (w = 102).
c [Main] Highest label UNSAT is set to 508
c [Main] Kill lower label pid 506.
c [Main] Kill lower label pid 507.
c [Label = 507] Encoding duration: 6509ms.
c [Label = 507] Number of clauses: 4386419.
c [Label = 507] Number of variables: 934690.
c [Label = 507] Solving duration: 19792 ms.
s [Label = 507] UNSAT (w = 102).
c [Signal] Signal interruption. Caught signal: SIGTERM (15).
c [Label = 509] Encoding duration: 6402ms.
c [Label = 509] Number of clauses: 4403678.
c [Label = 509] Number of variables: 937580.
c [Label = 509] Solving duration: 19766 ms.
s [Label = 509] UNSAT (w = 102).
c [Main] Child pid 507 - 1398934 terminated by signal 15.
c [Main] Highest label UNSAT is set to 509
c [Label = 510] Encoding duration: 6494ms.
c [Label = 510] Number of clauses: 4407777.
c [Label = 510] Number of variables: 939025.
c [Label = 510] Solving duration: 19958 ms.
s [Label = 510] UNSAT (w = 102).
c [Main] Highest label UNSAT is set to 510
c [Label = 511] Encoding duration: 6993ms.
c [Label = 511] Number of clauses: 4624646.
c [Label = 511] Number of variables: 1008285.
c [Label = 511] Solving duration: 365610 ms.
s [Label = 511] SAT (w = 102).
Label assignment: 1 1 493 305 38 1 255 311 1 510 1 1 256 335 379 1 1 211 411 370 118 398 1 1 1 302 442 103 153 394 1 362 409 511 39 38 478 151 40 1 283 17 186 323 208 378 257 453 1 399 103 74 421 108 511 103 103 388 182 505 511 1 1 178 470 206 58 487 372 103 368 113 124 511 1 511 326 390 351 177 1 1 359 107 511 456 243 266 265 280 510 169 429 352 258 424 118 501 244 491 130 194 269 404 375 183 189 360 103 511 1 219 304 295 345 23 143 1 439 103 134 382 54 202 254 1 80 511 1 103 511 1 134 103 276 3 1 1 1 192 198 1 103 144 1 1 408 61 63 247 242 357 224 1 142 443 60 402 317 136 103 344 426 205 347 447 511 367 468 19 339 198 95 103 374 416 111 164 81 272 159 473 441 175 68 365 195 1 36 100 155 1 366 86 281 293 73 289 286 1 193 509 70 103 95 279 103 103 103 137 179 235 103 32 19 409 93 205 333 297 364 103 103 234 139 392 264 154 173 511 58 1 417 1 163 205 150 103 33 1 176 103 103 133 321 508 103 215 503 41 489 162 409 450 326 294 381 142 415 103 172 322 507 88 205 318 103 252 132 511 43 87 350 166 430 122 348 90 92 405 89 380 307 47 128 141 45 129 263 129 349 306 91 48 205 152 436 298 432 435 296 396 103 1 171 316 500 239 158 103 102 167 208 400 499 346 349 277 511 62 103 205 205 409 233 511 410 511 511 318 1 309 66 506 49 1 103 488 1 218 138 37 94 455 1 483 471 225 371 64 185 363 511 42 460 169 2 496 486 52 56 213 127 454 44 1 72 205 78 75 395 65 438 46 346 427 379 151 451 22 346 59 71 502 383 79 83 160 53 511 244 69 437 284 244 123 247 286 482 511 449 288 393 386 361 34 205 18 463 220 434 197 307 126 108 433 391 207 377 205 139 103 480 381 15 376 204 472 409 3 479 315 8 14 485 103 303 96 76 320 103 292 82 137 233 114 7 465 223 494 229 26 50 77 97 156 190 369 307 145 343 217 216 103 244 9 444 373 511 290 307 228 227 409 106 385 457 110 30 346 226 301 20 328 120 387 467 246 259 232 99 236 248 340 241 239 268 26 6 28 16 397 103 307 287 241 244 146 342 237 270 101 474 103 236 329 1 413 191 445 446 307 35 245 353 125 484 1 354 262 234 5 212 103 103 253 511 251 291 498 10 271 336 209 112 180 260 218 338 152 121 174 497 67 250 148 423 55 117 277 384 477 201 161 358 511 231 407 414 137 109 308 119 356 261 249 341 157 13 389 307 169 440 312 475 170 278 327 495 275 174 174 147 84 230 200 21 181 11 324 116 476 244 198 422 244 98 425 412 1 199 25 135 221 459 401 300 313 27 104 458 274 310 168 196 165 238 184 431 188 314 85 4 331 319 31 420 481 466 115 214 334 330 299 504 210 461 240 203 206 57 29 187 273 202 325 428 462 403 51 406 12 149 452 338 332 464 235 418 24 511 105 267 469 448 282 140 337 222 490 492 419 285 131 355 
c [Main] Lowest label SAT is set to 511.
c [Main] Kill higher label pid 512.
c [Main] Kill higher label pid 513.
c [Label = 513] Encoding duration: 6961ms.
c [Label = 513] Number of clauses: 4641905.
c [Label = 513] Number of variables: 1011175.
c [Signal] Signal interruption. Caught signal: SIGTERM (15).
c [Label = 512] Encoding duration: 6992ms.
c [Label = 512] Number of clauses: 4633276.
c [Label = 512] Number of variables: 1009730.
c [Signal] Signal interruption. Caught signal: SIGTERM (15).
c [Main] Child pid 512 - 1398929 terminated by signal 15.
c [Main] Child pid 513 - 1398928 terminated by signal 15.
c [Signal] Signal interruption. Caught signal: SIGTERM (15).
c [Main] All children have completed.
r [Main] 
r [Main] Final results: 
r [Main] Lowest label SAT:  	511.
r [Main] Highest label UNSAT:	510.
r [Main] Total real time: 374100 ms.
r [Main] Total memory consumed: 13174.2 MB.
r [Main] 
