c [Version] Minimize Makespan Labeling Encoder version 1.0.0.
c [Param] LB is predefined as 91.
c [Param] UB is predefined as 318.
c [Param] Memory limit is set to 30000.
c [Param] Real time limit is set to 1800.
c [Param] Worker count is set to 8.
c [Param] Max CNF size is set to 10.
c [Main] Search strategy: Iterating from upper bound.
c [Main] Search order: 318 317 316 315 314 313 312 311 310 309 308 307 306 305 304 303 302 301 300 299 298 297 296 295 294 293 292 291 290 289 288 287 286 285 284 283 282 281 280 279 278 277 276 275 274 273 272 271 270 269 268 267 266 265 264 263 262 261 260 259 258 257 256 255 254 253 252 251 250 249 248 247 246 245 244 243 242 241 240 239 238 237 236 235 234 233 232 231 230 229 228 227 226 225 224 223 222 221 220 219 218 217 216 215 214 213 212 211 210 209 208 207 206 205 204 203 202 201 200 199 198 197 196 195 194 193 192 191 190 189 188 187 186 185 184 183 182 181 180 179 178 177 176 175 174 173 172 171 170 169 168 167 166 165 164 163 162 161 160 159 158 157 156 155 154 153 152 151 150 149 148 147 146 145 144 143 142 141 140 139 138 137 136 135 134 133 132 131 130 129 128 127 126 125 124 123 122 121 120 119 118 117 116 115 114 113 112 111 110 109 108 107 106 105 104 103 102 101 100 99 98 97 96 95 94 93 92 91.
c [Main] Encoding and solving for graph: O-impcol_d.mtx.rnd.
c [Label = 317] Encoding duration: 2620ms.
c [Label = 317] Number of clauses: 2017125.
c [Label = 317] Number of variables: 357449.
c [Label = 317] Solving duration: 385025 ms.
s [Label = 317] SAT (w = 90).
Label assignment: 130 46 201 269 173 57 11 227 316 245 185 94 193 227 104 317 315 164 71 243 32 1 63 113 296 155 161 1 117 317 81 131 136 254 240 180 317 317 116 135 4 170 48 90 14 277 66 281 110 122 274 204 208 126 67 227 70 268 10 92 28 141 2 239 134 145 260 86 146 235 315 20 317 30 72 178 91 317 23 61 209 172 140 317 157 287 8 301 222 227 265 91 190 308 128 317 259 85 24 271 1 15 156 4 200 135 317 120 152 112 227 253 188 175 303 248 267 198 62 279 96 47 2 165 31 234 65 227 39 163 316 69 231 151 18 317 227 1 291 317 160 304 14 105 317 167 184 12 75 1 221 137 186 242 227 162 213 30 11 3 73 227 310 195 28 208 64 220 125 290 292 95 241 311 16 225 270 289 5 221 286 137 14 176 315 229 317 101 74 223 1 293 212 59 306 219 15 211 38 201 295 317 79 98 1 51 218 299 194 55 37 202 317 111 246 257 21 317 2 197 1 224 101 317 118 309 82 317 1 283 186 54 100 177 317 249 313 317 275 228 5 110 282 15 317 174 25 179 230 1 77 105 26 226 105 244 114 124 317 187 87 195 80 233 53 297 142 317 52 2 302 144 307 105 42 106 95 236 317 1 148 5 78 56 17 49 238 114 124 27 150 214 247 33 139 210 19 317 2 227 44 203 317 143 112 227 60 85 255 149 198 243 207 101 227 317 147 13 171 195 189 278 22 317 158 132 153 199 2 217 185 276 232 40 35 207 43 159 1 314 127 298 317 108 41 1 97 119 89 9 76 137 196 133 45 91 84 205 258 99 288 305 266 251 168 7 314 103 166 284 1 102 204 83 131 192 93 261 50 285 256 216 36 206 237 182 262 109 6 1 95 29 58 250 215 312 252 68 191 96 138 4 1 137 2 272 123 34 115 273 154 300 181 88 263 264 280 121 1 107 294 183 169 317 129 
c [Label = 318] Encoding duration: 2643ms.
c [Label = 318] Number of clauses: 2024367.
c [Label = 318] Number of variables: 358346.
c [Signal] Signal interruption. Caught signal: SIGTERM (15).
c [Main] Lowest label SAT is set to 317.
c [Main] Kill higher label pid 318.
c [Main] Child pid 318 - 1387035 terminated by signal 15.
c [Label = 316] Encoding duration: 2598ms.
c [Label = 316] Number of clauses: 2009884.
c [Label = 316] Number of variables: 356552.
c [Label = 316] Solving duration: 809224 ms.
s [Label = 316] SAT (w = 90).
Label assignment: 315 77 316 46 226 55 96 15 170 138 14 1 306 1 160 101 316 275 93 274 32 11 5 1 136 63 2 124 278 98 206 251 280 2 6 97 1 94 316 316 157 265 21 61 69 56 180 282 48 178 311 269 284 316 163 10 285 81 25 222 136 158 264 5 1 226 1 266 212 136 114 221 116 145 249 56 200 93 316 52 184 2 253 218 123 263 187 84 85 118 78 308 199 133 3 1 261 252 226 82 7 223 248 100 169 43 164 128 177 314 168 96 316 172 153 316 74 1 226 305 119 226 161 46 210 316 205 155 190 226 316 316 219 228 316 316 1 316 316 315 236 125 316 217 302 316 127 7 260 224 115 316 103 120 198 186 140 268 8 1 242 316 135 126 226 8 102 66 287 41 107 137 143 83 226 121 72 148 33 226 87 50 91 240 194 294 234 28 192 295 226 293 45 31 1 6 150 232 292 316 136 7 254 106 80 208 316 227 70 53 316 290 316 20 237 67 296 316 193 283 181 196 98 250 99 304 255 115 225 51 209 162 151 35 113 73 299 297 44 305 289 7 86 313 301 3 1 315 38 316 288 91 10 59 1 64 316 316 130 111 108 183 47 18 7 146 142 175 4 1 23 88 49 216 243 316 42 262 13 8 141 309 291 131 211 54 34 71 101 58 316 3 60 4 176 271 138 281 312 16 36 307 225 256 220 2 154 273 279 159 132 235 40 230 133 316 166 185 226 310 29 277 215 286 202 104 89 247 139 191 134 12 57 182 144 188 270 147 27 316 105 156 92 226 303 19 110 3 214 165 79 245 207 22 26 112 65 97 238 75 300 92 37 90 76 316 24 171 316 241 246 135 298 316 213 4 62 129 68 287 95 226 267 39 174 203 316 109 257 225 295 231 189 272 195 179 9 229 122 117 316 167 214 316 276 226 233 220 30 244 173 94 17 1 6 227 239 149 201 1 204 152 197 258 259 
c [Main] Lowest label SAT is set to 316.
c [Label = 314] Encoding duration: 2579ms.
c [Label = 314] Number of clauses: 1995401.
c [Label = 314] Number of variables: 354758.
c [Label = 314] Solving duration: 937439 ms.
s [Label = 314] SAT (w = 90).
Label assignment: 96 294 86 25 209 266 314 264 32 91 224 93 166 203 171 290 71 214 121 65 175 5 249 314 23 176 136 85 314 224 240 41 91 265 5 118 314 314 95 91 248 182 223 241 52 202 314 3 270 314 286 198 141 92 247 219 97 91 163 185 314 172 212 277 314 314 87 246 253 268 183 95 7 155 226 250 5 215 194 254 162 143 261 281 179 68 119 63 144 107 301 73 314 234 297 29 80 206 46 205 224 82 90 1 169 298 33 257 149 2 128 314 5 195 79 54 229 238 88 267 221 314 294 188 225 282 296 59 1 134 5 1 60 1 119 137 230 114 185 5 117 314 5 106 27 173 5 314 124 232 154 200 314 185 18 208 313 258 218 259 255 101 5 17 251 129 314 271 47 81 185 74 45 279 224 218 156 130 314 44 76 242 213 233 28 220 22 204 102 145 314 131 95 260 223 109 125 99 1 6 313 311 83 118 40 314 5 167 276 229 208 77 13 310 66 50 222 224 2 39 120 314 16 31 130 245 184 204 1 75 55 11 256 116 186 227 314 15 245 235 309 314 43 288 3 314 237 64 157 314 67 1 244 132 108 314 1 314 6 314 314 91 302 211 224 84 133 213 167 224 48 164 20 196 181 2 95 58 199 314 168 300 174 138 93 263 152 236 134 191 139 19 23 142 197 153 135 35 1 216 240 61 283 243 113 224 165 306 9 150 314 42 185 193 218 10 170 78 95 280 34 274 299 21 133 103 158 201 291 314 1 148 146 293 192 111 292 105 3 134 126 278 1 95 49 37 36 307 295 104 303 178 127 289 112 217 239 210 57 252 314 305 161 207 122 140 8 30 147 151 228 185 123 5 273 56 4 180 262 314 2 2 53 189 89 127 1 100 38 275 12 51 98 272 187 115 312 4 284 159 304 2 2 110 94 1 93 70 285 69 160 287 95 269 224 72 65 14 190 308 26 231 177 24 62 
c [Main] Lowest label SAT is set to 314.
c [Main] Kill higher label pid 315.
c [Label = 315] Encoding duration: 2604ms.
c [Label = 315] Number of clauses: 2002642.
c [Label = 315] Number of variables: 355655.
c [Signal] Signal interruption. Caught signal: SIGTERM (15).
c [Main] Child pid 315 - 1387038 terminated by signal 15.
c [Label = 311] Encoding duration: 2595ms.
c [Label = 311] Number of clauses: 1973676.
c [Label = 311] Number of variables: 352067.
c [Label = 311] Solving duration: 947280 ms.
s [Label = 311] SAT (w = 90).
Label assignment: 181 40 13 163 162 311 1 95 251 96 109 43 171 91 311 7 138 267 69 61 5 141 234 26 311 231 211 119 85 169 311 280 182 311 74 212 37 311 19 220 174 221 159 304 131 247 7 311 55 244 21 236 66 44 266 311 205 125 36 221 311 311 218 5 7 260 201 245 276 286 311 221 160 9 223 4 278 279 4 13 179 157 248 274 268 126 7 152 79 9 254 72 60 229 121 132 50 271 136 277 99 97 57 151 253 233 290 243 221 35 135 311 101 301 226 65 308 311 76 19 2 1 190 10 311 275 258 109 1 263 147 89 94 307 42 265 248 68 311 100 64 8 311 41 8 38 127 98 161 309 14 311 177 311 170 90 140 3 287 131 235 47 311 3 100 75 196 27 167 11 108 311 109 311 199 311 168 3 164 311 71 199 311 242 206 311 1 311 9 303 193 221 311 311 311 70 199 221 208 273 311 311 173 189 117 272 311 221 34 255 13 100 3 82 175 84 80 160 156 230 154 299 103 297 204 294 228 166 134 311 114 269 264 81 122 311 3 62 311 45 178 4 100 32 30 7 105 78 139 10 88 311 296 67 98 123 311 187 295 311 12 185 6 311 120 128 249 300 194 93 63 253 157 209 251 17 11 3 284 4 239 4 246 48 219 217 142 22 198 137 18 97 158 73 215 46 210 150 311 281 26 104 291 24 51 92 238 7 49 257 107 146 112 124 113 3 261 31 216 285 115 250 1 8 192 207 241 188 29 298 110 59 144 1 311 197 225 311 165 221 191 259 311 3 52 97 58 176 283 145 23 262 195 6 56 293 4 129 106 54 1 8 93 311 87 221 111 311 311 232 305 10 116 155 292 214 7 311 184 302 224 149 133 186 143 187 102 77 33 202 270 86 222 83 53 117 256 282 240 237 16 148 153 203 200 130 39 97 213 28 288 306 15 25 94 118 227 252 172 20 310 121 180 289 183 
c [Main] Lowest label SAT is set to 311.
c [Main] Kill higher label pid 312.
c [Main] Kill higher label pid 313.
c [Label = 313] Encoding duration: 2630ms.
c [Label = 313] Number of clauses: 1988159.
c [Label = 313] Number of variables: 353861.
c [Signal] Signal interruption. Caught signal: SIGTERM (15).
c [Label = 312] Encoding duration: 2565ms.
c [Label = 312] Number of clauses: 1980918.
c [Label = 312] Number of variables: 352964.
c [Signal] Signal interruption. Caught signal: SIGTERM (15).
c [Main] Child pid 313 - 1387040 terminated by signal 15.
c [Main] Child pid 312 - 1387041 terminated by signal 15.
c [Label = 310] Encoding duration: 2439ms.
c [Label = 310] Number of clauses: 1966435.
c [Label = 310] Number of variables: 351170.
c [Label = 310] Solving duration: 971684 ms.
s [Label = 310] SAT (w = 90).
Label assignment: 310 95 310 193 310 1 306 201 19 16 310 130 164 219 309 125 136 1 79 55 248 182 251 128 310 231 5 144 198 41 260 215 310 310 123 95 129 310 40 310 70 202 157 180 158 310 18 264 101 310 54 99 267 122 45 307 186 69 44 310 22 292 173 120 310 236 83 310 237 18 220 11 42 229 230 225 255 220 130 310 12 220 233 92 293 152 29 19 309 310 252 61 131 220 113 4 141 224 89 250 219 9 71 25 236 277 19 256 249 128 58 310 2 168 11 100 235 308 310 67 1 20 94 78 284 310 303 6 73 199 57 155 178 215 94 310 307 153 310 220 74 210 301 127 95 310 299 211 132 246 204 310 56 310 220 86 30 159 291 105 51 151 310 138 226 163 165 196 139 244 24 7 16 276 6 310 150 297 190 310 72 137 218 273 37 220 310 4 104 261 154 209 1 242 220 133 9 221 149 1 294 126 14 5 75 282 287 223 62 167 185 1 117 194 84 295 220 6 27 195 271 310 1 310 91 241 240 43 28 80 280 266 270 5 160 278 188 281 134 253 88 124 148 184 203 108 305 2 143 290 85 1 219 103 5 52 310 122 110 310 38 98 261 232 191 8 279 33 109 286 140 208 177 310 106 302 220 170 187 288 213 87 222 82 23 8 145 179 26 2 272 310 4 35 310 118 11 142 216 176 76 200 95 245 115 206 243 81 100 285 96 162 220 175 217 119 10 17 1 36 116 172 1 111 1 22 269 192 49 310 39 146 161 21 5 98 265 274 220 207 4 238 112 121 53 283 310 107 254 220 183 227 91 268 147 1 169 220 47 46 181 102 68 289 239 63 114 15 34 205 228 310 310 189 300 60 310 64 10 2 247 310 77 212 3 97 214 66 234 130 257 13 304 135 48 59 220 259 65 4 309 310 32 310 220 166 130 31 220 197 275 296 156 174 93 90 171 258 220 127 1 50 263 262 298 
c [Main] Lowest label SAT is set to 310.
c [Label = 303] Encoding duration: 2512ms.
c [Label = 303] Number of clauses: 1915744.
c [Label = 303] Number of variables: 344891.
c [Signal] Signal interruption. Caught signal: SIGTERM (15).
c [Label = 302] Encoding duration: 2623ms.
c [Label = 302] Number of clauses: 1908503.
c [Label = 302] Number of variables: 343994.
c [Signal] Signal interruption. Caught signal: SIGTERM (15).
c [Label = 304] Encoding duration: 2543ms.
c [Label = 304] Number of clauses: 1922986.
c [Label = 304] Number of variables: 345788.
c [Signal] Signal interruption. Caught signal: SIGTERM (15).
c [Label = 308] Encoding duration: 2569ms.
c [Label = 308] Number of clauses: 1951952.
c [Label = 308] Number of variables: 349376.
c [Signal] Signal interruption. Caught signal: SIGTERM (15).
c [Label = 309] Encoding duration: 2409ms.
c [Label = 309] Number of clauses: 1959193.
c [Label = 309] Number of variables: 350273.
c [Signal] Signal interruption. Caught signal: SIGTERM (15).
c [Label = 305] Encoding duration: 2600ms.
c [Label = 305] Number of clauses: 1930227.
c [Label = 305] Number of variables: 346685.
c [Signal] Signal interruption. Caught signal: SIGTERM (15).
c [Label = 306] Encoding duration: 2574ms.
c [Label = 306] Number of clauses: 1937469.
c [Label = 306] Number of variables: 347582.
c [Signal] Signal interruption. Caught signal: SIGTERM (15).
c [Main] Lim pid ends with result: 254.
c [Main] All children have completed.
r [Main] 
r [Main] Final results: 
r [Main] Lowest label SAT:  	310.
r [Main] Highest label UNSAT:	-.
r [Main] Total real time: 1812932 ms.
r [Main] Total memory consumed: 5924.3 MB.
r [Main] 
c [Label = 307] Encoding duration: 2772ms.
c [Label = 307] Number of clauses: 1944710.
c [Label = 307] Number of variables: 348479.
c [Signal] Signal interruption. Caught signal: SIGTERM (15).
