c [Version] Minimize Makespan Labeling Encoder version 1.0.0.
c [Param] LB is predefined as 43.
c [Param] UB is predefined as 525.
c [Param] Memory limit is set to 30000.
c [Param] Real time limit is set to 1800.
c [Param] Worker count is set to 8.
c [Main] Search strategy: Iterating from upper bound.
c [Main] Search order: 525 524 523 522 521 520 519 518 517 516 515 514 513 512 511 510 509 508 507 506 505 504 503 502 501 500 499 498 497 496 495 494 493 492 491 490 489 488 487 486 485 484 483 482 481 480 479 478 477 476 475 474 473 472 471 470 469 468 467 466 465 464 463 462 461 460 459 458 457 456 455 454 453 452 451 450 449 448 447 446 445 444 443 442 441 440 439 438 437 436 435 434 433 432 431 430 429 428 427 426 425 424 423 422 421 420 419 418 417 416 415 414 413 412 411 410 409 408 407 406 405 404 403 402 401 400 399 398 397 396 395 394 393 392 391 390 389 388 387 386 385 384 383 382 381 380 379 378 377 376 375 374 373 372 371 370 369 368 367 366 365 364 363 362 361 360 359 358 357 356 355 354 353 352 351 350 349 348 347 346 345 344 343 342 341 340 339 338 337 336 335 334 333 332 331 330 329 328 327 326 325 324 323 322 321 320 319 318 317 316 315 314 313 312 311 310 309 308 307 306 305 304 303 302 301 300 299 298 297 296 295 294 293 292 291 290 289 288 287 286 285 284 283 282 281 280 279 278 277 276 275 274 273 272 271 270 269 268 267 266 265 264 263 262 261 260 259 258 257 256 255 254 253 252 251 250 249 248 247 246 245 244 243 242 241 240 239 238 237 236 235 234 233 232 231 230 229 228 227 226 225 224 223 222 221 220 219 218 217 216 215 214 213 212 211 210 209 208 207 206 205 204 203 202 201 200 199 198 197 196 195 194 193 192 191 190 189 188 187 186 185 184 183 182 181 180 179 178 177 176 175 174 173 172 171 170 169 168 167 166 165 164 163 162 161 160 159 158 157 156 155 154 153 152 151 150 149 148 147 146 145 144 143 142 141 140 139 138 137 136 135 134 133 132 131 130 129 128 127 126 125 124 123 122 121 120 119 118 117 116 115 114 113 112 111 110 109 108 107 106 105 104 103 102 101 100 99 98 97 96 95 94 93 92 91 90 89 88 87 86 85 84 83 82 81 80 79 78 77 76 75 74 73 72 71 70 69 68 67 66 65 64 63 62 61 60 59 58 57 56 55 54 53 52 51 50 49 48 47 46 45 44 43.
c [Main] Encoding and solving for graph: N-bcsstk07.mtx.rnd.
c [Label = 522] Encoding duration: 13419ms.
c [Label = 522] Number of clauses: 9174627.
c [Label = 522] Number of variables: 658536.
c [Label = 522] Solving duration: 520919 ms.
s [Label = 522] SAT (w = 42).
Label assignment: 505 405 344 495 22 187 129 345 362 494 500 33 401 514 209 204 265 486 328 159 259 13 256 341 66 496 399 469 287 386 248 142 72 185 44 315 482 434 408 252 130 154 100 46 425 70 510 484 234 6 440 284 270 374 497 64 351 38 233 239 375 369 162 91 297 86 470 424 384 183 447 483 120 460 322 59 71 403 68 176 78 148 501 481 379 131 173 274 192 147 267 198 36 520 80 243 32 395 359 128 300 155 492 273 422 427 358 293 88 215 210 261 365 313 348 312 18 201 378 307 449 54 522 458 133 475 290 461 512 363 311 112 96 28 466 296 383 515 393 347 299 113 135 416 282 275 85 125 488 516 321 306 437 190 376 152 8 372 517 65 305 465 26 388 138 428 184 493 236 387 232 231 354 29 53 61 140 31 319 490 406 309 240 349 489 132 377 429 324 226 316 397 208 298 191 174 153 21 353 167 77 462 52 295 90 16 45 367 509 404 364 228 477 195 400 19 169 474 382 58 435 438 102 268 373 7 9 244 237 221 156 325 452 60 330 502 262 454 304 381 417 357 317 214 115 472 421 2 326 513 318 250 521 82 450 289 15 498 271 69 430 193 420 334 445 143 219 279 327 451 94 118 396 491 10 346 212 480 103 111 25 423 110 205 499 163 136 114 182 448 202 443 468 503 260 323 456 218 97 504 217 441 146 479 76 75 241 121 301 12 281 43 508 35 4 414 485 145 74 160 177 24 255 229 225 412 11 89 507 180 238 144 189 463 157 51 453 127 398 3 34 368 444 39 164 356 263 314 101 197 459 360 442 47 57 487 280 518 409 87 251 203 170 320 141 41 49 206 116 63 216 200 303 335 14 257 419 56 165 269 161 519 332 286 264 294 283 338 333 308 380 40 410 385 331 285 473 392 340 352 107 27 106 104 95 446 343 361 99 98 342 336 207 302 366 471 227 81 5 258 
c [Main] Lowest label SAT is set to 522.
c [Main] Kill higher label pid 523.
c [Main] Kill higher label pid 524.
c [Main] Kill higher label pid 525.
c [Label = 524] Encoding duration: 13776ms.
c [Label = 524] Number of clauses: 9210494.
c [Label = 524] Number of variables: 660372.
c [Signal] Signal interruption. Caught signal: SIGTERM (15).
c [Label = 523] Encoding duration: 13609ms.
c [Label = 523] Number of clauses: 9192560.
c [Label = 523] Number of variables: 659454.
c [Signal] Signal interruption. Caught signal: SIGTERM (15).
c [Label = 525] Encoding duration: 13639ms.
c [Label = 525] Number of clauses: 9228427.
c [Label = 525] Number of variables: 661290.
c [Signal] Signal interruption. Caught signal: SIGTERM (15).
c [Main] Child pid 523 - 1167144 terminated by signal 15.
c [Main] Child pid 524 - 1167143 terminated by signal 15.
c [Main] Child pid 525 - 1167142 terminated by signal 15.
c [Label = 521] Encoding duration: 13557ms.
c [Label = 521] Number of clauses: 9156693.
c [Label = 521] Number of variables: 657618.
c [Label = 521] Solving duration: 584173 ms.
s [Label = 521] SAT (w = 42).
Label assignment: 131 494 350 97 55 191 50 48 275 489 159 362 361 177 153 440 95 490 66 151 448 298 229 386 74 203 360 327 242 308 415 340 297 475 492 355 484 234 44 511 259 370 422 265 513 168 24 356 451 29 496 471 488 206 127 98 487 377 113 424 504 100 196 130 486 273 103 128 358 364 210 279 129 506 485 272 142 38 236 300 32 512 291 199 22 135 418 427 269 378 421 84 79 217 154 284 351 34 42 167 266 227 70 307 96 505 214 67 405 483 15 392 463 481 482 433 239 326 323 450 181 215 509 104 35 46 508 141 187 41 314 20 89 61 148 5 353 341 175 111 401 312 497 333 23 480 434 139 346 319 295 261 461 2 105 466 375 416 174 431 62 21 57 520 271 507 40 144 163 169 385 263 226 311 519 109 43 423 37 219 366 473 250 53 419 321 330 47 152 441 469 117 164 444 58 9 195 429 78 382 228 367 240 233 123 235 4 12 465 479 173 276 348 183 502 237 204 332 170 149 133 222 107 82 158 254 412 201 470 122 126 376 194 64 458 17 354 270 396 369 285 252 339 516 224 134 457 316 106 342 447 253 414 452 262 157 241 221 468 514 343 91 325 373 75 16 90 155 379 165 455 443 268 410 518 132 39 178 503 108 292 281 99 399 232 397 19 302 498 179 243 18 365 288 88 71 374 216 420 413 363 26 283 193 274 517 182 267 6 404 510 476 409 322 249 286 464 49 304 501 3 328 442 289 202 124 299 495 430 394 388 52 197 184 500 313 246 258 231 93 59 417 437 357 28 101 368 186 247 150 205 87 474 407 68 446 426 238 140 223 411 190 33 166 13 515 310 315 248 211 51 244 301 456 372 359 8 383 230 306 280 1 14 116 260 212 334 467 445 344 296 218 400 145 499 371 86 137 478 112 331 449 428 110 381 398 317 85 7 256 92 11 425 408 80 257 384 472 180 460 
c [Main] Lowest label SAT is set to 521.
c [Label = 519] Encoding duration: 13476ms.
c [Label = 519] Number of clauses: 9120826.
c [Label = 519] Number of variables: 655782.
c [Label = 519] Solving duration: 997518 ms.
s [Label = 519] SAT (w = 42).
Label assignment: 296 441 7 480 293 417 258 301 488 34 54 350 479 300 335 223 227 226 463 21 469 412 484 517 323 499 494 244 418 297 19 345 364 110 440 489 353 98 205 104 343 146 158 511 459 277 23 478 452 283 448 508 436 109 496 336 397 278 453 206 410 115 70 404 505 179 381 370 386 180 78 425 176 407 483 67 391 447 337 433 361 431 460 266 198 342 213 474 356 282 122 320 312 259 451 510 315 228 401 403 171 231 125 402 20 423 74 420 169 457 338 518 32 137 477 135 377 246 65 56 128 29 59 415 86 15 509 294 142 369 399 11 75 321 276 46 434 458 16 438 236 83 442 238 189 41 432 170 395 485 313 461 151 160 286 163 287 497 257 445 454 248 61 341 270 428 168 269 373 263 118 501 406 166 194 157 241 314 306 69 262 302 27 515 322 339 422 347 368 491 516 8 351 35 10 473 242 513 43 308 126 5 186 161 22 288 60 380 464 411 249 487 216 468 44 290 207 519 327 243 385 212 466 40 500 408 28 281 133 26 221 512 394 113 365 340 72 387 55 378 53 268 264 195 92 18 155 344 330 217 230 486 63 481 493 503 326 106 331 419 383 91 48 167 45 416 100 367 73 492 325 507 362 36 429 299 371 384 112 108 506 504 252 30 219 197 130 178 355 443 449 393 462 3 84 140 455 173 328 235 382 33 239 376 192 357 85 409 427 12 121 144 495 400 64 232 310 366 24 414 475 190 105 9 81 324 389 143 127 174 42 375 93 188 413 204 251 215 256 124 97 52 360 316 250 456 220 132 139 240 94 272 237 185 284 87 25 202 68 470 199 209 39 229 319 214 311 77 498 2 255 147 58 291 289 49 379 62 465 446 116 201 152 96 253 148 196 502 101 193 318 245 120 6 333 334 285 14 37 307 424 145 175 141 119 181 280 398 233 13 103 273 191 131 372 305 162 482 292 514 
c [Main] Lowest label SAT is set to 519.
c [Main] Kill higher label pid 520.
c [Label = 520] Encoding duration: 13573ms.
c [Label = 520] Number of clauses: 9138760.
c [Label = 520] Number of variables: 656700.
c [Signal] Signal interruption. Caught signal: SIGTERM (15).
c [Main] Child pid 520 - 1167147 terminated by signal 15.
c [Label = 517] Encoding duration: 11653ms.
c [Label = 517] Number of clauses: 9084959.
c [Label = 517] Number of variables: 653946.
c [Label = 517] Solving duration: 954964 ms.
s [Label = 517] SAT (w = 42).
Label assignment: 145 394 70 125 23 433 293 290 155 90 327 124 364 74 4 490 331 397 174 259 470 324 354 270 201 278 264 304 389 154 59 315 176 224 492 496 167 246 444 502 129 372 475 28 391 33 131 40 121 5 466 94 432 344 368 150 250 156 91 237 379 209 347 7 493 29 58 418 118 170 350 515 60 330 225 505 120 450 325 380 440 55 8 485 516 426 16 273 38 302 82 75 172 467 263 3 162 508 153 463 469 352 178 36 57 102 139 175 341 6 445 2 233 135 387 182 507 346 348 430 106 358 239 215 484 146 236 414 234 441 21 499 500 73 408 359 481 230 86 480 361 497 448 257 163 413 199 495 208 376 399 374 216 231 332 195 137 411 424 320 212 305 17 62 63 511 360 191 429 316 12 311 317 218 514 46 14 356 362 351 18 462 258 9 113 147 498 458 205 269 188 446 222 447 386 373 260 279 326 43 226 292 140 476 34 52 340 323 101 283 402 268 423 281 478 89 477 298 142 345 44 384 431 404 288 451 262 67 228 152 265 108 30 474 243 35 27 103 81 405 457 349 365 377 133 425 213 160 472 97 207 483 132 202 436 395 509 105 10 410 104 501 334 194 482 342 510 506 165 406 49 487 491 308 61 296 337 112 217 452 85 465 151 161 206 84 119 307 494 449 116 398 416 66 19 200 369 338 169 415 53 32 464 301 11 261 271 378 512 306 367 339 422 284 50 455 253 143 479 72 242 158 275 256 454 504 141 196 177 353 417 95 247 31 285 107 419 468 22 197 148 183 255 489 437 240 219 286 299 127 51 310 421 473 37 375 267 130 503 382 303 282 65 71 329 388 68 291 328 185 297 115 381 88 87 403 456 186 276 109 371 517 471 25 26 366 513 274 229 314 15 277 126 319 45 47 56 98 280 83 461 370 13 79 181 134 190 164 318 460 204 221 99 245 244 412 168 203 289 249 
c [Main] Lowest label SAT is set to 517.
c [Main] Kill higher label pid 518.
c [Label = 518] Encoding duration: 13431ms.
c [Label = 518] Number of clauses: 9102893.
c [Label = 518] Number of variables: 654864.
c [Signal] Signal interruption. Caught signal: SIGTERM (15).
c [Main] Child pid 518 - 1167149 terminated by signal 15.
c [Label = 516] Encoding duration: 10930ms.
c [Label = 516] Number of clauses: 9067026.
c [Label = 516] Number of variables: 653028.
c [Label = 516] Solving duration: 996432 ms.
s [Label = 516] SAT (w = 42).
Label assignment: 236 314 277 206 291 218 371 229 492 347 310 497 307 104 254 335 319 33 430 86 457 282 471 142 439 52 485 93 344 234 53 278 131 438 74 207 109 419 15 150 367 220 171 190 262 358 125 494 219 351 418 512 348 462 209 509 477 181 135 198 510 129 387 402 475 123 372 382 244 488 138 146 20 309 433 320 162 133 516 126 284 410 68 443 130 19 328 194 354 163 435 400 300 499 304 44 75 85 140 226 147 442 285 29 196 288 448 473 322 121 203 325 404 476 361 255 80 214 515 461 355 57 148 420 195 281 201 96 119 505 265 132 452 39 9 453 486 326 59 359 456 391 425 24 134 32 144 84 235 95 112 411 257 324 122 337 294 46 239 313 167 91 380 370 376 191 41 34 250 237 152 403 82 260 111 297 192 83 440 137 200 173 30 275 271 504 290 368 346 321 500 437 243 429 378 61 35 185 166 479 113 7 224 176 316 306 62 249 474 155 106 397 13 467 399 299 157 87 43 45 276 415 450 156 394 374 49 352 58 491 465 54 487 496 267 384 199 408 251 5 90 77 213 193 295 506 172 286 336 14 393 21 2 417 153 72 303 333 350 472 12 186 92 158 381 427 454 308 436 183 444 161 124 480 366 60 407 503 168 342 73 431 248 502 145 139 446 94 65 274 483 339 210 423 460 266 395 327 334 48 233 302 50 386 414 445 40 47 63 88 143 102 396 375 208 216 42 283 455 289 412 4 184 511 253 268 100 103 117 489 482 3 177 211 89 27 10 507 242 105 26 154 120 385 364 247 38 116 197 205 469 258 280 188 261 149 484 212 379 416 388 422 478 223 332 37 349 79 389 495 373 481 187 341 301 498 11 238 330 343 338 392 292 174 228 508 115 466 240 81 108 31 180 246 256 514 1 369 99 28 98 36 323 468 170 501 70 259 66 101 18 264 424 179 513 279 164 413 6 458 
c [Main] Lowest label SAT is set to 516.
c [Label = 508] Encoding duration: 11694ms.
c [Label = 508] Number of clauses: 8923558.
c [Label = 508] Number of variables: 645684.
c [Signal] Signal interruption. Caught signal: SIGTERM (15).
c [Label = 510] Encoding duration: 11625ms.
c [Label = 510] Number of clauses: 8959425.
c [Label = 510] Number of variables: 647520.
c [Signal] Signal interruption. Caught signal: SIGTERM (15).
c [Label = 509] Encoding duration: 11324ms.
c [Label = 509] Number of clauses: 8941491.
c [Label = 509] Number of variables: 646602.
c [Signal] Signal interruption. Caught signal: SIGTERM (15).
c [Label = 512] Encoding duration: 12431ms.
c [Label = 512] Number of clauses: 8995292.
c [Label = 512] Number of variables: 649356.
c [Signal] Signal interruption. Caught signal: SIGTERM (15).
c [Label = 513] Encoding duration: 11418ms.
c [Label = 513] Number of clauses: 9013225.
c [Label = 513] Number of variables: 650274.
c [Signal] Signal interruption. Caught signal: SIGTERM (15).
c [Label = 514] Encoding duration: 10816ms.
c [Label = 514] Number of clauses: 9031159.
c [Label = 514] Number of variables: 651192.
c [Signal] Signal interruption. Caught signal: SIGTERM (15).
c [Label = 515] Encoding duration: 11413ms.
c [Label = 515] Number of clauses: 9049092.
c [Label = 515] Number of variables: 652110.
c [Signal] Signal interruption. Caught signal: SIGTERM (15).
c [Main] Lim pid ends with result: 254.
c [Main] All children have completed.
r [Main] 
r [Main] Final results: 
r [Main] Lowest label SAT:  	516.
r [Main] Highest label UNSAT:	-.
r [Main] Total real time: 1812735 ms.
r [Main] Total memory consumed: 20265.1 MB.
r [Main] 
c [Label = 511] Encoding duration: 11835ms.
c [Label = 511] Number of clauses: 8977358.
c [Label = 511] Number of variables: 648438.
c [Signal] Signal interruption. Caught signal: SIGTERM (15).
