c [Version] Minimize Makespan Labeling Encoder version 1.0.0.
c [Param] LB is predefined as 284.
c [Param] UB is predefined as 618.
c [Param] Memory limit is set to 30000.
c [Param] Real time limit is set to 1800.
c [Param] Worker count is set to 8.
c [Main] Search strategy: Iterating from upper bound.
c [Main] Search order: 618 617 616 615 614 613 612 611 610 609 608 607 606 605 604 603 602 601 600 599 598 597 596 595 594 593 592 591 590 589 588 587 586 585 584 583 582 581 580 579 578 577 576 575 574 573 572 571 570 569 568 567 566 565 564 563 562 561 560 559 558 557 556 555 554 553 552 551 550 549 548 547 546 545 544 543 542 541 540 539 538 537 536 535 534 533 532 531 530 529 528 527 526 525 524 523 522 521 520 519 518 517 516 515 514 513 512 511 510 509 508 507 506 505 504 503 502 501 500 499 498 497 496 495 494 493 492 491 490 489 488 487 486 485 484 483 482 481 480 479 478 477 476 475 474 473 472 471 470 469 468 467 466 465 464 463 462 461 460 459 458 457 456 455 454 453 452 451 450 449 448 447 446 445 444 443 442 441 440 439 438 437 436 435 434 433 432 431 430 429 428 427 426 425 424 423 422 421 420 419 418 417 416 415 414 413 412 411 410 409 408 407 406 405 404 403 402 401 400 399 398 397 396 395 394 393 392 391 390 389 388 387 386 385 384 383 382 381 380 379 378 377 376 375 374 373 372 371 370 369 368 367 366 365 364 363 362 361 360 359 358 357 356 355 354 353 352 351 350 349 348 347 346 345 344 343 342 341 340 339 338 337 336 335 334 333 332 331 330 329 328 327 326 325 324 323 322 321 320 319 318 317 316 315 314 313 312 311 310 309 308 307 306 305 304 303 302 301 300 299 298 297 296 295 294 293 292 291 290 289 288 287 286 285 284.
c [Main] Encoding and solving for graph: Q-494_bus.mtx.rnd.
c [Label = 618] Encoding duration: 5040ms.
c [Label = 618] Number of clauses: 3272347.
c [Label = 618] Number of variables: 801064.
c [Label = 618] Solving duration: 496397 ms.
s [Label = 618] SAT (w = 283).
Label assignment: 532 441 586 223 231 5 437 550 439 299 429 491 370 122 4 520 199 502 383 62 277 503 382 604 11 428 3 537 450 468 244 582 443 330 70 431 565 85 444 454 369 79 256 447 103 419 567 36 75 81 478 86 211 405 279 126 599 581 471 522 227 146 506 496 472 155 108 514 249 412 270 248 64 90 466 578 446 193 41 87 82 332 475 7 31 488 499 52 6 546 242 217 585 572 512 442 486 334 310 63 89 420 247 606 266 39 291 493 125 111 102 513 150 19 597 569 240 426 51 219 385 96 421 10 603 50 410 445 123 49 98 523 185 29 116 118 608 432 187 142 213 25 584 335 455 313 65 519 611 548 45 453 284 483 176 114 282 237 615 280 124 474 48 245 616 243 171 47 205 315 311 434 128 154 477 516 539 381 500 297 547 83 591 172 558 214 427 138 106 218 406 495 59 137 528 149 66 265 440 465 601 600 12 129 451 305 283 559 197 298 295 153 566 76 292 174 178 507 469 136 203 481 43 77 422 414 182 151 568 479 329 515 112 319 595 424 8 526 316 518 525 186 88 281 452 617 398 571 22 53 144 593 304 141 504 418 423 139 32 555 562 530 302 389 327 258 576 104 268 589 521 607 72 159 605 121 487 16 473 184 55 560 433 204 318 457 278 411 574 239 34 264 613 561 587 400 368 612 263 93 251 435 40 196 416 101 541 393 384 274 594 173 190 542 524 610 33 463 390 24 222 401 538 157 321 220 198 543 409 449 598 74 436 238 485 580 462 387 549 152 328 119 161 402 554 556 529 425 44 27 324 191 333 460 456 9 413 573 312 397 563 527 531 458 147 535 254 403 132 133 372 577 588 2 71 391 536 489 113 296 35 476 470 415 317 169 380 107 438 167 509 21 323 23 20 15 99 290 115 54 464 494 614 131 180 564 417 590 158 259 570 294 394 314 408 322 618 510 38 80 95 67 156 404 134 26 225 592 303 575 396 326 61 14 480 148 583 97 110 175 1 492 135 399 392 192 18 505 557 202 46 320 56 194 331 127 60 37 430 57 553 257 461 17 271 386 388 109 42 30 498 544 540 166 287 579 596 501 395 533 609 28 602 545 407 361 459 94 177 13 58 300 552 250 
c [Main] Lowest label SAT is set to 618.
c [Label = 616] Encoding duration: 5002ms.
c [Label = 616] Number of clauses: 3260492.
c [Label = 616] Number of variables: 798916.
c [Label = 616] Solving duration: 1494249 ms.
s [Label = 616] SAT (w = 283).
Label assignment: 331 494 493 226 118 501 557 523 114 132 428 74 505 515 32 545 122 514 248 80 171 490 225 615 597 123 12 513 504 228 2 577 75 616 44 497 510 482 111 145 232 508 121 261 610 516 310 614 474 567 527 99 92 502 381 125 129 322 293 415 81 51 465 487 488 30 108 394 119 151 63 253 161 371 247 9 370 69 46 62 520 209 559 609 242 518 402 48 576 102 227 105 311 4 506 471 496 52 24 586 55 275 155 5 296 41 598 269 85 20 56 252 211 167 316 419 144 38 434 599 357 511 558 591 291 8 400 280 57 78 117 397 401 320 135 127 407 327 106 84 503 1 531 604 286 561 70 443 408 435 45 170 308 377 235 590 608 241 495 210 67 484 521 564 306 208 140 104 444 532 318 462 103 176 605 406 553 536 157 301 574 153 143 124 445 107 345 563 449 133 159 417 136 535 530 596 79 21 424 456 303 594 307 186 183 6 29 477 152 3 292 142 572 76 607 65 164 507 350 174 278 380 10 554 367 361 126 592 389 378 324 459 245 297 317 458 289 376 16 460 544 66 587 31 197 454 98 354 295 193 34 579 581 82 219 440 352 93 309 478 537 451 18 179 14 446 100 500 88 302 283 404 175 97 13 101 403 333 541 73 43 91 393 89 611 498 285 534 539 53 593 279 37 410 298 368 375 314 385 94 162 565 42 224 411 160 390 571 358 39 601 169 363 470 469 299 47 467 382 584 383 7 526 26 323 223 413 524 461 540 68 560 522 603 166 319 463 360 416 270 329 178 64 27 573 566 562 423 583 165 22 60 589 391 273 15 399 300 578 351 388 386 392 528 86 369 181 366 190 141 254 313 288 582 109 457 260 281 173 602 580 548 168 442 600 184 472 321 432 180 512 282 556 28 23 325 131 33 58 50 450 437 612 575 222 439 356 543 182 267 337 212 387 606 277 547 315 533 259 195 189 585 258 271 239 163 229 538 96 305 409 330 196 294 216 231 25 156 128 17 595 384 59 326 272 256 473 447 525 374 40 304 568 588 328 83 438 36 551 546 550 517 436 243 95 312 276 555 112 274 453 187 549 72 54 552 395 542 191 422 613 35 11 448 452 49 412 177 61 87 570 19 347 265 
c [Main] Lowest label SAT is set to 616.
c [Main] Kill higher label pid 617.
c [Label = 617] Encoding duration: 4978ms.
c [Label = 617] Number of clauses: 3266419.
c [Label = 617] Number of variables: 799990.
c [Signal] Signal interruption. Caught signal: SIGTERM (15).
c [Main] Child pid 617 - 1172004 terminated by signal 15.
c [Label = 609] Encoding duration: 4984ms.
c [Label = 609] Number of clauses: 3218999.
c [Label = 609] Number of variables: 791398.
c [Signal] Signal interruption. Caught signal: SIGTERM (15).
c [Label = 610] Encoding duration: 4853ms.
c [Label = 610] Number of clauses: 3224927.
c [Label = 610] Number of variables: 792472.
c [Signal] Signal interruption. Caught signal: SIGTERM (15).
c [Label = 608] Encoding duration: 5053ms.
c [Label = 608] Number of clauses: 3213072.
c [Label = 608] Number of variables: 790324.
c [Signal] Signal interruption. Caught signal: SIGTERM (15).
c [Label = 614] Encoding duration: 5026ms.
c [Label = 614] Number of clauses: 3248637.
c [Label = 614] Number of variables: 796768.
c [Signal] Signal interruption. Caught signal: SIGTERM (15).
c [Label = 615] Encoding duration: 4981ms.
c [Label = 615] Number of clauses: 3254564.
c [Label = 615] Number of variables: 797842.
c [Signal] Signal interruption. Caught signal: SIGTERM (15).
c [Label = 611] Encoding duration: 4969ms.
c [Label = 611] Number of clauses: 3230854.
c [Label = 611] Number of variables: 793546.
c [Signal] Signal interruption. Caught signal: SIGTERM (15).
c [Main] Lim pid ends with result: 254.
c [Main] All children have completed.
r [Main] 
r [Main] Final results: 
r [Main] Lowest label SAT:  	616.
r [Main] Highest label UNSAT:	-.
r [Main] Total real time: 1812424 ms.
r [Main] Total memory consumed: 12217.3 MB.
r [Main] 
c [Label = 613] Encoding duration: 4909ms.
c [Label = 613] Number of clauses: 3242709.
c [Label = 613] Number of variables: 795694.
c [Signal] Signal interruption. Caught signal: SIGTERM (15).
c [Label = 612] Encoding duration: 5056ms.
c [Label = 612] Number of clauses: 3236782.
c [Label = 612] Number of variables: 794620.
c [Signal] Signal interruption. Caught signal: SIGTERM (15).
