c [Version] Minimize Makespan Labeling Encoder version 1.0.0.
c [Param] LB is predefined as 171.
c [Param] UB is predefined as 857.
c [Param] Memory limit is set to 30000.
c [Param] Real time limit is set to 1800.
c [Param] Worker count is set to 8.
c [Main] Search strategy: Iterating from upper bound.
c [Main] Search order: 857 856 855 854 853 852 851 850 849 848 847 846 845 844 843 842 841 840 839 838 837 836 835 834 833 832 831 830 829 828 827 826 825 824 823 822 821 820 819 818 817 816 815 814 813 812 811 810 809 808 807 806 805 804 803 802 801 800 799 798 797 796 795 794 793 792 791 790 789 788 787 786 785 784 783 782 781 780 779 778 777 776 775 774 773 772 771 770 769 768 767 766 765 764 763 762 761 760 759 758 757 756 755 754 753 752 751 750 749 748 747 746 745 744 743 742 741 740 739 738 737 736 735 734 733 732 731 730 729 728 727 726 725 724 723 722 721 720 719 718 717 716 715 714 713 712 711 710 709 708 707 706 705 704 703 702 701 700 699 698 697 696 695 694 693 692 691 690 689 688 687 686 685 684 683 682 681 680 679 678 677 676 675 674 673 672 671 670 669 668 667 666 665 664 663 662 661 660 659 658 657 656 655 654 653 652 651 650 649 648 647 646 645 644 643 642 641 640 639 638 637 636 635 634 633 632 631 630 629 628 627 626 625 624 623 622 621 620 619 618 617 616 615 614 613 612 611 610 609 608 607 606 605 604 603 602 601 600 599 598 597 596 595 594 593 592 591 590 589 588 587 586 585 584 583 582 581 580 579 578 577 576 575 574 573 572 571 570 569 568 567 566 565 564 563 562 561 560 559 558 557 556 555 554 553 552 551 550 549 548 547 546 545 544 543 542 541 540 539 538 537 536 535 534 533 532 531 530 529 528 527 526 525 524 523 522 521 520 519 518 517 516 515 514 513 512 511 510 509 508 507 506 505 504 503 502 501 500 499 498 497 496 495 494 493 492 491 490 489 488 487 486 485 484 483 482 481 480 479 478 477 476 475 474 473 472 471 470 469 468 467 466 465 464 463 462 461 460 459 458 457 456 455 454 453 452 451 450 449 448 447 446 445 444 443 442 441 440 439 438 437 436 435 434 433 432 431 430 429 428 427 426 425 424 423 422 421 420 419 418 417 416 415 414 413 412 411 410 409 408 407 406 405 404 403 402 401 400 399 398 397 396 395 394 393 392 391 390 389 388 387 386 385 384 383 382 381 380 379 378 377 376 375 374 373 372 371 370 369 368 367 366 365 364 363 362 361 360 359 358 357 356 355 354 353 352 351 350 349 348 347 346 345 344 343 342 341 340 339 338 337 336 335 334 333 332 331 330 329 328 327 326 325 324 323 322 321 320 319 318 317 316 315 314 313 312 311 310 309 308 307 306 305 304 303 302 301 300 299 298 297 296 295 294 293 292 291 290 289 288 287 286 285 284 283 282 281 280 279 278 277 276 275 274 273 272 271 270 269 268 267 266 265 264 263 262 261 260 259 258 257 256 255 254 253 252 251 250 249 248 247 246 245 244 243 242 241 240 239 238 237 236 235 234 233 232 231 230 229 228 227 226 225 224 223 222 221 220 219 218 217 216 215 214 213 212 211 210 209 208 207 206 205 204 203 202 201 200 199 198 197 196 195 194 193 192 191 190 189 188 187 186 185 184 183 182 181 180 179 178 177 176 175 174 173 172 171.
c [Main] Encoding and solving for graph: W-685_bus.mtx.rnd.
c [Label = 850] Encoding duration: 12578ms.
c [Label = 850] Number of clauses: 8592293.
c [Label = 850] Number of variables: 1593015.
c [Label = 850] Solving duration: 104037 ms.
s [Label = 850] UNSAT (w = 170).
c [Main] Highest label UNSAT is set to 850
c [Label = 855] Encoding duration: 13199ms.
c [Label = 855] Number of clauses: 8990635.
c [Label = 855] Number of variables: 1714770.
c [Label = 855] Solving duration: 313787 ms.
s [Label = 855] SAT (w = 170).
Label assignment: 841 140 238 147 54 813 330 34 259 688 825 691 362 260 158 146 421 803 35 713 715 703 544 3 707 38 31 654 849 702 786 403 310 151 712 791 88 164 586 804 835 288 298 784 588 589 414 571 249 710 150 718 409 580 128 456 176 563 764 726 262 39 240 411 689 565 415 844 413 684 515 326 531 355 660 649 682 45 596 609 153 65 631 15 577 582 353 375 327 480 160 368 289 516 475 324 312 11 253 561 397 124 845 438 269 521 385 453 142 21 635 805 383 562 271 687 585 196 418 590 407 145 495 24 594 40 837 566 846 369 360 280 822 442 340 334 838 219 342 387 234 9 302 650 389 232 832 690 155 424 179 735 539 629 722 18 829 426 834 792 595 268 70 543 848 685 126 646 581 665 110 276 833 71 488 593 733 767 742 723 663 156 299 87 180 551 739 308 569 282 445 173 802 261 20 344 408 741 614 783 381 727 167 235 168 615 252 827 317 250 315 423 797 604 464 366 78 68 591 47 62 351 51 278 479 790 48 177 818 291 527 254 653 610 206 2 216 560 410 201 465 428 190 657 319 572 441 507 61 627 331 839 619 850 618 257 26 763 483 444 322 361 798 810 305 828 427 284 304 476 263 106 118 29 53 25 23 22 564 451 816 730 193 266 28 708 826 82 704 669 77 283 617 613 422 333 237 130 27 41 642 161 508 258 542 157 677 751 267 815 170 217 416 275 429 831 500 246 673 628 799 806 676 339 264 16 785 504 17 518 623 599 400 736 365 547 314 740 211 626 430 435 853 621 247 313 345 517 575 537 732 129 762 223 154 325 7 236 787 316 255 248 709 541 503 731 625 485 242 287 455 680 162 734 12 371 800 634 109 496 122 748 279 559 104 836 744 175 336 717 358 830 771 359 842 166 159 757 188 172 705 552 301 419 534 659 490 525 8 81 10 357 793 449 487 243 352 754 524 519 272 770 307 484 789 309 633 556 477 601 788 394 133 348 738 396 392 840 641 37 437 506 274 711 526 320 643 376 493 256 652 777 683 152 468 558 399 462 265 796 86 612 14 303 540 241 636 753 746 511 854 467 686 514 356 338 637 528 584 1 773 533 323 745 512 743 127 431 794 377 597 4 391 852 131 478 285 706 823 343 290 747 349 781 75 443 667 165 386 758 448 474 714 113 694 778 499 5 450 760 768 658 750 607 603 656 469 855 461 721 425 370 737 497 780 463 602 661 681 630 19 672 486 761 117 143 570 83 174 808 273 671 666 374 30 821 752 851 306 583 492 472 755 522 608 693 452 80 639 664 801 716 719 457 725 433 417 550 728 638 482 76 769 350 766 678 439 549 509 364 466 458 782 171 281 538 239 774 341 775 191 494 640 393 847 471 647 814 447 598 772 432 347 776 651 318 226 406 501 535 85 779 616 337 510 144 645 812 548 470 498 251 545 530 405 489 622 600 720 765 729 605 644 228 163 809 390 434 648 632 554 6 555 807 606 817 100 759 756 819 169 668 277 655 321 749 367 446 843 72 620 245 679 553 502 105 459 13 824 579 675 436 724 481 491 
c [Main] Lowest label SAT is set to 855.
c [Main] Kill higher label pid 856.
c [Main] Kill higher label pid 857.
c [Label = 856] Encoding duration: 13164ms.
c [Label = 856] Number of clauses: 9000708.
c [Label = 856] Number of variables: 1716242.
c [Signal] Signal interruption. Caught signal: SIGTERM (15).
c [Label = 857] Encoding duration: 13595ms.
c [Label = 857] Number of clauses: 9010780.
c [Label = 857] Number of variables: 1717714.
c [Signal] Signal interruption. Caught signal: SIGTERM (15).
c [Label = 852] Encoding duration: 13272ms.
c [Label = 852] Number of clauses: 8960418.
c [Label = 852] Number of variables: 1710354.
c [Label = 852] Solving duration: 314194 ms.
s [Label = 852] SAT (w = 170).
Label assignment: 631 102 706 726 766 557 420 10 556 457 370 761 62 771 135 115 312 267 359 603 305 688 334 781 684 572 687 458 311 537 741 329 82 356 385 532 809 638 355 396 141 386 585 807 818 602 667 542 392 351 4 352 811 529 424 261 419 673 717 58 390 8 743 291 286 836 70 790 283 512 724 619 617 725 738 399 468 405 546 583 739 449 212 477 74 695 21 821 608 262 281 716 360 721 784 719 417 723 280 315 68 137 544 79 666 474 693 626 522 22 225 303 239 445 107 715 662 138 593 403 103 765 432 139 776 691 284 533 775 501 607 484 288 279 411 443 88 548 172 331 437 843 85 616 188 464 450 574 815 830 819 292 80 838 471 814 820 242 648 393 575 558 221 322 709 668 383 701 710 469 274 309 271 561 628 489 289 586 686 308 767 798 136 412 772 806 23 266 630 584 554 817 72 114 325 101 218 6 302 842 413 475 145 816 657 300 694 124 278 582 83 812 78 846 467 625 722 161 362 578 571 120 447 307 81 282 301 341 340 313 398 127 328 367 144 2 388 672 698 847 314 345 427 565 570 249 117 97 813 737 740 750 93 275 17 67 357 455 336 615 536 665 689 339 528 285 840 439 609 826 100 579 140 774 720 126 66 233 112 335 589 671 294 752 791 534 652 509 703 640 481 497 810 426 384 461 827 119 257 407 712 580 789 132 118 508 718 142 306 795 594 610 435 566 391 169 760 376 783 492 825 576 123 642 265 639 829 310 587 690 168 663 697 792 805 699 298 804 604 446 708 317 84 333 704 705 293 599 711 290 787 227 733 727 567 371 613 111 323 268 343 269 502 785 728 347 260 146 428 423 762 264 779 786 429 644 746 116 319 597 669 734 824 527 316 87 441 189 361 744 498 149 470 601 148 823 143 147 131 342 745 486 660 633 438 320 104 252 395 590 128 108 636 645 166 165 563 60 550 531 517 503 369 793 460 154 714 850 164 754 491 171 375 736 621 678 253 402 456 110 851 295 732 77 641 632 679 397 415 677 158 433 495 596 400 440 521 562 490 828 473 463 452 624 125 519 129 421 650 480 682 71 76 852 643 702 797 520 394 459 160 422 476 506 513 549 270 664 618 69 338 330 591 552 430 297 96 152 700 555 742 553 649 658 796 487 598 837 680 296 510 735 801 178 163 493 263 656 541 696 19 634 782 538 272 773 106 849 543 834 346 799 504 454 764 479 318 755 600 410 414 418 560 222 215 389 514 277 500 713 256 749 105 770 780 156 299 505 499 401 348 730 832 193 637 167 756 130 757 569 777 620 747 647 573 606 404 304 848 568 535 731 670 488 800 763 611 436 337 768 753 516 551 150 91 219 425 276 482 685 251 273 113 540 515 675 448 758 409 844 646 629 186 778 802 374 769 588 595 635 748 99 321 655 214 406 530 485 759 683 379 623 839 545 659 518 729 523 95 254 681 654 612 478 511 155 581 363 204 547 808 614 259 462 258 788 794 524 465 133 61 661 408 653 431 153 627 692 592 109 134 605 833 344 841 559 822 442 332 86 75 98 444 90 187 
c [Main] Child pid 856 - 1180687 terminated by signal 15.
c [Main] Child pid 857 - 1180686 terminated by signal 15.
c [Main] Lowest label SAT is set to 852.
c [Main] Kill higher label pid 853.
c [Main] Kill higher label pid 854.
c [Label = 853] Encoding duration: 13634ms.
c [Label = 853] Number of clauses: 8970490.
c [Label = 853] Number of variables: 1711826.
c [Signal] Signal interruption. Caught signal: SIGTERM (15).
c [Label = 854] Encoding duration: 13339ms.
c [Label = 854] Number of clauses: 8980563.
c [Label = 854] Number of variables: 1713298.
c [Signal] Signal interruption. Caught signal: SIGTERM (15).
c [Main] Child pid 854 - 1180689 terminated by signal 15.
c [Main] Child pid 853 - 1180690 terminated by signal 15.
c [Label = 851] Encoding duration: 13188ms.
c [Label = 851] Number of clauses: 8950345.
c [Label = 851] Number of variables: 1708882.
c [Label = 851] Solving duration: 372538 ms.
s [Label = 851] SAT (w = 170).
Label assignment: 653 492 762 735 839 496 661 727 169 405 446 456 613 615 692 11 656 831 634 434 391 539 394 165 392 568 825 213 109 276 728 476 528 549 442 813 733 685 294 459 429 300 543 832 146 240 545 269 683 463 323 386 60 326 402 236 469 553 737 566 643 574 465 227 466 763 563 234 382 511 287 633 166 611 73 381 237 522 158 555 162 292 303 8 586 268 431 170 167 400 680 742 612 472 836 279 705 398 464 738 687 430 159 122 598 837 682 603 483 840 651 811 739 537 562 238 289 548 525 732 437 521 480 591 684 440 487 390 160 310 590 504 277 686 561 393 578 625 1 629 660 156 571 311 708 489 367 704 327 448 700 486 741 755 378 131 560 550 655 569 152 584 374 616 608 235 127 721 271 312 512 347 342 630 716 530 723 596 313 470 9 242 514 516 691 744 679 600 161 809 838 597 583 531 542 724 233 659 246 702 153 462 529 112 673 551 654 435 428 830 826 241 731 617 173 729 640 417 844 460 401 614 278 194 301 296 376 573 329 452 283 216 295 115 230 171 260 688 668 515 319 425 706 432 745 558 422 5 602 778 606 491 766 298 552 253 806 174 810 290 75 274 575 433 438 526 338 413 658 366 607 508 639 722 493 532 689 709 827 426 501 752 231 406 712 718 604 565 494 339 841 291 533 98 151 730 288 726 846 10 747 453 395 829 761 536 677 147 628 715 667 540 481 592 143 822 693 714 717 768 750 373 371 138 457 769 330 123 627 513 650 172 59 228 308 252 407 423 137 2 149 696 482 567 670 418 383 377 232 275 224 320 7 833 500 365 322 254 694 372 538 369 368 698 94 163 471 713 309 328 671 421 370 490 636 647 141 259 835 554 45 641 507 126 834 424 541 781 527 740 823 720 168 201 546 843 142 743 444 341 325 410 767 200 764 154 821 749 116 725 534 450 475 818 824 701 214 66 751 779 132 96 619 695 461 148 307 657 770 786 135 38 648 67 468 239 219 499 850 293 188 399 581 436 118 576 734 649 644 757 384 748 396 91 790 582 665 299 477 86 30 36 198 210 587 484 816 247 756 284 681 710 753 851 362 559 14 703 380 229 140 76 357 69 509 427 317 547 388 285 638 609 557 773 316 261 517 736 556 707 618 772 205 88 699 780 64 80 458 281 447 645 145 669 564 519 12 454 814 478 387 672 314 697 385 249 760 599 777 3 411 408 601 397 663 358 776 570 794 361 845 420 354 280 193 77 842 595 245 443 572 215 360 754 223 637 186 642 389 136 485 209 196 363 189 488 266 222 315 803 133 479 129 585 220 819 631 349 758 497 125 719 782 690 765 304 580 404 356 774 746 495 415 346 624 403 445 577 847 409 502 351 620 623 412 820 815 817 282 68 257 256 251 759 849 350 802 79 789 375 775 828 211 632 4 798 157 305 221 812 848 439 621 666 674 139 348 797 801 594 791 258 467 610 50 272 520 796 180 626 808 306 804 588 379 63 807 605 646 805 795 208 264 144 250 84 792 800 248 518 419 799 324 414 217 544 204 579 524 353 35 359 793 24 441 
c [Main] Lowest label SAT is set to 851.
c [Signal] Signal interruption. Caught signal: SIGTERM (15).
c [Main] All children have completed.
r [Main] 
r [Main] Final results: 
r [Main] Lowest label SAT:  	851.
r [Main] Highest label UNSAT:	850.
r [Main] Total real time: 388026 ms.
r [Main] Total memory consumed: 26759.4 MB.
r [Main] 
