c [Version] Minimize Makespan Labeling Encoder version 1.0.0.
c [Param] Target value is set to 391.
c [Param] LB is predefined as 392.
c [Param] UB is predefined as 819.
c [Param] Target value is set to Antibandwidth.
c [Param] Vertices mode is set to Has hole.
c [Param] Result verification is ON.
c [Param] Memory limit is set to 30000.
c [Param] Real time limit is set to 1800.
c [Param] Worker count is set to 8.
c [Param] Max CNF size is set to 10.
c [Main] Search strategy: Iterating Breadth First Search (Reverse).
c [Main] Search order: 605 712 498 766 658 551 444 793 739 685 631 578 524 471 417 806 779 752 725 698 671 644 618 591 564 537 511 484 457 430 404 813 799 786 772 759 745 732 718 705 691 678 664 651 637 624 611 598 584 571 557 544 530 517 504 491 477 464 450 437 423 410 397 816 809 802 796 789 782 775 769 762 755 748 742 735 728 721 715 708 701 694 688 681 674 667 661 654 647 640 634 627 621 614 608 601 594 587 581 574 567 560 554 547 540 533 527 520 514 507 501 494 487 480 474 467 460 453 447 440 433 426 420 413 407 400 394 818 814 811 807 804 800 797 794 791 787 784 780 777 773 770 767 764 760 757 753 750 746 743 740 737 733 730 726 723 719 716 713 710 706 703 699 696 692 689 686 683 679 676 672 669 665 662 659 656 652 649 645 642 638 635 632 629 625 622 619 616 612 609 606 603 599 596 592 589 585 582 579 576 572 569 565 562 558 555 552 549 545 542 538 535 531 528 525 522 518 515 512 509 505 502 499 496 492 489 485 482 478 475 472 469 465 462 458 455 451 448 445 442 438 435 431 428 424 421 418 415 411 408 405 402 398 395 392 819 817 815 812 810 808 805 803 801 798 795 792 790 788 785 783 781 778 776 774 771 768 765 763 761 758 756 754 751 749 747 744 741 738 736 734 731 729 727 724 722 720 717 714 711 709 707 704 702 700 697 695 693 690 687 684 682 680 677 675 673 670 668 666 663 660 657 655 653 650 648 646 643 641 639 636 633 630 628 626 623 620 617 615 613 610 607 604 602 600 597 595 593 590 588 586 583 580 577 575 573 570 568 566 563 561 559 556 553 550 548 546 543 541 539 536 534 532 529 526 523 521 519 516 513 510 508 506 503 500 497 495 493 490 488 486 483 481 479 476 473 470 468 466 463 461 459 456 454 452 449 446 443 441 439 436 434 432 429 427 425 422 419 416 414 412 409 406 403 401 399 396 393.
c [Main] Encoding and solving for graph: S-sherman4.mtx.rnd.
c [Label = 605] Minimize Makespan Labeling problem (S-sherman4.mtx.rnd):
c [Label = 712] Minimize Makespan Labeling problem (S-sherman4.mtx.rnd):
c [Label = 498] Minimize Makespan Labeling problem (S-sherman4.mtx.rnd):
c [Label = 766] Minimize Makespan Labeling problem (S-sherman4.mtx.rnd):
c [Label = 658] Minimize Makespan Labeling problem (S-sherman4.mtx.rnd):
c [Label = 551] Minimize Makespan Labeling problem (S-sherman4.mtx.rnd):
c [Label = 793] Minimize Makespan Labeling problem (S-sherman4.mtx.rnd):
c [Label = 444] Minimize Makespan Labeling problem (S-sherman4.mtx.rnd):
c [Label = 444] Encoding starts with target value = 391:
c [Label = 444] Encoding duration: 2283ms.
c [Label = 444] Number of clauses: 1281335.
c [Label = 444] Number of variables: 483876.
c [Label = 444] Solving duration: 11 ms.
s [Label = 444] SAT (w = 391).
c [Label = 444] Label assignment: 53 53 444 444 444 53 53 53 53 53 444 53 53 444 53 53 53 444 444 444 53 444 444 53 444 444 53 53 53 444 444 444 444 444 53 53 444 53 444 53 53 444 53 444 444 444 444 444 444 444 444 444 53 53 444 53 53 444 444 444 444 444 444 444 444 53 444 53 444 53 444 53 53 53 53 53 53 444 53 53 444 444 53 444 53 53 444 53 53 53 53 53 444 444 53 444 53 444 444 444 444 53 53 444 444 444 444 53 444 53 444 53 53 53 53 444 444 444 444 444 53 444 444 444 444 444 444 53 444 444 53 444 444 444 444 53 53 444 53 444 444 444 53 53 53 53 53 53 444 53 53 444 53 53 444 444 444 444 53 53 53 53 444 53 444 444 53 444 53 53 53 53 444 444 53 444 444 444 53 53 53 53 53 53 53 444 444 444 444 53 53 444 53 444 444 444 53 53 53 444 53 53 53 444 444 444 53 53 444 53 53 444 53 444 53 53 444 53 444 444 444 444 53 53 53 444 53 444 444 53 444 53 53 444 444 444 444 53 53 53 444 444 53 53 444 444 444 444 53 53 53 53 444 444 444 444 53 444 444 53 53 444 53 53 444 444 444 444 444 444 53 444 444 53 53 53 444 53 444 444 444 53 444 53 444 444 53 444 444 53 53 444 444 444 444 444 53 53 444 444 53 53 53 53 53 444 53 53 53 53 444 444 53 444 53 444 53 53 444 53 444 444 53 53 444 53 53 444 444 53 53 53 444 444 444 444 444 444 53 53 444 444 53 444 444 53 444 53 444 53 53 53 444 53 444 53 53 53 53 53 53 53 53 444 53 444 444 444 444 53 444 53 53 53 53 444 53 53 444 53 53 53 444 444 444 53 444 53 53 53 53 444 53 444 444 444 53 53 53 444 444 444 53 53 444 53 444 53 53 444 53 444 444 444 444 53 53 53 444 53 53 53 53 444 444 444 53 53 53 53 444 53 53 444 444 444 444 53 444 444 53 53 444 53 53 53 444 53 53 444 53 444 444 444 444 53 53 53 53 53 444 444 53 53 444 53 444 444 444 444 53 444 444 53 53 444 53 444 53 444 444 53 53 444 53 53 53 53 444 53 53 53 53 444 53 444 53 444 53 53 444 53 444 444 444 444 444 444 53 444 444 444 444 444 444 444 53 444 53 444 53 53 53 444 53 53 444 444 444 53 444 53 53 444 444 53 53 53 444 53 53 53 53 1 444 444 
c [Label = 793] Encoding starts with target value = 391:
c [Signal] Signal interruption. Caught signal: SIGTERM (15).
c [Label = 605] Encoding starts with target value = 391:
c [Signal] Signal interruption. Caught signal: SIGTERM (15).
c [Label = 766] Encoding starts with target value = 391:
c [Signal] Signal interruption. Caught signal: SIGTERM (15).
c [Label = 551] Encoding starts with target value = 391:
c [Signal] Signal interruption. Caught signal: SIGTERM (15).
c [Label = 658] Encoding starts with target value = 391:
c [Signal] Signal interruption. Caught signal: SIGTERM (15).
c [Main] Lowest label SAT is set to 444.
c [Main] Kill higher label pid 793.
c [Main] Kill higher label pid 551.
c [Main] Kill higher label pid 658.
c [Main] Kill higher label pid 766.
c [Main] Kill higher label pid 498.
c [Main] Kill higher label pid 712.
c [Main] Kill higher label pid 605.
c [Label = 712] Encoding starts with target value = 391:
c [Signal] Signal interruption. Caught signal: SIGTERM (15).
c [Label = 498] Encoding starts with target value = 391:
c [Signal] Signal interruption. Caught signal: SIGTERM (15).
c [Label = 417] Minimize Makespan Labeling problem (S-sherman4.mtx.rnd):
c [Main] Child pid 551 - 1786722 terminated by signal 15.
c [Label = 430] Minimize Makespan Labeling problem (S-sherman4.mtx.rnd):
c [Main] Child pid 498 - 1786719 terminated by signal 15.
c [Main] Child pid 605 - 1786717 terminated by signal 15.
c [Main] Child pid 658 - 1786721 terminated by signal 15.
c [Label = 437] Minimize Makespan Labeling problem (S-sherman4.mtx.rnd):
c [Label = 423] Minimize Makespan Labeling problem (S-sherman4.mtx.rnd):
c [Main] Child pid 712 - 1786718 terminated by signal 15.
c [Label = 410] Minimize Makespan Labeling problem (S-sherman4.mtx.rnd):
c [Label = 404] Minimize Makespan Labeling problem (S-sherman4.mtx.rnd):
c [Main] Child pid 793 - 1786724 terminated by signal 15.
c [Main] Child pid 766 - 1786720 terminated by signal 15.
c [Label = 397] Minimize Makespan Labeling problem (S-sherman4.mtx.rnd):
c [Label = 440] Minimize Makespan Labeling problem (S-sherman4.mtx.rnd):
c [Label = 397] Encoding starts with target value = 391:
c [Label = 397] Encoding duration: 1770ms.
c [Label = 397] Number of clauses: 900893.
c [Label = 397] Number of variables: 432552.
c [Label = 397] Solving duration: 3 ms.
s [Label = 397] SAT (w = 391).
c [Label = 397] Label assignment: 6 6 397 397 397 6 6 6 6 6 397 6 6 397 6 6 6 397 397 397 6 397 397 6 397 397 6 6 6 397 397 397 397 397 6 6 397 6 397 6 6 397 6 397 397 397 397 397 397 397 397 397 6 6 397 6 6 397 397 397 397 397 397 397 397 6 397 6 397 6 397 6 6 6 6 6 6 397 6 6 397 397 6 397 6 6 397 6 6 6 6 6 397 397 6 397 6 397 397 397 397 6 6 397 397 397 397 6 397 6 397 6 6 6 6 397 397 397 397 397 6 397 397 397 397 397 397 6 397 397 6 397 397 397 397 6 6 397 6 397 397 397 6 6 6 6 6 6 397 6 6 397 6 6 397 397 397 397 6 6 6 6 397 6 397 397 6 397 6 6 6 6 397 397 6 397 397 397 6 6 6 6 6 6 6 397 397 397 397 6 6 397 6 397 397 397 6 6 6 397 6 6 6 397 397 397 6 6 397 6 6 397 6 397 6 6 397 6 397 397 397 397 6 6 6 397 6 397 397 6 397 6 6 397 397 397 397 6 6 6 397 397 6 6 397 397 397 397 6 6 6 6 397 397 397 397 6 397 397 6 6 397 6 6 397 397 397 397 397 397 6 397 397 6 6 6 397 6 397 397 397 6 397 6 397 397 6 397 397 6 6 397 397 397 397 397 6 6 397 397 6 6 6 6 6 397 6 6 6 6 397 397 6 397 6 397 6 6 397 6 397 397 6 6 397 6 6 397 397 6 6 6 397 397 397 397 397 397 6 6 397 397 6 397 397 6 397 6 397 6 6 6 397 6 397 6 6 6 6 6 6 6 6 397 6 397 397 397 397 6 397 6 6 6 6 397 6 6 397 6 6 6 397 397 397 6 397 6 6 6 6 397 6 397 397 397 6 6 6 397 397 397 6 6 397 6 397 6 6 397 6 397 397 397 397 6 6 6 397 6 6 6 6 397 397 397 6 6 6 6 397 6 6 397 397 397 397 6 397 397 6 6 397 6 6 6 397 6 6 397 6 397 397 397 397 6 6 6 6 6 397 397 6 6 397 6 397 397 397 397 6 397 397 6 6 397 6 397 6 397 397 6 6 397 6 6 6 6 397 6 6 6 6 397 6 397 6 397 6 6 397 6 397 397 397 397 397 397 6 397 397 397 397 397 397 397 6 397 6 397 6 6 6 397 6 6 397 397 397 6 397 6 6 397 397 6 6 6 397 6 6 6 6 1 397 397 
c [Label = 440] Encoding starts with target value = 391:
c [Signal] Signal interruption. Caught signal: SIGTERM (15).
c [Main] Lowest label SAT is set to 397.
c [Main] Kill higher label pid 440.
c [Main] Kill higher label pid 410.
c [Main] Kill higher label pid 423.
c [Main] Kill higher label pid 404.
c [Main] Kill higher label pid 430.
c [Main] Kill higher label pid 417.
c [Main] Kill higher label pid 437.
c [Label = 410] Encoding starts with target value = 391:
c [Label = 410] Encoding duration: 1932ms.
c [Label = 410] Number of clauses: 1006122.
c [Label = 410] Number of variables: 446748.
c [Label = 410] Solving duration: 5 ms.
s [Label = 410] SAT (w = 391).
c [Label = 410] Label assignment: 19 19 410 410 410 19 19 19 19 19 410 19 19 410 19 19 19 410 410 410 19 410 410 19 410 410 19 19 19 410 410 410 410 410 19 19 410 19 410 19 19 410 19 410 410 410 410 410 410 410 410 410 19 19 410 19 19 410 410 410 410 410 410 410 410 19 410 19 410 19 410 19 19 19 19 19 19 410 19 19 410 410 19 410 19 19 410 19 19 19 19 19 410 410 19 410 19 410 410 410 410 19 19 410 410 410 410 19 410 19 410 19 19 19 19 410 410 410 410 410 19 410 410 410 410 410 410 19 410 410 19 410 410 410 410 19 19 410 19 410 410 410 19 19 19 19 19 19 410 19 19 410 19 19 410 410 410 410 19 19 19 19 410 19 410 410 19 410 19 19 19 19 410 410 19 410 410 410 19 19 19 19 19 19 19 410 410 410 410 19 19 410 19 410 410 410 19 19 19 410 19 19 19 410 410 410 19 19 410 19 19 410 19 410 19 19 410 19 410 410 410 410 19 19 19 410 19 410 410 19 410 19 19 410 410 410 410 19 19 19 410 410 19 19 410 410 410 410 19 19 19 19 410 410 410 410 19 410 410 19 19 410 19 19 410 410 410 410 410 410 19 410 410 19 19 19 410 19 410 410 410 19 410 19 410 410 19 410 410 19 19 410 410 410 410 410 19 19 410 410 19 19 19 19 19 410 19 19 19 19 410 410 19 410 19 410 19 19 410 19 410 410 19 19 410 19 19 410 410 19 19 19 410 410 410 410 410 410 19 19 410 410 19 410 410 19 410 19 410 19 19 19 410 19 410 19 19 19 19 19 19 19 19 410 19 410 410 410 410 19 410 19 19 19 19 410 19 19 410 19 19 19 410 410 410 19 410 19 19 19 19 410 19 410 410 410 19 19 19 410 410 410 19 19 410 19 410 19 19 410 19 410 410 410 410 19 19 19 410 19 19 19 19 410 410 410 19 19 19 19 410 19 19 410 410 410 410 19 410 410 19 19 410 19 19 19 410 19 19 410 19 410 410 410 410 19 19 19 19 19 410 410 19 19 410 19 410 410 410 410 19 410 410 19 19 410 19 410 19 410 410 19 19 410 19 19 19 19 410 19 19 19 19 410 19 410 19 410 19 19 410 19 410 410 410 410 410 410 19 410 410 410 410 410 410 410 19 410 19 410 19 19 19 410 19 19 410 410 410 19 410 19 19 410 410 19 19 19 410 19 19 19 19 1 410 410 
c [Signal] Signal interruption. Caught signal: SIGTERM (15).
c [Label = 423] Encoding starts with target value = 391:
c [Label = 423] Encoding duration: 2053ms.
c [Label = 423] Number of clauses: 1111350.
c [Label = 423] Number of variables: 460944.
c [Label = 423] Solving duration: 8 ms.
s [Label = 423] SAT (w = 391).
c [Label = 423] Label assignment: 32 32 423 423 423 32 32 32 32 32 423 32 32 423 32 32 32 423 423 423 32 423 423 32 423 423 32 32 32 423 423 423 423 423 32 32 423 32 423 32 32 423 32 423 423 423 423 423 423 423 423 423 32 32 423 32 32 423 423 423 423 423 423 423 423 32 423 32 423 32 423 32 32 32 32 32 32 423 32 32 423 423 32 423 32 32 423 32 32 32 32 32 423 423 32 423 32 423 423 423 423 32 32 423 423 423 423 32 423 32 423 32 32 32 32 423 423 423 423 423 32 423 423 423 423 423 423 32 423 423 32 423 423 423 423 32 32 423 32 423 423 423 32 32 32 32 32 32 423 32 32 423 32 32 423 423 423 423 32 32 32 32 423 32 423 423 32 423 32 32 32 32 423 423 32 423 423 423 32 32 32 32 32 32 32 423 423 423 423 32 32 423 32 423 423 423 32 32 32 423 32 32 32 423 423 423 32 32 423 32 32 423 32 423 32 32 423 32 423 423 423 423 32 32 32 423 32 423 423 32 423 32 32 423 423 423 423 32 32 32 423 423 32 32 423 423 423 423 32 32 32 32 423 423 423 423 32 423 423 32 32 423 32 32 423 423 423 423 423 423 32 423 423 32 32 32 423 32 423 423 423 32 423 32 423 423 32 423 423 32 32 423 423 423 423 423 32 32 423 423 32 32 32 32 32 423 32 32 32 32 423 423 32 423 32 423 32 32 423 32 423 423 32 32 423 32 32 423 423 32 32 32 423 423 423 423 423 423 32 32 423 423 32 423 423 32 423 32 423 32 32 32 423 32 423 32 32 32 32 32 32 32 32 423 32 423 423 423 423 32 423 32 32 32 32 423 32 32 423 32 32 32 423 423 423 32 423 32 32 32 32 423 32 423 423 423 32 32 32 423 423 423 32 32 423 32 423 32 32 423 32 423 423 423 423 32 32 32 423 32 32 32 32 423 423 423 32 32 32 32 423 32 32 423 423 423 423 32 423 423 32 32 423 32 32 32 423 32 32 423 32 423 423 423 423 32 32 32 32 32 423 423 32 32 423 32 423 423 423 423 32 423 423 32 32 423 32 423 32 423 423 32 32 423 32 32 32 32 423 32 32 32 32 423 32 423 32 423 32 32 423 32 423 423 423 423 423 423 32 423 423 423 423 423 423 423 32 423 32 423 32 32 32 423 32 32 423 423 423 32 423 32 32 423 423 32 32 32 423 32 32 32 32 1 423 423 
c [Signal] Signal interruption. Caught signal: SIGTERM (15).
c [Label = 417] Encoding starts with target value = 391:
c [Label = 417] Encoding duration: 2050ms.
c [Label = 417] Number of clauses: 1062783.
c [Label = 417] Number of variables: 454392.
c [Label = 417] Solving duration: 6 ms.
s [Label = 417] SAT (w = 391).
c [Label = 417] Label assignment: 26 26 417 417 417 26 26 26 26 26 417 26 26 417 26 26 26 417 417 417 26 417 417 26 417 417 26 26 26 417 417 417 417 417 26 26 417 26 417 26 26 417 26 417 417 417 417 417 417 417 417 417 26 26 417 26 26 417 417 417 417 417 417 417 417 26 417 26 417 26 417 26 26 26 26 26 26 417 26 26 417 417 26 417 26 26 417 26 26 26 26 26 417 417 26 417 26 417 417 417 417 26 26 417 417 417 417 26 417 26 417 26 26 26 26 417 417 417 417 417 26 417 417 417 417 417 417 26 417 417 26 417 417 417 417 26 26 417 26 417 417 417 26 26 26 26 26 26 417 26 26 417 26 26 417 417 417 417 26 26 26 26 417 26 417 417 26 417 26 26 26 26 417 417 26 417 417 417 26 26 26 26 26 26 26 417 417 417 417 26 26 417 26 417 417 417 26 26 26 417 26 26 26 417 417 417 26 26 417 26 26 417 26 417 26 26 417 26 417 417 417 417 26 26 26 417 26 417 417 26 417 26 26 417 417 417 417 26 26 26 417 417 26 26 417 417 417 417 26 26 26 26 417 417 417 417 26 417 417 26 26 417 26 26 417 417 417 417 417 417 26 417 417 26 26 26 417 26 417 417 417 26 417 26 417 417 26 417 417 26 26 417 417 417 417 417 26 26 417 417 26 26 26 26 26 417 26 26 26 26 417 417 26 417 26 417 26 26 417 26 417 417 26 26 417 26 26 417 417 26 26 26 417 417 417 417 417 417 26 26 417 417 26 417 417 26 417 26 417 26 26 26 417 26 417 26 26 26 26 26 26 26 26 417 26 417 417 417 417 26 417 26 26 26 26 417 26 26 417 26 26 26 417 417 417 26 417 26 26 26 26 417 26 417 417 417 26 26 26 417 417 417 26 26 417 26 417 26 26 417 26 417 417 417 417 26 26 26 417 26 26 26 26 417 417 417 26 26 26 26 417 26 26 417 417 417 417 26 417 417 26 26 417 26 26 26 417 26 26 417 26 417 417 417 417 26 26 26 26 26 417 417 26 26 417 26 417 417 417 417 26 417 417 26 26 417 26 417 26 417 417 26 26 417 26 26 26 26 417 26 26 26 26 417 26 417 26 417 26 26 417 26 417 417 417 417 417 417 26 417 417 417 417 417 417 417 26 417 26 417 26 26 26 417 26 26 417 417 417 26 417 26 26 417 417 26 26 26 417 26 26 26 26 1 417 417 
c [Signal] Signal interruption. Caught signal: SIGTERM (15).
c [Label = 437] Encoding starts with target value = 391:
c [Signal] Signal interruption. Caught signal: SIGTERM (15).
c [Label = 404] Encoding starts with target value = 391:
c [Label = 404] Encoding duration: 1836ms.
c [Label = 404] Number of clauses: 957555.
c [Label = 404] Number of variables: 440196.
c [Label = 404] Solving duration: 4 ms.
s [Label = 404] SAT (w = 391).
c [Label = 404] Label assignment: 13 13 404 404 404 13 13 13 13 13 404 13 13 404 13 13 13 404 404 404 13 404 404 13 404 404 13 13 13 404 404 404 404 404 13 13 404 13 404 13 13 404 13 404 404 404 404 404 404 404 404 404 13 13 404 13 13 404 404 404 404 404 404 404 404 13 404 13 404 13 404 13 13 13 13 13 13 404 13 13 404 404 13 404 13 13 404 13 13 13 13 13 404 404 13 404 13 404 404 404 404 13 13 404 404 404 404 13 404 13 404 13 13 13 13 404 404 404 404 404 13 404 404 404 404 404 404 13 404 404 13 404 404 404 404 13 13 404 13 404 404 404 13 13 13 13 13 13 404 13 13 404 13 13 404 404 404 404 13 13 13 13 404 13 404 404 13 404 13 13 13 13 404 404 13 404 404 404 13 13 13 13 13 13 13 404 404 404 404 13 13 404 13 404 404 404 13 13 13 404 13 13 13 404 404 404 13 13 404 13 13 404 13 404 13 13 404 13 404 404 404 404 13 13 13 404 13 404 404 13 404 13 13 404 404 404 404 13 13 13 404 404 13 13 404 404 404 404 13 13 13 13 404 404 404 404 13 404 404 13 13 404 13 13 404 404 404 404 404 404 13 404 404 13 13 13 404 13 404 404 404 13 404 13 404 404 13 404 404 13 13 404 404 404 404 404 13 13 404 404 13 13 13 13 13 404 13 13 13 13 404 404 13 404 13 404 13 13 404 13 404 404 13 13 404 13 13 404 404 13 13 13 404 404 404 404 404 404 13 13 404 404 13 404 404 13 404 13 404 13 13 13 404 13 404 13 13 13 13 13 13 13 13 404 13 404 404 404 404 13 404 13 13 13 13 404 13 13 404 13 13 13 404 404 404 13 404 13 13 13 13 404 13 404 404 404 13 13 13 404 404 404 13 13 404 13 404 13 13 404 13 404 404 404 404 13 13 13 404 13 13 13 13 404 404 404 13 13 13 13 404 13 13 404 404 404 404 13 404 404 13 13 404 13 13 13 404 13 13 404 13 404 404 404 404 13 13 13 13 13 404 404 13 13 404 13 404 404 404 404 13 404 404 13 13 404 13 404 13 404 404 13 13 404 13 13 13 13 404 13 13 13 13 404 13 404 13 404 13 13 404 13 404 404 404 404 404 404 13 404 404 404 404 404 404 404 13 404 13 404 13 13 13 404 13 13 404 404 404 13 404 13 13 404 404 13 13 13 404 13 13 13 13 1 404 404 
c [Signal] Signal interruption. Caught signal: SIGTERM (15).
c [Label = 430] Encoding starts with target value = 391:
c [Label = 430] Encoding duration: 2126ms.
c [Label = 430] Number of clauses: 1168012.
c [Label = 430] Number of variables: 468588.
c [Label = 430] Solving duration: 8 ms.
s [Label = 430] SAT (w = 391).
c [Label = 430] Label assignment: 39 39 430 430 430 39 39 39 39 39 430 39 39 430 39 39 39 430 430 430 39 430 430 39 430 430 39 39 39 430 430 430 430 430 39 39 430 39 430 39 39 430 39 430 430 430 430 430 430 430 430 430 39 39 430 39 39 430 430 430 430 430 430 430 430 39 430 39 430 39 430 39 39 39 39 39 39 430 39 39 430 430 39 430 39 39 430 39 39 39 39 39 430 430 39 430 39 430 430 430 430 39 39 430 430 430 430 39 430 39 430 39 39 39 39 430 430 430 430 430 39 430 430 430 430 430 430 39 430 430 39 430 430 430 430 39 39 430 39 430 430 430 39 39 39 39 39 39 430 39 39 430 39 39 430 430 430 430 39 39 39 39 430 39 430 430 39 430 39 39 39 39 430 430 39 430 430 430 39 39 39 39 39 39 39 430 430 430 430 39 39 430 39 430 430 430 39 39 39 430 39 39 39 430 430 430 39 39 430 39 39 430 39 430 39 39 430 39 430 430 430 430 39 39 39 430 39 430 430 39 430 39 39 430 430 430 430 39 39 39 430 430 39 39 430 430 430 430 39 39 39 39 430 430 430 430 39 430 430 39 39 430 39 39 430 430 430 430 430 430 39 430 430 39 39 39 430 39 430 430 430 39 430 39 430 430 39 430 430 39 39 430 430 430 430 430 39 39 430 430 39 39 39 39 39 430 39 39 39 39 430 430 39 430 39 430 39 39 430 39 430 430 39 39 430 39 39 430 430 39 39 39 430 430 430 430 430 430 39 39 430 430 39 430 430 39 430 39 430 39 39 39 430 39 430 39 39 39 39 39 39 39 39 430 39 430 430 430 430 39 430 39 39 39 39 430 39 39 430 39 39 39 430 430 430 39 430 39 39 39 39 430 39 430 430 430 39 39 39 430 430 430 39 39 430 39 430 39 39 430 39 430 430 430 430 39 39 39 430 39 39 39 39 430 430 430 39 39 39 39 430 39 39 430 430 430 430 39 430 430 39 39 430 39 39 39 430 39 39 430 39 430 430 430 430 39 39 39 39 39 430 430 39 39 430 39 430 430 430 430 39 430 430 39 39 430 39 430 39 430 430 39 39 430 39 39 39 39 430 39 39 39 39 430 39 430 39 430 39 39 430 39 430 430 430 430 430 430 39 430 430 430 430 430 430 430 39 430 39 430 39 39 39 430 39 39 430 430 430 39 430 39 39 430 430 39 39 39 430 39 39 39 39 1 430 430 
c [Signal] Signal interruption. Caught signal: SIGTERM (15).
c [Label = 394] Minimize Makespan Labeling problem (S-sherman4.mtx.rnd):
c [Main] Child pid 417 - 1786725 terminated by signal 15.
c [Label = 395] Minimize Makespan Labeling problem (S-sherman4.mtx.rnd):
c [Main] Child pid 410 - 1786730 terminated by signal 15.
c [Main] Child pid 404 - 1786727 terminated by signal 15.
c [Main] Child pid 423 - 1786729 terminated by signal 15.
c [Label = 393] Minimize Makespan Labeling problem (S-sherman4.mtx.rnd):
c [Main] Child pid 440 - 1786732 terminated by signal 15.
c [Label = 392] Minimize Makespan Labeling problem (S-sherman4.mtx.rnd):
c [Label = 396] Minimize Makespan Labeling problem (S-sherman4.mtx.rnd):
c [Main] Child pid 430 - 1786726 terminated by signal 15.
c [Main] Child pid 437 - 1786728 terminated by signal 15.
c [Label = 394] Encoding starts with target value = 391:
c [Label = 394] Encoding duration: 1376ms.
c [Label = 394] Number of clauses: 876610.
c [Label = 394] Number of variables: 429276.
c [Label = 394] Solving duration: 1 ms.
s [Label = 394] SAT (w = 391).
c [Label = 394] Label assignment: 3 3 394 394 394 3 3 3 3 3 394 3 3 394 3 3 3 394 394 394 3 394 394 3 394 394 3 3 3 394 394 394 394 394 3 3 394 3 394 3 3 394 3 394 394 394 394 394 394 394 394 394 3 3 394 3 3 394 394 394 394 394 394 394 394 3 394 3 394 3 394 3 3 3 3 3 3 394 3 3 394 394 3 394 3 3 394 3 3 3 3 3 394 394 3 394 3 394 394 394 394 3 3 394 394 394 394 3 394 3 394 3 3 3 3 394 394 394 394 394 3 394 394 394 394 394 394 3 394 394 3 394 394 394 394 3 3 394 3 394 394 394 3 3 3 3 3 3 394 3 3 394 3 3 394 394 394 394 3 3 3 3 394 3 394 394 3 394 3 3 3 3 394 394 3 394 394 394 3 3 3 3 3 3 3 394 394 394 394 3 3 394 3 394 394 394 3 3 3 394 3 3 3 394 394 394 3 3 394 3 3 394 3 394 3 3 394 3 394 394 394 394 3 3 3 394 3 394 394 3 394 3 3 394 394 394 394 3 3 3 394 394 3 3 394 394 394 394 3 3 3 3 394 394 394 394 3 394 394 3 3 394 3 3 394 394 394 394 394 394 3 394 394 3 3 3 394 3 394 394 394 3 394 3 394 394 3 394 394 3 3 394 394 394 394 394 3 3 394 394 3 3 3 3 3 394 3 3 3 3 394 394 3 394 3 394 3 3 394 3 394 394 3 3 394 3 3 394 394 3 3 3 394 394 394 394 394 394 3 3 394 394 3 394 394 3 394 3 394 3 3 3 394 3 394 3 3 3 3 3 3 3 3 394 3 394 394 394 394 3 394 3 3 3 3 394 3 3 394 3 3 3 394 394 394 3 394 3 3 3 3 394 3 394 394 394 3 3 3 394 394 394 3 3 394 3 394 3 3 394 3 394 394 394 394 3 3 3 394 3 3 3 3 394 394 394 3 3 3 3 394 3 3 394 394 394 394 3 394 394 3 3 394 3 3 3 394 3 3 394 3 394 394 394 394 3 3 3 3 3 394 394 3 3 394 3 394 394 394 394 3 394 394 3 3 394 3 394 3 394 394 3 3 394 3 3 3 3 394 3 3 3 3 394 3 394 3 394 3 3 394 3 394 394 394 394 394 394 3 394 394 394 394 394 394 394 3 394 3 394 3 3 3 394 3 3 394 394 394 3 394 3 3 394 394 3 3 3 394 3 3 3 3 1 394 394 
c [Label = 392] Encoding starts with target value = 391:
c [Label = 392] Encoding duration: 1302ms.
c [Label = 392] Number of clauses: 860421.
c [Label = 392] Number of variables: 427092.
c [Label = 392] Solving duration: 14 ms.
s [Label = 392] SAT (w = 391).
c [Label = 392] Label assignment: 1 1 392 392 392 1 1 1 1 1 392 1 1 392 1 1 1 392 392 392 1 392 392 1 392 392 1 1 1 392 392 392 392 392 1 1 392 1 392 1 1 392 1 392 392 392 392 392 392 392 392 392 1 1 392 1 1 392 392 392 392 392 392 392 392 1 392 1 392 1 392 1 1 1 1 1 1 392 1 1 392 392 1 392 1 1 392 1 1 1 1 1 392 392 1 392 1 392 392 392 392 1 1 392 392 392 392 1 392 1 392 1 1 1 1 392 392 392 392 392 1 392 392 392 392 392 392 1 392 392 1 392 392 392 392 1 1 392 1 392 392 392 1 1 1 1 1 1 392 1 1 392 1 1 392 392 392 392 1 1 1 1 392 1 392 392 1 392 1 1 1 1 392 392 1 392 392 392 1 1 1 1 1 1 1 392 392 392 392 1 1 392 1 392 392 392 1 1 1 392 1 1 1 392 392 392 1 1 392 1 1 392 1 392 1 1 392 1 392 392 392 392 1 1 1 392 1 392 392 1 392 1 1 392 392 392 392 1 1 1 392 392 1 1 392 392 392 392 1 1 1 1 392 392 392 392 1 392 392 1 1 392 1 1 392 392 392 392 392 392 1 392 392 1 1 1 392 1 392 392 392 1 392 1 392 392 1 392 392 1 1 392 392 392 392 392 1 1 392 392 1 1 1 1 1 392 1 1 1 1 392 392 1 392 1 392 1 1 392 1 392 392 1 1 392 1 1 392 392 1 1 1 392 392 392 392 392 392 1 1 392 392 1 392 392 1 392 1 392 1 1 1 392 1 392 1 1 1 1 1 1 1 1 392 1 392 392 392 392 1 392 1 1 1 1 392 1 1 392 1 1 1 392 392 392 1 392 1 1 1 1 392 1 392 392 392 1 1 1 392 392 392 1 1 392 1 392 1 1 392 1 392 392 392 392 1 1 1 392 1 1 1 1 392 392 392 1 1 1 1 392 1 1 392 392 392 392 1 392 392 1 1 392 1 1 1 392 1 1 392 1 392 392 392 392 1 1 1 1 1 392 392 1 1 392 1 392 392 392 392 1 392 392 1 1 392 1 392 1 392 392 1 1 392 1 1 1 1 392 1 1 1 1 392 1 392 1 392 1 1 392 1 392 392 392 392 392 392 1 392 392 392 392 392 392 392 1 392 1 392 1 1 1 392 1 1 392 392 392 1 392 1 1 392 392 1 1 1 392 1 1 1 1 1 392 392 
c [Main] Lowest label SAT is set to 394.
c [Main] Kill higher label pid 396.
c [Main] Kill higher label pid 395.
c [Label = 395] Encoding starts with target value = 391:
c [Signal] Signal interruption. Caught signal: SIGTERM (15).
c [Label = 396] Encoding starts with target value = 391:
c [Label = 396] Encoding duration: 1361ms.
c [Label = 396] Number of clauses: 892799.
c [Label = 396] Number of variables: 431460.
c [Label = 396] Solving duration: 1 ms.
s [Label = 396] SAT (w = 391).
c [Label = 396] Label assignment: 5 5 396 396 396 5 5 5 5 5 396 5 5 396 5 5 5 396 396 396 5 396 396 5 396 396 5 5 5 396 396 396 396 396 5 5 396 5 396 5 5 396 5 396 396 396 396 396 396 396 396 396 5 5 396 5 5 396 396 396 396 396 396 396 396 5 396 5 396 5 396 5 5 5 5 5 5 396 5 5 396 396 5 396 5 5 396 5 5 5 5 5 396 396 5 396 5 396 396 396 396 5 5 396 396 396 396 5 396 5 396 5 5 5 5 396 396 396 396 396 5 396 396 396 396 396 396 5 396 396 5 396 396 396 396 5 5 396 5 396 396 396 5 5 5 5 5 5 396 5 5 396 5 5 396 396 396 396 5 5 5 5 396 5 396 396 5 396 5 5 5 5 396 396 5 396 396 396 5 5 5 5 5 5 5 396 396 396 396 5 5 396 5 396 396 396 5 5 5 396 5 5 5 396 396 396 5 5 396 5 5 396 5 396 5 5 396 5 396 396 396 396 5 5 5 396 5 396 396 5 396 5 5 396 396 396 396 5 5 5 396 396 5 5 396 396 396 396 5 5 5 5 396 396 396 396 5 396 396 5 5 396 5 5 396 396 396 396 396 396 5 396 396 5 5 5 396 5 396 396 396 5 396 5 396 396 5 396 396 5 5 396 396 396 396 396 5 5 396 396 5 5 5 5 5 396 5 5 5 5 396 396 5 396 5 396 5 5 396 5 396 396 5 5 396 5 5 396 396 5 5 5 396 396 396 396 396 396 5 5 396 396 5 396 396 5 396 5 396 5 5 5 396 5 396 5 5 5 5 5 5 5 5 396 5 396 396 396 396 5 396 5 5 5 5 396 5 5 396 5 5 5 396 396 396 5 396 5 5 5 5 396 5 396 396 396 5 5 5 396 396 396 5 5 396 5 396 5 5 396 5 396 396 396 396 5 5 5 396 5 5 5 5 396 396 396 5 5 5 5 396 5 5 396 396 396 396 5 396 396 5 5 396 5 5 5 396 5 5 396 5 396 396 396 396 5 5 5 5 5 396 396 5 5 396 5 396 396 396 396 5 396 396 5 5 396 5 396 5 396 396 5 5 396 5 5 5 5 396 5 5 5 5 396 5 396 5 396 5 5 396 5 396 396 396 396 396 396 5 396 396 396 396 396 396 396 5 396 5 396 5 5 5 396 5 5 396 396 396 5 396 5 5 396 396 5 5 5 396 5 5 5 5 1 396 396 
c [Signal] Signal interruption. Caught signal: SIGTERM (15).
c [Main] Lowest label SAT is set to 392.
c [Main] Kill higher label pid 393.
c [Main] Kill higher label pid 396.
c [Main] Kill higher label pid 395.
c [Label = 393] Encoding starts with target value = 391:
c [Signal] Signal interruption. Caught signal: SIGTERM (15).
c [Main] Child pid 396 - 1786736 terminated by signal 15.
c [Main] Child pid 395 - 1786734 terminated by signal 15.
c [Main] Child pid 393 - 1786737 terminated by signal 15.
c [Main] All children have completed.
r [Main] 
r [Main] Final results: 
r [Main] Lowest label SAT:  	392.
r [Main] Highest label UNSAT:	-.
r [Main] Total real time: 6833 ms.
r [Main] Total memory consumed: 4911.6 MB.
r [Main] 
c [Signal] Signal interruption. Caught signal: SIGTERM (15).
