c [Version] Minimize Makespan Labeling Encoder version 1.0.0.
c [Param] Target value is set to 493.
c [Param] LB is predefined as 494.
c [Param] UB is predefined as 1013.
c [Param] Target value is set to Antibandwidth.
c [Param] Vertices mode is set to Has hole.
c [Param] Result verification is ON.
c [Param] Memory limit is set to 30000.
c [Param] Real time limit is set to 1800.
c [Param] Worker count is set to 8.
c [Param] Max CNF size is set to 10.
c [Main] Search strategy: Iterating Breadth First Search (Reverse).
c [Main] Search order: 753 883 623 948 818 688 558 981 915 850 785 720 655 590 525 997 964 931 899 866 834 801 769 736 704 671 639 606 574 541 509 1005 989 972 956 939 923 907 891 874 858 842 826 809 793 777 761 744 728 712 696 679 663 647 631 614 598 582 566 549 533 517 501 1009 1001 993 985 976 968 960 952 943 935 927 919 911 903 895 887 878 870 862 854 846 838 830 822 813 805 797 789 781 773 765 757 748 740 732 724 716 708 700 692 683 675 667 659 651 643 635 627 618 610 602 594 586 578 570 562 553 545 537 529 521 513 505 497 1011 1007 1003 999 995 991 987 983 978 974 970 966 962 958 954 950 945 941 937 933 929 925 921 917 913 909 905 901 897 893 889 885 880 876 872 868 864 860 856 852 848 844 840 836 832 828 824 820 815 811 807 803 799 795 791 787 783 779 775 771 767 763 759 755 750 746 742 738 734 730 726 722 718 714 710 706 702 698 694 690 685 681 677 673 669 665 661 657 653 649 645 641 637 633 629 625 620 616 612 608 604 600 596 592 588 584 580 576 572 568 564 560 555 551 547 543 539 535 531 527 523 519 515 511 507 503 499 495 1012 1010 1008 1006 1004 1002 1000 998 996 994 992 990 988 986 984 982 979 977 975 973 971 969 967 965 963 961 959 957 955 953 951 949 946 944 942 940 938 936 934 932 930 928 926 924 922 920 918 916 914 912 910 908 906 904 902 900 898 896 894 892 890 888 886 884 881 879 877 875 873 871 869 867 865 863 861 859 857 855 853 851 849 847 845 843 841 839 837 835 833 831 829 827 825 823 821 819 816 814 812 810 808 806 804 802 800 798 796 794 792 790 788 786 784 782 780 778 776 774 772 770 768 766 764 762 760 758 756 754 751 749 747 745 743 741 739 737 735 733 731 729 727 725 723 721 719 717 715 713 711 709 707 705 703 701 699 697 695 693 691 689 686 684 682 680 678 676 674 672 670 668 666 664 662 660 658 656 654 652 650 648 646 644 642 640 638 636 634 632 630 628 626 624 621 619 617 615 613 611 609 607 605 603 601 599 597 595 593 591 589 587 585 583 581 579 577 575 573 571 569 567 565 563 561 559 556 554 552 550 548 546 544 542 540 538 536 534 532 530 528 526 524 522 520 518 516 514 512 510 508 506 504 502 500 498 496 494 1013 980 947 882 817 752 687 622 557.
c [Main] Encoding and solving for graph: V-nos6.mtx.rnd.
c [Label = 753] Minimize Makespan Labeling problem (V-nos6.mtx.rnd):
c [Label = 883] Minimize Makespan Labeling problem (V-nos6.mtx.rnd):
c [Label = 623] Minimize Makespan Labeling problem (V-nos6.mtx.rnd):
c [Label = 948] Minimize Makespan Labeling problem (V-nos6.mtx.rnd):
c [Label = 818] Minimize Makespan Labeling problem (V-nos6.mtx.rnd):
c [Label = 688] Minimize Makespan Labeling problem (V-nos6.mtx.rnd):
c [Label = 981] Minimize Makespan Labeling problem (V-nos6.mtx.rnd):
c [Label = 558] Minimize Makespan Labeling problem (V-nos6.mtx.rnd):
c [Label = 558] Encoding starts with target value = 493:
c [Label = 558] Encoding duration: 3930ms.
c [Label = 558] Number of clauses: 1883544.
c [Label = 558] Number of variables: 752098.
c [Label = 558] Solving duration: 17 ms.
s [Label = 558] SAT (w = 493).
c [Label = 558] Label assignment: 65 65 65 558 65 558 558 65 65 558 558 65 558 558 558 65 558 65 558 65 65 558 65 558 65 65 558 558 65 558 65 65 558 558 558 65 558 65 65 558 65 558 65 558 65 65 558 65 65 558 65 65 65 558 558 558 558 65 558 558 65 558 558 65 65 558 558 558 558 65 65 65 65 558 558 65 65 65 558 65 65 558 558 558 65 558 558 558 558 65 65 65 558 65 558 558 65 65 65 65 558 65 65 65 65 65 65 558 65 65 65 65 65 65 65 558 65 558 558 558 558 65 558 558 65 65 65 558 558 558 65 65 65 558 65 558 558 65 65 558 558 65 65 558 558 558 65 65 558 65 558 65 558 65 558 558 65 65 65 558 558 558 558 558 65 65 558 65 65 558 558 558 65 558 558 65 65 65 65 65 65 558 558 558 65 558 558 558 65 558 558 558 558 65 558 558 558 65 65 65 558 558 558 558 65 558 558 558 558 558 558 558 558 558 558 65 65 65 558 65 65 558 558 65 65 558 558 558 65 65 65 558 558 558 558 65 558 65 558 65 65 65 65 65 558 65 65 558 558 65 558 558 65 65 65 65 65 65 65 65 558 65 558 65 558 65 65 65 65 65 558 558 558 65 558 65 65 65 558 558 65 558 558 65 558 558 558 558 558 65 65 558 65 558 65 558 558 558 558 558 65 65 558 65 558 558 558 65 558 65 65 65 558 65 65 558 558 558 558 65 558 558 558 65 65 558 65 558 65 65 65 65 558 558 65 65 65 65 558 558 65 558 65 65 65 558 65 65 558 65 558 65 65 558 558 65 65 65 65 65 558 558 65 65 65 558 65 65 558 558 65 558 558 65 65 65 65 558 65 65 65 65 558 65 65 65 65 65 558 558 65 65 65 558 558 558 558 65 65 558 558 65 65 558 65 65 558 558 558 65 558 65 65 65 558 558 65 558 65 558 558 65 65 65 558 558 65 65 558 65 65 558 65 65 558 65 65 65 65 558 65 558 558 65 65 558 65 65 558 558 65 558 558 558 65 65 65 65 65 558 65 558 558 558 558 558 558 558 558 65 558 65 65 65 65 65 65 558 558 65 558 558 65 65 65 558 65 558 558 65 65 558 558 558 65 65 65 558 65 65 558 558 65 558 558 558 558 65 558 65 558 558 558 65 65 65 65 65 558 558 65 65 558 558 65 558 65 558 558 558 65 558 558 558 558 558 558 558 65 558 558 65 65 558 558 558 558 558 65 65 558 558 65 65 65 65 65 558 65 558 65 558 65 558 65 558 558 558 65 558 558 65 558 558 65 65 65 558 558 65 65 558 65 65 558 558 65 558 65 65 65 65 65 558 65 65 558 558 558 558 65 65 65 65 558 558 558 558 558 65 65 558 558 65 65 558 558 65 65 558 558 65 558 65 65 65 558 558 558 558 65 558 558 558 65 65 558 65 558 558 558 558 558 558 65 65 558 558 558 65 558 558 558 558 65 65 558 65 65 558 558 558 65 558 558 558 65 65 558 65 558 65 65 65 1 
c [Label = 688] Encoding starts with target value = 493:
c [Signal] Signal interruption. Caught signal: SIGTERM (15).
c [Label = 948] Encoding starts with target value = 493:
c [Signal] Signal interruption. Caught signal: SIGTERM (15).
c [Main] Lowest label SAT is set to 558.
c [Main] Kill higher label pid 981.
c [Main] Kill higher label pid 688.
c [Main] Kill higher label pid 818.
c [Main] Kill higher label pid 948.
c [Main] Kill higher label pid 623.
c [Main] Kill higher label pid 883.
c [Main] Kill higher label pid 753.
c [Label = 818] Encoding starts with target value = 493:
c [Signal] Signal interruption. Caught signal: SIGTERM (15).
c [Label = 883] Encoding starts with target value = 493:
c [Signal] Signal interruption. Caught signal: SIGTERM (15).
c [Label = 623] Encoding starts with target value = 493:
c [Signal] Signal interruption. Caught signal: SIGTERM (15).
c [Label = 753] Encoding starts with target value = 493:
c [Signal] Signal interruption. Caught signal: SIGTERM (15).
c [Label = 981] Encoding starts with target value = 493:
c [Signal] Signal interruption. Caught signal: SIGTERM (15).
c [Label = 525] Minimize Makespan Labeling problem (V-nos6.mtx.rnd):
c [Main] Child pid 623 - 1787301 terminated by signal 15.
c [Label = 541] Minimize Makespan Labeling problem (V-nos6.mtx.rnd):
c [Main] Child pid 688 - 1787304 terminated by signal 15.
c [Main] Child pid 753 - 1787299 terminated by signal 15.
c [Label = 549] Minimize Makespan Labeling problem (V-nos6.mtx.rnd):
c [Label = 509] Minimize Makespan Labeling problem (V-nos6.mtx.rnd):
c [Main] Child pid 818 - 1787303 terminated by signal 15.
c [Label = 533] Minimize Makespan Labeling problem (V-nos6.mtx.rnd):
c [Main] Child pid 948 - 1787302 terminated by signal 15.
c [Label = 517] Minimize Makespan Labeling problem (V-nos6.mtx.rnd):
c [Main] Child pid 883 - 1787300 terminated by signal 15.
c [Label = 501] Minimize Makespan Labeling problem (V-nos6.mtx.rnd):
c [Main] Child pid 981 - 1787306 terminated by signal 15.
c [Label = 553] Minimize Makespan Labeling problem (V-nos6.mtx.rnd):
c [Label = 501] Encoding starts with target value = 493:
c [Label = 501] Encoding duration: 3107ms.
c [Label = 501] Number of clauses: 1397020.
c [Label = 501] Number of variables: 675148.
c [Label = 501] Solving duration: 4 ms.
s [Label = 501] SAT (w = 493).
c [Label = 501] Label assignment: 8 8 8 501 8 501 501 8 8 501 501 8 501 501 501 8 501 8 501 8 8 501 8 501 8 8 501 501 8 501 8 8 501 501 501 8 501 8 8 501 8 501 8 501 8 8 501 8 8 501 8 8 8 501 501 501 501 8 501 501 8 501 501 8 8 501 501 501 501 8 8 8 8 501 501 8 8 8 501 8 8 501 501 501 8 501 501 501 501 8 8 8 501 8 501 501 8 8 8 8 501 8 8 8 8 8 8 501 8 8 8 8 8 8 8 501 8 501 501 501 501 8 501 501 8 8 8 501 501 501 8 8 8 501 8 501 501 8 8 501 501 8 8 501 501 501 8 8 501 8 501 8 501 8 501 501 8 8 8 501 501 501 501 501 8 8 501 8 8 501 501 501 8 501 501 8 8 8 8 8 8 501 501 501 8 501 501 501 8 501 501 501 501 8 501 501 501 8 8 8 501 501 501 501 8 501 501 501 501 501 501 501 501 501 501 8 8 8 501 8 8 501 501 8 8 501 501 501 8 8 8 501 501 501 501 8 501 8 501 8 8 8 8 8 501 8 8 501 501 8 501 501 8 8 8 8 8 8 8 8 501 8 501 8 501 8 8 8 8 8 501 501 501 8 501 8 8 8 501 501 8 501 501 8 501 501 501 501 501 8 8 501 8 501 8 501 501 501 501 501 8 8 501 8 501 501 501 8 501 8 8 8 501 8 8 501 501 501 501 8 501 501 501 8 8 501 8 501 8 8 8 8 501 501 8 8 8 8 501 501 8 501 8 8 8 501 8 8 501 8 501 8 8 501 501 8 8 8 8 8 501 501 8 8 8 501 8 8 501 501 8 501 501 8 8 8 8 501 8 8 8 8 501 8 8 8 8 8 501 501 8 8 8 501 501 501 501 8 8 501 501 8 8 501 8 8 501 501 501 8 501 8 8 8 501 501 8 501 8 501 501 8 8 8 501 501 8 8 501 8 8 501 8 8 501 8 8 8 8 501 8 501 501 8 8 501 8 8 501 501 8 501 501 501 8 8 8 8 8 501 8 501 501 501 501 501 501 501 501 8 501 8 8 8 8 8 8 501 501 8 501 501 8 8 8 501 8 501 501 8 8 501 501 501 8 8 8 501 8 8 501 501 8 501 501 501 501 8 501 8 501 501 501 8 8 8 8 8 501 501 8 8 501 501 8 501 8 501 501 501 8 501 501 501 501 501 501 501 8 501 501 8 8 501 501 501 501 501 8 8 501 501 8 8 8 8 8 501 8 501 8 501 8 501 8 501 501 501 8 501 501 8 501 501 8 8 8 501 501 8 8 501 8 8 501 501 8 501 8 8 8 8 8 501 8 8 501 501 501 501 8 8 8 8 501 501 501 501 501 8 8 501 501 8 8 501 501 8 8 501 501 8 501 8 8 8 501 501 501 501 8 501 501 501 8 8 501 8 501 501 501 501 501 501 8 8 501 501 501 8 501 501 501 501 8 8 501 8 8 501 501 501 8 501 501 501 8 8 501 8 501 8 8 8 1 
c [Label = 553] Encoding starts with target value = 493:
c [Signal] Signal interruption. Caught signal: SIGTERM (15).
c [Label = 549] Encoding starts with target value = 493:
c [Label = 549] Encoding duration: 3712ms.
c [Label = 549] Number of clauses: 1806724.
c [Label = 549] Number of variables: 739948.
c [Label = 549] Solving duration: 14 ms.
s [Label = 549] SAT (w = 493).
c [Label = 549] Label assignment: 56 56 56 549 56 549 549 56 56 549 549 56 549 549 549 56 549 56 549 56 56 549 56 549 56 56 549 549 56 549 56 56 549 549 549 56 549 56 56 549 56 549 56 549 56 56 549 56 56 549 56 56 56 549 549 549 549 56 549 549 56 549 549 56 56 549 549 549 549 56 56 56 56 549 549 56 56 56 549 56 56 549 549 549 56 549 549 549 549 56 56 56 549 56 549 549 56 56 56 56 549 56 56 56 56 56 56 549 56 56 56 56 56 56 56 549 56 549 549 549 549 56 549 549 56 56 56 549 549 549 56 56 56 549 56 549 549 56 56 549 549 56 56 549 549 549 56 56 549 56 549 56 549 56 549 549 56 56 56 549 549 549 549 549 56 56 549 56 56 549 549 549 56 549 549 56 56 56 56 56 56 549 549 549 56 549 549 549 56 549 549 549 549 56 549 549 549 56 56 56 549 549 549 549 56 549 549 549 549 549 549 549 549 549 549 56 56 56 549 56 56 549 549 56 56 549 549 549 56 56 56 549 549 549 549 56 549 56 549 56 56 56 56 56 549 56 56 549 549 56 549 549 56 56 56 56 56 56 56 56 549 56 549 56 549 56 56 56 56 56 549 549 549 56 549 56 56 56 549 549 56 549 549 56 549 549 549 549 549 56 56 549 56 549 56 549 549 549 549 549 56 56 549 56 549 549 549 56 549 56 56 56 549 56 56 549 549 549 549 56 549 549 549 56 56 549 56 549 56 56 56 56 549 549 56 56 56 56 549 549 56 549 56 56 56 549 56 56 549 56 549 56 56 549 549 56 56 56 56 56 549 549 56 56 56 549 56 56 549 549 56 549 549 56 56 56 56 549 56 56 56 56 549 56 56 56 56 56 549 549 56 56 56 549 549 549 549 56 56 549 549 56 56 549 56 56 549 549 549 56 549 56 56 56 549 549 56 549 56 549 549 56 56 56 549 549 56 56 549 56 56 549 56 56 549 56 56 56 56 549 56 549 549 56 56 549 56 56 549 549 56 549 549 549 56 56 56 56 56 549 56 549 549 549 549 549 549 549 549 56 549 56 56 56 56 56 56 549 549 56 549 549 56 56 56 549 56 549 549 56 56 549 549 549 56 56 56 549 56 56 549 549 56 549 549 549 549 56 549 56 549 549 549 56 56 56 56 56 549 549 56 56 549 549 56 549 56 549 549 549 56 549 549 549 549 549 549 549 56 549 549 56 56 549 549 549 549 549 56 56 549 549 56 56 56 56 56 549 56 549 56 549 56 549 56 549 549 549 56 549 549 56 549 549 56 56 56 549 549 56 56 549 56 56 549 549 56 549 56 56 56 56 56 549 56 56 549 549 549 549 56 56 56 56 549 549 549 549 549 56 56 549 549 56 56 549 549 56 56 549 549 56 549 56 56 56 549 549 549 549 56 549 549 549 56 56 549 56 549 549 549 549 549 549 56 56 549 549 549 56 549 549 549 549 56 56 549 56 56 549 549 549 56 549 549 549 56 56 549 56 549 56 56 56 1 
c [Signal] Signal interruption. Caught signal: SIGTERM (15).
c [Label = 517] Encoding starts with target value = 493:
c [Label = 517] Encoding duration: 3243ms.
c [Label = 517] Number of clauses: 1533588.
c [Label = 517] Number of variables: 696748.
c [Label = 517] Solving duration: 7 ms.
s [Label = 517] SAT (w = 493).
c [Label = 517] Label assignment: 24 24 24 517 24 517 517 24 24 517 517 24 517 517 517 24 517 24 517 24 24 517 24 517 24 24 517 517 24 517 24 24 517 517 517 24 517 24 24 517 24 517 24 517 24 24 517 24 24 517 24 24 24 517 517 517 517 24 517 517 24 517 517 24 24 517 517 517 517 24 24 24 24 517 517 24 24 24 517 24 24 517 517 517 24 517 517 517 517 24 24 24 517 24 517 517 24 24 24 24 517 24 24 24 24 24 24 517 24 24 24 24 24 24 24 517 24 517 517 517 517 24 517 517 24 24 24 517 517 517 24 24 24 517 24 517 517 24 24 517 517 24 24 517 517 517 24 24 517 24 517 24 517 24 517 517 24 24 24 517 517 517 517 517 24 24 517 24 24 517 517 517 24 517 517 24 24 24 24 24 24 517 517 517 24 517 517 517 24 517 517 517 517 24 517 517 517 24 24 24 517 517 517 517 24 517 517 517 517 517 517 517 517 517 517 24 24 24 517 24 24 517 517 24 24 517 517 517 24 24 24 517 517 517 517 24 517 24 517 24 24 24 24 24 517 24 24 517 517 24 517 517 24 24 24 24 24 24 24 24 517 24 517 24 517 24 24 24 24 24 517 517 517 24 517 24 24 24 517 517 24 517 517 24 517 517 517 517 517 24 24 517 24 517 24 517 517 517 517 517 24 24 517 24 517 517 517 24 517 24 24 24 517 24 24 517 517 517 517 24 517 517 517 24 24 517 24 517 24 24 24 24 517 517 24 24 24 24 517 517 24 517 24 24 24 517 24 24 517 24 517 24 24 517 517 24 24 24 24 24 517 517 24 24 24 517 24 24 517 517 24 517 517 24 24 24 24 517 24 24 24 24 517 24 24 24 24 24 517 517 24 24 24 517 517 517 517 24 24 517 517 24 24 517 24 24 517 517 517 24 517 24 24 24 517 517 24 517 24 517 517 24 24 24 517 517 24 24 517 24 24 517 24 24 517 24 24 24 24 517 24 517 517 24 24 517 24 24 517 517 24 517 517 517 24 24 24 24 24 517 24 517 517 517 517 517 517 517 517 24 517 24 24 24 24 24 24 517 517 24 517 517 24 24 24 517 24 517 517 24 24 517 517 517 24 24 24 517 24 24 517 517 24 517 517 517 517 24 517 24 517 517 517 24 24 24 24 24 517 517 24 24 517 517 24 517 24 517 517 517 24 517 517 517 517 517 517 517 24 517 517 24 24 517 517 517 517 517 24 24 517 517 24 24 24 24 24 517 24 517 24 517 24 517 24 517 517 517 24 517 517 24 517 517 24 24 24 517 517 24 24 517 24 24 517 517 24 517 24 24 24 24 24 517 24 24 517 517 517 517 24 24 24 24 517 517 517 517 517 24 24 517 517 24 24 517 517 24 24 517 517 24 517 24 24 24 517 517 517 517 24 517 517 517 24 24 517 24 517 517 517 517 517 517 24 24 517 517 517 24 517 517 517 517 24 24 517 24 24 517 517 517 24 517 517 517 24 24 517 24 517 24 24 24 1 
c [Signal] Signal interruption. Caught signal: SIGTERM (15).
c [Label = 533] Encoding starts with target value = 493:
c [Label = 533] Encoding duration: 3552ms.
c [Label = 533] Number of clauses: 1670156.
c [Label = 533] Number of variables: 718348.
c [Label = 533] Solving duration: 10 ms.
s [Label = 533] SAT (w = 493).
c [Label = 533] Label assignment: 40 40 40 533 40 533 533 40 40 533 533 40 533 533 533 40 533 40 533 40 40 533 40 533 40 40 533 533 40 533 40 40 533 533 533 40 533 40 40 533 40 533 40 533 40 40 533 40 40 533 40 40 40 533 533 533 533 40 533 533 40 533 533 40 40 533 533 533 533 40 40 40 40 533 533 40 40 40 533 40 40 533 533 533 40 533 533 533 533 40 40 40 533 40 533 533 40 40 40 40 533 40 40 40 40 40 40 533 40 40 40 40 40 40 40 533 40 533 533 533 533 40 533 533 40 40 40 533 533 533 40 40 40 533 40 533 533 40 40 533 533 40 40 533 533 533 40 40 533 40 533 40 533 40 533 533 40 40 40 533 533 533 533 533 40 40 533 40 40 533 533 533 40 533 533 40 40 40 40 40 40 533 533 533 40 533 533 533 40 533 533 533 533 40 533 533 533 40 40 40 533 533 533 533 40 533 533 533 533 533 533 533 533 533 533 40 40 40 533 40 40 533 533 40 40 533 533 533 40 40 40 533 533 533 533 40 533 40 533 40 40 40 40 40 533 40 40 533 533 40 533 533 40 40 40 40 40 40 40 40 533 40 533 40 533 40 40 40 40 40 533 533 533 40 533 40 40 40 533 533 40 533 533 40 533 533 533 533 533 40 40 533 40 533 40 533 533 533 533 533 40 40 533 40 533 533 533 40 533 40 40 40 533 40 40 533 533 533 533 40 533 533 533 40 40 533 40 533 40 40 40 40 533 533 40 40 40 40 533 533 40 533 40 40 40 533 40 40 533 40 533 40 40 533 533 40 40 40 40 40 533 533 40 40 40 533 40 40 533 533 40 533 533 40 40 40 40 533 40 40 40 40 533 40 40 40 40 40 533 533 40 40 40 533 533 533 533 40 40 533 533 40 40 533 40 40 533 533 533 40 533 40 40 40 533 533 40 533 40 533 533 40 40 40 533 533 40 40 533 40 40 533 40 40 533 40 40 40 40 533 40 533 533 40 40 533 40 40 533 533 40 533 533 533 40 40 40 40 40 533 40 533 533 533 533 533 533 533 533 40 533 40 40 40 40 40 40 533 533 40 533 533 40 40 40 533 40 533 533 40 40 533 533 533 40 40 40 533 40 40 533 533 40 533 533 533 533 40 533 40 533 533 533 40 40 40 40 40 533 533 40 40 533 533 40 533 40 533 533 533 40 533 533 533 533 533 533 533 40 533 533 40 40 533 533 533 533 533 40 40 533 533 40 40 40 40 40 533 40 533 40 533 40 533 40 533 533 533 40 533 533 40 533 533 40 40 40 533 533 40 40 533 40 40 533 533 40 533 40 40 40 40 40 533 40 40 533 533 533 533 40 40 40 40 533 533 533 533 533 40 40 533 533 40 40 533 533 40 40 533 533 40 533 40 40 40 533 533 533 533 40 533 533 533 40 40 533 40 533 533 533 533 533 533 40 40 533 533 533 40 533 533 533 533 40 40 533 40 40 533 533 533 40 533 533 533 40 40 533 40 533 40 40 40 1 
c [Signal] Signal interruption. Caught signal: SIGTERM (15).
c [Main] Lowest label SAT is set to 501.
c [Main] Kill higher label pid 553.
c [Main] Kill higher label pid 517.
c [Main] Kill higher label pid 533.
c [Main] Kill higher label pid 549.
c [Main] Kill higher label pid 509.
c [Main] Kill higher label pid 541.
c [Main] Kill higher label pid 525.
c [Label = 509] Encoding starts with target value = 493:
c [Label = 509] Encoding duration: 3221ms.
c [Label = 509] Number of clauses: 1465304.
c [Label = 509] Number of variables: 685948.
c [Label = 509] Solving duration: 6 ms.
s [Label = 509] SAT (w = 493).
c [Label = 509] Label assignment: 16 16 16 509 16 509 509 16 16 509 509 16 509 509 509 16 509 16 509 16 16 509 16 509 16 16 509 509 16 509 16 16 509 509 509 16 509 16 16 509 16 509 16 509 16 16 509 16 16 509 16 16 16 509 509 509 509 16 509 509 16 509 509 16 16 509 509 509 509 16 16 16 16 509 509 16 16 16 509 16 16 509 509 509 16 509 509 509 509 16 16 16 509 16 509 509 16 16 16 16 509 16 16 16 16 16 16 509 16 16 16 16 16 16 16 509 16 509 509 509 509 16 509 509 16 16 16 509 509 509 16 16 16 509 16 509 509 16 16 509 509 16 16 509 509 509 16 16 509 16 509 16 509 16 509 509 16 16 16 509 509 509 509 509 16 16 509 16 16 509 509 509 16 509 509 16 16 16 16 16 16 509 509 509 16 509 509 509 16 509 509 509 509 16 509 509 509 16 16 16 509 509 509 509 16 509 509 509 509 509 509 509 509 509 509 16 16 16 509 16 16 509 509 16 16 509 509 509 16 16 16 509 509 509 509 16 509 16 509 16 16 16 16 16 509 16 16 509 509 16 509 509 16 16 16 16 16 16 16 16 509 16 509 16 509 16 16 16 16 16 509 509 509 16 509 16 16 16 509 509 16 509 509 16 509 509 509 509 509 16 16 509 16 509 16 509 509 509 509 509 16 16 509 16 509 509 509 16 509 16 16 16 509 16 16 509 509 509 509 16 509 509 509 16 16 509 16 509 16 16 16 16 509 509 16 16 16 16 509 509 16 509 16 16 16 509 16 16 509 16 509 16 16 509 509 16 16 16 16 16 509 509 16 16 16 509 16 16 509 509 16 509 509 16 16 16 16 509 16 16 16 16 509 16 16 16 16 16 509 509 16 16 16 509 509 509 509 16 16 509 509 16 16 509 16 16 509 509 509 16 509 16 16 16 509 509 16 509 16 509 509 16 16 16 509 509 16 16 509 16 16 509 16 16 509 16 16 16 16 509 16 509 509 16 16 509 16 16 509 509 16 509 509 509 16 16 16 16 16 509 16 509 509 509 509 509 509 509 509 16 509 16 16 16 16 16 16 509 509 16 509 509 16 16 16 509 16 509 509 16 16 509 509 509 16 16 16 509 16 16 509 509 16 509 509 509 509 16 509 16 509 509 509 16 16 16 16 16 509 509 16 16 509 509 16 509 16 509 509 509 16 509 509 509 509 509 509 509 16 509 509 16 16 509 509 509 509 509 16 16 509 509 16 16 16 16 16 509 16 509 16 509 16 509 16 509 509 509 16 509 509 16 509 509 16 16 16 509 509 16 16 509 16 16 509 509 16 509 16 16 16 16 16 509 16 16 509 509 509 509 16 16 16 16 509 509 509 509 509 16 16 509 509 16 16 509 509 16 16 509 509 16 509 16 16 16 509 509 509 509 16 509 509 509 16 16 509 16 509 509 509 509 509 509 16 16 509 509 509 16 509 509 509 509 16 16 509 16 16 509 509 509 16 509 509 509 16 16 509 16 509 16 16 16 1 
c [Signal] Signal interruption. Caught signal: SIGTERM (15).
c [Label = 541] Encoding starts with target value = 493:
c [Label = 541] Encoding duration: 3610ms.
c [Label = 541] Number of clauses: 1738440.
c [Label = 541] Number of variables: 729148.
c [Label = 541] Solving duration: 12 ms.
s [Label = 541] SAT (w = 493).
c [Label = 541] Label assignment: 48 48 48 541 48 541 541 48 48 541 541 48 541 541 541 48 541 48 541 48 48 541 48 541 48 48 541 541 48 541 48 48 541 541 541 48 541 48 48 541 48 541 48 541 48 48 541 48 48 541 48 48 48 541 541 541 541 48 541 541 48 541 541 48 48 541 541 541 541 48 48 48 48 541 541 48 48 48 541 48 48 541 541 541 48 541 541 541 541 48 48 48 541 48 541 541 48 48 48 48 541 48 48 48 48 48 48 541 48 48 48 48 48 48 48 541 48 541 541 541 541 48 541 541 48 48 48 541 541 541 48 48 48 541 48 541 541 48 48 541 541 48 48 541 541 541 48 48 541 48 541 48 541 48 541 541 48 48 48 541 541 541 541 541 48 48 541 48 48 541 541 541 48 541 541 48 48 48 48 48 48 541 541 541 48 541 541 541 48 541 541 541 541 48 541 541 541 48 48 48 541 541 541 541 48 541 541 541 541 541 541 541 541 541 541 48 48 48 541 48 48 541 541 48 48 541 541 541 48 48 48 541 541 541 541 48 541 48 541 48 48 48 48 48 541 48 48 541 541 48 541 541 48 48 48 48 48 48 48 48 541 48 541 48 541 48 48 48 48 48 541 541 541 48 541 48 48 48 541 541 48 541 541 48 541 541 541 541 541 48 48 541 48 541 48 541 541 541 541 541 48 48 541 48 541 541 541 48 541 48 48 48 541 48 48 541 541 541 541 48 541 541 541 48 48 541 48 541 48 48 48 48 541 541 48 48 48 48 541 541 48 541 48 48 48 541 48 48 541 48 541 48 48 541 541 48 48 48 48 48 541 541 48 48 48 541 48 48 541 541 48 541 541 48 48 48 48 541 48 48 48 48 541 48 48 48 48 48 541 541 48 48 48 541 541 541 541 48 48 541 541 48 48 541 48 48 541 541 541 48 541 48 48 48 541 541 48 541 48 541 541 48 48 48 541 541 48 48 541 48 48 541 48 48 541 48 48 48 48 541 48 541 541 48 48 541 48 48 541 541 48 541 541 541 48 48 48 48 48 541 48 541 541 541 541 541 541 541 541 48 541 48 48 48 48 48 48 541 541 48 541 541 48 48 48 541 48 541 541 48 48 541 541 541 48 48 48 541 48 48 541 541 48 541 541 541 541 48 541 48 541 541 541 48 48 48 48 48 541 541 48 48 541 541 48 541 48 541 541 541 48 541 541 541 541 541 541 541 48 541 541 48 48 541 541 541 541 541 48 48 541 541 48 48 48 48 48 541 48 541 48 541 48 541 48 541 541 541 48 541 541 48 541 541 48 48 48 541 541 48 48 541 48 48 541 541 48 541 48 48 48 48 48 541 48 48 541 541 541 541 48 48 48 48 541 541 541 541 541 48 48 541 541 48 48 541 541 48 48 541 541 48 541 48 48 48 541 541 541 541 48 541 541 541 48 48 541 48 541 541 541 541 541 541 48 48 541 541 541 48 541 541 541 541 48 48 541 48 48 541 541 541 48 541 541 541 48 48 541 48 541 48 48 48 1 
c [Signal] Signal interruption. Caught signal: SIGTERM (15).
c [Label = 525] Encoding starts with target value = 493:
c [Label = 525] Encoding duration: 3529ms.
c [Label = 525] Number of clauses: 1601872.
c [Label = 525] Number of variables: 707548.
c [Label = 525] Solving duration: 10 ms.
s [Label = 525] SAT (w = 493).
c [Label = 525] Label assignment: 32 32 32 525 32 525 525 32 32 525 525 32 525 525 525 32 525 32 525 32 32 525 32 525 32 32 525 525 32 525 32 32 525 525 525 32 525 32 32 525 32 525 32 525 32 32 525 32 32 525 32 32 32 525 525 525 525 32 525 525 32 525 525 32 32 525 525 525 525 32 32 32 32 525 525 32 32 32 525 32 32 525 525 525 32 525 525 525 525 32 32 32 525 32 525 525 32 32 32 32 525 32 32 32 32 32 32 525 32 32 32 32 32 32 32 525 32 525 525 525 525 32 525 525 32 32 32 525 525 525 32 32 32 525 32 525 525 32 32 525 525 32 32 525 525 525 32 32 525 32 525 32 525 32 525 525 32 32 32 525 525 525 525 525 32 32 525 32 32 525 525 525 32 525 525 32 32 32 32 32 32 525 525 525 32 525 525 525 32 525 525 525 525 32 525 525 525 32 32 32 525 525 525 525 32 525 525 525 525 525 525 525 525 525 525 32 32 32 525 32 32 525 525 32 32 525 525 525 32 32 32 525 525 525 525 32 525 32 525 32 32 32 32 32 525 32 32 525 525 32 525 525 32 32 32 32 32 32 32 32 525 32 525 32 525 32 32 32 32 32 525 525 525 32 525 32 32 32 525 525 32 525 525 32 525 525 525 525 525 32 32 525 32 525 32 525 525 525 525 525 32 32 525 32 525 525 525 32 525 32 32 32 525 32 32 525 525 525 525 32 525 525 525 32 32 525 32 525 32 32 32 32 525 525 32 32 32 32 525 525 32 525 32 32 32 525 32 32 525 32 525 32 32 525 525 32 32 32 32 32 525 525 32 32 32 525 32 32 525 525 32 525 525 32 32 32 32 525 32 32 32 32 525 32 32 32 32 32 525 525 32 32 32 525 525 525 525 32 32 525 525 32 32 525 32 32 525 525 525 32 525 32 32 32 525 525 32 525 32 525 525 32 32 32 525 525 32 32 525 32 32 525 32 32 525 32 32 32 32 525 32 525 525 32 32 525 32 32 525 525 32 525 525 525 32 32 32 32 32 525 32 525 525 525 525 525 525 525 525 32 525 32 32 32 32 32 32 525 525 32 525 525 32 32 32 525 32 525 525 32 32 525 525 525 32 32 32 525 32 32 525 525 32 525 525 525 525 32 525 32 525 525 525 32 32 32 32 32 525 525 32 32 525 525 32 525 32 525 525 525 32 525 525 525 525 525 525 525 32 525 525 32 32 525 525 525 525 525 32 32 525 525 32 32 32 32 32 525 32 525 32 525 32 525 32 525 525 525 32 525 525 32 525 525 32 32 32 525 525 32 32 525 32 32 525 525 32 525 32 32 32 32 32 525 32 32 525 525 525 525 32 32 32 32 525 525 525 525 525 32 32 525 525 32 32 525 525 32 32 525 525 32 525 32 32 32 525 525 525 525 32 525 525 525 32 32 525 32 525 525 525 525 525 525 32 32 525 525 525 32 525 525 525 525 32 32 525 32 32 525 525 525 32 525 525 525 32 32 525 32 525 32 32 32 1 
c [Signal] Signal interruption. Caught signal: SIGTERM (15).
c [Label = 497] Minimize Makespan Labeling problem (V-nos6.mtx.rnd):
c [Main] Child pid 517 - 1787312 terminated by signal 15.
c [Main] Child pid 509 - 1787309 terminated by signal 15.
c [Label = 499] Minimize Makespan Labeling problem (V-nos6.mtx.rnd):
c [Label = 495] Minimize Makespan Labeling problem (V-nos6.mtx.rnd):
c [Main] Child pid 541 - 1787308 terminated by signal 15.
c [Main] Child pid 525 - 1787307 terminated by signal 15.
c [Label = 498] Minimize Makespan Labeling problem (V-nos6.mtx.rnd):
c [Main] Child pid 553 - 1787314 terminated by signal 15.
c [Label = 496] Minimize Makespan Labeling problem (V-nos6.mtx.rnd):
c [Main] Child pid 533 - 1787311 terminated by signal 15.
c [Label = 500] Minimize Makespan Labeling problem (V-nos6.mtx.rnd):
c [Label = 494] Minimize Makespan Labeling problem (V-nos6.mtx.rnd):
c [Main] Child pid 549 - 1787310 terminated by signal 15.
c [Label = 496] Encoding starts with target value = 493:
c [Label = 496] Encoding duration: 2759ms.
c [Label = 496] Number of clauses: 1354343.
c [Label = 496] Number of variables: 668398.
c [Label = 496] Solving duration: 3 ms.
s [Label = 496] SAT (w = 493).
c [Label = 496] Label assignment: 3 3 3 496 3 496 496 3 3 496 496 3 496 496 496 3 496 3 496 3 3 496 3 496 3 3 496 496 3 496 3 3 496 496 496 3 496 3 3 496 3 496 3 496 3 3 496 3 3 496 3 3 3 496 496 496 496 3 496 496 3 496 496 3 3 496 496 496 496 3 3 3 3 496 496 3 3 3 496 3 3 496 496 496 3 496 496 496 496 3 3 3 496 3 496 496 3 3 3 3 496 3 3 3 3 3 3 496 3 3 3 3 3 3 3 496 3 496 496 496 496 3 496 496 3 3 3 496 496 496 3 3 3 496 3 496 496 3 3 496 496 3 3 496 496 496 3 3 496 3 496 3 496 3 496 496 3 3 3 496 496 496 496 496 3 3 496 3 3 496 496 496 3 496 496 3 3 3 3 3 3 496 496 496 3 496 496 496 3 496 496 496 496 3 496 496 496 3 3 3 496 496 496 496 3 496 496 496 496 496 496 496 496 496 496 3 3 3 496 3 3 496 496 3 3 496 496 496 3 3 3 496 496 496 496 3 496 3 496 3 3 3 3 3 496 3 3 496 496 3 496 496 3 3 3 3 3 3 3 3 496 3 496 3 496 3 3 3 3 3 496 496 496 3 496 3 3 3 496 496 3 496 496 3 496 496 496 496 496 3 3 496 3 496 3 496 496 496 496 496 3 3 496 3 496 496 496 3 496 3 3 3 496 3 3 496 496 496 496 3 496 496 496 3 3 496 3 496 3 3 3 3 496 496 3 3 3 3 496 496 3 496 3 3 3 496 3 3 496 3 496 3 3 496 496 3 3 3 3 3 496 496 3 3 3 496 3 3 496 496 3 496 496 3 3 3 3 496 3 3 3 3 496 3 3 3 3 3 496 496 3 3 3 496 496 496 496 3 3 496 496 3 3 496 3 3 496 496 496 3 496 3 3 3 496 496 3 496 3 496 496 3 3 3 496 496 3 3 496 3 3 496 3 3 496 3 3 3 3 496 3 496 496 3 3 496 3 3 496 496 3 496 496 496 3 3 3 3 3 496 3 496 496 496 496 496 496 496 496 3 496 3 3 3 3 3 3 496 496 3 496 496 3 3 3 496 3 496 496 3 3 496 496 496 3 3 3 496 3 3 496 496 3 496 496 496 496 3 496 3 496 496 496 3 3 3 3 3 496 496 3 3 496 496 3 496 3 496 496 496 3 496 496 496 496 496 496 496 3 496 496 3 3 496 496 496 496 496 3 3 496 496 3 3 3 3 3 496 3 496 3 496 3 496 3 496 496 496 3 496 496 3 496 496 3 3 3 496 496 3 3 496 3 3 496 496 3 496 3 3 3 3 3 496 3 3 496 496 496 496 3 3 3 3 496 496 496 496 496 3 3 496 496 3 3 496 496 3 3 496 496 3 496 3 3 3 496 496 496 496 3 496 496 496 3 3 496 3 496 496 496 496 496 496 3 3 496 496 496 3 496 496 496 496 3 3 496 3 3 496 496 496 3 496 496 496 3 3 496 3 496 3 3 3 1 
c [Label = 498] Encoding starts with target value = 493:
c [Label = 498] Encoding duration: 2731ms.
c [Label = 498] Number of clauses: 1371414.
c [Label = 498] Number of variables: 671098.
c [Label = 498] Solving duration: 2 ms.
s [Label = 498] SAT (w = 493).
c [Label = 498] Label assignment: 5 5 5 498 5 498 498 5 5 498 498 5 498 498 498 5 498 5 498 5 5 498 5 498 5 5 498 498 5 498 5 5 498 498 498 5 498 5 5 498 5 498 5 498 5 5 498 5 5 498 5 5 5 498 498 498 498 5 498 498 5 498 498 5 5 498 498 498 498 5 5 5 5 498 498 5 5 5 498 5 5 498 498 498 5 498 498 498 498 5 5 5 498 5 498 498 5 5 5 5 498 5 5 5 5 5 5 498 5 5 5 5 5 5 5 498 5 498 498 498 498 5 498 498 5 5 5 498 498 498 5 5 5 498 5 498 498 5 5 498 498 5 5 498 498 498 5 5 498 5 498 5 498 5 498 498 5 5 5 498 498 498 498 498 5 5 498 5 5 498 498 498 5 498 498 5 5 5 5 5 5 498 498 498 5 498 498 498 5 498 498 498 498 5 498 498 498 5 5 5 498 498 498 498 5 498 498 498 498 498 498 498 498 498 498 5 5 5 498 5 5 498 498 5 5 498 498 498 5 5 5 498 498 498 498 5 498 5 498 5 5 5 5 5 498 5 5 498 498 5 498 498 5 5 5 5 5 5 5 5 498 5 498 5 498 5 5 5 5 5 498 498 498 5 498 5 5 5 498 498 5 498 498 5 498 498 498 498 498 5 5 498 5 498 5 498 498 498 498 498 5 5 498 5 498 498 498 5 498 5 5 5 498 5 5 498 498 498 498 5 498 498 498 5 5 498 5 498 5 5 5 5 498 498 5 5 5 5 498 498 5 498 5 5 5 498 5 5 498 5 498 5 5 498 498 5 5 5 5 5 498 498 5 5 5 498 5 5 498 498 5 498 498 5 5 5 5 498 5 5 5 5 498 5 5 5 5 5 498 498 5 5 5 498 498 498 498 5 5 498 498 5 5 498 5 5 498 498 498 5 498 5 5 5 498 498 5 498 5 498 498 5 5 5 498 498 5 5 498 5 5 498 5 5 498 5 5 5 5 498 5 498 498 5 5 498 5 5 498 498 5 498 498 498 5 5 5 5 5 498 5 498 498 498 498 498 498 498 498 5 498 5 5 5 5 5 5 498 498 5 498 498 5 5 5 498 5 498 498 5 5 498 498 498 5 5 5 498 5 5 498 498 5 498 498 498 498 5 498 5 498 498 498 5 5 5 5 5 498 498 5 5 498 498 5 498 5 498 498 498 5 498 498 498 498 498 498 498 5 498 498 5 5 498 498 498 498 498 5 5 498 498 5 5 5 5 5 498 5 498 5 498 5 498 5 498 498 498 5 498 498 5 498 498 5 5 5 498 498 5 5 498 5 5 498 498 5 498 5 5 5 5 5 498 5 5 498 498 498 498 5 5 5 5 498 498 498 498 498 5 5 498 498 5 5 498 498 5 5 498 498 5 498 5 5 5 498 498 498 498 5 498 498 498 5 5 498 5 498 498 498 498 498 498 5 5 498 498 498 5 498 498 498 498 5 5 498 5 5 498 498 498 5 498 498 498 5 5 498 5 498 5 5 5 1 
c [Main] Lowest label SAT is set to 496.
c [Main] Kill higher label pid 498.
c [Main] Kill higher label pid 500.
c [Main] Kill higher label pid 497.
c [Main] Kill higher label pid 499.
c [Label = 499] Encoding starts with target value = 493:
c [Label = 499] Encoding duration: 3115ms.
c [Label = 499] Number of clauses: 1379949.
c [Label = 499] Number of variables: 672448.
c [Label = 499] Solving duration: 3 ms.
s [Label = 499] SAT (w = 493).
c [Label = 499] Label assignment: 6 6 6 499 6 499 499 6 6 499 499 6 499 499 499 6 499 6 499 6 6 499 6 499 6 6 499 499 6 499 6 6 499 499 499 6 499 6 6 499 6 499 6 499 6 6 499 6 6 499 6 6 6 499 499 499 499 6 499 499 6 499 499 6 6 499 499 499 499 6 6 6 6 499 499 6 6 6 499 6 6 499 499 499 6 499 499 499 499 6 6 6 499 6 499 499 6 6 6 6 499 6 6 6 6 6 6 499 6 6 6 6 6 6 6 499 6 499 499 499 499 6 499 499 6 6 6 499 499 499 6 6 6 499 6 499 499 6 6 499 499 6 6 499 499 499 6 6 499 6 499 6 499 6 499 499 6 6 6 499 499 499 499 499 6 6 499 6 6 499 499 499 6 499 499 6 6 6 6 6 6 499 499 499 6 499 499 499 6 499 499 499 499 6 499 499 499 6 6 6 499 499 499 499 6 499 499 499 499 499 499 499 499 499 499 6 6 6 499 6 6 499 499 6 6 499 499 499 6 6 6 499 499 499 499 6 499 6 499 6 6 6 6 6 499 6 6 499 499 6 499 499 6 6 6 6 6 6 6 6 499 6 499 6 499 6 6 6 6 6 499 499 499 6 499 6 6 6 499 499 6 499 499 6 499 499 499 499 499 6 6 499 6 499 6 499 499 499 499 499 6 6 499 6 499 499 499 6 499 6 6 6 499 6 6 499 499 499 499 6 499 499 499 6 6 499 6 499 6 6 6 6 499 499 6 6 6 6 499 499 6 499 6 6 6 499 6 6 499 6 499 6 6 499 499 6 6 6 6 6 499 499 6 6 6 499 6 6 499 499 6 499 499 6 6 6 6 499 6 6 6 6 499 6 6 6 6 6 499 499 6 6 6 499 499 499 499 6 6 499 499 6 6 499 6 6 499 499 499 6 499 6 6 6 499 499 6 499 6 499 499 6 6 6 499 499 6 6 499 6 6 499 6 6 499 6 6 6 6 499 6 499 499 6 6 499 6 6 499 499 6 499 499 499 6 6 6 6 6 499 6 499 499 499 499 499 499 499 499 6 499 6 6 6 6 6 6 499 499 6 499 499 6 6 6 499 6 499 499 6 6 499 499 499 6 6 6 499 6 6 499 499 6 499 499 499 499 6 499 6 499 499 499 6 6 6 6 6 499 499 6 6 499 499 6 499 6 499 499 499 6 499 499 499 499 499 499 499 6 499 499 6 6 499 499 499 499 499 6 6 499 499 6 6 6 6 6 499 6 499 6 499 6 499 6 499 499 499 6 499 499 6 499 499 6 6 6 499 499 6 6 499 6 6 499 499 6 499 6 6 6 6 6 499 6 6 499 499 499 499 6 6 6 6 499 499 499 499 499 6 6 499 499 6 6 499 499 6 6 499 499 6 499 6 6 6 499 499 499 499 6 499 499 499 6 6 499 6 499 499 499 499 499 499 6 6 499 499 499 6 499 499 499 499 6 6 499 6 6 499 499 499 6 499 499 499 6 6 499 6 499 6 6 6 1 
c [Signal] Signal interruption. Caught signal: SIGTERM (15).
c [Label = 500] Encoding starts with target value = 493:
c [Label = 500] Encoding duration: 3018ms.
c [Label = 500] Number of clauses: 1388485.
c [Label = 500] Number of variables: 673798.
c [Label = 500] Solving duration: 3 ms.
s [Label = 500] SAT (w = 493).
c [Label = 500] Label assignment: 7 7 7 500 7 500 500 7 7 500 500 7 500 500 500 7 500 7 500 7 7 500 7 500 7 7 500 500 7 500 7 7 500 500 500 7 500 7 7 500 7 500 7 500 7 7 500 7 7 500 7 7 7 500 500 500 500 7 500 500 7 500 500 7 7 500 500 500 500 7 7 7 7 500 500 7 7 7 500 7 7 500 500 500 7 500 500 500 500 7 7 7 500 7 500 500 7 7 7 7 500 7 7 7 7 7 7 500 7 7 7 7 7 7 7 500 7 500 500 500 500 7 500 500 7 7 7 500 500 500 7 7 7 500 7 500 500 7 7 500 500 7 7 500 500 500 7 7 500 7 500 7 500 7 500 500 7 7 7 500 500 500 500 500 7 7 500 7 7 500 500 500 7 500 500 7 7 7 7 7 7 500 500 500 7 500 500 500 7 500 500 500 500 7 500 500 500 7 7 7 500 500 500 500 7 500 500 500 500 500 500 500 500 500 500 7 7 7 500 7 7 500 500 7 7 500 500 500 7 7 7 500 500 500 500 7 500 7 500 7 7 7 7 7 500 7 7 500 500 7 500 500 7 7 7 7 7 7 7 7 500 7 500 7 500 7 7 7 7 7 500 500 500 7 500 7 7 7 500 500 7 500 500 7 500 500 500 500 500 7 7 500 7 500 7 500 500 500 500 500 7 7 500 7 500 500 500 7 500 7 7 7 500 7 7 500 500 500 500 7 500 500 500 7 7 500 7 500 7 7 7 7 500 500 7 7 7 7 500 500 7 500 7 7 7 500 7 7 500 7 500 7 7 500 500 7 7 7 7 7 500 500 7 7 7 500 7 7 500 500 7 500 500 7 7 7 7 500 7 7 7 7 500 7 7 7 7 7 500 500 7 7 7 500 500 500 500 7 7 500 500 7 7 500 7 7 500 500 500 7 500 7 7 7 500 500 7 500 7 500 500 7 7 7 500 500 7 7 500 7 7 500 7 7 500 7 7 7 7 500 7 500 500 7 7 500 7 7 500 500 7 500 500 500 7 7 7 7 7 500 7 500 500 500 500 500 500 500 500 7 500 7 7 7 7 7 7 500 500 7 500 500 7 7 7 500 7 500 500 7 7 500 500 500 7 7 7 500 7 7 500 500 7 500 500 500 500 7 500 7 500 500 500 7 7 7 7 7 500 500 7 7 500 500 7 500 7 500 500 500 7 500 500 500 500 500 500 500 7 500 500 7 7 500 500 500 500 500 7 7 500 500 7 7 7 7 7 500 7 500 7 500 7 500 7 500 500 500 7 500 500 7 500 500 7 7 7 500 500 7 7 500 7 7 500 500 7 500 7 7 7 7 7 500 7 7 500 500 500 500 7 7 7 7 500 500 500 500 500 7 7 500 500 7 7 500 500 7 7 500 500 7 500 7 7 7 500 500 500 500 7 500 500 500 7 7 500 7 500 500 500 500 500 500 7 7 500 500 500 7 500 500 500 500 7 7 500 7 7 500 500 500 7 500 500 500 7 7 500 7 500 7 7 7 1 
c [Signal] Signal interruption. Caught signal: SIGTERM (15).
c [Label = 497] Encoding starts with target value = 493:
c [Label = 497] Encoding duration: 3129ms.
c [Label = 497] Number of clauses: 1362878.
c [Label = 497] Number of variables: 669748.
c [Label = 497] Solving duration: 3 ms.
s [Label = 497] SAT (w = 493).
c [Label = 497] Label assignment: 4 4 4 497 4 497 497 4 4 497 497 4 497 497 497 4 497 4 497 4 4 497 4 497 4 4 497 497 4 497 4 4 497 497 497 4 497 4 4 497 4 497 4 497 4 4 497 4 4 497 4 4 4 497 497 497 497 4 497 497 4 497 497 4 4 497 497 497 497 4 4 4 4 497 497 4 4 4 497 4 4 497 497 497 4 497 497 497 497 4 4 4 497 4 497 497 4 4 4 4 497 4 4 4 4 4 4 497 4 4 4 4 4 4 4 497 4 497 497 497 497 4 497 497 4 4 4 497 497 497 4 4 4 497 4 497 497 4 4 497 497 4 4 497 497 497 4 4 497 4 497 4 497 4 497 497 4 4 4 497 497 497 497 497 4 4 497 4 4 497 497 497 4 497 497 4 4 4 4 4 4 497 497 497 4 497 497 497 4 497 497 497 497 4 497 497 497 4 4 4 497 497 497 497 4 497 497 497 497 497 497 497 497 497 497 4 4 4 497 4 4 497 497 4 4 497 497 497 4 4 4 497 497 497 497 4 497 4 497 4 4 4 4 4 497 4 4 497 497 4 497 497 4 4 4 4 4 4 4 4 497 4 497 4 497 4 4 4 4 4 497 497 497 4 497 4 4 4 497 497 4 497 497 4 497 497 497 497 497 4 4 497 4 497 4 497 497 497 497 497 4 4 497 4 497 497 497 4 497 4 4 4 497 4 4 497 497 497 497 4 497 497 497 4 4 497 4 497 4 4 4 4 497 497 4 4 4 4 497 497 4 497 4 4 4 497 4 4 497 4 497 4 4 497 497 4 4 4 4 4 497 497 4 4 4 497 4 4 497 497 4 497 497 4 4 4 4 497 4 4 4 4 497 4 4 4 4 4 497 497 4 4 4 497 497 497 497 4 4 497 497 4 4 497 4 4 497 497 497 4 497 4 4 4 497 497 4 497 4 497 497 4 4 4 497 497 4 4 497 4 4 497 4 4 497 4 4 4 4 497 4 497 497 4 4 497 4 4 497 497 4 497 497 497 4 4 4 4 4 497 4 497 497 497 497 497 497 497 497 4 497 4 4 4 4 4 4 497 497 4 497 497 4 4 4 497 4 497 497 4 4 497 497 497 4 4 4 497 4 4 497 497 4 497 497 497 497 4 497 4 497 497 497 4 4 4 4 4 497 497 4 4 497 497 4 497 4 497 497 497 4 497 497 497 497 497 497 497 4 497 497 4 4 497 497 497 497 497 4 4 497 497 4 4 4 4 4 497 4 497 4 497 4 497 4 497 497 497 4 497 497 4 497 497 4 4 4 497 497 4 4 497 4 4 497 497 4 497 4 4 4 4 4 497 4 4 497 497 497 497 4 4 4 4 497 497 497 497 497 4 4 497 497 4 4 497 497 4 4 497 497 4 497 4 4 4 497 497 497 497 4 497 497 497 4 4 497 4 497 497 497 497 497 497 4 4 497 497 497 4 497 497 497 497 4 4 497 4 4 497 497 497 4 497 497 497 4 4 497 4 497 4 4 4 1 
c [Signal] Signal interruption. Caught signal: SIGTERM (15).
c [Label = 495] Encoding starts with target value = 493:
c [Label = 495] Encoding duration: 2830ms.
c [Label = 495] Number of clauses: 1345807.
c [Label = 495] Number of variables: 667048.
c [Label = 495] Solving duration: 2 ms.
s [Label = 495] SAT (w = 493).
c [Label = 495] Label assignment: 2 2 2 495 2 495 495 2 2 495 495 2 495 495 495 2 495 2 495 2 2 495 2 495 2 2 495 495 2 495 2 2 495 495 495 2 495 2 2 495 2 495 2 495 2 2 495 2 2 495 2 2 2 495 495 495 495 2 495 495 2 495 495 2 2 495 495 495 495 2 2 2 2 495 495 2 2 2 495 2 2 495 495 495 2 495 495 495 495 2 2 2 495 2 495 495 2 2 2 2 495 2 2 2 2 2 2 495 2 2 2 2 2 2 2 495 2 495 495 495 495 2 495 495 2 2 2 495 495 495 2 2 2 495 2 495 495 2 2 495 495 2 2 495 495 495 2 2 495 2 495 2 495 2 495 495 2 2 2 495 495 495 495 495 2 2 495 2 2 495 495 495 2 495 495 2 2 2 2 2 2 495 495 495 2 495 495 495 2 495 495 495 495 2 495 495 495 2 2 2 495 495 495 495 2 495 495 495 495 495 495 495 495 495 495 2 2 2 495 2 2 495 495 2 2 495 495 495 2 2 2 495 495 495 495 2 495 2 495 2 2 2 2 2 495 2 2 495 495 2 495 495 2 2 2 2 2 2 2 2 495 2 495 2 495 2 2 2 2 2 495 495 495 2 495 2 2 2 495 495 2 495 495 2 495 495 495 495 495 2 2 495 2 495 2 495 495 495 495 495 2 2 495 2 495 495 495 2 495 2 2 2 495 2 2 495 495 495 495 2 495 495 495 2 2 495 2 495 2 2 2 2 495 495 2 2 2 2 495 495 2 495 2 2 2 495 2 2 495 2 495 2 2 495 495 2 2 2 2 2 495 495 2 2 2 495 2 2 495 495 2 495 495 2 2 2 2 495 2 2 2 2 495 2 2 2 2 2 495 495 2 2 2 495 495 495 495 2 2 495 495 2 2 495 2 2 495 495 495 2 495 2 2 2 495 495 2 495 2 495 495 2 2 2 495 495 2 2 495 2 2 495 2 2 495 2 2 2 2 495 2 495 495 2 2 495 2 2 495 495 2 495 495 495 2 2 2 2 2 495 2 495 495 495 495 495 495 495 495 2 495 2 2 2 2 2 2 495 495 2 495 495 2 2 2 495 2 495 495 2 2 495 495 495 2 2 2 495 2 2 495 495 2 495 495 495 495 2 495 2 495 495 495 2 2 2 2 2 495 495 2 2 495 495 2 495 2 495 495 495 2 495 495 495 495 495 495 495 2 495 495 2 2 495 495 495 495 495 2 2 495 495 2 2 2 2 2 495 2 495 2 495 2 495 2 495 495 495 2 495 495 2 495 495 2 2 2 495 495 2 2 495 2 2 495 495 2 495 2 2 2 2 2 495 2 2 495 495 495 495 2 2 2 2 495 495 495 495 495 2 2 495 495 2 2 495 495 2 2 495 495 2 495 2 2 2 495 495 495 495 2 495 495 495 2 2 495 2 495 495 495 495 495 495 2 2 495 495 495 2 495 495 495 495 2 2 495 2 2 495 495 495 2 495 495 495 2 2 495 2 495 2 2 2 1 
c [Main] Kill higher label pid 500.
c [Main] Kill higher label pid 499.
c [Main] Child pid 497 - 1787319 terminated by signal 15.
c [Main] Child pid 500 - 1787322 terminated by signal 15.
c [Main] Child pid 499 - 1787320 terminated by signal 15.
c [Main] Lowest label SAT is set to 495.
c [Label = 494] Encoding starts with target value = 493:
c [Label = 494] Encoding duration: 3120ms.
c [Label = 494] Number of clauses: 1337272.
c [Label = 494] Number of variables: 665698.
c [Label = 494] Solving duration: 40 ms.
s [Label = 494] SAT (w = 493).
c [Label = 494] Label assignment: 1 1 1 494 1 494 494 1 1 494 494 1 494 494 494 1 494 1 494 1 1 494 1 494 1 1 494 494 1 494 1 1 494 494 494 1 494 1 1 494 1 494 1 494 1 1 494 1 1 494 1 1 1 494 494 494 494 1 494 494 1 494 494 1 1 494 494 494 494 1 1 1 1 494 494 1 1 1 494 1 1 494 494 494 1 494 494 494 494 1 1 1 494 1 494 494 1 1 1 1 494 1 1 1 1 1 1 494 1 1 1 1 1 1 1 494 1 494 494 494 494 1 494 494 1 1 1 494 494 494 1 1 1 494 1 494 494 1 1 494 494 1 1 494 494 494 1 1 494 1 494 1 494 1 494 494 1 1 1 494 494 494 494 494 1 1 494 1 1 494 494 494 1 494 494 1 1 1 1 1 1 494 494 494 1 494 494 494 1 494 494 494 494 1 494 494 494 1 1 1 494 494 494 494 1 494 494 494 494 494 494 494 494 494 494 1 1 1 494 1 1 494 494 1 1 494 494 494 1 1 1 494 494 494 494 1 494 1 494 1 1 1 1 1 494 1 1 494 494 1 494 494 1 1 1 1 1 1 1 1 494 1 494 1 494 1 1 1 1 1 494 494 494 1 494 1 1 1 494 494 1 494 494 1 494 494 494 494 494 1 1 494 1 494 1 494 494 494 494 494 1 1 494 1 494 494 494 1 494 1 1 1 494 1 1 494 494 494 494 1 494 494 494 1 1 494 1 494 1 1 1 1 494 494 1 1 1 1 494 494 1 494 1 1 1 494 1 1 494 1 494 1 1 494 494 1 1 1 1 1 494 494 1 1 1 494 1 1 494 494 1 494 494 1 1 1 1 494 1 1 1 1 494 1 1 1 1 1 494 494 1 1 1 494 494 494 494 1 1 494 494 1 1 494 1 1 494 494 494 1 494 1 1 1 494 494 1 494 1 494 494 1 1 1 494 494 1 1 494 1 1 494 1 1 494 1 1 1 1 494 1 494 494 1 1 494 1 1 494 494 1 494 494 494 1 1 1 1 1 494 1 494 494 494 494 494 494 494 494 1 494 1 1 1 1 1 1 494 494 1 494 494 1 1 1 494 1 494 494 1 1 494 494 494 1 1 1 494 1 1 494 494 1 494 494 494 494 1 494 1 494 494 494 1 1 1 1 1 494 494 1 1 494 494 1 494 1 494 494 494 1 494 494 494 494 494 494 494 1 494 494 1 1 494 494 494 494 494 1 1 494 494 1 1 1 1 1 494 1 494 1 494 1 494 1 494 494 494 1 494 494 1 494 494 1 1 1 494 494 1 1 494 1 1 494 494 1 494 1 1 1 1 1 494 1 1 494 494 494 494 1 1 1 1 494 494 494 494 494 1 1 494 494 1 1 494 494 1 1 494 494 1 494 1 1 1 494 494 494 494 1 494 494 494 1 1 494 1 494 494 494 494 494 494 1 1 494 494 494 1 494 494 494 494 1 1 494 1 1 494 494 494 1 494 494 494 1 1 494 1 494 1 1 1 1 
c [Main] Lowest label SAT is set to 494.
c [Signal] Signal interruption. Caught signal: SIGTERM (15).
c [Main] All children have completed.
r [Main] 
r [Main] Final results: 
r [Main] Lowest label SAT:  	494.
r [Main] Highest label UNSAT:	-.
r [Main] Total real time: 12571 ms.
r [Main] Total memory consumed: 8119.4 MB.
r [Main] 
