c [Version] Minimize Makespan Labeling Encoder version 1.0.0.
c [Param] Target value is set to 174.
c [Param] LB is predefined as 175.
c [Param] UB is predefined as 1073.
c [Param] Target value is set to Antibandwidth.
c [Param] Vertices mode is set to Has hole.
c [Param] Result verification is ON.
c [Param] Memory limit is set to 45000.
c [Param] Real time limit is set to 1800.
c [Param] Worker count is set to 8.
c [Param] Max CNF size is set to 10.
c [Main] Search strategy: Iterating Breadth First Search (Reverse).
c [Main] Search order: 624 849 399 961 736 511 286 1017 905 792 680 567 455 342 230 1045 989 933 877 820 764 708 652 595 539 483 427 370 314 258 202 1059 1031 1003 975 947 919 891 863 834 806 778 750 722 694 666 638 609 581 553 525 497 469 441 413 384 356 328 300 272 244 216 188 1066 1052 1038 1024 1010 996 982 968 954 940 926 912 898 884 870 856 841 827 813 799 785 771 757 743 729 715 701 687 673 659 645 631 616 602 588 574 560 546 532 518 504 490 476 462 448 434 420 406 391 377 363 349 335 321 307 293 279 265 251 237 223 209 195 181 1070 1062 1055 1048 1041 1034 1027 1020 1013 1006 999 992 985 978 971 964 957 950 943 936 929 922 915 908 901 894 887 880 873 866 859 852 845 837 830 823 816 809 802 795 788 781 774 767 760 753 746 739 732 725 718 711 704 697 690 683 676 669 662 655 648 641 634 627 620 612 605 598 591 584 577 570 563 556 549 542 535 528 521 514 507 500 493 486 479 472 465 458 451 444 437 430 423 416 409 402 395 387 380 373 366 359 352 345 338 331 324 317 310 303 296 289 282 275 268 261 254 247 240 233 226 219 212 205 198 191 184 177 1072 1068 1064 1060 1057 1053 1050 1046 1043 1039 1036 1032 1029 1025 1022 1018 1015 1011 1008 1004 1001 997 994 990 987 983 980 976 973 969 966 962 959 955 952 948 945 941 938 934 931 927 924 920 917 913 910 906 903 899 896 892 889 885 882 878 875 871 868 864 861 857 854 850 847 843 839 835 832 828 825 821 818 814 811 807 804 800 797 793 790 786 783 779 776 772 769 765 762 758 755 751 748 744 741 737 734 730 727 723 720 716 713 709 706 702 699 695 692 688 685 681 678 674 671 667 664 660 657 653 650 646 643 639 636 632 629 625 622 618 614 610 607 603 600 596 593 589 586 582 579 575 572 568 565 561 558 554 551 547 544 540 537 533 530 526 523 519 516 512 509 505 502 498 495 491 488 484 481 477 474 470 467 463 460 456 453 449 446 442 439 435 432 428 425 421 418 414 411 407 404 400 397 393 389 385 382 378 375 371 368 364 361 357 354 350 347 343 340 336 333 329 326 322 319 315 312 308 305 301 298 294 291 287 284 280 277 273 270 266 263 259 256 252 249 245 242 238 235 231 228 224 221 217 214 210 207 203 200 196 193 189 186 182 179 175 1073 1071 1069 1067 1065 1063 1061 1058 1056 1054 1051 1049 1047 1044 1042 1040 1037 1035 1033 1030 1028 1026 1023 1021 1019 1016 1014 1012 1009 1007 1005 1002 1000 998 995 993 991 988 986 984 981 979 977 974 972 970 967 965 963 960 958 956 953 951 949 946 944 942 939 937 935 932 930 928 925 923 921 918 916 914 911 909 907 904 902 900 897 895 893 890 888 886 883 881 879 876 874 872 869 867 865 862 860 858 855 853 851 848 846 844 842 840 838 836 833 831 829 826 824 822 819 817 815 812 810 808 805 803 801 798 796 794 791 789 787 784 782 780 777 775 773 770 768 766 763 761 759 756 754 752 749 747 745 742 740 738 735 733 731 728 726 724 721 719 717 714 712 710 707 705 703 700 698 696 693 691 689 686 684 682 679 677 675 672 670 668 665 663 661 658 656 654 651 649 647 644 642 640 637 635 633 630 628 626 623 621 619 617 615 613 611 608 606 604 601 599 597 594 592 590 587 585 583 580 578 576 573 571 569 566 564 562 559 557 555 552 550 548 545 543 541 538 536 534 531 529 527 524 522 520 517 515 513 510 508 506 503 501 499 496 494 492 489 487 485 482 480 478 475 473 471 468 466 464 461 459 457 454 452 450 447 445 443 440 438 436 433 431 429 426 424 422 419 417 415 412 410 408 405 403 401 398 396 394 392 390 388 386 383 381 379 376 374 372 369 367 365 362 360 358 355 353 351 348 346 344 341 339 337 334 332 330 327 325 323 320 318 316 313 311 309 306 304 302 299 297 295 292 290 288 285 283 281 278 276 274 271 269 267 264 262 260 257 255 253 250 248 246 243 241 239 236 234 232 229 227 225 222 220 218 215 213 211 208 206 204 201 199 197 194 192 190 187 185 183 180 178 176.
c [Main] Encoding and solving for graph: X-can__715.mtx.rnd.
c [Label = 624] Minimize Makespan Labeling problem (X-can__715.mtx.rnd):
c [Label = 849] Minimize Makespan Labeling problem (X-can__715.mtx.rnd):
c [Label = 399] Minimize Makespan Labeling problem (X-can__715.mtx.rnd):
c [Label = 961] Minimize Makespan Labeling problem (X-can__715.mtx.rnd):
c [Label = 736] Minimize Makespan Labeling problem (X-can__715.mtx.rnd):
c [Label = 511] Minimize Makespan Labeling problem (X-can__715.mtx.rnd):
c [Label = 1017] Minimize Makespan Labeling problem (X-can__715.mtx.rnd):
c [Label = 286] Minimize Makespan Labeling problem (X-can__715.mtx.rnd):
c [Label = 286] Encoding starts with target value = 174:
c [Label = 286] Encoding duration: 3054ms.
c [Label = 286] Number of clauses: 2229828.
c [Label = 286] Number of variables: 407708.
c [Label = 286] Solving duration: 0 ms.
s [Label = 286] UNSAT (w = 174).
c [Main] Highest label UNSAT is set to 286
c [Label = 905] Minimize Makespan Labeling problem (X-can__715.mtx.rnd):
c [Label = 399] Encoding starts with target value = 174:
c [Label = 399] Encoding duration: 6619ms.
c [Label = 399] Number of clauses: 4338574.
c [Label = 399] Number of variables: 691563.
c [Label = 399] Solving duration: 17793 ms.
s [Label = 399] UNSAT (w = 174).
c [Main] Highest label UNSAT is set to 399
c [Label = 792] Minimize Makespan Labeling problem (X-can__715.mtx.rnd):
c [Label = 511] Encoding starts with target value = 174:
c [Label = 511] Encoding duration: 9337ms.
c [Label = 511] Number of clauses: 6071830.
c [Label = 511] Number of variables: 851723.
c [Label = 511] Solving duration: 21194 ms.
s [Label = 511] UNSAT (w = 174).
c [Main] Highest label UNSAT is set to 511
c [Label = 680] Minimize Makespan Labeling problem (X-can__715.mtx.rnd):
c [Label = 736] Encoding starts with target value = 174:
c [Label = 736] Encoding duration: 16767ms.
c [Label = 736] Number of clauses: 10275993.
c [Label = 736] Number of variables: 1418003.
c [Label = 736] Solving duration: 28247 ms.
s [Label = 736] UNSAT (w = 174).
c [Main] Highest label UNSAT is set to 736
c [Main] Kill lower label pid 680.
c [Main] Kill lower label pid 624.
c [Label = 680] Encoding starts with target value = 174:
c [Label = 680] Encoding duration: 14466ms.
c [Label = 680] Number of clauses: 9047920.
c [Label = 680] Number of variables: 1215658.
c [Signal] Signal interruption. Caught signal: SIGTERM (15).
c [Label = 624] Encoding starts with target value = 174:
c [Label = 624] Encoding duration: 13292ms.
c [Label = 624] Number of clauses: 8181292.
c [Label = 624] Number of variables: 1135578.
c [Signal] Signal interruption. Caught signal: SIGTERM (15).
c [Label = 1045] Minimize Makespan Labeling problem (X-can__715.mtx.rnd):
c [Main] Child pid 624 - 1818 terminated by signal 15.
c [Label = 989] Minimize Makespan Labeling problem (X-can__715.mtx.rnd):
c [Main] Child pid 680 - 1899 terminated by signal 15.
c [Label = 933] Minimize Makespan Labeling problem (X-can__715.mtx.rnd):
c [Label = 849] Encoding starts with target value = 174:
c [Label = 849] Encoding duration: 20241ms.
c [Label = 849] Number of clauses: 12024724.
c [Label = 849] Number of variables: 1579593.
c [Label = 849] Solving duration: 31762 ms.
s [Label = 849] UNSAT (w = 174).
c [Main] Highest label UNSAT is set to 849
c [Main] Kill lower label pid 792.
c [Label = 792] Encoding starts with target value = 174:
c [Label = 792] Encoding duration: 18253ms.
c [Label = 792] Number of clauses: 11142621.
c [Label = 792] Number of variables: 1498083.
c [Signal] Signal interruption. Caught signal: SIGTERM (15).
c [Label = 877] Minimize Makespan Labeling problem (X-can__715.mtx.rnd):
c [Main] Child pid 792 - 1889 terminated by signal 15.
c [Label = 1059] Minimize Makespan Labeling problem (X-can__715.mtx.rnd):
c [Label = 961] Encoding starts with target value = 174:
c [Label = 961] Encoding duration: 24059ms.
c [Label = 961] Number of clauses: 14120140.
c [Label = 961] Number of variables: 1862018.
c [Label = 961] Solving duration: 41099 ms.
s [Label = 961] SAT (w = 174).
c [Label = 961] Label assignment: 1 1 1 1 1 1 1 1 175 175 1 1 1 1 1 1 1 1 1 1 1 1 175 175 175 175 175 175 175 175 175 1 1 1 175 1 1 1 175 349 175 1 1 1 1 349 349 1 1 1 349 1 175 1 1 349 1 175 1 349 349 1 1 1 349 1 1 1 349 175 175 1 1 175 175 175 175 175 175 349 1 1 1 175 175 1 1 1 349 523 349 349 349 1 175 1 175 349 349 1 1 1 523 1 1 1 349 175 1 1 175 349 523 349 523 1 523 175 349 1 349 349 523 349 175 1 1 349 175 175 1 523 175 175 349 523 349 175 175 523 175 1 612 438 1 1 1 523 175 175 175 1 349 175 523 1 175 1 1 175 175 349 175 175 349 349 1 1 349 175 349 175 175 523 786 175 349 1 175 175 349 1 1 523 264 175 175 523 175 960 349 612 1 349 349 697 175 523 175 349 1 349 1 349 175 1 523 1 523 175 1 438 175 349 1 1 523 1 523 175 871 175 697 697 697 1 349 349 175 1 697 349 1 1 349 175 349 349 175 349 1 349 1 175 1 961 175 175 523 523 697 523 1 175 871 349 349 1 175 175 523 697 349 175 523 175 175 523 523 349 523 1 523 175 523 175 349 349 1 1 697 523 523 523 697 697 349 1 961 523 175 349 697 1 1 349 960 523 175 1 523 175 787 349 961 349 1 349 786 349 349 175 697 523 612 349 523 523 175 349 697 697 175 523 349 349 960 175 523 697 697 697 523 960 702 175 349 1 697 438 961 1 961 523 175 175 1 1 175 349 961 871 349 523 524 1 786 1 175 523 960 523 960 264 1 1 523 961 523 697 523 523 523 961 961 349 349 961 438 349 523 349 524 349 786 612 349 787 523 697 613 960 175 523 697 349 960 960 787 961 349 697 960 961 697 961 523 786 523 175 523 438 175 960 1 349 349 697 349 523 175 349 349 1 175 523 697 697 523 175 612 697 349 523 175 786 961 960 697 1 697 961 960 349 175 175 961 697 960 1 349 175 523 175 523 1 612 612 697 349 697 523 961 961 697 349 523 523 960 523 349 175 697 871 697 1 612 697 349 961 786 786 697 612 961 697 175 960 697 349 349 961 786 697 523 349 523 612 523 175 175 523 523 697 697 523 175 961 1 960 961 349 349 871 961 349 1 523 697 175 349 175 875 349 523 697 697 961 961 349 1 961 612 1 697 523 175 961 523 175 349 349 961 960 349 1 697 523 697 961 175 698 523 697 175 697 697 697 961 349 349 1 175 523 349 523 697 697 523 961 961 961 523 612 612 1 349 438 697 349 697 961 349 697 961 523 1 523 523 349 175 523 960 960 961 523 871 697 961 786 697 349 961 697 349 697 1 875 961 349 349 1 697 175 700 612 961 697 523 523 1 871 960 697 349 264 349 960 1 612 523 349 697 698 786 697 697 349 175 1 349 523 349 960 523 523 175 523 961 786 349 612 697 961 349 697 1 697 960 960 697 175 349 961 699 523 697 175 961 697 697 523 523 961 961 786 175 523 523 701 612 523 786 961 523 697 612 175 961 175 175 961 961 961 697 697 349 349 175 438 523 90 961 961 523 349 697 349 613 871 697 697 349 523 871 
c [Main] Lowest label SAT is set to 961.
c [Main] Kill higher label pid 1059.
c [Main] Kill higher label pid 989.
c [Main] Kill higher label pid 1045.
c [Main] Kill higher label pid 1017.
c [Label = 1045] Encoding starts with target value = 174:
c [Signal] Signal interruption. Caught signal: SIGTERM (15).
c [Label = 989] Encoding starts with target value = 174:
c [Signal] Signal interruption. Caught signal: SIGTERM (15).
c [Label = 1017] Encoding starts with target value = 174:
c [Label = 1017] Encoding duration: 25470ms.
c [Label = 1017] Number of clauses: 14986768.
c [Label = 1017] Number of variables: 1942098.
c [Label = 1017] Solving duration: 43191 ms.
s [Label = 1017] SAT (w = 174).
c [Label = 1017] Label assignment: 1 1 1 1 1 1 1 1 175 175 1 1 1 1 1 1 1 1 1 1 1 1 175 175 175 175 175 175 175 175 175 1 1 1 175 1 1 1 175 349 175 1 1 1 1 349 349 1 1 1 349 1 175 1 1 349 1 175 1 349 349 1 1 1 349 1 1 1 349 175 175 1 1 175 175 175 175 175 175 349 1 1 1 175 175 1 1 1 349 523 349 349 349 1 175 1 175 349 349 1 1 1 523 1 1 1 349 175 1 1 175 349 523 349 523 1 523 175 349 1 349 349 523 349 175 1 1 349 175 175 1 523 175 175 349 523 349 175 175 523 175 1 668 494 1 1 1 523 175 175 175 1 349 175 523 1 175 1 1 175 175 349 175 175 349 349 1 1 349 175 349 175 175 523 842 175 349 1 175 175 349 1 1 523 320 175 175 523 175 1016 349 668 1 349 349 697 175 523 175 349 1 349 1 349 175 1 523 1 523 175 1 494 175 349 1 1 523 1 523 175 871 175 697 697 697 1 349 349 175 1 697 349 1 1 349 175 349 349 175 349 1 349 1 175 1 1017 175 175 523 523 697 523 1 175 871 349 349 1 175 175 523 697 349 175 523 175 175 523 523 349 523 1 523 175 523 175 349 349 1 1 697 523 523 523 697 697 349 1 1017 523 175 349 697 1 1 349 1016 523 175 1 523 175 843 349 1017 349 1 349 842 349 349 175 697 523 668 349 523 523 175 349 697 697 175 523 349 349 1016 175 523 697 697 697 523 1016 702 175 349 1 697 494 1017 1 1017 523 175 175 1 1 175 349 1017 871 349 523 524 1 842 1 175 523 1016 523 1016 320 1 1 523 1017 523 697 523 523 523 1017 1017 349 349 1017 494 349 523 349 524 349 842 668 349 843 523 697 669 1016 175 523 697 349 1016 1016 843 1017 349 697 1016 1017 697 1017 523 842 523 175 523 494 175 1016 1 349 349 697 349 523 175 349 349 1 175 523 697 697 523 175 668 697 349 523 175 842 1017 1016 697 1 697 1017 1016 349 175 175 1017 697 1016 1 349 175 523 175 523 1 668 668 697 349 697 523 1017 1017 697 349 523 523 1016 523 349 175 697 871 697 1 668 697 349 1017 842 842 697 668 1017 697 175 1016 697 349 349 1017 842 697 523 349 523 668 523 175 175 523 523 697 697 523 175 1017 1 1016 1017 349 349 871 1017 349 1 523 697 175 349 175 875 349 523 697 697 1017 1017 349 1 1017 668 1 697 523 175 1017 523 175 349 349 1017 1016 349 1 697 523 697 1017 175 698 523 697 175 697 697 697 1017 349 349 1 175 523 349 523 697 697 523 1017 1017 1017 523 668 668 1 349 494 697 349 697 1017 349 697 1017 523 1 523 523 349 175 523 1016 1016 1017 523 871 697 1017 842 697 349 1017 697 349 697 1 875 1017 349 349 1 697 175 700 668 1017 697 523 523 1 871 1016 697 349 320 349 1016 1 668 523 349 697 698 842 697 697 349 175 1 349 523 349 1016 523 523 175 523 1017 842 349 668 697 1017 349 697 1 697 1016 1016 697 175 349 1017 699 523 697 175 1017 697 697 523 523 1017 1017 842 175 523 523 701 668 523 842 1017 523 697 668 175 1017 175 175 1017 1017 1017 697 697 349 349 175 494 523 146 1017 1017 523 349 697 349 669 871 697 697 349 523 871 
c [Signal] Signal interruption. Caught signal: SIGTERM (15).
c [Label = 1059] Encoding starts with target value = 174:
c [Signal] Signal interruption. Caught signal: SIGTERM (15).
c [Label = 947] Minimize Makespan Labeling problem (X-can__715.mtx.rnd):
c [Main] Child pid 1059 - 1952 terminated by signal 15.
c [Label = 919] Minimize Makespan Labeling problem (X-can__715.mtx.rnd):
c [Main] Child pid 989 - 1915 terminated by signal 15.
c [Label = 891] Minimize Makespan Labeling problem (X-can__715.mtx.rnd):
c [Main] Child pid 1045 - 1914 terminated by signal 15.
c [Label = 863] Minimize Makespan Labeling problem (X-can__715.mtx.rnd):
c [Main] Child pid 1017 - 1825 terminated by signal 15.
c [Label = 954] Minimize Makespan Labeling problem (X-can__715.mtx.rnd):
c [Label = 905] Encoding starts with target value = 174:
c [Label = 905] Encoding duration: 22265ms.
c [Label = 905] Number of clauses: 13253512.
c [Label = 905] Number of variables: 1781938.
c [Label = 905] Solving duration: 40151 ms.
s [Label = 905] SAT (w = 174).
c [Label = 905] Label assignment: 1 1 1 1 1 1 1 1 175 175 1 1 1 1 1 1 1 1 1 1 1 1 175 175 175 175 175 175 175 175 175 1 1 1 175 1 1 1 175 349 175 1 1 1 1 349 349 1 1 1 349 1 175 1 1 349 1 175 1 349 349 1 1 1 349 1 1 1 349 175 175 1 1 175 175 175 175 175 175 349 1 1 1 175 175 1 1 1 349 523 349 349 349 1 175 1 175 349 349 1 1 1 523 1 1 1 349 175 1 1 175 349 523 349 523 1 523 175 349 1 349 349 523 349 175 1 1 349 175 175 1 523 175 175 349 523 349 175 175 523 175 1 556 382 1 1 1 523 175 175 175 1 349 175 523 1 175 1 1 175 175 349 175 175 349 349 1 1 349 175 349 175 175 523 730 175 349 1 175 175 349 1 1 523 208 175 175 523 175 904 349 556 1 349 349 697 175 523 175 349 1 349 1 349 175 1 523 1 523 175 1 382 175 349 1 1 523 1 523 175 871 175 697 697 697 1 349 349 175 1 697 349 1 1 349 175 349 349 175 349 1 349 1 175 1 905 175 175 523 523 697 523 1 175 871 349 349 1 175 175 523 697 349 175 523 175 175 523 523 349 523 1 523 175 523 175 349 349 1 1 697 523 523 523 697 697 349 1 905 523 175 349 697 1 1 349 904 523 175 1 523 175 731 349 905 349 1 349 730 349 349 175 697 523 556 349 523 523 175 349 697 697 175 523 349 349 904 175 523 697 697 697 523 904 702 175 349 1 697 382 905 1 905 523 175 175 1 1 175 349 905 871 349 523 524 1 730 1 175 523 904 523 904 208 1 1 523 905 523 697 523 523 523 905 905 349 349 905 382 349 523 349 524 349 730 556 349 731 523 697 557 904 175 523 697 349 904 904 731 905 349 697 904 905 697 905 523 730 523 175 523 382 175 904 1 349 349 697 349 523 175 349 349 1 175 523 697 697 523 175 556 697 349 523 175 730 905 904 697 1 697 905 904 349 175 175 905 697 904 1 349 175 523 175 523 1 556 556 697 349 697 523 905 905 697 349 523 523 904 523 349 175 697 871 697 1 556 697 349 905 730 730 697 556 905 697 175 904 697 349 349 905 730 697 523 349 523 556 523 175 175 523 523 697 697 523 175 905 1 904 905 349 349 871 905 349 1 523 697 175 349 175 875 349 523 697 697 905 905 349 1 905 556 1 697 523 175 905 523 175 349 349 905 904 349 1 697 523 697 905 175 698 523 697 175 697 697 697 905 349 349 1 175 523 349 523 697 697 523 905 905 905 523 556 556 1 349 382 697 349 697 905 349 697 905 523 1 523 523 349 175 523 904 904 905 523 871 697 905 730 697 349 905 697 349 697 1 875 905 349 349 1 697 175 700 556 905 697 523 523 1 871 904 697 349 208 349 904 1 556 523 349 697 698 730 697 697 349 175 1 349 523 349 904 523 523 175 523 905 730 349 556 697 905 349 697 1 697 904 904 697 175 349 905 699 523 697 175 905 697 697 523 523 905 905 730 175 523 523 701 556 523 730 905 523 697 556 175 905 175 175 905 905 905 697 697 349 349 175 382 523 34 905 905 523 349 697 349 557 871 697 697 349 523 871 
c [Label = 954] Encoding starts with target value = 174:
c [Signal] Signal interruption. Caught signal: SIGTERM (15).
c [Main] Lowest label SAT is set to 905.
c [Main] Kill higher label pid 954.
c [Main] Kill higher label pid 919.
c [Main] Kill higher label pid 947.
c [Main] Kill higher label pid 933.
c [Label = 947] Encoding starts with target value = 174:
c [Signal] Signal interruption. Caught signal: SIGTERM (15).
c [Label = 919] Encoding starts with target value = 174:
c [Signal] Signal interruption. Caught signal: SIGTERM (15).
c [Label = 933] Encoding starts with target value = 174:
c [Signal] Signal interruption. Caught signal: SIGTERM (15).
c [Label = 898] Minimize Makespan Labeling problem (X-can__715.mtx.rnd):
c [Main] Child pid 954 - 1990 terminated by signal 15.
c [Label = 884] Minimize Makespan Labeling problem (X-can__715.mtx.rnd):
c [Main] Child pid 919 - 1987 terminated by signal 15.
c [Main] Child pid 947 - 1985 terminated by signal 15.
c [Label = 856] Minimize Makespan Labeling problem (X-can__715.mtx.rnd):
c [Label = 870] Minimize Makespan Labeling problem (X-can__715.mtx.rnd):
c [Main] Child pid 933 - 1916 terminated by signal 15.
c [Label = 901] Minimize Makespan Labeling problem (X-can__715.mtx.rnd):
c [Label = 877] Encoding starts with target value = 174:
c [Label = 877] Encoding duration: 20823ms.
c [Label = 877] Number of clauses: 12820198.
c [Label = 877] Number of variables: 1741898.
c [Label = 877] Solving duration: 36539 ms.
s [Label = 877] SAT (w = 174).
c [Label = 877] Label assignment: 1 1 1 1 1 1 1 1 175 175 1 1 1 1 1 1 1 1 1 1 1 1 175 175 175 175 175 175 175 175 175 1 1 1 175 1 1 1 175 349 175 1 1 1 1 349 349 1 1 1 349 1 175 1 1 349 1 175 1 349 349 1 1 1 349 1 1 1 349 175 175 1 1 175 175 175 175 175 175 349 1 1 1 175 175 1 1 1 349 523 349 349 349 1 175 1 175 349 349 1 1 1 523 1 1 1 349 175 1 1 175 349 523 349 523 1 523 175 349 1 349 349 523 349 175 1 1 349 175 175 1 523 175 175 349 523 349 175 175 523 175 1 528 354 1 1 1 523 175 175 175 1 349 175 523 1 175 1 1 175 175 349 175 175 349 349 1 1 349 175 349 175 175 523 702 175 349 1 175 175 349 1 1 523 180 175 175 523 175 876 349 528 1 349 349 697 175 523 175 349 1 349 1 349 175 1 523 1 523 175 1 354 175 349 1 1 523 1 523 175 871 175 697 697 697 1 349 349 175 1 697 349 1 1 349 175 349 349 175 349 1 349 1 175 1 877 175 175 523 523 697 523 1 175 871 349 349 1 175 175 523 697 349 175 523 175 175 523 523 349 523 1 523 175 523 175 349 349 1 1 697 523 523 523 697 697 349 1 877 523 175 349 697 1 1 349 876 523 175 1 523 175 703 349 877 349 1 349 702 349 349 175 697 523 528 349 523 523 175 349 697 697 175 523 349 349 876 175 523 697 697 697 523 876 702 175 349 1 697 354 877 1 877 523 175 175 1 1 175 349 877 871 349 523 524 1 702 1 175 523 876 523 876 180 1 1 523 877 523 697 523 523 523 877 877 349 349 877 354 349 523 349 524 349 702 528 349 703 523 697 529 876 175 523 697 349 876 876 703 877 349 697 876 877 697 877 523 702 523 175 523 354 175 876 1 349 349 697 349 523 175 349 349 1 175 523 697 697 523 175 528 697 349 523 175 702 877 876 697 1 697 877 876 349 175 175 877 697 876 1 349 175 523 175 523 1 528 528 697 349 697 523 877 877 697 349 523 523 876 523 349 175 697 871 697 1 528 697 349 877 702 702 697 528 877 697 175 876 697 349 349 877 702 697 523 349 523 528 523 175 175 523 523 697 697 523 175 877 1 876 877 349 349 871 877 349 1 523 697 175 349 175 875 349 523 697 697 877 877 349 1 877 528 1 697 523 175 877 523 175 349 349 877 876 349 1 697 523 697 877 175 698 523 697 175 697 697 697 877 349 349 1 175 523 349 523 697 697 523 877 877 877 523 528 528 1 349 354 697 349 697 877 349 697 877 523 1 523 523 349 175 523 876 876 877 523 871 697 877 702 697 349 877 697 349 697 1 875 877 349 349 1 697 175 700 528 877 697 523 523 1 871 876 697 349 180 349 876 1 528 523 349 697 698 702 697 697 349 175 1 349 523 349 876 523 523 175 523 877 702 349 528 697 877 349 697 1 697 876 876 697 175 349 877 699 523 697 175 877 697 697 523 523 877 877 702 175 523 523 701 528 523 702 877 523 697 528 175 877 175 175 877 877 877 697 697 349 349 175 354 523 6 877 877 523 349 697 349 529 871 697 697 349 523 871 
c [Main] Lowest label SAT is set to 877.
c [Main] Kill higher label pid 901.
c [Main] Kill higher label pid 884.
c [Main] Kill higher label pid 898.
c [Main] Kill higher label pid 891.
c [Label = 884] Encoding starts with target value = 174:
c [Label = 884] Encoding duration: 20450ms.
c [Label = 884] Number of clauses: 12928527.
c [Label = 884] Number of variables: 1751908.
c [Signal] Signal interruption. Caught signal: SIGTERM (15).
c [Label = 898] Encoding starts with target value = 174:
c [Label = 898] Encoding duration: 21138ms.
c [Label = 898] Number of clauses: 13145184.
c [Label = 898] Number of variables: 1771928.
c [Signal] Signal interruption. Caught signal: SIGTERM (15).
c [Label = 891] Encoding starts with target value = 174:
c [Label = 891] Encoding duration: 20650ms.
c [Label = 891] Number of clauses: 13036855.
c [Label = 891] Number of variables: 1761918.
c [Signal] Signal interruption. Caught signal: SIGTERM (15).
c [Label = 873] Minimize Makespan Labeling problem (X-can__715.mtx.rnd):
c [Label = 901] Encoding starts with target value = 174:
c [Label = 901] Encoding duration: 20899ms.
c [Label = 901] Number of clauses: 13191610.
c [Label = 901] Number of variables: 1776218.
c [Signal] Signal interruption. Caught signal: SIGTERM (15).
c [Main] Child pid 898 - 1992 terminated by signal 15.
c [Label = 866] Minimize Makespan Labeling problem (X-can__715.mtx.rnd):
c [Main] Child pid 891 - 1988 terminated by signal 15.
c [Label = 859] Minimize Makespan Labeling problem (X-can__715.mtx.rnd):
c [Main] Child pid 884 - 1993 terminated by signal 15.
c [Label = 852] Minimize Makespan Labeling problem (X-can__715.mtx.rnd):
c [Main] Child pid 901 - 1997 terminated by signal 15.
c [Label = 875] Minimize Makespan Labeling problem (X-can__715.mtx.rnd):
c [Label = 863] Encoding starts with target value = 174:
c [Label = 863] Encoding duration: 18829ms.
c [Label = 863] Number of clauses: 12241381.
c [Label = 863] Number of variables: 1599613.
c [Label = 863] Solving duration: 32283 ms.
s [Label = 863] UNSAT (w = 174).
c [Main] Highest label UNSAT is set to 863
c [Main] Kill lower label pid 852.
c [Main] Kill lower label pid 859.
c [Main] Kill lower label pid 856.
c [Label = 852] Encoding starts with target value = 174:
c [Signal] Signal interruption. Caught signal: SIGTERM (15).
c [Label = 856] Encoding starts with target value = 174:
c [Label = 856] Encoding duration: 18905ms.
c [Label = 856] Number of clauses: 12133053.
c [Label = 856] Number of variables: 1589603.
c [Label = 856] Solving duration: 32124 ms.
s [Label = 856] UNSAT (w = 174).
c [Signal] Signal interruption. Caught signal: SIGTERM (15).
c [Label = 859] Encoding starts with target value = 174:
c [Signal] Signal interruption. Caught signal: SIGTERM (15).
c [Label = 871] Minimize Makespan Labeling problem (X-can__715.mtx.rnd):
c [Main] Child pid 859 - 2457 terminated by signal 15.
c [Label = 868] Minimize Makespan Labeling problem (X-can__715.mtx.rnd):
c [Main] Child pid 852 - 2458 terminated by signal 15.
c [Label = 864] Minimize Makespan Labeling problem (X-can__715.mtx.rnd):
c [Main] Child pid 856 - 1995 terminated by signal 15.
c [Label = 876] Minimize Makespan Labeling problem (X-can__715.mtx.rnd):
c [Label = 870] Encoding starts with target value = 174:
c [Label = 870] Encoding duration: 19334ms.
c [Label = 870] Number of clauses: 12340070.
c [Label = 870] Number of variables: 1609623.
c [Label = 870] Solving duration: 31912 ms.
s [Label = 870] UNSAT (w = 174).
c [Main] Highest label UNSAT is set to 870
c [Main] Kill lower label pid 864.
c [Main] Kill lower label pid 868.
c [Main] Kill lower label pid 866.
c [Label = 864] Encoding starts with target value = 174:
c [Signal] Signal interruption. Caught signal: SIGTERM (15).
c [Label = 868] Encoding starts with target value = 174:
c [Signal] Signal interruption. Caught signal: SIGTERM (15).
c [Label = 866] Encoding starts with target value = 174:
c [Signal] Signal interruption. Caught signal: SIGTERM (15).
c [Label = 874] Minimize Makespan Labeling problem (X-can__715.mtx.rnd):
c [Main] Child pid 864 - 2489 terminated by signal 15.
c [Label = 872] Minimize Makespan Labeling problem (X-can__715.mtx.rnd):
c [Main] Child pid 868 - 2488 terminated by signal 15.
c [Main] Child pid 866 - 2456 terminated by signal 15.
c [Label = 875] Encoding starts with target value = 174:
c [Label = 875] Encoding duration: 16562ms.
c [Label = 875] Number of clauses: 12789247.
c [Label = 875] Number of variables: 1739038.
c [Label = 875] Solving duration: 24306 ms.
s [Label = 875] SAT (w = 174).
c [Label = 875] Label assignment: 1 1 1 1 1 1 1 1 175 175 1 1 1 1 1 1 1 1 1 1 1 1 175 175 175 175 175 175 175 175 175 1 1 1 175 1 1 1 175 349 175 1 1 1 1 349 349 1 1 1 349 1 175 1 1 349 1 175 1 349 349 1 1 1 349 1 1 1 349 175 175 1 1 175 175 175 175 175 175 349 1 1 1 175 175 1 1 1 349 523 349 349 349 1 175 1 175 349 349 1 1 1 523 1 1 1 349 175 1 1 175 349 523 349 523 1 523 175 349 1 349 349 523 349 175 1 1 349 175 175 1 523 175 175 349 523 349 175 175 523 175 1 526 352 1 1 1 523 175 175 175 1 349 175 523 1 175 1 1 175 175 349 175 175 349 349 1 1 349 175 349 175 175 523 700 175 349 1 175 175 349 1 1 523 178 175 175 523 175 874 349 526 1 349 349 697 175 523 175 349 1 349 1 349 175 1 523 1 523 175 1 352 175 349 1 1 523 1 523 175 871 175 697 697 697 1 349 349 175 1 697 349 1 1 349 175 349 349 175 349 1 349 1 175 1 875 175 175 523 523 697 523 1 175 871 349 349 1 175 175 523 697 349 175 523 175 175 523 523 349 523 1 523 175 523 175 349 349 1 1 697 523 523 523 697 697 349 1 875 523 175 349 697 1 1 349 874 523 175 1 523 175 701 349 875 349 1 349 700 349 349 175 697 523 526 349 523 523 175 349 697 697 175 523 349 349 874 175 523 697 697 697 523 874 701 175 349 1 697 352 875 1 875 523 175 175 1 1 175 349 875 871 349 523 524 1 700 1 175 523 874 523 874 178 1 1 523 875 523 697 523 523 523 875 875 349 349 875 352 349 523 349 524 349 700 526 349 701 523 697 527 874 175 523 697 349 874 874 701 875 349 697 874 875 697 875 523 700 523 175 523 352 175 874 1 349 349 697 349 523 175 349 349 1 175 523 697 697 523 175 526 697 349 523 175 700 875 874 697 1 697 875 874 349 175 175 875 697 874 1 349 175 523 175 523 1 526 526 697 349 697 523 875 875 697 349 523 523 874 523 349 175 697 871 697 1 526 697 349 875 700 700 697 526 875 697 175 874 697 349 349 875 700 697 523 349 523 526 523 175 175 523 523 697 697 523 175 875 1 874 875 349 349 871 875 349 1 523 697 175 349 175 874 349 523 697 697 875 875 349 1 875 526 1 697 523 175 875 523 175 349 349 875 874 349 1 697 523 697 875 175 698 523 697 175 697 697 697 875 349 349 1 175 523 349 523 697 697 523 875 875 875 523 526 526 1 349 352 697 349 697 875 349 697 875 523 1 523 523 349 175 523 874 874 875 523 871 697 875 700 697 349 875 697 349 697 1 874 875 349 349 1 697 175 700 526 875 697 523 523 1 871 874 697 349 178 349 874 1 526 523 349 697 698 700 697 697 349 175 1 349 523 349 874 523 523 175 523 875 700 349 526 697 875 349 697 1 697 874 874 697 175 349 875 699 523 697 175 875 697 697 523 523 875 875 700 175 523 523 700 526 523 700 875 523 697 526 175 875 175 175 875 875 875 697 697 349 349 175 352 523 4 875 875 523 349 697 349 527 871 697 697 349 523 871 
c [Main] Lowest label SAT is set to 875.
c [Main] Kill higher label pid 876.
c [Label = 876] Encoding starts with target value = 174:
c [Label = 876] Encoding duration: 18243ms.
c [Label = 876] Number of clauses: 12804723.
c [Label = 876] Number of variables: 1740468.
c [Signal] Signal interruption. Caught signal: SIGTERM (15).
c [Main] Child pid 876 - 2491 terminated by signal 15.
c [Label = 871] Encoding starts with target value = 174:
c [Label = 871] Encoding duration: 14892ms.
c [Label = 871] Number of clauses: 12727345.
c [Label = 871] Number of variables: 1733318.
c [Label = 871] Solving duration: 23306 ms.
s [Label = 871] SAT (w = 174).
c [Label = 871] Label assignment: 1 1 1 1 1 1 1 1 175 175 1 1 1 1 1 1 1 1 1 1 1 1 175 175 175 175 175 175 175 175 175 1 1 1 175 1 1 1 175 349 175 1 1 1 1 349 349 1 1 1 349 1 175 1 1 349 1 175 1 349 349 1 1 1 349 1 1 1 349 175 175 1 1 175 175 175 175 175 175 349 1 1 1 175 175 1 1 1 349 523 349 349 349 1 175 1 175 349 349 1 1 1 523 1 1 1 349 175 1 1 175 349 523 349 523 1 523 175 349 1 349 349 523 349 175 1 1 349 175 175 1 523 175 175 349 523 349 175 175 523 175 1 695 349 1 1 1 523 175 175 175 1 349 175 523 1 175 1 1 175 175 349 175 175 349 349 1 1 349 175 349 175 175 523 523 175 349 1 175 175 349 1 1 523 175 175 175 523 175 697 349 175 1 349 349 697 175 523 175 349 1 349 1 349 175 1 523 1 523 175 1 349 175 695 1 1 523 1 523 175 871 175 697 697 871 1 349 349 175 1 697 349 1 1 349 175 349 349 175 349 1 349 1 175 1 697 175 175 523 523 697 870 1 175 871 349 349 1 175 175 523 697 349 175 523 175 175 523 523 349 523 1 523 175 523 175 349 349 1 1 697 523 523 523 697 697 349 1 697 523 175 349 697 1 1 349 697 523 175 1 523 175 523 349 349 349 1 349 349 349 349 175 697 523 1 349 523 697 175 349 697 697 175 523 349 349 523 175 523 697 697 697 871 697 697 175 349 1 697 349 871 1 871 523 697 175 1 1 175 349 871 871 349 523 697 1 349 1 175 523 697 523 697 697 1 697 523 871 523 697 523 523 523 871 871 349 349 871 349 349 523 349 523 349 871 523 349 871 523 697 523 697 175 523 697 349 349 871 697 871 349 697 1 871 697 871 870 697 523 870 523 871 175 523 1 349 349 697 349 523 175 349 349 1 175 523 697 697 523 175 523 697 349 523 175 523 871 697 697 1 697 871 871 349 175 175 871 697 871 1 697 175 523 175 523 1 523 523 697 349 697 523 871 871 697 349 523 523 871 523 349 175 697 870 697 1 697 697 349 871 523 697 523 697 871 697 175 697 697 349 349 871 871 697 523 349 523 523 871 175 175 523 871 697 697 523 175 699 349 697 871 349 349 871 175 349 1 523 697 175 349 175 871 697 523 697 697 871 871 349 1 871 521 1 697 523 175 349 523 175 349 349 871 523 349 871 697 697 697 871 175 697 523 697 175 697 697 697 871 349 349 1 175 523 349 523 697 697 523 871 871 871 523 523 523 1 349 1 697 349 697 697 349 697 871 523 697 523 523 349 175 523 871 697 871 523 871 697 871 871 697 349 871 697 349 697 1 871 871 349 349 1 697 175 697 523 871 697 523 523 1 871 523 697 349 175 349 697 871 697 523 1 697 697 871 697 697 349 175 1 349 523 349 349 523 523 175 523 871 871 349 523 697 871 349 697 1 697 175 871 697 175 349 871 523 523 697 175 871 1 697 523 523 871 871 697 175 523 523 697 523 523 871 871 523 697 523 175 871 175 175 871 871 523 697 697 349 349 175 349 523 1 871 697 523 349 349 349 697 871 697 697 349 523 871 
c [Main] Lowest label SAT is set to 871.
c [Main] Kill higher label pid 872.
c [Main] Kill higher label pid 874.
c [Main] Kill higher label pid 873.
c [Label = 872] Encoding starts with target value = 174:
c [Label = 872] Encoding duration: 18157ms.
c [Label = 872] Number of clauses: 12742821.
c [Label = 872] Number of variables: 1734748.
c [Signal] Signal interruption. Caught signal: SIGTERM (15).
c [Label = 874] Encoding starts with target value = 174:
c [Label = 874] Encoding duration: 18323ms.
c [Label = 874] Number of clauses: 12773772.
c [Label = 874] Number of variables: 1737608.
c [Signal] Signal interruption. Caught signal: SIGTERM (15).
c [Label = 873] Encoding starts with target value = 174:
c [Label = 873] Encoding duration: 18455ms.
c [Label = 873] Number of clauses: 12758296.
c [Label = 873] Number of variables: 1736178.
c [Signal] Signal interruption. Caught signal: SIGTERM (15).
c [Main] Child pid 872 - 2493 terminated by signal 15.
c [Main] Child pid 874 - 2492 terminated by signal 15.
c [Main] Child pid 873 - 2451 terminated by signal 15.
c [Signal] Signal interruption. Caught signal: SIGTERM (15).
c [Main] All children have completed.
r [Main] 
r [Main] Final results: 
r [Main] Lowest label SAT:  	871.
r [Main] Highest label UNSAT:	870.
r [Main] Total real time: 165074 ms.
r [Main] Total memory consumed: 31066.3 MB.
r [Main] 
