c [Version] Minimize Makespan Labeling Encoder version 1.0.0.
c [Param] LB is predefined as 124.
c [Param] UB is predefined as 496.
c [Param] Memory limit is set to 30000.
c [Param] Real time limit is set to 1800.
c [Param] Worker count is set to 8.
c [Param] Max CNF size is set to 10.
c [Main] Search strategy: Iterating from upper bound.
c [Main] Search order: 496 495 494 493 492 491 490 489 488 487 486 485 484 483 482 481 480 479 478 477 476 475 474 473 472 471 470 469 468 467 466 465 464 463 462 461 460 459 458 457 456 455 454 453 452 451 450 449 448 447 446 445 444 443 442 441 440 439 438 437 436 435 434 433 432 431 430 429 428 427 426 425 424 423 422 421 420 419 418 417 416 415 414 413 412 411 410 409 408 407 406 405 404 403 402 401 400 399 398 397 396 395 394 393 392 391 390 389 388 387 386 385 384 383 382 381 380 379 378 377 376 375 374 373 372 371 370 369 368 367 366 365 364 363 362 361 360 359 358 357 356 355 354 353 352 351 350 349 348 347 346 345 344 343 342 341 340 339 338 337 336 335 334 333 332 331 330 329 328 327 326 325 324 323 322 321 320 319 318 317 316 315 314 313 312 311 310 309 308 307 306 305 304 303 302 301 300 299 298 297 296 295 294 293 292 291 290 289 288 287 286 285 284 283 282 281 280 279 278 277 276 275 274 273 272 271 270 269 268 267 266 265 264 263 262 261 260 259 258 257 256 255 254 253 252 251 250 249 248 247 246 245 244 243 242 241 240 239 238 237 236 235 234 233 232 231 230 229 228 227 226 225 224 223 222 221 220 219 218 217 216 215 214 213 212 211 210 209 208 207 206 205 204 203 202 201 200 199 198 197 196 195 194 193 192 191 190 189 188 187 186 185 184 183 182 181 180 179 178 177 176 175 174 173 172 171 170 169 168 167 166 165 164 163 162 161 160 159 158 157 156 155 154 153 152 151 150 149 148 147 146 145 144 143 142 141 140 139 138 137 136 135 134 133 132 131 130 129 128 127 126 125 124.
c [Main] Encoding and solving for graph: U-662_bus.mtx.rnd.
c [Label = 491] Minimize Makespan Labeling problem (U-662_bus.mtx.rnd):
c [Label = 494] Minimize Makespan Labeling problem (U-662_bus.mtx.rnd):
c [Label = 493] Minimize Makespan Labeling problem (U-662_bus.mtx.rnd):
c [Label = 496] Minimize Makespan Labeling problem (U-662_bus.mtx.rnd):
c [Label = 492] Minimize Makespan Labeling problem (U-662_bus.mtx.rnd):
c [Label = 495] Minimize Makespan Labeling problem (U-662_bus.mtx.rnd):
c [Label = 489] Minimize Makespan Labeling problem (U-662_bus.mtx.rnd):
c [Label = 490] Minimize Makespan Labeling problem (U-662_bus.mtx.rnd):
c [Label = 491] Encoding starts with target value = 123:
c [Label = 491] Encoding duration: 6141ms.
c [Label = 491] Number of clauses: 4468979.
c [Label = 491] Number of variables: 1003687.
c [Label = 491] Solving duration: 23134 ms.
s [Label = 491] UNSAT (w = 123).
c [Label = 489] Encoding starts with target value = 123:
c [Label = 489] Encoding duration: 6226ms.
c [Label = 489] Number of clauses: 4454962.
c [Label = 489] Number of variables: 1000893.
c [Label = 489] Solving duration: 23101 ms.
s [Label = 489] UNSAT (w = 123).
c [Main] Highest label UNSAT is set to 491
c [Main] Kill lower label pid 489.
c [Main] Kill lower label pid 490.
c [Label = 490] Encoding starts with target value = 123:
c [Label = 490] Encoding duration: 6161ms.
c [Label = 490] Number of clauses: 4461971.
c [Label = 490] Number of variables: 1002290.
c [Label = 490] Solving duration: 23232 ms.
s [Label = 490] UNSAT (w = 123).
c [Signal] Signal interruption. Caught signal: SIGTERM (15).
c [Main] Child pid 490 - 801203 terminated by signal 15.
c [Label = 494] Encoding starts with target value = 123:
c [Label = 494] Encoding duration: 6712ms.
c [Label = 494] Number of clauses: 4728917.
c [Label = 494] Number of variables: 1087318.
c [Label = 494] Solving duration: 303700 ms.
s [Label = 494] SAT (w = 123).
c [Label = 494]Label assignment: 248 241 154 464 178 441 469 115 247 227 122 477 244 147 108 237 183 167 182 189 259 117 463 461 103 239 348 244 93 107 230 412 243 257 314 137 246 242 264 253 266 116 346 461 376 37 408 249 466 253 262 494 220 143 341 180 161 484 63 212 8 232 442 166 9 176 76 470 311 362 279 163 420 494 239 292 443 115 175 468 30 453 185 242 369 485 187 22 144 299 333 242 164 58 405 31 24 64 391 381 103 340 249 456 26 115 284 117 360 88 122 111 119 116 117 336 123 277 245 293 117 186 429 73 27 278 118 121 117 457 128 418 157 117 174 220 263 214 328 234 123 386 371 117 417 250 323 3 40 325 329 6 29 122 173 78 14 255 459 211 213 102 430 494 179 117 121 239 74 28 287 372 268 23 40 17 422 79 34 109 16 15 300 258 118 51 327 53 400 112 47 398 70 21 46 25 294 344 384 117 79 326 117 117 298 303 447 462 134 83 260 413 117 125 123 33 373 35 339 118 219 68 390 252 191 382 49 117 124 118 149 87 447 130 86 32 12 247 302 458 437 434 331 116 251 141 115 117 109 240 18 123 236 118 100 269 242 282 117 233 317 4 164 90 114 109 135 260 473 275 44 316 256 203 123 421 95 202 123 20 118 419 56 210 206 52 39 357 450 364 41 257 52 36 55 50 335 343 418 487 129 407 151 396 116 248 107 116 393 465 406 380 81 334 289 451 449 106 215 290 47 451 454 217 394 440 426 133 87 490 132 116 492 116 409 370 127 433 247 451 118 288 116 241 457 104 251 387 125 241 474 286 123 84 313 304 116 115 332 131 383 296 116 146 424 222 380 249 216 416 242 79 208 267 45 350 162 379 153 134 246 126 69 494 330 240 207 246 245 349 242 428 254 265 467 324 205 481 438 389 2 142 101 355 247 377 268 432 170 367 210 369 184 198 435 492 399 83 123 239 195 369 233 215 397 221 116 125 200 370 225 54 123 168 445 123 486 204 218 244 123 67 359 116 240 266 111 227 88 177 378 115 38 455 393 156 482 231 429 471 429 88 113 123 116 309 239 246 491 5 50 415 85 404 307 181 169 312 493 297 370 371 228 19 368 319 73 138 203 351 283 475 13 1 7 192 457 451 261 136 295 226 483 110 403 77 305 425 96 489 370 406 196 235 374 236 356 240 159 124 310 281 48 80 366 285 201 431 272 61 427 291 452 74 139 347 321 188 158 280 375 252 82 392 237 402 193 353 342 11 94 229 199 51 60 363 223 492 322 194 140 91 429 345 66 249 115 439 371 213 492 388 478 338 224 109 191 448 152 62 385 130 361 370 488 358 238 270 308 315 446 57 208 72 41 276 291 273 492 120 172 122 59 271 460 472 65 75 274 409 209 242 150 92 35 10 410 494 145 480 395 171 89 155 160 226 411 444 354 71 98 144 479 190 318 418 301 174 425 123 352 365 443 99 475 306 423 476 197 43 436 148 165 401 42 320 151 435 414 337 105 97 
c [Main] Lowest label SAT is set to 494.
c [Main] Kill higher label pid 495.
c [Main] Kill higher label pid 496.
c [Label = 495] Encoding starts with target value = 123:
c [Label = 495] Encoding duration: 6614ms.
c [Label = 495] Number of clauses: 4735925.
c [Label = 495] Number of variables: 1088715.
c [Signal] Signal interruption. Caught signal: SIGTERM (15).
c [Label = 496] Encoding starts with target value = 123:
c [Label = 496] Encoding duration: 6752ms.
c [Label = 496] Number of clauses: 4742934.
c [Label = 496] Number of variables: 1090112.
c [Signal] Signal interruption. Caught signal: SIGTERM (15).
c [Main] Child pid 495 - 801198 terminated by signal 15.
c [Main] Child pid 496 - 801197 terminated by signal 15.
c [Label = 492] Encoding starts with target value = 123:
c [Label = 492] Encoding duration: 6266ms.
c [Label = 492] Number of clauses: 4475988.
c [Label = 492] Number of variables: 1005084.
c [Label = 492] Solving duration: 433283 ms.
s [Label = 492] SAT (w = 123).
c [Label = 492]Label assignment: 490 16 133 320 427 470 1 220 1 454 148 42 124 420 1 60 227 267 40 241 1 1 124 364 18 8 338 410 1 419 2 336 433 1 1 2 398 1 1 451 81 26 1 382 84 402 1 430 486 1 77 1 316 392 389 369 414 16 38 124 1 282 1 98 178 492 1 246 402 272 83 249 69 404 214 224 1 117 425 210 376 207 67 94 124 52 18 13 428 369 393 230 269 123 91 443 126 101 483 406 88 156 1 1 75 124 445 311 358 403 302 1 306 1 351 117 492 6 124 1 5 476 65 121 16 405 417 1 453 422 294 126 124 10 309 1 387 134 1 124 353 485 93 331 209 221 25 216 412 169 382 234 1 1 1 1 456 124 1 250 442 1 124 1 455 1 370 159 158 247 159 123 45 1 135 370 246 1 416 489 107 171 190 1 191 291 44 209 1 1 258 1 1 200 389 61 343 383 228 370 16 1 204 1 243 307 1 1 418 275 124 106 1 394 459 124 1 265 86 105 206 437 11 263 223 319 405 1 1 375 396 48 268 192 258 61 1 99 166 303 484 380 164 280 202 1 69 460 1 124 264 124 179 161 150 379 207 1 175 188 278 219 313 1 432 405 281 59 57 176 370 109 225 468 304 1 1 124 124 28 461 113 294 439 1 123 199 247 157 72 12 33 481 1 468 322 198 12 318 124 350 183 337 1 51 193 232 139 408 205 323 162 450 384 326 168 367 473 381 36 154 35 348 349 115 324 197 91 10 370 469 472 247 356 155 82 189 333 370 142 474 124 92 284 124 354 184 124 102 231 96 62 124 74 369 369 32 31 226 357 359 310 355 239 370 465 288 346 125 195 47 452 370 100 477 218 15 145 37 391 369 29 266 127 480 46 185 283 237 172 252 41 203 294 87 111 23 421 211 131 425 262 492 467 222 374 112 137 423 196 201 487 475 4 372 253 148 90 3 238 269 344 152 377 247 385 486 324 114 312 370 342 144 104 35 401 488 245 177 334 80 315 329 147 194 253 301 128 122 7 55 444 290 266 86 55 151 362 120 482 246 409 30 138 297 260 378 103 24 492 140 254 247 429 392 492 339 213 447 466 208 365 212 300 284 53 441 130 163 445 354 146 19 449 471 236 116 217 173 79 448 386 76 14 332 257 327 325 22 247 330 215 279 285 247 249 286 247 132 143 247 141 110 431 273 290 180 43 464 436 370 259 20 119 167 149 258 406 347 426 373 370 446 305 463 407 235 369 368 58 50 239 292 276 479 95 361 248 298 399 270 308 34 335 370 258 458 85 68 341 261 70 56 73 242 411 244 136 27 400 49 240 118 160 78 229 424 182 54 434 265 30 89 461 340 277 398 167 39 265 60 363 314 271 63 287 282 181 317 129 135 275 256 491 415 9 492 462 345 395 251 296 321 174 66 255 64 390 153 274 295 366 371 435 186 31 289 457 165 478 293 397 290 21 29 352 187 97 438 440 328 71 299 170 360 388 233 389 17 166 413 108 
c [Main] Lowest label SAT is set to 492.
c [Main] Kill higher label pid 493.
c [Label = 493] Encoding starts with target value = 123:
c [Label = 493] Encoding duration: 6301ms.
c [Label = 493] Number of clauses: 4482264.
c [Label = 493] Number of variables: 1006481.
c [Signal] Signal interruption. Caught signal: SIGTERM (15).
c [Main] Child pid 493 - 801200 terminated by signal 15.
c [Main] All children have completed.
r [Main] 
r [Main] Final results: 
r [Main] Lowest label SAT:  	492.
r [Main] Highest label UNSAT:	491.
r [Main] Total real time: 441177 ms.
r [Main] Total memory consumed: 14600.6 MB.
r [Main] 
c [Signal] Signal interruption. Caught signal: SIGTERM (15).
