c [Version] Minimize Makespan Labeling Encoder version 1.0.0.
c [Param] Target value is set to 16.
c [Param] LB is predefined as 17.
c [Param] UB is predefined as 210.
c [Param] Target value is set to Cyclic Antibandwidth.
c [Param] Vertices mode is set to Has hole.
c [Param] Result verification is ON.
c [Param] Memory limit is set to 30000.
c [Param] Real time limit is set to 1800.
c [Param] Worker count is set to 8.
c [Param] Max CNF size is set to 10.
c [Main] Search strategy: Iterating from upper bound.
c [Main] Search order: 210 209 208 207 206 205 204 203 202 201 200 199 198 197 196 195 194 193 192 191 190 189 188 187 186 185 184 183 182 181 180 179 178 177 176 175 174 173 172 171 170 169 168 167 166 165 164 163 162 161 160 159 158 157 156 155 154 153 152 151 150 149 148 147 146 145 144 143 142 141 140 139 138 137 136 135 134 133 132 131 130 129 128 127 126 125 124 123 122 121 120 119 118 117 116 115 114 113 112 111 110 109 108 107 106 105 104 103 102 101 100 99 98 97 96 95 94 93 92 91 90 89 88 87 86 85 84 83 82 81 80 79 78 77 76 75 74 73 72 71 70 69 68 67 66 65 64 63 62 61 60 59 58 57 56 55 54 53 52 51 50 49 48 47 46 45 44 43 42 41 40 39 38 37 36 35 34 33 32 31 30 29 28 27 26 25 24 23 22 21 20 19 18 17.
c [Main] Encoding and solving for graph: M-bcsstk06.mtx.rnd.
c [Label = 210] Minimize Makespan Labeling problem (M-bcsstk06.mtx.rnd):
c [Label = 209] Minimize Makespan Labeling problem (M-bcsstk06.mtx.rnd):
c [Label = 208] Minimize Makespan Labeling problem (M-bcsstk06.mtx.rnd):
c [Label = 207] Minimize Makespan Labeling problem (M-bcsstk06.mtx.rnd):
c [Label = 205] Minimize Makespan Labeling problem (M-bcsstk06.mtx.rnd):
c [Label = 204] Minimize Makespan Labeling problem (M-bcsstk06.mtx.rnd):
c [Label = 203] Minimize Makespan Labeling problem (M-bcsstk06.mtx.rnd):
c [Label = 206] Minimize Makespan Labeling problem (M-bcsstk06.mtx.rnd):
c [Label = 206] Encoding starts with target value = 16:
c [Label = 206] Encoding duration: 4940ms.
c [Label = 206] Number of clauses: 3609617.
c [Label = 206] Number of variables: 244532.
c [Label = 206] Solving duration: 20533 ms.
s [Label = 206] SAT (w = 16).
c [Label = 206] Label assignment: 93 205 191 205 189 205 191 178 205 205 205 174 205 175 205 205 190 205 205 103 45 203 175 171 189 205 189 189 205 159 171 174 189 158 159 189 205 142 61 184 159 205 189 4 125 189 173 205 173 205 190 205 173 189 158 173 205 159 173 157 157 157 157 173 205 143 189 61 127 189 95 174 189 157 171 111 205 190 203 143 203 61 173 205 189 126 143 109 189 157 157 125 157 94 189 141 157 95 95 205 110 157 127 173 143 173 189 125 110 205 157 143 189 189 205 141 157 87 109 125 205 141 94 141 141 175 155 125 141 127 127 173 158 141 93 125 189 13 29 189 205 111 127 125 77 125 61 189 189 206 189 173 125 45 157 93 189 157 93 157 141 189 109 77 111 94 143 77 109 93 13 157 205 141 93 71 77 173 173 189 79 205 109 158 111 109 187 29 205 206 125 173 79 111 77 93 189 173 79 173 61 109 77 189 205 61 77 109 77 157 29 45 78 77 205 63 173 141 93 173 194 78 125 16 125 61 109 77 109 79 63 45 205 71 61 93 111 190 205 93 109 125 141 141 203 159 55 29 157 187 125 47 157 4 109 173 125 61 109 47 29 143 93 13 187 45 110 125 18 45 61 93 95 205 77 191 205 29 55 31 173 15 29 205 29 155 79 31 141 45 141 205 93 141 45 45 109 61 61 29 29 79 141 173 109 29 31 189 142 95 13 4 23 95 29 141 173 203 63 61 45 93 93 77 45 111 203 45 95 77 203 39 189 79 29 125 29 159 125 61 61 61 61 127 47 189 157 45 141 77 23 93 125 77 61 205 142 173 125 4 141 45 141 79 157 205 15 205 95 45 175 125 127 39 39 125 61 109 45 109 93 93 45 45 189 125 15 45 205 205 29 205 95 29 23 15 29 61 174 31 61 173 13 45 141 15 77 109 77 141 61 63 159 111 29 77 93 1 13 45 
c [Label = 207] Encoding starts with target value = 16:
c [Label = 207] Encoding duration: 4931ms.
c [Label = 207] Number of clauses: 3626597.
c [Label = 207] Number of variables: 245372.
c [Signal] Signal interruption. Caught signal: SIGTERM (15).
c [Label = 208] Encoding starts with target value = 16:
c [Label = 208] Encoding duration: 4984ms.
c [Label = 208] Number of clauses: 3643578.
c [Label = 208] Number of variables: 246212.
c [Label = 208] Solving duration: 20640 ms.
s [Label = 208] SAT (w = 16).
c [Label = 208] Label assignment: 111 207 191 175 191 207 191 207 207 207 207 207 207 175 207 207 191 207 200 104 175 191 207 207 191 207 207 184 200 159 207 191 191 127 175 191 207 175 159 207 191 207 191 207 175 191 168 207 191 207 191 207 175 191 175 175 207 191 168 159 152 159 152 175 207 159 191 143 143 191 175 159 191 152 207 47 191 191 175 175 207 191 175 207 184 143 207 127 191 159 159 120 159 175 191 143 159 159 207 207 47 143 191 175 191 175 191 120 95 207 207 31 191 191 207 88 136 88 104 143 207 31 111 143 143 191 159 143 159 159 143 175 143 159 175 143 191 127 159 207 127 127 175 127 175 127 111 191 191 159 191 175 127 175 159 127 191 159 159 159 143 184 111 95 127 95 159 191 111 95 47 159 159 104 95 15 175 175 143 191 95 207 111 127 143 111 95 79 72 175 207 175 111 127 79 95 184 159 111 175 47 136 120 191 207 40 79 143 127 159 95 111 79 79 207 40 175 143 79 127 63 79 72 31 136 111 136 120 127 111 72 63 207 120 72 95 143 79 207 104 104 127 143 127 207 159 40 63 159 63 127 104 159 127 111 175 207 79 79 72 79 47 56 79 191 63 127 191 15 207 72 111 72 207 63 63 207 63 40 8 31 56 47 207 79 159 111 56 127 63 88 88 152 31 111 24 143 47 63 56 63 40 104 56 95 47 56 191 47 159 15 15 88 79 47 104 191 95 127 175 47 24 127 95 95 143 159 79 88 95 191 56 40 111 88 127 111 207 175 127 143 40 79 143 95 159 95 127 24 47 143 63 127 47 24 207 31 168 47 111 88 63 143 127 159 191 31 111 111 31 31 56 143 72 24 79 191 159 47 111 31 111 15 40 191 47 175 31 207 207 15 207 95 63 8 24 111 31 207 72 95 175 111 120 143 56 31 63 143 95 31 72 63 31 79 15 1 15 208 15 
c [Signal] Signal interruption. Caught signal: SIGTERM (15).
c [Main] Lowest label SAT is set to 206.
c [Main] Kill higher label pid 207.
c [Main] Kill higher label pid 208.
c [Main] Kill higher label pid 209.
c [Main] Kill higher label pid 210.
c [Label = 209] Encoding starts with target value = 16:
c [Label = 209] Encoding duration: 4976ms.
c [Label = 209] Number of clauses: 3654438.
c [Label = 209] Number of variables: 247052.
c [Label = 209] Solving duration: 21075 ms.
s [Label = 209] SAT (w = 16).
c [Label = 209] Label assignment: 80 207 208 143 175 207 193 208 207 207 207 207 175 177 78 194 98 207 202 105 192 176 127 192 191 207 194 138 207 176 207 177 159 127 162 191 207 31 160 192 176 207 191 160 175 191 170 207 174 126 191 207 175 191 175 191 207 47 174 207 158 159 154 175 175 111 192 16 144 191 153 162 175 158 207 111 159 191 127 128 191 32 175 207 186 96 160 128 159 159 159 130 159 80 191 138 159 159 159 207 128 106 178 175 208 32 191 122 114 207 114 160 191 191 207 73 154 89 105 82 143 64 31 143 127 32 159 111 130 31 137 142 193 130 176 128 191 144 96 207 160 90 143 127 46 111 128 191 178 143 191 162 122 144 159 159 191 159 176 127 143 138 95 96 105 32 159 178 111 16 48 111 159 73 95 46 209 82 191 191 31 207 106 130 191 15 191 96 13 63 112 114 74 31 79 146 186 175 14 175 47 94 46 159 207 63 112 95 143 146 209 79 144 143 194 73 143 143 32 127 15 15 170 121 110 80 94 126 64 121 57 63 207 122 78 90 98 96 207 30 94 127 159 143 207 96 73 209 159 176 143 98 154 193 111 175 206 66 111 57 209 160 62 63 175 31 112 110 47 207 78 48 105 207 16 144 207 64 202 9 74 62 31 207 63 175 73 114 105 14 30 146 29 79 112 207 175 80 58 14 63 57 142 25 16 50 89 191 80 30 47 192 29 89 42 30 191 15 130 162 48 62 159 95 111 73 209 192 74 34 191 31 190 58 98 127 111 16 127 144 98 63 95 95 114 130 34 146 47 175 143 18 127 114 122 207 193 186 31 80 138 47 143 175 159 207 57 14 82 48 48 14 64 9 41 64 14 48 80 79 175 14 14 46 191 112 41 160 207 207 31 207 146 176 57 41 80 47 207 58 14 178 144 78 143 26 208 1 128 96 64 42 64 48 207 80 79 64 208 16 
c [Signal] Signal interruption. Caught signal: SIGTERM (15).
c [Label = 210] Encoding starts with target value = 16:
c [Label = 210] Encoding duration: 5052ms.
c [Label = 210] Number of clauses: 3688639.
c [Label = 210] Number of variables: 253352.
c [Signal] Signal interruption. Caught signal: SIGTERM (15).
c [Label = 202] Minimize Makespan Labeling problem (M-bcsstk06.mtx.rnd):
c [Main] Child pid 208 - 90208 terminated by signal 15.
c [Label = 201] Minimize Makespan Labeling problem (M-bcsstk06.mtx.rnd):
c [Main] Child pid 207 - 90209 terminated by signal 15.
c [Label = 200] Minimize Makespan Labeling problem (M-bcsstk06.mtx.rnd):
c [Main] Child pid 209 - 90207 terminated by signal 15.
c [Main] Child pid 210 - 90206 terminated by signal 15.
c [Label = 199] Minimize Makespan Labeling problem (M-bcsstk06.mtx.rnd):
c [Label = 198] Minimize Makespan Labeling problem (M-bcsstk06.mtx.rnd):
c [Label = 204] Encoding starts with target value = 16:
c [Label = 204] Encoding duration: 4912ms.
c [Label = 204] Number of clauses: 3575656.
c [Label = 204] Number of variables: 242852.
c [Label = 204] Solving duration: 24847 ms.
s [Label = 204] SAT (w = 16).
c [Label = 204] Label assignment: 201 171 94 105 185 202 185 202 201 203 178 203 203 46 194 188 185 203 127 102 61 203 110 95 162 153 188 70 126 153 149 121 162 153 158 187 203 201 13 153 14 203 178 13 162 146 162 203 162 194 187 202 146 186 146 169 203 127 95 153 146 126 146 170 203 203 186 41 126 187 78 29 185 178 165 137 162 187 181 185 203 111 162 203 178 126 169 185 187 130 137 127 154 126 187 143 154 130 203 203 110 111 127 171 169 143 186 127 110 202 202 110 162 203 203 204 95 194 38 126 62 93 77 78 138 94 165 41 94 203 38 114 153 130 187 137 187 121 46 202 110 75 185 110 130 122 78 187 172 121 187 156 86 137 130 89 146 146 45 155 91 70 57 201 111 78 143 158 94 169 61 155 171 91 46 54 187 139 139 203 78 203 107 93 94 77 9 29 54 95 77 146 94 61 62 110 111 139 54 171 169 111 162 187 187 78 201 45 133 110 169 106 30 73 188 6 162 142 105 62 94 201 162 61 146 105 38 95 77 95 111 105 203 54 63 38 77 29 185 111 79 114 139 121 203 29 86 94 126 201 122 187 22 153 106 170 178 59 94 70 29 153 38 89 187 30 185 178 14 203 54 78 111 203 45 126 202 29 178 54 146 22 197 203 13 149 130 62 123 31 31 45 70 137 62 127 79 110 14 15 143 75 79 38 62 15 22 187 169 6 121 169 22 13 146 15 186 41 61 142 62 47 133 46 42 94 45 61 93 42 201 110 6 59 31 114 29 13 171 45 127 14 74 187 187 110 155 126 186 202 78 90 75 169 95 202 61 162 13 62 146 73 138 31 146 186 58 78 94 61 185 203 153 6 70 14 25 57 170 58 117 30 30 130 171 137 164 89 203 203 25 203 94 46 6 162 15 45 203 29 201 146 185 194 130 45 30 45 1 169 142 15 73 78 15 13 89 143 13 13 
c [Main] Lowest label SAT is set to 204.
c [Main] Kill higher label pid 205.
c [Label = 205] Encoding starts with target value = 16:
c [Label = 205] Encoding duration: 4908ms.
c [Label = 205] Number of clauses: 3592636.
c [Label = 205] Number of variables: 243692.
c [Signal] Signal interruption. Caught signal: SIGTERM (15).
c [Label = 197] Minimize Makespan Labeling problem (M-bcsstk06.mtx.rnd):
c [Main] Child pid 205 - 90211 terminated by signal 15.
c [Label = 196] Minimize Makespan Labeling problem (M-bcsstk06.mtx.rnd):
c [Label = 203] Encoding starts with target value = 16:
c [Label = 203] Encoding duration: 4855ms.
c [Label = 203] Number of clauses: 3558675.
c [Label = 203] Number of variables: 242012.
c [Label = 203] Solving duration: 38033 ms.
s [Label = 203] SAT (w = 16).
c [Label = 203] Label assignment: 1 1 150 76 92 1 1 2 1 1 1 1 1 134 1 1 1 1 1 17 98 172 17 71 17 17 1 17 1 198 1 188 17 17 33 17 1 17 124 156 189 1 33 66 49 17 33 1 17 1 17 1 33 17 33 176 1 33 33 192 49 65 49 33 1 49 17 44 188 17 49 33 177 49 1 92 17 17 140 76 49 6 49 1 33 182 102 156 17 65 1 65 49 173 17 81 49 49 33 1 166 49 65 33 92 49 17 65 50 1 1 86 17 17 1 81 49 97 97 65 65 92 82 33 81 1 17 172 33 17 65 33 38 65 44 87 18 7 50 1 65 81 65 81 33 1 102 33 17 124 17 33 65 108 65 124 17 49 54 49 49 17 92 188 81 50 97 33 97 140 22 65 1 81 113 113 188 97 33 17 140 1 81 130 188 81 60 193 65 172 76 33 97 81 129 166 17 33 97 81 156 81 65 17 1 113 18 44 76 49 172 17 140 26 1 113 33 17 60 81 124 11 65 116 81 140 81 65 156 144 113 5 1 113 172 97 81 60 1 97 156 65 97 159 1 34 188 150 33 124 65 97 145 108 97 49 1 161 188 188 140 108 129 156 97 145 34 17 172 1 188 81 97 1 140 124 1 118 161 49 113 129 108 1 124 17 81 129 97 49 129 113 145 76 92 113 81 156 145 97 147 113 97 129 97 124 145 17 166 129 156 70 145 17 161 146 17 176 129 65 18 188 188 145 97 81 54 49 97 177 1 129 165 113 129 81 60 172 176 34 129 65 113 97 113 17 177 49 161 129 179 145 177 98 181 1 1 33 140 70 81 124 81 172 33 17 161 1 97 22 134 97 156 188 49 113 44 23 166 129 188 97 177 113 17 108 161 124 1 1 60 203 113 188 165 165 140 182 17 145 108 33 38 113 65 161 150 160 194 92 118 145 76 18 150 172 156 108 114 86 
c [Main] Lowest label SAT is set to 203.
c [Label = 195] Minimize Makespan Labeling problem (M-bcsstk06.mtx.rnd):
c [Label = 202] Encoding starts with target value = 16:
c [Label = 202] Encoding duration: 4818ms.
c [Label = 202] Number of clauses: 3541695.
c [Label = 202] Number of variables: 241172.
c [Label = 202] Solving duration: 20404 ms.
s [Label = 202] SAT (w = 16).
c [Label = 202] Label assignment: 180 201 180 164 180 201 187 180 169 201 158 201 201 148 201 201 185 201 201 101 164 196 171 196 191 196 190 105 201 148 148 58 185 148 155 185 201 132 10 164 148 154 185 201 169 185 169 201 174 202 169 201 169 185 185 164 201 155 170 148 154 153 153 169 201 139 185 180 116 137 139 169 185 138 201 132 153 185 180 201 180 164 169 201 185 116 132 26 185 153 148 123 153 164 185 137 153 153 169 201 100 105 123 169 201 169 185 121 100 201 201 132 185 190 174 73 105 85 89 116 116 79 84 137 137 164 116 132 148 185 123 5 196 89 185 132 185 148 116 201 132 73 123 121 4 196 26 180 185 116 185 169 121 148 153 116 185 174 116 153 121 105 100 58 107 164 139 155 105 180 95 153 201 89 89 69 100 91 137 185 201 201 105 68 107 100 164 116 121 75 132 121 89 73 73 84 20 169 91 137 91 105 37 185 201 57 20 132 201 153 42 91 63 31 201 68 142 137 63 121 47 132 169 41 105 63 89 73 100 59 36 63 201 121 89 89 105 164 201 53 57 105 75 116 201 68 68 52 153 47 121 91 153 132 105 169 73 75 73 52 42 31 53 79 164 25 95 122 41 201 73 100 153 201 116 148 201 52 36 36 73 137 15 201 43 148 89 57 59 25 175 57 52 196 90 186 105 74 41 21 47 57 20 15 84 43 36 185 20 153 84 196 138 75 15 57 185 15 73 123 79 41 116 105 57 201 63 31 137 59 201 89 89 121 142 121 100 180 132 36 116 57 31 107 25 185 27 139 41 20 137 15 20 15 36 201 79 169 47 84 153 31 137 25 153 185 73 91 25 79 68 25 10 185 52 68 47 116 20 121 63 15 57 121 185 132 169 84 201 201 47 201 57 52 36 169 47 201 201 41 10 169 148 190 137 57 36 27 100 10 36 41 31 26 41 10 26 132 148 1 
c [Label = 199] Encoding starts with target value = 16:
c [Label = 199] Encoding duration: 4630ms.
c [Label = 199] Number of clauses: 3490753.
c [Label = 199] Number of variables: 238652.
c [Label = 199] Solving duration: 20532 ms.
s [Label = 199] SAT (w = 16).
c [Label = 199] Label assignment: 135 180 189 199 183 198 182 180 180 198 198 198 198 134 52 198 183 198 198 100 22 151 134 199 166 167 198 182 198 157 135 167 182 119 198 182 183 102 20 199 148 198 182 6 166 198 166 198 166 198 182 198 166 182 134 71 198 152 166 199 150 150 150 166 198 95 182 167 118 182 136 150 198 150 167 103 182 182 183 116 183 135 166 198 182 125 102 52 182 150 135 118 150 29 182 134 150 150 182 198 86 150 182 166 167 166 182 118 77 198 198 77 182 182 198 102 150 84 86 118 167 68 93 134 134 148 167 151 150 84 118 182 100 134 151 116 182 135 45 198 102 104 118 118 70 118 93 183 182 52 182 166 118 116 150 135 182 150 180 150 118 182 71 164 102 70 86 152 102 167 199 150 198 86 86 68 87 166 134 198 87 198 102 167 52 70 103 36 134 54 84 166 79 63 70 54 102 164 86 134 20 102 134 182 198 36 54 151 119 150 183 55 132 87 198 68 166 134 68 118 164 61 166 70 118 84 102 134 68 86 70 119 198 118 70 86 118 36 198 86 102 134 102 119 198 166 68 38 150 183 118 36 150 100 102 166 198 70 70 20 132 100 182 52 151 54 109 118 20 198 70 86 150 198 151 45 198 38 198 36 70 134 20 198 15 135 102 20 118 36 86 166 36 167 68 47 102 13 38 31 38 70 31 52 70 134 52 182 109 38 55 13 86 164 54 86 182 183 102 182 61 54 119 86 86 54 151 22 70 39 184 102 15 88 38 118 16 29 103 173 134 134 70 118 63 136 54 102 31 54 15 86 36 86 54 198 135 166 103 22 182 199 118 196 150 182 20 79 86 52 141 118 196 15 15 118 36 19 22 102 87 52 22 15 166 119 166 103 198 198 36 198 47 38 36 166 36 134 167 22 39 166 84 118 134 47 54 71 68 183 150 22 52 84 31 16 71 100 1 6 
c [Main] Lowest label SAT is set to 202.
c [Label = 194] Minimize Makespan Labeling problem (M-bcsstk06.mtx.rnd):
c [Main] Lowest label SAT is set to 199.
c [Main] Kill higher label pid 200.
c [Main] Kill higher label pid 201.
c [Label = 200] Encoding starts with target value = 16:
c [Label = 200] Encoding duration: 4650ms.
c [Label = 200] Number of clauses: 3507734.
c [Label = 200] Number of variables: 239492.
c [Signal] Signal interruption. Caught signal: SIGTERM (15).
c [Label = 201] Encoding starts with target value = 16:
c [Label = 201] Encoding duration: 4611ms.
c [Label = 201] Number of clauses: 3524714.
c [Label = 201] Number of variables: 240332.
c [Signal] Signal interruption. Caught signal: SIGTERM (15).
c [Label = 193] Minimize Makespan Labeling problem (M-bcsstk06.mtx.rnd):
c [Main] Child pid 201 - 90221 terminated by signal 15.
c [Label = 192] Minimize Makespan Labeling problem (M-bcsstk06.mtx.rnd):
c [Main] Child pid 200 - 90222 terminated by signal 15.
c [Label = 191] Minimize Makespan Labeling problem (M-bcsstk06.mtx.rnd):
c [Label = 198] Encoding starts with target value = 16:
c [Label = 198] Encoding duration: 4666ms.
c [Label = 198] Number of clauses: 3473773.
c [Label = 198] Number of variables: 237812.
c [Label = 198] Solving duration: 21533 ms.
s [Label = 198] SAT (w = 16).
c [Label = 198] Label assignment: 177 196 191 197 178 197 191 143 193 197 180 197 196 78 196 182 191 197 194 98 12 28 174 145 164 197 182 180 196 78 193 60 164 146 151 181 191 143 129 161 193 47 180 143 164 180 162 197 164 196 181 196 148 180 162 143 197 158 164 12 148 148 148 164 197 111 127 177 127 181 142 111 177 148 159 113 166 181 177 127 177 129 164 197 162 62 143 113 142 62 159 126 148 177 181 130 148 146 193 197 94 110 127 165 193 181 180 114 110 196 197 110 196 197 197 94 146 82 78 159 197 161 94 143 132 177 161 60 79 180 119 132 145 132 60 95 177 124 62 197 165 94 127 127 132 116 94 181 166 28 181 150 12 92 148 127 180 148 193 143 116 180 44 62 103 175 87 127 111 177 44 149 197 87 95 62 12 87 161 180 71 197 46 78 71 95 28 60 62 159 11 78 78 95 79 46 178 164 87 165 143 180 132 165 197 63 110 60 124 111 76 91 78 76 182 62 164 132 193 116 28 175 14 43 116 27 98 196 113 71 110 194 197 114 63 132 62 193 197 82 100 132 75 127 197 62 66 46 148 76 116 55 146 111 100 164 196 55 31 114 28 44 46 92 143 47 127 116 15 197 63 95 146 180 27 78 197 30 30 30 98 130 108 197 44 197 84 39 127 11 180 12 46 92 95 14 100 46 14 79 30 71 98 46 149 39 36 164 159 30 161 46 79 111 46 84 181 11 30 79 161 14 124 84 68 71 27 175 62 22 197 100 30 78 46 127 111 145 108 46 47 63 100 149 14 166 22 111 31 82 14 71 20 14 14 197 95 46 44 159 95 76 84 23 148 181 52 41 148 161 127 116 12 14 180 15 143 44 111 116 11 47 30 30 181 108 164 76 197 197 143 197 63 63 30 178 60 62 175 46 28 148 11 116 63 95 31 27 177 145 30 198 92 161 1 193 162 111 127 11 
c [Main] Lowest label SAT is set to 198.
c [Label = 190] Minimize Makespan Labeling problem (M-bcsstk06.mtx.rnd):
c [Label = 196] Encoding starts with target value = 16:
c [Label = 196] Encoding duration: 4654ms.
c [Label = 196] Number of clauses: 3439812.
c [Label = 196] Number of variables: 236132.
c [Label = 196] Solving duration: 19779 ms.
s [Label = 196] SAT (w = 16).
c [Label = 196] Label assignment: 196 195 180 195 132 195 181 180 195 195 147 195 195 147 131 195 179 196 195 83 163 196 165 51 179 195 195 163 195 147 196 148 179 164 149 180 195 163 132 180 147 147 179 196 147 179 163 195 179 147 179 196 163 180 163 164 195 149 31 148 95 115 147 164 195 133 179 84 115 180 133 147 148 195 195 116 179 179 164 131 164 132 163 195 179 51 131 67 179 147 148 117 147 35 179 131 148 147 195 196 163 85 117 67 4 147 179 99 99 164 195 131 179 179 195 63 147 163 83 131 195 16 35 131 132 147 180 132 163 179 117 163 51 131 132 67 179 100 115 195 131 101 117 99 63 115 67 179 179 100 179 163 115 116 163 100 179 195 35 132 100 163 36 180 101 35 69 149 83 196 100 116 84 101 115 31 148 84 164 179 68 195 83 115 101 99 84 35 147 52 164 163 69 35 67 83 67 163 83 163 85 79 131 179 195 51 99 84 100 147 84 52 196 68 195 51 163 131 132 67 83 19 35 19 115 84 15 131 19 68 47 52 195 115 31 131 101 180 195 195 99 116 99 100 164 83 51 51 147 180 115 85 67 67 99 115 111 51 99 35 83 116 47 68 132 19 164 115 35 195 63 99 147 195 35 115 195 115 115 147 16 47 20 195 36 148 51 19 116 132 47 53 195 196 19 179 95 51 51 15 67 47 15 15 35 35 15 179 131 37 180 99 195 52 19 47 179 36 85 117 19 79 100 83 83 101 84 35 147 83 180 19 163 69 15 99 36 196 116 83 115 51 67 101 53 179 19 133 131 67 35 19 67 19 127 195 52 83 116 19 15 52 100 35 147 179 35 195 69 164 67 115 51 179 147 83 116 164 19 51 148 163 35 63 179 116 163 68 195 195 148 195 85 67 99 99 36 51 195 19 20 163 100 31 131 37 51 20 20 20 67 53 52 164 69 148 68 67 196 1 
c [Main] Lowest label SAT is set to 196.
c [Main] Kill higher label pid 197.
c [Label = 197] Encoding starts with target value = 16:
c [Label = 197] Encoding duration: 4686ms.
c [Label = 197] Number of clauses: 3456792.
c [Label = 197] Number of variables: 236972.
c [Signal] Signal interruption. Caught signal: SIGTERM (15).
c [Label = 189] Minimize Makespan Labeling problem (M-bcsstk06.mtx.rnd):
c [Main] Child pid 197 - 90225 terminated by signal 15.
c [Label = 188] Minimize Makespan Labeling problem (M-bcsstk06.mtx.rnd):
c [Label = 195] Encoding starts with target value = 16:
c [Label = 195] Encoding duration: 4721ms.
c [Label = 195] Number of clauses: 3422831.
c [Label = 195] Number of variables: 235292.
c [Label = 195] Solving duration: 19733 ms.
s [Label = 195] SAT (w = 16).
c [Label = 195] Label assignment: 194 194 146 194 131 165 148 194 195 194 146 195 194 164 195 194 178 194 195 82 178 181 164 178 178 194 194 98 115 130 195 146 178 162 194 178 194 98 130 114 146 146 181 194 115 127 163 194 66 195 178 165 162 149 162 164 193 148 114 147 50 149 147 131 194 132 162 98 114 115 178 162 179 98 194 114 178 179 163 178 165 146 133 194 147 114 98 114 178 115 148 146 157 130 178 131 147 146 195 194 82 95 148 131 181 98 182 115 98 166 178 98 178 178 162 47 99 66 82 146 67 178 82 182 115 146 147 131 130 132 116 66 98 130 131 114 177 147 114 194 146 111 100 83 163 51 18 178 178 146 178 132 114 162 146 115 19 98 130 147 34 98 98 50 100 66 84 148 67 82 66 147 194 111 51 50 82 84 131 178 51 194 82 130 116 114 82 50 34 162 15 162 79 98 3 66 147 162 67 115 68 98 130 178 194 50 50 99 114 116 82 83 50 66 194 179 162 18 50 99 34 50 179 18 50 98 82 130 162 146 31 2 194 50 34 18 100 34 194 16 82 83 131 115 163 130 34 34 117 130 99 84 163 98 83 133 114 68 2 48 34 66 82 179 131 101 178 34 34 51 66 194 178 194 50 114 193 162 179 98 66 131 34 194 3 147 67 68 115 35 114 63 66 181 66 163 82 82 99 18 34 130 16 16 79 163 83 178 66 18 18 82 146 162 35 50 178 82 31 116 66 162 115 82 18 52 194 50 79 35 179 66 179 146 18 83 83 194 99 18 114 149 51 82 63 132 35 63 35 166 182 19 50 82 130 194 18 163 50 180 16 18 115 36 149 162 99 194 84 18 34 114 162 32 99 15 50 2 63 67 66 133 19 194 178 164 133 18 194 194 50 193 47 31 195 32 34 18 194 47 34 162 98 195 117 15 47 35 34 131 18 63 66 18 15 34 66 98 195 1 
c [Main] Lowest label SAT is set to 195.
c [Label = 187] Minimize Makespan Labeling problem (M-bcsstk06.mtx.rnd):
c [Label = 192] Encoding starts with target value = 16:
c [Label = 192] Encoding duration: 4434ms.
c [Label = 192] Number of clauses: 3361210.
c [Label = 192] Number of variables: 227312.
c [Label = 192] Solving duration: 14722 ms.
s [Label = 192] SAT (w = 16).
c [Label = 192] Label assignment: 15 191 175 175 159 191 175 191 191 191 191 191 191 159 191 191 175 191 191 95 143 175 159 191 175 127 191 175 191 191 191 159 175 127 143 175 191 143 47 191 63 191 175 15 159 175 159 191 175 191 175 191 159 175 127 175 191 175 159 191 143 111 143 159 191 127 175 143 63 175 159 191 175 143 191 111 175 175 175 127 175 159 159 191 175 63 111 79 175 143 191 143 143 143 175 127 143 143 191 191 95 127 175 159 175 159 175 31 111 191 191 111 175 175 191 111 127 143 95 63 191 111 95 127 127 143 127 143 127 79 111 159 175 143 143 127 175 31 31 191 143 111 143 95 159 111 95 175 175 159 175 159 63 127 143 127 175 143 63 143 111 175 111 47 95 143 127 175 79 15 95 143 191 111 111 15 95 159 159 175 95 191 95 79 63 95 95 63 63 47 191 159 95 111 63 47 175 127 79 159 31 127 63 175 191 47 47 95 79 143 31 79 47 79 191 111 159 143 63 127 15 47 159 79 127 111 127 111 175 143 63 63 191 111 63 127 127 143 191 95 95 127 127 79 191 191 31 79 47 31 111 127 47 95 95 159 191 127 15 15 31 95 47 31 159 127 79 175 31 191 31 111 159 191 63 191 191 31 111 31 79 79 47 191 63 127 143 95 127 47 79 79 47 31 111 15 127 159 31 47 159 95 95 79 95 79 47 175 127 143 15 127 79 111 47 95 175 63 111 143 159 31 79 79 95 63 143 127 79 47 175 63 111 95 79 111 143 15 143 79 79 31 79 95 79 159 63 79 15 47 143 31 63 111 31 191 79 159 111 127 143 15 111 47 143 175 31 31 95 79 159 47 175 63 63 63 159 15 15 63 63 95 15 15 175 159 159 127 191 191 47 191 79 31 15 159 47 31 191 63 47 159 111 15 127 47 47 47 95 111 31 63 79 175 1 47 192 95 15 15 
c [Main] Lowest label SAT is set to 192.
c [Main] Kill higher label pid 193.
c [Main] Kill higher label pid 194.
c [Label = 194] Encoding starts with target value = 16:
c [Label = 194] Encoding duration: 4550ms.
c [Label = 194] Number of clauses: 3405851.
c [Label = 194] Number of variables: 234452.
c [Signal] Signal interruption. Caught signal: SIGTERM (15).
c [Label = 193] Encoding starts with target value = 16:
c [Label = 193] Encoding duration: 4448ms.
c [Label = 193] Number of clauses: 3371650.
c [Label = 193] Number of variables: 228152.
c [Signal] Signal interruption. Caught signal: SIGTERM (15).
c [Label = 186] Minimize Makespan Labeling problem (M-bcsstk06.mtx.rnd):
c [Main] Child pid 194 - 90237 terminated by signal 15.
c [Main] Child pid 193 - 90238 terminated by signal 15.
c [Label = 185] Minimize Makespan Labeling problem (M-bcsstk06.mtx.rnd):
c [Label = 184] Minimize Makespan Labeling problem (M-bcsstk06.mtx.rnd):
c [Label = 184] Encoding starts with target value = 16:
c [Label = 184] Encoding duration: 4513ms.
c [Label = 184] Number of clauses: 3225366.
c [Label = 184] Number of variables: 220592.
c [Signal] Signal interruption. Caught signal: SIGTERM (15).
c [Label = 185] Encoding starts with target value = 16:
c [Label = 185] Encoding duration: 4489ms.
c [Label = 185] Number of clauses: 3242346.
c [Label = 185] Number of variables: 221432.
c [Signal] Signal interruption. Caught signal: SIGTERM (15).
c [Label = 190] Encoding starts with target value = 16:
c [Label = 190] Encoding duration: 4468ms.
c [Label = 190] Number of clauses: 3327249.
c [Label = 190] Number of variables: 225632.
c [Signal] Signal interruption. Caught signal: SIGTERM (15).
c [Label = 191] Encoding starts with target value = 16:
c [Label = 191] Encoding duration: 4428ms.
c [Label = 191] Number of clauses: 3344229.
c [Label = 191] Number of variables: 226472.
c [Signal] Signal interruption. Caught signal: SIGTERM (15).
c [Label = 186] Encoding starts with target value = 16:
c [Label = 186] Encoding duration: 4451ms.
c [Label = 186] Number of clauses: 3259327.
c [Label = 186] Number of variables: 222272.
c [Signal] Signal interruption. Caught signal: SIGTERM (15).
c [Label = 187] Encoding starts with target value = 16:
c [Label = 187] Encoding duration: 4446ms.
c [Label = 187] Number of clauses: 3276307.
c [Label = 187] Number of variables: 223112.
c [Signal] Signal interruption. Caught signal: SIGTERM (15).
c [Label = 188] Encoding starts with target value = 16:
c [Label = 188] Encoding duration: 4498ms.
c [Label = 188] Number of clauses: 3293288.
c [Label = 188] Number of variables: 223952.
c [Signal] Signal interruption. Caught signal: SIGTERM (15).
c [Main] Lim pid ends with result: 254.
c [Main] All children have completed.
r [Main] 
r [Main] Final results: 
r [Main] Lowest label SAT:  	192.
r [Main] Highest label UNSAT:	-.
r [Main] Total real time: 1813850 ms.
r [Main] Total memory consumed: 7935.3 MB.
r [Main] 
c [Label = 189] Encoding starts with target value = 16:
c [Label = 189] Encoding duration: 4503ms.
c [Label = 189] Number of clauses: 3310268.
c [Label = 189] Number of variables: 224792.
c [Signal] Signal interruption. Caught signal: SIGTERM (15).
