c [Version] Minimize Makespan Labeling Encoder version 1.0.0.
c [Param] Target value is set to 129.
c [Param] LB is predefined as 130.
c [Param] UB is predefined as 273.
c [Param] Target value is set to Cyclic Antibandwidth.
c [Param] Vertices mode is set to Has hole.
c [Param] Result verification is ON.
c [Param] Memory limit is set to 30000.
c [Param] Real time limit is set to 1800.
c [Param] Worker count is set to 8.
c [Param] Max CNF size is set to 10.
c [Main] Search strategy: Iterating from upper bound.
c [Main] Search order: 273 272 271 270 269 268 267 266 265 264 263 262 261 260 259 258 257 256 255 254 253 252 251 250 249 248 247 246 245 244 243 242 241 240 239 238 237 236 235 234 233 232 231 230 229 228 227 226 225 224 223 222 221 220 219 218 217 216 215 214 213 212 211 210 209 208 207 206 205 204 203 202 201 200 199 198 197 196 195 194 193 192 191 190 189 188 187 186 185 184 183 182 181 180 179 178 177 176 175 174 173 172 171 170 169 168 167 166 165 164 163 162 161 160 159 158 157 156 155 154 153 152 151 150 149 148 147 146 145 144 143 142 141 140 139 138 137 136 135 134 133 132 131 130.
c [Main] Encoding and solving for graph: S-sherman4.mtx.rnd.
c [Label = 273] Minimize Makespan Labeling problem (S-sherman4.mtx.rnd):
c [Label = 272] Minimize Makespan Labeling problem (S-sherman4.mtx.rnd):
c [Label = 271] Minimize Makespan Labeling problem (S-sherman4.mtx.rnd):
c [Label = 270] Minimize Makespan Labeling problem (S-sherman4.mtx.rnd):
c [Label = 269] Minimize Makespan Labeling problem (S-sherman4.mtx.rnd):
c [Label = 267] Minimize Makespan Labeling problem (S-sherman4.mtx.rnd):
c [Label = 266] Minimize Makespan Labeling problem (S-sherman4.mtx.rnd):
c [Label = 268] Minimize Makespan Labeling problem (S-sherman4.mtx.rnd):
c [Label = 268] Encoding starts with target value = 129:
c [Label = 268] Encoding duration: 5152ms.
c [Label = 268] Number of clauses: 2848069.
c [Label = 268] Number of variables: 499164.
c [Label = 268] Solving duration: 14725 ms.
s [Label = 268] SAT (w = 129).
c [Label = 268] Label assignment: 1 1 129 129 156 10 1 22 1 1 126 1 1 126 1 1 10 130 130 120 1 139 121 11 121 137 10 1 8 120 128 139 138 119 1 1 129 7 129 1 9 110 7 139 138 139 138 140 139 139 129 139 267 8 150 5 267 160 140 139 120 119 120 129 130 259 137 267 129 21 143 258 1 1 27 1 267 138 1 268 131 150 1 129 258 268 129 1 268 267 1 268 130 131 268 130 1 130 126 139 151 8 263 139 139 141 129 8 130 22 129 267 259 12 268 121 139 139 139 130 265 138 150 140 138 129 137 1 130 139 267 126 129 138 150 1 11 139 258 134 150 129 268 2 259 1 21 268 128 9 268 133 1 259 130 151 130 130 268 20 267 268 140 1 138 129 268 121 11 258 1 9 139 139 267 129 121 130 268 2 268 259 259 7 259 138 136 120 139 263 9 129 1 141 138 129 4 267 268 140 12 267 267 129 138 139 17 260 120 12 259 130 268 138 1 258 129 268 139 130 120 130 268 268 259 131 265 138 141 21 139 268 255 129 138 130 129 258 6 268 146 138 268 259 139 130 129 121 268 1 259 258 129 138 139 138 12 129 119 257 268 119 8 11 138 130 130 137 139 139 266 140 129 10 259 11 138 1 136 139 151 12 130 268 130 130 267 130 136 1 1 130 138 130 129 130 1 268 141 129 268 267 8 267 259 129 267 268 249 265 120 138 268 137 1 136 267 7 139 268 146 130 259 10 130 268 268 138 129 259 268 259 141 139 130 137 121 160 265 258 130 149 268 139 129 268 130 267 141 267 267 268 129 1 139 268 260 268 260 267 256 1 268 141 267 130 129 129 130 10 137 258 268 10 268 159 268 7 140 1 258 1 139 130 138 258 138 268 268 1 12 137 259 136 146 139 1 2 268 137 139 130 268 1 130 21 140 259 8 140 259 138 129 129 143 268 259 268 140 11 248 259 1 130 127 134 21 268 258 267 130 258 259 135 139 138 130 267 138 151 259 1 132 9 258 260 156 1 268 136 7 130 130 129 136 6 259 1 259 268 139 134 268 259 140 259 136 129 139 130 268 138 139 258 17 130 267 138 10 129 150 259 268 137 268 258 265 268 130 259 267 268 8 138 259 140 7 136 260 268 130 259 138 138 129 139 135 130 11 156 129 129 129 139 129 139 17 130 258 137 260 258 7 140 267 265 129 128 146 1 129 268 268 136 130 2 268 268 138 268 259 11 259 268 137 130 
c [Label = 269] Encoding starts with target value = 129:
c [Label = 269] Encoding duration: 5217ms.
c [Label = 269] Number of clauses: 2856163.
c [Label = 269] Number of variables: 500256.
c [Label = 269] Solving duration: 14857 ms.
s [Label = 269] SAT (w = 129).
c [Label = 269] Label assignment: 1 1 129 129 158 11 1 24 1 1 139 1 1 125 1 1 11 130 130 119 1 140 120 12 120 138 10 1 8 119 128 140 139 118 1 1 129 7 129 1 10 108 7 140 139 140 138 141 140 140 129 140 268 9 152 5 268 163 141 140 119 118 119 129 130 259 138 268 129 23 145 258 1 1 29 1 268 139 1 269 131 152 1 129 258 269 129 1 269 268 1 269 130 131 268 130 1 130 125 140 153 268 268 140 140 142 129 9 130 24 129 268 259 13 269 120 140 140 140 130 265 139 152 141 139 129 138 1 130 139 9 128 129 139 152 1 12 140 258 139 152 129 268 2 259 1 23 269 129 9 269 133 1 259 130 153 130 130 269 21 268 269 141 1 139 129 269 120 12 258 1 8 140 140 268 129 120 130 269 2 269 259 259 7 259 138 139 119 140 263 10 129 1 142 139 129 5 268 269 141 13 268 268 129 139 140 18 260 119 13 259 130 269 139 1 258 128 269 140 130 119 130 269 269 259 131 265 139 142 23 140 269 268 129 139 130 129 258 7 269 147 137 269 258 140 130 129 120 269 268 259 258 129 139 140 138 13 129 118 257 269 119 9 12 139 130 130 138 140 140 266 141 130 11 269 12 139 1 136 140 153 13 130 269 130 129 268 130 128 9 1 130 139 130 129 130 1 269 142 129 269 268 9 268 259 129 268 269 248 268 119 139 269 138 1 136 268 8 140 269 147 130 259 11 130 269 269 139 129 259 269 259 142 140 129 138 120 163 265 258 130 150 269 140 129 269 130 269 142 268 268 269 129 1 140 269 260 269 260 268 255 1 269 142 268 130 129 129 130 11 138 258 269 11 269 161 268 7 141 1 258 1 140 130 139 258 139 269 269 1 13 138 259 139 147 140 1 2 269 129 140 130 269 1 130 23 141 259 9 141 259 139 129 129 144 269 259 269 141 12 247 259 1 130 126 134 23 269 258 1 130 258 259 136 140 138 130 268 139 153 259 1 132 10 259 260 158 1 269 139 7 130 130 129 136 7 259 1 259 269 140 139 269 259 141 259 139 129 140 130 269 139 140 258 18 130 268 139 11 129 152 269 269 138 269 258 268 269 130 259 268 269 9 139 259 139 7 136 260 269 130 259 139 139 129 140 136 130 12 158 129 129 128 140 128 140 18 130 258 137 268 258 7 141 268 268 129 130 147 1 129 269 269 136 130 2 269 269 139 269 259 12 259 269 137 130 
c [Signal] Signal interruption. Caught signal: SIGTERM (15).
c [Label = 270] Encoding starts with target value = 129:
c [Label = 270] Encoding duration: 5134ms.
c [Label = 270] Number of clauses: 2864258.
c [Label = 270] Number of variables: 501348.
c [Label = 270] Solving duration: 14910 ms.
s [Label = 270] SAT (w = 129).
c [Label = 270] Label assignment: 1 1 129 129 160 12 1 26 1 1 140 1 1 124 1 1 12 130 130 118 1 141 119 13 119 139 11 1 8 118 128 141 140 117 1 1 129 7 129 1 11 106 7 141 140 141 138 142 141 141 129 141 269 10 154 5 269 166 142 141 118 117 118 129 130 259 139 269 129 25 147 258 1 1 31 1 269 140 1 270 131 154 1 129 258 270 129 1 270 269 1 270 130 131 269 130 1 130 124 141 155 269 269 141 141 143 129 10 130 26 129 269 259 14 270 119 141 141 141 130 265 140 154 142 140 129 139 1 130 140 9 128 129 140 154 1 13 141 258 140 154 129 269 2 259 1 25 270 129 9 270 133 1 259 130 155 130 130 270 23 269 270 142 1 140 129 270 119 13 258 1 8 141 141 269 129 119 130 270 2 270 259 259 7 259 138 140 118 141 263 11 129 1 143 140 129 6 269 270 142 14 269 269 129 141 141 19 260 118 14 259 130 270 140 1 258 128 270 141 130 118 130 270 270 259 131 265 140 143 25 141 270 269 129 139 130 129 258 8 270 148 137 270 259 141 130 129 119 270 269 259 258 129 140 141 138 14 129 117 257 12 118 10 13 140 130 130 139 141 141 266 142 130 12 270 13 140 1 136 141 155 14 130 270 130 130 269 130 128 9 1 130 140 130 129 130 1 270 143 129 270 269 10 269 259 129 269 270 247 269 118 140 270 139 1 136 269 9 141 270 148 130 259 12 130 270 270 140 129 259 270 259 143 141 129 139 119 166 265 258 130 152 270 141 129 270 130 270 143 269 269 270 129 1 141 270 260 270 260 269 254 1 270 143 269 130 129 129 130 12 139 258 270 12 270 164 269 7 142 1 258 1 141 130 140 260 140 270 270 1 14 139 259 140 148 141 1 2 270 129 141 130 270 1 130 25 142 259 10 142 259 140 129 129 145 270 259 270 142 13 246 259 1 130 125 134 25 270 258 1 130 258 259 137 141 139 130 269 140 155 259 1 132 11 259 260 160 1 270 140 7 130 130 129 136 8 259 1 259 270 141 140 270 259 142 259 140 129 141 130 270 140 141 258 19 130 269 140 270 129 154 270 270 139 270 258 269 270 130 259 269 270 10 140 259 140 7 136 260 270 130 259 140 140 129 141 137 130 13 160 129 129 128 141 128 141 19 130 258 137 269 258 7 142 269 269 129 130 148 1 130 270 270 136 130 2 270 270 140 270 259 13 259 270 137 130 
c [Signal] Signal interruption. Caught signal: SIGTERM (15).
c [Label = 271] Encoding starts with target value = 129:
c [Label = 271] Encoding duration: 5204ms.
c [Label = 271] Number of clauses: 2872352.
c [Label = 271] Number of variables: 502440.
c [Label = 271] Solving duration: 14866 ms.
s [Label = 271] SAT (w = 129).
c [Label = 271] Label assignment: 1 1 129 129 163 13 1 28 1 1 141 1 1 123 1 1 13 130 130 117 1 142 118 14 118 140 11 1 8 117 128 142 141 116 1 1 129 7 129 1 12 118 8 142 141 142 130 143 142 142 129 142 270 11 156 5 270 169 143 142 117 118 117 129 130 259 140 270 129 27 149 270 1 1 33 1 270 141 1 271 131 156 1 129 258 271 129 1 271 1 1 271 130 131 271 130 1 130 123 142 157 270 270 142 142 144 129 11 130 28 129 270 259 15 271 118 142 142 142 130 265 141 156 143 140 129 140 1 130 140 270 128 129 140 156 1 14 142 258 141 156 141 270 2 259 1 27 271 128 9 271 133 1 270 130 157 130 130 271 24 270 271 143 1 141 129 271 118 14 270 1 8 142 142 270 129 118 130 271 2 271 270 259 7 259 137 141 128 142 263 12 130 1 144 141 129 7 270 271 143 15 270 270 131 141 142 21 260 117 15 259 130 271 141 1 258 130 271 142 130 128 130 271 271 259 131 265 141 144 27 142 271 270 129 139 130 129 258 9 271 149 137 271 258 142 130 129 118 271 270 259 258 129 141 142 136 15 129 128 257 271 128 11 14 141 130 130 140 142 142 266 143 130 13 259 14 141 1 136 142 157 15 130 271 130 129 270 130 141 270 1 130 141 130 129 130 1 271 144 131 271 1 11 270 259 129 270 271 257 270 117 141 271 140 1 136 270 10 142 271 150 130 259 13 130 271 271 141 129 259 271 259 144 142 129 136 118 169 265 258 130 153 271 142 129 271 130 270 144 270 270 271 129 1 142 271 260 271 260 270 253 1 271 144 270 130 129 129 130 13 140 258 271 13 271 166 270 7 143 1 258 1 142 130 141 260 141 271 271 1 15 140 259 141 149 142 1 2 271 141 142 130 271 1 130 27 143 259 11 143 259 141 129 131 146 271 259 271 143 14 257 270 1 130 124 134 27 271 258 1 130 258 259 138 142 136 130 270 141 157 259 1 134 12 270 260 162 1 271 141 7 141 130 129 136 9 259 1 259 271 142 141 271 259 143 259 141 129 142 130 271 141 142 258 20 130 270 141 13 129 156 259 271 140 271 260 270 271 130 259 266 271 11 141 259 140 7 136 260 271 130 259 141 141 129 142 138 130 14 162 129 129 131 142 130 142 20 130 258 137 261 260 7 143 270 270 129 130 149 1 129 271 271 136 130 2 271 271 141 271 259 14 259 271 137 130 
c [Signal] Signal interruption. Caught signal: SIGTERM (15).
c [Main] Lowest label SAT is set to 268.
c [Main] Kill higher label pid 269.
c [Main] Kill higher label pid 270.
c [Main] Kill higher label pid 271.
c [Main] Kill higher label pid 272.
c [Main] Kill higher label pid 273.
c [Label = 272] Encoding starts with target value = 129:
c [Label = 272] Encoding duration: 5183ms.
c [Label = 272] Number of clauses: 2880447.
c [Label = 272] Number of variables: 503532.
c [Label = 272] Solving duration: 14943 ms.
s [Label = 272] SAT (w = 129).
c [Label = 272] Label assignment: 1 1 129 129 165 14 1 30 1 1 142 1 1 122 1 1 14 130 130 116 1 143 117 15 117 141 12 1 8 116 128 143 142 115 1 1 129 7 129 1 13 117 9 143 142 143 130 144 143 143 129 143 266 12 158 5 271 172 144 143 116 117 116 129 130 259 141 271 129 29 151 271 1 1 35 1 271 142 1 272 131 158 1 129 258 272 129 1 272 1 1 272 130 131 272 130 1 130 122 143 159 271 271 143 143 145 129 12 130 30 129 271 259 16 272 117 143 143 143 130 265 142 158 144 140 129 141 1 130 141 271 128 129 142 158 1 15 143 258 142 158 142 271 2 259 1 29 272 128 9 272 133 1 271 130 159 130 130 272 26 271 272 144 1 142 129 272 117 15 271 1 8 143 143 271 129 117 130 272 2 272 271 259 7 259 137 142 128 143 263 13 130 1 145 142 129 8 271 272 144 16 271 271 131 143 143 23 260 116 16 259 130 272 142 1 258 130 272 143 130 128 130 272 272 259 131 265 142 145 29 143 272 271 129 139 130 129 258 10 272 150 137 272 258 143 130 129 117 272 13 259 258 129 142 143 136 16 129 128 257 14 128 12 15 142 130 130 141 143 143 266 144 130 14 259 15 142 1 136 143 159 16 130 272 130 129 271 130 142 271 1 130 142 130 129 130 1 272 145 131 272 1 12 271 259 129 271 272 257 271 116 142 272 141 1 136 271 11 143 272 152 130 259 14 130 272 272 142 129 259 272 259 145 143 129 136 117 172 265 258 130 155 272 143 129 272 130 271 145 271 271 272 129 1 143 272 260 272 260 271 252 1 272 145 271 130 129 129 130 14 141 258 272 14 272 169 271 7 144 1 258 1 143 130 142 260 142 272 272 1 16 141 259 142 150 143 1 2 272 142 143 130 272 1 130 29 144 259 12 144 259 142 129 131 147 272 259 272 144 15 257 271 1 130 123 134 29 272 258 1 130 258 259 139 143 136 130 271 142 159 259 1 134 13 271 260 164 1 272 142 7 142 130 129 136 10 259 1 259 272 143 137 272 259 144 259 142 129 143 130 272 142 143 258 21 130 271 142 272 129 158 259 272 141 272 260 271 272 130 259 266 272 12 142 259 142 7 136 260 272 130 259 142 142 129 143 139 130 15 164 129 129 131 143 130 143 21 130 258 137 262 260 7 144 271 271 129 130 150 1 129 272 272 136 130 2 272 272 142 272 259 15 259 272 137 130 
c [Signal] Signal interruption. Caught signal: SIGTERM (15).
c [Label = 273] Encoding starts with target value = 129:
c [Label = 273] Encoding duration: 5248ms.
c [Label = 273] Number of clauses: 2888541.
c [Label = 273] Number of variables: 504624.
c [Label = 273] Solving duration: 15021 ms.
s [Label = 273] SAT (w = 129).
c [Label = 273] Label assignment: 1 1 129 129 167 15 1 32 1 1 143 1 1 121 1 1 15 130 130 115 1 144 116 16 116 142 12 1 8 115 128 144 143 114 1 1 129 7 129 1 14 116 10 144 143 144 130 145 144 144 129 144 266 13 160 5 272 175 145 144 115 116 115 129 130 259 142 272 129 31 153 272 1 1 37 1 272 143 1 273 131 160 1 129 258 273 129 1 273 1 1 273 130 131 273 130 1 130 121 144 161 272 272 144 144 146 129 13 130 32 129 272 259 17 273 116 144 144 144 130 265 143 160 145 140 129 142 1 130 141 272 128 129 142 160 1 16 144 258 143 160 143 272 2 259 1 31 273 128 9 273 133 1 272 130 161 130 130 273 27 272 273 145 1 143 129 273 116 16 272 1 8 144 144 272 129 116 130 273 2 273 272 259 7 259 137 143 128 144 263 14 130 1 146 143 129 9 272 273 145 17 272 272 131 144 144 25 260 115 17 259 130 273 143 1 258 130 273 144 130 128 130 273 273 259 131 265 143 146 31 144 273 272 129 139 130 129 258 11 273 151 137 273 258 144 130 129 116 273 13 259 258 129 143 144 136 17 129 128 257 15 128 13 16 143 130 130 142 144 144 266 145 130 15 259 16 143 1 136 144 161 17 130 273 130 129 272 130 143 272 1 130 143 130 129 130 1 273 146 131 273 1 13 272 259 129 272 273 257 272 115 143 273 142 1 136 272 12 144 273 154 130 259 15 130 273 273 143 129 259 273 259 146 144 129 136 116 175 265 258 130 156 273 144 129 273 130 272 146 272 272 273 129 1 144 273 260 273 260 272 251 1 273 146 272 130 129 129 130 15 142 258 273 15 273 171 272 7 145 1 258 1 144 130 143 260 143 273 273 1 17 142 259 143 151 144 1 2 273 143 144 130 273 1 130 31 145 259 13 145 259 143 129 131 148 273 259 273 145 16 257 272 1 130 122 134 31 273 258 1 130 258 259 140 144 136 130 272 142 161 259 1 134 14 272 260 166 1 273 143 7 143 130 129 136 11 259 1 259 273 144 137 273 259 145 259 143 129 144 130 273 143 144 258 22 130 272 143 273 129 160 259 273 142 273 260 272 273 130 259 266 273 13 143 259 142 7 136 260 273 130 259 143 143 129 144 140 130 16 166 129 129 131 144 130 144 22 130 258 137 263 260 7 145 272 272 129 130 151 1 129 273 273 136 130 2 273 273 143 273 259 16 259 273 137 130 
c [Signal] Signal interruption. Caught signal: SIGTERM (15).
c [Label = 265] Minimize Makespan Labeling problem (S-sherman4.mtx.rnd):
c [Main] Child pid 270 - 95704 terminated by signal 15.
c [Main] Child pid 269 - 95705 terminated by signal 15.
c [Label = 264] Minimize Makespan Labeling problem (S-sherman4.mtx.rnd):
c [Main] Child pid 271 - 95703 terminated by signal 15.
c [Label = 263] Minimize Makespan Labeling problem (S-sherman4.mtx.rnd):
c [Main] Child pid 272 - 95702 terminated by signal 15.
c [Label = 261] Minimize Makespan Labeling problem (S-sherman4.mtx.rnd):
c [Main] Child pid 273 - 95701 terminated by signal 15.
c [Label = 260] Minimize Makespan Labeling problem (S-sherman4.mtx.rnd):
c [Label = 262] Minimize Makespan Labeling problem (S-sherman4.mtx.rnd):
c [Label = 266] Encoding starts with target value = 129:
c [Label = 266] Encoding duration: 5155ms.
c [Label = 266] Number of clauses: 2831880.
c [Label = 266] Number of variables: 496980.
c [Label = 266] Solving duration: 15101 ms.
s [Label = 266] SAT (w = 129).
c [Label = 266] Label assignment: 1 1 146 129 146 8 1 18 1 1 126 1 1 126 1 1 8 130 130 122 1 146 123 9 136 135 9 1 9 122 128 137 122 136 1 1 146 1 129 1 7 114 1 137 138 137 131 138 137 137 122 130 265 6 146 5 258 154 138 137 122 121 122 122 130 259 131 265 138 17 139 258 1 1 9 1 14 146 1 266 131 146 1 137 258 17 138 1 13 265 259 266 130 131 266 130 1 130 122 137 147 6 265 137 137 139 122 6 130 18 129 9 259 10 1 128 137 137 137 130 259 138 146 138 136 129 135 1 130 138 265 128 129 136 146 1 9 137 258 134 146 129 266 2 259 1 17 266 128 9 9 130 1 259 130 147 130 130 266 17 265 259 138 266 136 123 266 136 9 258 1 1 146 130 9 122 128 130 259 2 17 259 259 1 259 136 134 122 130 263 259 129 1 139 138 129 2 8 266 138 10 9 258 129 136 135 9 7 122 10 259 130 266 136 1 258 129 260 137 122 122 130 266 259 259 131 259 146 139 17 131 265 257 129 129 135 129 258 4 1 138 130 266 258 138 130 129 128 259 1 259 258 129 136 146 130 10 123 121 265 266 121 2 9 146 130 130 135 136 146 7 138 129 1 259 9 138 1 130 146 147 10 130 17 130 128 258 137 136 1 1 130 143 130 144 130 1 9 139 129 1 265 6 9 258 129 265 9 251 265 122 142 266 135 1 130 265 5 137 266 138 130 259 8 130 266 266 138 129 259 266 259 139 146 129 135 129 154 258 1 130 146 15 130 144 259 130 265 139 9 7 259 129 1 130 17 260 260 260 258 265 1 9 139 265 130 122 136 130 17 131 7 266 1 266 154 266 259 138 6 265 1 137 130 136 258 138 266 266 259 10 135 259 136 130 148 1 2 266 135 137 129 11 1 130 17 138 259 2 138 259 138 130 129 141 259 259 9 138 9 250 259 1 130 136 134 17 266 258 265 130 265 259 133 130 130 130 7 136 147 259 1 131 7 258 265 146 1 266 134 259 130 130 136 130 4 259 1 259 266 137 136 266 266 138 259 134 129 130 130 9 138 137 7 1 138 7 122 8 122 146 259 259 135 259 258 265 266 130 259 265 266 6 136 259 138 259 122 266 260 130 259 137 138 144 137 133 130 9 138 122 129 129 137 129 146 9 130 258 138 260 258 1 138 1 263 129 128 130 1 122 266 266 122 130 2 266 266 136 266 259 9 259 266 144 130 
c [Main] Lowest label SAT is set to 266.
c [Main] Kill higher label pid 267.
c [Label = 267] Encoding starts with target value = 129:
c [Label = 267] Encoding duration: 5210ms.
c [Label = 267] Number of clauses: 2839974.
c [Label = 267] Number of variables: 498072.
c [Label = 267] Solving duration: 15346 ms.
s [Label = 267] SAT (w = 129).
c [Label = 267] Label assignment: 1 1 129 129 148 9 1 20 1 1 122 1 1 125 1 1 9 130 130 121 1 138 122 10 122 136 9 1 8 121 122 138 129 120 1 1 129 7 129 1 8 112 7 138 138 138 137 139 138 138 129 138 266 7 148 5 266 157 139 138 121 120 121 129 130 259 136 266 129 19 141 258 1 1 18 1 266 138 1 267 131 148 1 129 258 267 129 1 267 266 259 267 130 131 267 130 1 130 127 138 149 7 266 138 138 140 136 7 130 20 129 267 259 11 267 122 138 138 138 130 265 137 148 139 137 129 136 1 130 138 266 128 129 137 148 1 10 138 258 135 148 129 267 2 259 1 19 267 128 9 267 131 1 259 130 149 130 130 267 18 266 267 139 1 137 129 267 122 10 258 1 1 138 138 267 129 122 130 267 2 267 259 259 7 259 137 131 121 138 263 267 129 1 140 138 129 3 266 267 139 11 267 266 129 138 138 16 260 129 11 259 130 267 137 1 258 129 267 138 122 121 130 267 267 259 131 265 138 140 19 138 267 257 129 137 130 129 258 5 267 145 130 267 258 138 130 129 122 267 1 265 258 129 137 138 137 11 129 120 251 9 120 7 10 137 130 130 136 138 138 266 139 129 9 259 10 138 1 136 138 149 11 130 267 130 129 266 130 137 1 1 130 137 130 129 130 1 267 140 129 267 266 7 267 259 129 266 267 250 266 121 137 267 136 1 136 266 267 138 267 145 130 259 9 130 267 267 137 129 259 267 259 140 138 129 136 122 157 258 258 130 147 267 138 129 267 130 266 140 267 8 267 129 1 138 267 260 267 260 260 257 1 267 140 266 130 129 129 130 9 136 258 267 9 267 156 267 267 139 1 258 1 138 130 137 258 138 267 267 260 11 136 259 137 138 138 1 2 267 136 138 136 267 1 130 19 139 259 7 139 259 137 129 129 142 267 259 267 139 10 249 259 1 130 128 134 19 267 258 266 130 258 259 134 138 137 130 266 137 149 259 1 131 8 258 260 154 1 267 131 267 130 130 129 136 5 259 1 259 267 138 137 267 259 139 267 130 129 138 130 267 138 138 258 9 130 266 131 267 129 148 259 267 136 267 258 266 267 130 259 266 267 7 137 259 139 267 129 260 267 130 259 137 137 129 138 134 130 10 147 129 129 129 138 129 138 16 130 258 137 260 258 7 139 266 260 129 128 138 1 129 267 267 129 130 2 267 267 137 267 259 10 267 267 137 130 
c [Signal] Signal interruption. Caught signal: SIGTERM (15).
c [Label = 259] Minimize Makespan Labeling problem (S-sherman4.mtx.rnd):
c [Main] Child pid 267 - 95707 terminated by signal 15.
c [Label = 258] Minimize Makespan Labeling problem (S-sherman4.mtx.rnd):
c [Label = 258] Encoding starts with target value = 129:
c [Label = 258] Encoding duration: 4577ms.
c [Label = 258] Number of clauses: 2563121.
c [Label = 258] Number of variables: 419448.
c [Label = 258] Solving duration: 98 ms.
s [Label = 258] UNSAT (w = 129).
c [Main] Highest label UNSAT is set to 258
c [Label = 263] Encoding starts with target value = 129:
c [Label = 263] Encoding duration: 5062ms.
c [Label = 263] Number of clauses: 2807596.
c [Label = 263] Number of variables: 493704.
c [Label = 263] Solving duration: 12369 ms.
s [Label = 263] SAT (w = 129).
c [Label = 263] Label assignment: 1 1 140 129 140 5 1 12 1 1 127 1 1 125 1 1 5 130 130 125 1 138 126 6 133 132 6 1 7 125 128 134 129 129 1 1 139 2 129 1 4 120 2 134 135 134 134 135 134 134 125 130 263 3 140 1 258 145 135 134 125 124 125 125 130 259 131 263 134 11 136 258 1 1 10 1 8 140 1 263 131 140 2 134 258 10 133 1 6 262 1 263 130 131 263 130 1 130 129 132 141 259 1 134 134 136 129 3 130 12 129 6 259 7 1 128 134 134 134 131 263 136 140 135 130 129 132 1 130 135 263 129 125 134 140 262 6 134 258 133 140 129 263 2 259 1 11 263 128 6 5 130 2 259 130 141 130 130 263 11 262 263 135 263 130 126 263 133 6 258 1 4 139 134 6 129 128 130 259 2 11 259 259 2 259 134 132 125 130 259 263 129 1 136 135 129 2 5 263 135 7 6 258 129 133 134 7 262 129 7 259 130 263 130 1 258 129 260 134 130 125 130 263 259 259 131 263 140 136 11 131 262 261 129 129 132 129 258 2 1 136 133 263 258 135 130 129 128 259 1 259 258 129 133 139 129 7 129 124 262 263 124 2 6 139 130 130 132 133 139 4 135 129 1 259 6 135 2 134 140 141 7 130 9 130 128 258 134 133 263 1 130 137 130 135 130 1 5 136 129 1 262 3 6 258 129 262 5 254 262 125 135 263 132 1 131 262 3 134 263 136 130 259 5 130 263 263 135 129 263 263 259 136 140 129 130 129 145 258 263 130 140 5 130 134 259 130 262 135 6 5 259 129 1 130 10 260 260 260 258 262 1 4 136 262 131 125 133 130 9 131 4 263 1 263 145 258 263 135 3 262 1 134 130 129 258 135 263 263 1 7 132 259 134 134 142 1 2 263 129 134 129 8 1 130 11 135 259 2 135 259 135 130 129 137 263 259 5 135 6 253 259 1 130 133 130 11 263 258 263 130 262 261 132 134 130 130 4 134 141 259 1 130 4 258 262 141 1 263 132 263 130 131 133 131 1 259 1 259 263 134 134 1 263 135 259 132 129 130 131 6 135 134 263 5 135 1 129 263 125 140 259 259 132 259 258 263 263 130 259 263 1 3 133 259 133 263 129 263 263 130 259 134 135 134 134 131 130 6 139 129 129 129 134 130 138 7 130 258 136 262 258 2 136 1 261 129 128 134 1 129 263 263 129 130 2 263 259 133 263 259 6 263 263 138 130 
c [Label = 259] Encoding starts with target value = 129:
c [Label = 259] Encoding duration: 4506ms.
c [Label = 259] Number of clauses: 2567738.
c [Label = 259] Number of variables: 420540.
c [Label = 259] Solving duration: 12934 ms.
s [Label = 259] SAT (w = 129).
c [Label = 259] Label assignment: 1 1 132 133 132 4 1 3 1 1 132 1 1 129 1 1 3 130 130 129 3 131 133 2 131 131 1 1 2 132 131 133 129 130 1 1 131 1 132 3 1 133 1 134 131 133 130 132 134 132 129 129 1 3 131 1 1 133 131 134 130 134 129 130 131 259 130 1 130 2 131 2 1 3 2 1 2 132 1 4 132 131 2 130 1 2 131 1 2 1 1 2 130 133 2 132 2 133 129 134 132 1 2 133 133 132 130 2 130 3 131 2 2 2 1 131 132 133 134 130 259 131 131 131 130 134 131 1 131 130 1 132 129 130 133 1 1 133 5 131 132 131 2 3 259 2 3 4 131 2 1 130 1 2 130 132 130 130 3 2 1 259 132 1 131 129 1 131 1 3 1 1 131 130 2 130 130 131 259 3 2 2 2 1 3 130 132 132 130 259 259 132 1 132 131 134 1 1 4 132 2 2 259 133 133 130 2 2 129 3 259 130 4 130 1 1 131 259 131 130 132 130 4 1 259 134 259 132 132 3 130 1 2 134 130 133 134 259 2 1 130 130 3 259 131 130 132 131 1 1 259 1 133 134 132 130 2 129 133 2 4 132 1 2 131 130 130 131 130 131 1 130 132 259 1 3 131 1 130 132 132 2 130 2 131 130 259 131 131 1 1 132 132 130 131 130 2 2 131 134 259 1 2 2 259 135 2 1 3 2 130 131 3 132 1 130 1 2 133 2 131 131 259 3 130 3 4 132 132 259 1 259 131 131 130 130 130 132 258 1 130 131 1 130 130 259 130 1 133 2 1 259 130 2 130 2 4 259 3 1 1 1 1 132 2 130 130 130 130 2 130 2 4 259 4 132 2 259 131 3 1 2 134 130 131 1 132 4 4 1 3 132 259 131 130 132 3 2 3 131 133 130 3 2 131 2 133 259 1 130 2 131 130 133 131 1 1 1 130 1 4 2 3 130 131 130 2 1 3 1 130 1 1 132 130 130 130 1 130 133 259 1 133 4 2 1 131 1 5 131 259 131 130 131 130 4 1 1 259 4 133 131 4 1 132 259 131 134 130 131 2 131 133 259 1 132 1 130 4 130 132 1 259 131 259 4 2 5 130 1 1 4 1 131 259 130 259 129 1 259 133 259 130 132 130 133 133 130 3 131 130 130 132 133 132 131 1 131 5 131 2 4 1 130 2 2 130 131 130 4 130 3 3 129 130 2 3 259 131 4 3 3 259 4 131 130 
c [Main] Lowest label SAT is set to 263.
c [Main] Kill higher label pid 264.
c [Main] Kill higher label pid 265.
c [Label = 264] Encoding starts with target value = 129:
c [Label = 264] Encoding duration: 5057ms.
c [Label = 264] Number of clauses: 2815691.
c [Label = 264] Number of variables: 494796.
c [Signal] Signal interruption. Caught signal: SIGTERM (15).
c [Label = 265] Encoding starts with target value = 129:
c [Label = 265] Encoding duration: 5060ms.
c [Label = 265] Number of clauses: 2823785.
c [Label = 265] Number of variables: 495888.
c [Signal] Signal interruption. Caught signal: SIGTERM (15).
c [Label = 260] Encoding starts with target value = 129:
c [Label = 260] Encoding duration: 5002ms.
c [Label = 260] Number of clauses: 2783313.
c [Label = 260] Number of variables: 490428.
c [Label = 260] Solving duration: 12830 ms.
s [Label = 260] SAT (w = 129).
c [Label = 260] Label assignment: 1 1 136 126 134 257 1 5 1 1 131 1 1 131 1 1 257 130 130 129 1 136 128 3 133 130 1 1 5 129 133 128 129 133 1 1 136 1 129 1 3 126 1 129 132 128 131 132 130 131 129 130 1 4 134 3 1 136 132 128 131 128 129 132 131 259 130 1 135 5 132 257 1 2 4 1 6 134 1 257 129 132 3 133 2 7 135 1 5 259 1 258 130 128 259 132 2 130 130 128 134 1 1 129 128 134 130 3 131 5 128 3 259 3 1 134 128 130 128 132 259 134 134 132 131 128 132 1 130 130 260 129 131 131 133 2 3 128 258 130 134 128 259 1 259 2 5 259 130 3 6 130 1 259 130 134 131 130 257 3 260 260 132 2 130 128 259 133 3 257 1 3 136 130 3 130 131 130 1 1 5 259 260 1 259 132 131 128 130 1 260 128 1 132 132 129 1 4 259 132 3 3 260 128 130 130 3 4 129 3 260 130 259 133 1 3 128 259 132 130 128 130 259 1 259 128 259 134 132 4 130 2 260 129 131 133 129 260 1 1 132 132 260 260 132 130 130 133 1 1 260 2 128 128 136 131 3 129 126 4 259 126 1 3 135 131 130 132 132 136 4 130 129 1 259 3 132 3 130 134 134 3 130 7 131 131 260 133 130 1 1 130 135 131 135 130 1 5 132 128 1 259 1 5 260 127 260 5 257 259 132 134 257 133 1 130 260 1 128 1 132 130 260 258 130 257 259 134 128 260 2 260 132 134 131 130 131 135 260 4 130 132 5 130 135 259 130 1 131 4 2 260 131 2 130 5 257 259 259 2 2 1 6 132 1 130 132 133 130 5 130 4 258 1 258 134 259 1 132 4 2 1 129 130 130 3 133 257 259 1 3 133 259 131 131 136 1 1 259 130 128 131 5 1 130 3 131 260 1 130 260 132 130 128 132 1 1 6 132 1 257 259 3 130 133 132 5 2 257 260 131 2 1 131 130 131 130 4 131 134 260 1 130 259 257 2 134 1 259 130 260 130 130 133 130 260 1 1 259 259 128 131 259 2 132 260 130 129 130 132 3 132 128 4 2 132 4 131 259 132 134 1 259 131 260 257 260 258 130 1 1 259 1 132 260 132 1 130 2 260 128 260 133 134 135 128 130 130 3 133 131 130 128 129 130 137 3 131 258 134 259 257 1 132 3 260 131 128 131 260 130 259 257 130 130 3 260 2 131 258 259 2 260 259 135 130 
c [Main] Lowest label SAT is set to 259.
c [Main] Kill higher label pid 260.
c [Main] Kill higher label pid 261.
c [Main] Kill higher label pid 262.
c [Main] Kill higher label pid 264.
c [Main] Kill higher label pid 265.
c [Label = 262] Encoding starts with target value = 129:
c [Label = 262] Encoding duration: 5050ms.
c [Label = 262] Number of clauses: 2799502.
c [Label = 262] Number of variables: 492612.
c [Signal] Signal interruption. Caught signal: SIGTERM (15).
c [Label = 261] Encoding starts with target value = 129:
c [Label = 261] Encoding duration: 5036ms.
c [Label = 261] Number of clauses: 2791407.
c [Label = 261] Number of variables: 491520.
c [Signal] Signal interruption. Caught signal: SIGTERM (15).
c [Main] Child pid 265 - 95718 terminated by signal 15.
c [Main] Child pid 264 - 95719 terminated by signal 15.
c [Main] Kill higher label pid 261.
c [Main] Kill higher label pid 262.
c [Main] Child pid 261 - 95722 terminated by signal 15.
c [Main] Child pid 262 - 95721 terminated by signal 15.
c [Main] All children have completed.
r [Main] 
r [Main] Final results: 
r [Main] Lowest label SAT:  	259.
r [Main] Highest label UNSAT:	258.
r [Main] Total real time: 39858 ms.
r [Main] Total memory consumed: 7860.2 MB.
r [Main] 
c [Signal] Signal interruption. Caught signal: SIGTERM (15).
