c [Version] Minimize Makespan Labeling Encoder version 1.0.0.
c [Param] Target value is set to 82.
c [Param] LB is predefined as 83.
c [Param] UB is predefined as 331.
c [Param] Target value is set to Cyclic Antibandwidth.
c [Param] Vertices mode is set to Has hole.
c [Param] Result verification is ON.
c [Param] Memory limit is set to 30000.
c [Param] Real time limit is set to 1800.
c [Param] Worker count is set to 8.
c [Param] Max CNF size is set to 10.
c [Main] Search strategy: Iterating from upper bound.
c [Main] Search order: 331 330 329 328 327 326 325 324 323 322 321 320 319 318 317 316 315 314 313 312 311 310 309 308 307 306 305 304 303 302 301 300 299 298 297 296 295 294 293 292 291 290 289 288 287 286 285 284 283 282 281 280 279 278 277 276 275 274 273 272 271 270 269 268 267 266 265 264 263 262 261 260 259 258 257 256 255 254 253 252 251 250 249 248 247 246 245 244 243 242 241 240 239 238 237 236 235 234 233 232 231 230 229 228 227 226 225 224 223 222 221 220 219 218 217 216 215 214 213 212 211 210 209 208 207 206 205 204 203 202 201 200 199 198 197 196 195 194 193 192 191 190 189 188 187 186 185 184 183 182 181 180 179 178 177 176 175 174 173 172 171 170 169 168 167 166 165 164 163 162 161 160 159 158 157 156 155 154 153 152 151 150 149 148 147 146 145 144 143 142 141 140 139 138 137 136 135 134 133 132 131 130 129 128 127 126 125 124 123 122 121 120 119 118 117 116 115 114 113 112 111 110 109 108 107 106 105 104 103 102 101 100 99 98 97 96 95 94 93 92 91 90 89 88 87 86 85 84 83.
c [Main] Encoding and solving for graph: U-662_bus.mtx.rnd.
c [Label = 331] Minimize Makespan Labeling problem (U-662_bus.mtx.rnd):
c [Label = 330] Minimize Makespan Labeling problem (U-662_bus.mtx.rnd):
c [Label = 329] Minimize Makespan Labeling problem (U-662_bus.mtx.rnd):
c [Label = 328] Minimize Makespan Labeling problem (U-662_bus.mtx.rnd):
c [Label = 326] Minimize Makespan Labeling problem (U-662_bus.mtx.rnd):
c [Label = 327] Minimize Makespan Labeling problem (U-662_bus.mtx.rnd):
c [Label = 325] Minimize Makespan Labeling problem (U-662_bus.mtx.rnd):
c [Label = 324] Minimize Makespan Labeling problem (U-662_bus.mtx.rnd):
c [Label = 329] Encoding starts with target value = 82:
c [Label = 329] Encoding duration: 5104ms.
c [Label = 329] Number of clauses: 2955826.
c [Label = 329] Number of variables: 644934.
c [Label = 329] Solving duration: 181 ms.
s [Label = 329] SAT (w = 82).
c [Label = 329] Label assignment: 329 329 329 329 329 329 329 329 329 329 247 329 329 329 329 329 329 329 329 329 329 329 247 247 329 329 329 329 329 329 329 329 329 329 329 329 329 329 329 329 329 329 329 329 247 329 329 329 329 329 329 329 329 329 329 329 329 329 329 247 329 329 329 329 329 329 329 247 329 247 329 329 247 247 247 329 329 329 329 329 329 329 329 329 247 329 329 329 329 247 329 247 329 329 247 329 329 329 329 329 247 329 329 329 165 247 329 247 329 329 329 329 329 329 329 247 247 329 247 329 329 329 329 247 329 247 329 329 247 329 329 247 247 329 247 329 329 329 329 247 329 247 247 329 247 247 329 247 247 247 329 329 329 329 329 329 329 329 329 329 329 329 247 329 329 329 165 247 329 165 247 329 329 329 247 247 165 329 329 329 247 247 247 329 247 329 247 247 329 329 247 329 329 247 329 247 247 329 247 247 329 329 247 329 329 165 329 329 329 247 247 329 329 329 329 247 329 247 329 247 165 329 329 247 247 165 329 329 329 329 165 247 247 247 329 329 329 247 247 165 329 329 247 247 247 329 329 329 329 247 165 247 247 247 247 329 165 329 247 247 247 247 165 329 247 247 247 329 329 247 247 247 247 329 247 329 329 247 247 329 329 329 247 329 329 83 247 165 247 247 247 247 247 329 329 165 247 329 247 247 165 247 165 329 329 247 329 329 247 247 165 247 247 247 165 165 247 329 329 165 83 329 247 247 165 165 247 329 329 83 247 329 83 329 247 247 329 247 247 247 329 247 247 83 247 329 329 247 329 329 329 247 247 329 247 165 329 329 329 329 247 247 247 247 247 247 165 247 247 247 247 329 165 329 329 165 329 247 247 329 165 329 247 247 247 165 247 165 247 247 165 329 247 165 247 165 247 247 247 247 83 329 329 247 165 329 247 247 329 247 165 329 329 329 165 165 165 247 329 247 329 247 247 329 165 247 329 247 247 165 247 247 247 247 329 329 247 247 165 247 329 247 165 83 247 165 247 247 247 329 165 329 165 247 83 329 329 329 329 329 83 329 247 247 247 165 247 329 329 165 247 247 165 247 165 247 247 247 329 329 247 247 247 83 165 329 329 247 329 329 329 247 165 247 329 247 247 165 247 247 165 83 165 329 329 247 329 165 329 165 247 165 165 165 165 247 165 165 247 165 165 247 247 83 247 165 247 329 329 329 165 247 329 247 247 247 165 247 247 165 247 247 329 165 329 247 247 165 329 329 165 247 165 165 329 165 329 165 165 247 247 165 329 247 247 165 329 247 165 329 165 83 247 247 329 329 165 247 165 247 165 165 165 165 247 247 83 165 247 247 247 329 165 83 247 329 83 329 247 165 247 165 165 329 247 329 165 329 165 83 165 165 165 329 329 329 329 83 329 329 165 247 247 165 165 247 247 329 83 165 165 83 165 329 247 165 247 247 165 83 329 83 329 329 247 165 165 83 165 329 247 165 247 247 329 1 165 83 165 165 83 247 
c [Main] Lowest label SAT is set to 329.
c [Main] Kill higher label pid 330.
c [Main] Kill higher label pid 331.
c [Label = 330] Encoding starts with target value = 82:
c [Label = 330] Encoding duration: 5340ms.
c [Label = 330] Number of clauses: 3120979.
c [Label = 330] Number of variables: 698556.
c [Label = 330] Solving duration: 234 ms.
s [Label = 330] SAT (w = 82).
c [Label = 330] Label assignment: 330 330 330 330 330 330 330 330 330 330 248 330 330 330 330 330 330 330 330 330 330 330 248 248 330 330 330 330 330 330 330 330 330 330 330 330 330 330 330 330 330 330 330 330 248 330 330 330 330 330 330 330 330 330 330 330 330 330 330 248 330 330 330 330 330 330 330 248 330 248 330 330 248 248 248 330 330 330 330 330 330 330 330 330 248 330 330 330 330 248 330 248 330 330 248 330 330 330 330 330 248 330 330 330 166 248 330 248 330 330 330 330 330 330 330 248 248 330 248 330 330 330 330 248 330 248 330 330 248 330 330 248 248 330 248 330 330 330 330 248 330 248 248 330 248 248 330 248 248 248 330 330 330 330 330 330 330 330 330 330 330 330 248 330 330 330 166 248 330 166 248 330 330 330 248 248 166 330 330 330 248 248 248 330 248 330 248 248 330 330 248 330 330 248 330 248 248 330 248 248 330 330 248 330 330 166 330 330 330 248 248 330 330 330 330 248 330 248 330 248 165 330 330 248 248 166 330 330 330 330 166 248 248 248 330 330 330 248 248 166 330 330 248 248 248 330 330 330 330 248 166 248 248 248 248 330 166 330 248 248 248 248 166 330 248 248 248 330 330 248 248 248 248 330 248 330 330 248 248 330 330 330 248 330 330 84 248 166 248 248 248 248 248 330 330 166 248 330 248 248 166 248 166 330 330 248 330 330 248 248 166 248 248 248 166 166 248 330 330 166 84 330 248 248 166 166 248 330 330 84 248 330 84 330 248 248 330 248 248 248 330 248 248 84 248 330 330 248 330 330 330 248 248 330 248 166 330 330 330 330 248 248 248 248 248 248 166 248 248 248 248 330 166 330 330 166 330 248 248 330 166 330 248 248 248 166 248 166 248 248 166 330 248 166 248 166 248 248 248 248 84 330 330 248 166 330 248 248 330 248 166 330 330 330 166 166 166 248 330 248 330 248 248 330 166 248 330 248 248 166 248 248 248 248 330 330 248 248 166 248 330 248 166 84 248 166 248 248 248 330 166 330 166 248 84 330 330 330 330 330 84 330 248 248 248 166 248 330 330 166 248 248 166 248 166 248 248 248 330 330 248 248 248 84 166 330 330 248 330 330 330 248 166 248 330 248 248 166 248 248 166 84 166 330 330 248 330 166 330 166 248 166 166 166 166 248 166 166 248 166 166 248 248 84 248 166 248 330 330 330 166 248 330 248 248 248 166 248 248 166 248 248 330 166 330 248 248 166 330 330 166 248 166 166 330 166 330 166 166 248 248 166 330 248 248 166 330 248 166 330 166 84 248 248 330 330 166 248 166 248 166 166 166 166 248 248 84 166 248 248 248 330 166 84 248 330 84 330 248 166 248 166 166 330 248 330 166 330 166 84 166 166 166 330 330 330 330 84 330 330 166 248 248 166 166 248 248 330 84 166 166 84 166 330 248 166 248 248 166 84 330 84 330 330 248 166 166 84 166 330 248 166 248 248 330 1 166 84 166 166 84 248 
c [Signal] Signal interruption. Caught signal: SIGTERM (15).
c [Label = 331] Encoding starts with target value = 82:
c [Label = 331] Encoding duration: 5342ms.
c [Label = 331] Number of clauses: 3127913.
c [Label = 331] Number of variables: 699880.
c [Label = 331] Solving duration: 255 ms.
s [Label = 331] SAT (w = 82).
c [Label = 331] Label assignment: 331 331 331 331 331 331 331 331 331 331 249 331 331 331 331 331 331 331 331 331 331 331 249 249 331 331 331 331 331 331 331 331 331 331 331 331 331 331 331 331 331 331 331 331 249 331 331 331 331 331 331 331 331 331 331 331 331 331 331 249 331 331 331 331 331 331 331 249 331 249 331 331 249 249 249 331 331 331 331 331 331 331 331 331 249 331 331 331 331 249 331 249 331 331 249 331 331 331 331 331 249 331 331 331 167 249 331 249 331 331 331 331 331 331 331 249 249 331 249 331 331 331 331 249 331 249 331 331 249 331 331 249 249 331 249 331 331 331 331 249 331 249 249 331 249 249 331 249 249 249 331 331 331 331 331 331 331 331 331 331 331 331 249 331 331 331 167 249 331 167 249 331 331 331 249 249 167 331 331 331 249 249 249 331 249 331 249 249 331 331 249 331 331 249 331 249 249 331 249 249 331 331 249 331 331 167 331 331 331 249 249 331 331 331 331 249 331 249 331 249 166 331 331 249 249 167 331 331 331 331 167 249 249 249 331 331 331 249 249 167 331 331 249 249 249 331 331 331 331 249 167 249 249 249 249 331 167 331 249 249 249 249 167 331 249 249 249 331 331 249 249 249 249 331 249 331 331 249 249 331 331 331 249 331 331 85 249 167 249 249 249 249 249 331 331 167 249 331 249 249 167 249 167 331 331 249 331 331 249 249 167 249 249 249 167 167 249 331 331 167 85 331 249 249 167 167 249 331 331 85 249 331 85 331 249 249 331 249 249 249 331 249 249 85 249 331 331 249 331 331 331 249 249 331 249 167 331 331 331 331 249 249 249 249 249 249 167 249 249 249 249 331 167 331 331 167 331 249 249 331 167 331 249 249 249 167 249 167 249 249 167 331 249 167 249 167 249 249 249 249 85 331 331 249 167 331 249 249 331 249 167 331 331 331 167 167 167 249 331 249 331 249 249 331 167 249 331 249 249 167 249 249 249 249 331 331 249 249 167 249 331 249 167 85 249 167 249 249 249 331 167 331 167 249 85 331 331 331 331 331 85 331 249 249 249 167 249 331 331 167 249 249 167 249 167 249 249 249 331 331 249 249 249 85 167 331 331 249 331 331 331 249 167 249 331 249 249 167 249 249 167 85 167 331 331 249 331 167 331 167 249 167 167 167 167 249 167 167 249 167 167 249 249 85 249 167 249 331 331 331 167 249 331 249 249 249 167 249 249 167 249 249 331 167 331 249 249 167 331 331 167 249 167 167 331 167 331 167 167 249 249 167 331 249 249 167 331 249 167 331 167 85 249 249 331 331 167 249 167 249 167 167 167 167 249 249 85 167 249 249 249 331 167 85 249 331 85 331 249 167 249 167 167 331 249 331 167 331 167 85 167 167 167 331 331 331 331 85 331 331 167 249 249 167 167 249 249 331 85 167 167 85 167 331 249 167 249 249 167 85 331 85 331 331 249 167 167 85 167 331 249 167 249 249 331 1 167 85 167 167 85 249 
c [Signal] Signal interruption. Caught signal: SIGTERM (15).
c [Label = 323] Minimize Makespan Labeling problem (U-662_bus.mtx.rnd):
c [Main] Child pid 330 - 96356 terminated by signal 15.
c [Label = 322] Minimize Makespan Labeling problem (U-662_bus.mtx.rnd):
c [Main] Child pid 331 - 96355 terminated by signal 15.
c [Label = 321] Minimize Makespan Labeling problem (U-662_bus.mtx.rnd):
c [Label = 328] Encoding starts with target value = 82:
c [Label = 328] Encoding duration: 5150ms.
c [Label = 328] Number of clauses: 2949624.
c [Label = 328] Number of variables: 643610.
c [Label = 328] Solving duration: 216 ms.
s [Label = 328] SAT (w = 82).
c [Label = 328] Label assignment: 328 328 328 328 328 328 328 328 328 328 246 328 328 328 328 328 328 328 328 328 328 328 246 246 328 328 328 328 328 328 328 328 328 328 328 328 328 328 328 328 328 328 328 328 246 328 328 328 328 328 328 328 328 328 328 328 328 328 328 246 328 328 328 328 328 328 328 246 328 246 328 328 246 246 246 328 328 328 328 328 328 328 328 328 246 328 328 328 328 246 328 246 328 328 246 328 328 328 328 328 246 328 328 328 164 246 328 246 328 328 328 328 328 328 328 246 246 328 246 328 328 328 328 246 328 246 328 328 246 328 328 246 246 328 246 328 328 328 328 246 328 246 246 328 246 246 328 246 246 246 328 328 328 328 328 328 328 328 328 328 328 328 246 328 328 328 164 246 328 164 246 328 328 328 246 246 164 328 328 328 246 246 246 328 246 328 246 246 328 328 246 328 328 246 328 246 246 328 246 246 328 328 246 328 328 164 328 328 328 246 246 328 328 328 328 246 328 246 328 246 164 328 328 246 246 164 328 328 328 328 164 246 246 246 328 328 328 246 246 164 328 328 246 246 246 328 328 328 328 246 164 246 246 246 246 328 164 328 246 246 246 246 164 328 246 246 246 328 328 246 246 246 246 328 246 328 328 246 246 328 328 328 246 328 328 82 246 164 246 246 246 246 246 328 328 164 246 328 246 246 164 246 164 328 328 246 328 328 246 246 164 246 246 246 164 164 246 328 328 164 82 328 246 246 164 164 246 328 328 82 246 328 82 328 246 246 328 246 246 246 328 246 246 82 246 328 328 246 328 328 328 246 246 328 246 164 328 328 328 328 246 246 246 246 246 246 164 246 246 246 246 328 164 328 328 164 328 246 246 328 164 328 246 246 246 164 246 164 246 246 164 328 246 164 246 164 246 246 246 246 82 328 328 246 164 328 246 246 328 246 164 328 328 328 164 164 164 246 328 246 328 246 246 328 164 246 328 246 246 164 246 246 246 246 328 328 246 246 164 246 328 246 164 82 246 164 246 246 246 328 164 328 164 246 82 328 328 328 328 328 82 328 246 246 246 164 246 328 328 164 246 246 164 246 164 246 246 246 328 328 246 246 246 82 164 328 328 246 328 328 328 246 164 246 328 246 246 164 246 246 164 82 164 328 328 246 328 164 328 164 246 164 164 164 164 246 164 164 246 164 164 246 246 82 246 164 246 328 328 328 164 246 328 246 246 246 164 246 246 164 246 246 328 164 328 246 246 164 328 328 164 246 164 164 328 164 328 164 164 246 246 164 328 246 246 164 328 246 164 328 164 82 246 246 328 328 164 246 164 246 164 164 164 164 246 246 82 164 246 246 246 328 164 82 246 328 82 328 246 164 246 164 164 328 246 328 164 328 164 82 164 164 164 328 328 328 328 82 328 328 164 246 246 164 164 246 246 328 82 164 164 82 164 328 246 164 246 246 164 82 328 82 328 328 246 164 164 82 164 328 246 164 246 246 328 1 164 82 164 164 82 246 
c [Main] Lowest label SAT is set to 328.
c [Label = 320] Minimize Makespan Labeling problem (U-662_bus.mtx.rnd):
c [Label = 324] Encoding starts with target value = 82:
c [Label = 324] Encoding duration: 5045ms.
c [Label = 324] Number of clauses: 2921886.
c [Label = 324] Number of variables: 638314.
c [Label = 324] Solving duration: 19502 ms.
s [Label = 324] UNSAT (w = 82).
c [Label = 326] Encoding starts with target value = 82:
c [Label = 326] Encoding duration: 5017ms.
c [Label = 326] Number of clauses: 2935755.
c [Label = 326] Number of variables: 640962.
c [Label = 326] Solving duration: 19583 ms.
s [Label = 326] UNSAT (w = 82).
c [Label = 320] Encoding starts with target value = 82:
c [Label = 320] Encoding duration: 4985ms.
c [Label = 320] Number of clauses: 2894148.
c [Label = 320] Number of variables: 633018.
c [Signal] Signal interruption. Caught signal: SIGTERM (15).
c [Main] Highest label UNSAT is set to 324
c [Main] Kill lower label pid 320.
c [Main] Kill lower label pid 321.
c [Main] Kill lower label pid 322.
c [Main] Kill lower label pid 323.
c [Label = 321] Encoding starts with target value = 82:
c [Label = 321] Encoding duration: 4765ms.
c [Label = 321] Number of clauses: 2901082.
c [Label = 321] Number of variables: 634342.
c [Signal] Signal interruption. Caught signal: SIGTERM (15).
c [Label = 322] Encoding starts with target value = 82:
c [Label = 322] Encoding duration: 4755ms.
c [Label = 322] Number of clauses: 2908017.
c [Label = 322] Number of variables: 635666.
c [Signal] Signal interruption. Caught signal: SIGTERM (15).
c [Label = 323] Encoding starts with target value = 82:
c [Label = 323] Encoding duration: 4832ms.
c [Label = 323] Number of clauses: 2914951.
c [Label = 323] Number of variables: 636990.
c [Signal] Signal interruption. Caught signal: SIGTERM (15).
c [Main] Highest label UNSAT is set to 326
c [Main] Kill lower label pid 320.
c [Main] Kill lower label pid 321.
c [Main] Kill lower label pid 322.
c [Main] Kill lower label pid 323.
c [Main] Kill lower label pid 325.
c [Label = 325] Encoding starts with target value = 82:
c [Label = 325] Encoding duration: 5096ms.
c [Label = 325] Number of clauses: 2928820.
c [Label = 325] Number of variables: 639638.
c [Signal] Signal interruption. Caught signal: SIGTERM (15).
c [Label = 327] Encoding starts with target value = 82:
c [Label = 327] Encoding duration: 5027ms.
c [Label = 327] Number of clauses: 2942689.
c [Label = 327] Number of variables: 642286.
c [Label = 327] Solving duration: 19688 ms.
s [Label = 327] UNSAT (w = 82).
c [Main] Child pid 323 - 96365 terminated by signal 15.
c [Main] Child pid 322 - 96367 terminated by signal 15.
c [Main] Child pid 320 - 96369 terminated by signal 15.
c [Main] Child pid 321 - 96368 terminated by signal 15.
c [Main] Child pid 325 - 96361 terminated by signal 15.
c [Main] Highest label UNSAT is set to 327
c [Signal] Signal interruption. Caught signal: SIGTERM (15).
c [Main] All children have completed.
r [Main] 
r [Main] Final results: 
r [Main] Lowest label SAT:  	328.
r [Main] Highest label UNSAT:	327.
r [Main] Total real time: 26128 ms.
r [Main] Total memory consumed: 8895.3 MB.
r [Main] 
