c [Version] Minimize Makespan Labeling Encoder version 1.0.0.
c [Param] Target value is set to 164.
c [Param] LB is predefined as 165.
c [Param] UB is predefined as 337.
c [Param] Target value is set to Cyclic Antibandwidth.
c [Param] Vertices mode is set to Has hole.
c [Param] Result verification is ON.
c [Param] Memory limit is set to 30000.
c [Param] Real time limit is set to 1800.
c [Param] Worker count is set to 8.
c [Param] Max CNF size is set to 10.
c [Main] Search strategy: Iterating from upper bound.
c [Main] Search order: 337 336 335 334 333 332 331 330 329 328 327 326 325 324 323 322 321 320 319 318 317 316 315 314 313 312 311 310 309 308 307 306 305 304 303 302 301 300 299 298 297 296 295 294 293 292 291 290 289 288 287 286 285 284 283 282 281 280 279 278 277 276 275 274 273 272 271 270 269 268 267 266 265 264 263 262 261 260 259 258 257 256 255 254 253 252 251 250 249 248 247 246 245 244 243 242 241 240 239 238 237 236 235 234 233 232 231 230 229 228 227 226 225 224 223 222 221 220 219 218 217 216 215 214 213 212 211 210 209 208 207 206 205 204 203 202 201 200 199 198 197 196 195 194 193 192 191 190 189 188 187 186 185 184 183 182 181 180 179 178 177 176 175 174 173 172 171 170 169 168 167 166 165.
c [Main] Encoding and solving for graph: V-nos6.mtx.rnd.
c [Label = 337] Minimize Makespan Labeling problem (V-nos6.mtx.rnd):
c [Label = 335] Minimize Makespan Labeling problem (V-nos6.mtx.rnd):
c [Label = 336] Minimize Makespan Labeling problem (V-nos6.mtx.rnd):
c [Label = 334] Minimize Makespan Labeling problem (V-nos6.mtx.rnd):
c [Label = 333] Minimize Makespan Labeling problem (V-nos6.mtx.rnd):
c [Label = 332] Minimize Makespan Labeling problem (V-nos6.mtx.rnd):
c [Label = 331] Minimize Makespan Labeling problem (V-nos6.mtx.rnd):
c [Label = 330] Minimize Makespan Labeling problem (V-nos6.mtx.rnd):
c [Label = 330] Encoding starts with target value = 164:
c [Label = 330] Encoding duration: 7571ms.
c [Label = 330] Number of clauses: 3895380.
c [Label = 330] Number of variables: 771673.
c [Label = 330] Solving duration: 24500 ms.
s [Label = 330] SAT (w = 164).
c [Label = 330] Label assignment: 1 1 1 162 1 160 161 328 1 166 164 1 164 169 162 2 164 1 160 3 1 161 1 165 3 2 165 164 1 162 1 327 162 164 162 1 164 328 1 160 1 161 330 164 1 329 170 1 325 165 330 1 326 162 164 165 159 1 164 164 1 165 164 1 1 165 170 165 164 327 3 328 2 162 164 330 4 330 165 327 8 164 166 162 2 165 164 165 162 326 327 1 166 327 172 164 324 329 328 329 164 330 2 2 328 328 328 168 328 323 329 326 3 327 329 164 1 164 163 168 161 328 167 167 1 330 329 163 166 163 330 330 328 162 329 166 163 328 330 159 164 1 327 164 162 166 330 327 166 330 161 329 164 326 161 165 328 327 325 159 166 163 167 164 330 1 165 330 330 166 159 166 1 165 164 1 330 329 327 330 1 166 168 165 325 165 164 166 330 164 165 168 162 325 163 163 165 1 326 2 165 164 163 164 330 162 162 166 167 166 165 166 166 165 162 329 1 330 162 325 328 162 162 328 328 163 164 164 328 328 330 163 163 165 165 326 165 330 163 329 326 327 1 3 161 328 330 161 165 329 162 165 1 1 330 1 329 328 330 329 166 329 165 329 167 326 325 326 328 326 162 164 163 327 163 1 1 328 166 163 329 161 166 328 163 160 165 163 163 1 3 165 329 164 328 160 166 163 165 166 327 328 165 329 163 164 163 328 160 329 2 1 162 329 330 162 168 166 163 327 164 164 163 329 330 165 326 166 4 329 328 328 165 165 1 1 330 329 163 162 328 160 4 330 329 163 329 330 162 327 165 327 329 166 164 2 330 330 4 1 168 166 326 6 329 164 6 327 164 165 329 165 160 1 329 328 329 162 1 329 330 2 166 4 1 330 328 328 166 161 329 328 329 162 164 165 163 330 3 163 164 330 329 165 329 6 165 167 165 326 165 329 1 329 162 165 325 163 1 165 166 329 329 328 163 165 328 327 163 326 329 170 328 330 170 330 328 329 329 172 328 163 168 329 1 165 4 328 164 161 329 166 162 163 2 1 328 329 2 162 330 170 163 163 168 163 163 161 163 2 163 327 327 327 330 330 328 164 165 6 162 162 329 326 4 165 329 165 167 329 1 163 165 165 328 328 327 165 329 329 165 163 329 165 163 163 164 328 165 330 165 166 161 329 4 330 327 329 164 165 329 329 163 166 2 165 2 167 164 168 328 164 163 170 161 163 162 165 327 167 166 327 328 166 164 164 162 168 328 330 165 167 325 328 330 324 330 167 330 165 326 163 329 164 329 170 165 165 325 168 165 328 166 165 329 328 328 165 162 329 4 162 327 2 166 164 329 165 329 328 330 328 328 163 6 329 165 165 169 163 327 330 330 328 164 163 162 165 165 328 327 166 165 330 327 165 172 329 328 163 165 329 161 328 330 330 165 161 166 164 329 162 163 162 329 329 163 330 164 163 165 161 167 164 1 326 168 166 163 329 163 164 164 167 329 329 163 327 326 165 163 165 1 169 165 167 329 328 164 5 162 328 328 329 330 
c [Label = 331] Encoding starts with target value = 164:
c [Label = 331] Encoding duration: 7721ms.
c [Label = 331] Number of clauses: 3903915.
c [Label = 331] Number of variables: 773023.
c [Signal] Signal interruption. Caught signal: SIGTERM (15).
c [Label = 332] Encoding starts with target value = 164:
c [Label = 332] Encoding duration: 7718ms.
c [Label = 332] Number of clauses: 3912451.
c [Label = 332] Number of variables: 774373.
c [Label = 332] Solving duration: 25022 ms.
s [Label = 332] SAT (w = 164).
c [Label = 332] Label assignment: 1 1 1 162 1 162 151 321 1 164 153 12 161 173 162 327 161 1 162 5 4 157 1 176 5 332 165 161 1 162 1 327 162 163 162 4 163 327 1 161 1 155 331 161 1 321 173 1 325 161 330 1 326 159 161 165 153 5 157 161 1 168 157 1 1 165 173 165 161 319 5 328 332 163 161 325 4 329 173 323 12 164 157 162 332 165 167 168 159 330 325 1 161 327 176 161 327 329 326 329 162 329 3 1 328 5 328 168 328 321 329 326 5 1 329 161 1 162 161 169 155 328 169 169 1 4 329 161 172 157 325 325 1 153 327 166 161 328 9 157 157 1 329 162 162 167 330 317 161 5 161 329 161 326 161 157 1 330 319 157 169 161 169 161 331 332 165 325 332 169 155 168 1 165 157 329 332 329 330 330 1 165 168 165 321 165 164 168 1 162 165 168 163 323 163 157 165 329 327 4 165 162 165 162 329 155 158 173 169 168 165 166 168 165 160 329 328 325 160 325 1 161 165 329 321 165 162 165 328 326 321 165 157 162 165 325 161 9 161 325 330 323 329 5 161 328 329 162 165 325 162 165 332 1 325 329 1 330 329 329 167 329 165 329 169 325 321 326 326 326 161 169 161 326 169 1 1 326 168 162 325 157 164 321 161 163 165 165 165 1 5 165 326 161 326 162 173 161 165 168 327 325 161 329 162 162 163 325 162 329 332 1 161 325 329 157 168 161 161 325 162 161 153 330 5 169 331 161 4 325 321 326 161 165 1 4 330 331 162 161 330 162 7 330 329 159 328 8 161 325 169 330 328 162 165 4 325 332 4 332 168 176 326 9 329 161 8 325 161 165 329 165 163 1 325 329 1 157 1 329 325 4 162 5 4 1 328 328 165 159 1 326 329 162 165 160 158 332 5 159 162 332 1 161 329 8 165 168 165 327 165 1 1 325 160 165 327 161 1 165 164 329 331 328 161 169 329 327 165 323 331 172 329 330 172 325 329 329 329 176 1 162 171 1 325 161 4 326 162 161 329 162 162 161 5 1 321 329 1 162 332 172 166 162 171 165 161 159 161 1 157 328 329 325 330 332 329 161 172 8 160 165 329 326 5 165 329 165 164 329 1 161 161 165 329 321 329 165 329 329 165 153 329 172 166 165 169 325 161 330 165 167 157 325 4 332 327 329 161 165 329 1 161 168 3 165 332 172 157 171 328 169 161 172 155 161 165 165 323 169 177 325 328 166 157 161 162 168 330 8 165 168 319 328 327 327 330 169 5 168 326 165 329 157 329 172 165 165 321 173 165 1 168 165 325 1 327 168 161 327 7 162 330 3 165 157 1 161 325 329 330 325 328 165 8 321 165 161 173 165 323 5 329 330 161 161 160 165 165 328 329 157 157 325 321 165 176 329 327 165 157 329 159 325 321 329 165 153 165 157 1 162 161 162 329 329 161 332 166 165 165 160 169 165 1 326 169 166 161 329 161 163 165 169 325 329 161 324 326 165 166 165 8 173 165 169 1 329 173 9 162 329 329 329 325 
c [Signal] Signal interruption. Caught signal: SIGTERM (15).
c [Main] Lowest label SAT is set to 330.
c [Main] Kill higher label pid 331.
c [Main] Kill higher label pid 332.
c [Main] Kill higher label pid 333.
c [Main] Kill higher label pid 334.
c [Main] Kill higher label pid 335.
c [Main] Kill higher label pid 336.
c [Main] Kill higher label pid 337.
c [Label = 334] Encoding starts with target value = 164:
c [Label = 334] Encoding duration: 7830ms.
c [Label = 334] Number of clauses: 3929522.
c [Label = 334] Number of variables: 777073.
c [Label = 334] Solving duration: 25170 ms.
s [Label = 334] SAT (w = 164).
c [Label = 334] Label assignment: 1 1 1 166 1 160 141 317 1 170 147 12 159 177 160 327 159 1 160 7 6 153 1 176 7 334 165 159 1 160 1 327 160 154 160 334 164 327 1 159 1 147 324 159 1 317 160 1 323 159 334 330 324 153 159 165 147 1 153 159 1 170 153 1 1 165 160 165 159 311 7 328 334 159 159 323 2 327 171 317 1 159 153 160 6 165 160 164 153 330 323 1 159 327 166 159 327 329 328 329 164 329 328 329 328 334 328 170 328 317 329 324 7 1 329 159 1 160 159 159 147 328 171 171 1 334 329 159 170 153 323 323 328 147 327 169 159 328 7 153 153 1 329 160 160 160 334 311 159 1 159 329 159 324 159 153 1 330 311 153 165 159 170 159 324 6 165 323 334 170 147 165 1 165 153 329 334 329 327 329 1 165 170 165 317 165 164 165 1 163 165 170 160 317 163 153 165 329 323 334 165 159 159 164 329 147 153 171 171 176 165 164 164 165 158 329 328 323 158 323 1 153 158 329 317 159 159 159 328 328 317 165 153 159 165 323 159 7 159 323 327 317 329 7 159 328 329 159 165 323 160 165 334 334 323 329 1 328 327 329 159 329 165 329 171 323 317 324 333 324 159 165 159 324 165 1 1 328 176 160 323 153 164 317 159 159 165 159 159 1 7 165 323 159 324 160 171 159 165 170 323 323 159 329 160 159 160 323 158 328 334 1 159 323 331 153 170 159 159 323 160 159 147 330 1 165 329 159 1 323 317 323 159 160 1 334 333 324 159 159 323 160 334 327 329 153 328 6 158 323 165 333 328 160 165 12 323 6 1 328 170 176 324 330 329 159 1 323 159 165 329 165 160 1 323 328 329 153 1 329 323 6 160 324 6 329 323 328 165 153 1 327 329 160 165 158 153 329 7 153 159 329 329 159 329 330 165 164 165 323 165 1 329 323 158 165 323 159 1 165 164 329 327 328 159 165 329 323 165 317 324 169 329 323 165 323 323 329 329 165 1 160 160 329 323 159 334 327 164 159 329 159 160 159 6 1 317 329 334 160 329 166 165 159 166 165 159 153 159 329 153 328 327 323 334 6 329 159 164 1 163 165 329 330 328 165 329 165 170 329 1 159 159 165 323 317 329 165 329 329 165 147 329 170 160 165 165 323 159 328 165 160 153 323 5 328 327 329 159 165 329 329 159 170 330 165 334 176 153 164 323 170 159 169 147 159 165 165 317 171 177 323 328 159 153 159 163 165 330 6 165 176 311 328 327 327 334 171 334 170 324 159 329 153 329 170 165 165 317 177 165 329 170 165 323 329 323 170 158 323 330 160 330 328 165 153 329 159 323 329 329 323 328 165 1 317 165 159 177 165 317 1 329 330 159 159 158 165 164 328 329 153 153 323 317 165 166 329 327 159 153 329 153 323 317 329 165 147 166 153 1 163 159 160 329 329 159 330 159 165 165 158 171 159 1 330 160 170 159 329 159 160 165 171 323 329 159 322 327 165 165 160 6 177 165 171 1 328 170 13 160 328 329 329 323 
c [Signal] Signal interruption. Caught signal: SIGTERM (15).
c [Label = 333] Encoding starts with target value = 164:
c [Label = 333] Encoding duration: 7606ms.
c [Label = 333] Number of clauses: 3920986.
c [Label = 333] Number of variables: 775723.
c [Label = 333] Solving duration: 24905 ms.
s [Label = 333] SAT (w = 164).
c [Label = 333] Label assignment: 1 1 1 168 1 159 145 319 1 173 150 16 160 175 161 327 160 1 154 6 10 155 1 180 6 6 165 160 1 161 1 327 159 161 159 10 164 327 1 160 1 150 330 160 1 319 169 1 324 160 333 1 325 155 160 165 150 6 155 160 1 174 155 1 1 165 164 165 160 314 6 328 6 160 160 324 5 329 175 319 5 164 155 163 5 165 161 169 155 323 324 1 160 327 169 160 327 329 328 329 164 332 333 1 328 6 328 170 328 319 329 327 6 1 329 160 1 163 160 168 150 328 170 170 1 5 329 160 175 155 324 324 333 150 329 168 160 328 11 155 155 1 328 161 159 166 333 314 160 6 160 329 160 325 160 155 1 330 314 155 170 160 170 160 330 5 165 324 333 170 150 165 1 165 155 329 1 329 328 329 1 165 175 165 319 165 164 166 1 164 165 175 160 319 163 155 165 329 324 333 165 161 164 164 330 150 155 175 170 174 165 168 164 165 159 329 328 324 161 324 328 161 164 328 319 165 161 165 328 328 319 165 155 160 165 324 160 11 160 324 327 319 329 6 160 328 329 159 165 324 159 165 5 1 324 329 1 328 327 329 166 329 165 329 170 324 319 327 328 327 160 170 160 325 170 1 1 328 174 161 324 155 164 319 160 160 165 165 164 1 6 165 324 160 325 163 175 160 165 175 324 324 160 331 161 161 161 324 160 329 333 1 160 324 332 155 169 160 160 324 161 160 150 330 6 170 329 160 1 324 319 324 160 165 1 5 332 329 159 160 327 163 5 330 329 155 328 11 160 324 170 332 328 161 165 10 324 9 6 333 169 180 323 333 329 160 10 324 164 165 329 165 161 1 324 328 1 155 1 329 324 5 161 333 10 1 328 328 165 155 329 327 329 161 160 159 155 330 6 155 160 333 1 160 329 5 165 169 165 324 165 1 1 324 159 165 324 160 1 165 168 329 330 328 160 170 329 324 160 319 329 175 329 330 170 324 328 329 329 174 1 161 169 1 324 160 6 327 164 160 329 161 161 160 6 1 319 329 6 163 330 174 168 160 169 165 160 155 160 1 155 328 329 324 333 5 328 160 174 5 159 159 329 332 332 165 329 165 169 329 1 160 160 165 328 319 329 165 329 329 165 150 329 179 166 165 170 324 160 332 167 166 155 324 10 332 327 329 164 165 329 1 160 174 333 165 333 179 155 169 325 170 160 174 150 160 165 165 319 170 180 324 328 166 155 160 163 170 327 11 165 174 314 328 327 327 333 170 6 170 323 164 329 155 329 174 165 165 319 175 165 1 169 165 324 1 324 174 160 324 5 161 332 333 165 155 1 160 324 329 330 324 328 165 10 319 165 160 175 165 319 6 329 330 160 160 159 165 165 328 329 155 155 324 319 166 174 329 327 165 155 329 155 324 319 329 165 150 168 155 329 159 160 161 329 329 160 332 161 165 165 159 170 163 1 332 168 169 160 329 160 163 164 170 324 329 160 323 323 165 166 165 15 175 165 170 329 329 175 11 159 329 329 329 324 
c [Signal] Signal interruption. Caught signal: SIGTERM (15).
c [Label = 335] Encoding starts with target value = 164:
c [Label = 335] Encoding duration: 7785ms.
c [Label = 335] Number of clauses: 3938057.
c [Label = 335] Number of variables: 778423.
c [Label = 335] Solving duration: 25370 ms.
s [Label = 335] SAT (w = 164).
c [Label = 335] Label assignment: 1 1 1 170 1 159 151 322 1 170 144 1 158 179 159 327 158 1 159 8 1 151 1 165 8 335 165 158 1 159 1 327 164 164 159 1 160 327 1 158 1 158 334 158 1 315 171 1 322 158 330 1 323 158 158 165 144 1 151 158 1 165 151 1 1 165 164 165 158 322 8 328 335 158 158 322 7 327 165 322 7 164 151 163 335 165 170 170 158 330 322 1 158 327 171 158 323 329 334 329 164 329 4 1 328 329 328 171 328 315 329 330 1 1 327 158 1 159 165 170 144 328 173 172 1 1 333 158 170 158 322 322 328 144 327 166 158 328 1 151 151 1 329 159 159 171 331 315 158 1 158 329 158 323 158 151 1 330 322 151 165 158 170 158 335 329 165 322 335 170 151 165 1 165 151 329 334 329 323 329 1 165 171 165 315 165 164 171 1 159 165 171 159 315 158 151 165 329 329 335 165 159 158 164 329 158 151 165 172 164 165 167 164 165 157 329 328 322 157 322 1 151 157 329 315 158 158 158 328 335 315 165 151 158 158 322 158 1 158 322 328 329 329 9 158 328 328 159 165 322 159 165 334 335 322 329 1 330 327 329 170 329 165 329 172 322 315 323 330 327 158 158 158 327 165 2 1 328 170 162 322 151 164 315 158 159 165 158 158 1 8 165 322 158 323 163 165 164 165 170 322 322 158 329 159 159 159 322 159 328 328 8 158 322 331 151 164 158 158 322 159 158 151 330 329 165 329 158 1 322 315 322 158 165 1 334 330 334 158 158 330 163 7 327 329 151 328 334 157 322 165 334 328 159 165 334 322 334 1 334 171 172 327 335 329 158 8 329 158 165 329 165 159 329 322 328 329 151 1 329 322 335 159 335 1 329 322 328 165 151 1 327 335 159 165 157 151 335 15 151 158 333 329 158 329 7 165 163 165 327 165 1 1 322 158 165 329 158 1 165 163 329 327 328 158 165 329 322 165 322 334 178 329 330 165 322 322 329 329 172 329 162 171 329 322 158 7 327 160 158 329 158 159 158 6 1 315 329 1 166 335 178 165 158 171 165 158 165 159 1 151 329 327 322 331 335 329 158 165 1 166 165 329 334 334 165 329 165 164 329 1 159 158 165 322 315 329 165 329 329 165 144 329 166 163 165 165 322 158 331 165 170 151 322 7 328 329 329 158 165 329 329 158 171 7 165 335 172 151 175 322 165 158 172 151 158 165 165 315 172 172 322 329 166 151 158 163 165 330 1 165 165 315 328 327 327 331 172 334 165 330 158 329 151 329 178 165 165 315 179 165 329 171 165 322 329 322 170 157 322 7 159 334 335 165 151 329 158 322 329 330 322 328 165 14 315 165 158 172 165 315 1 329 330 158 158 157 165 164 329 329 151 151 322 315 165 178 329 327 158 151 329 151 322 315 329 165 144 167 151 1 163 158 159 329 329 158 335 166 165 165 158 165 165 1 334 170 166 158 329 158 159 165 172 322 329 158 322 330 165 165 165 1 179 172 179 1 328 163 8 163 328 329 1 322 
c [Signal] Signal interruption. Caught signal: SIGTERM (15).
c [Label = 337] Encoding starts with target value = 164:
c [Label = 337] Encoding duration: 7616ms.
c [Label = 337] Number of clauses: 3955128.
c [Label = 337] Number of variables: 781123.
c [Label = 337] Solving duration: 25039 ms.
s [Label = 337] SAT (w = 164).
c [Label = 337] Label assignment: 1 1 1 172 1 157 147 320 1 173 138 1 156 183 157 327 156 1 157 10 1 147 1 165 10 9 165 156 1 157 1 327 164 164 157 1 159 327 1 156 1 156 337 156 1 311 183 1 320 156 330 1 321 156 156 165 138 1 147 156 1 165 147 1 1 165 183 165 156 320 10 328 8 156 156 320 10 327 165 320 28 164 147 163 1 165 172 172 156 330 320 1 156 327 192 156 321 329 336 329 164 329 9 1 328 329 328 174 328 311 329 330 1 1 327 156 1 157 165 174 138 328 177 174 1 1 336 156 172 156 320 320 328 138 327 166 156 328 1 147 147 1 329 157 157 173 332 311 156 1 156 329 156 321 156 147 1 330 320 147 165 156 172 156 337 1 165 320 337 172 147 165 1 165 147 329 336 329 321 329 1 165 181 165 311 165 164 173 1 157 165 180 157 311 156 147 165 329 329 9 165 157 156 164 329 156 147 165 174 174 165 168 173 165 155 329 328 320 155 320 1 147 155 329 311 156 156 156 328 337 311 165 147 156 156 320 156 1 156 320 328 329 329 13 156 328 328 157 165 320 157 165 1 337 320 329 1 330 327 329 173 329 165 329 174 320 311 321 330 327 156 156 156 327 165 4 329 328 173 163 320 147 165 311 156 157 165 156 156 1 10 165 320 156 321 163 165 164 165 173 320 320 156 329 157 157 157 320 157 328 1 10 156 320 332 147 165 156 156 320 157 156 147 330 329 165 329 156 10 320 311 320 156 165 1 1 330 336 156 156 330 163 16 327 329 147 328 336 155 320 165 336 328 157 165 1 320 337 10 336 174 174 327 19 329 156 19 329 156 165 329 165 157 329 320 328 329 147 1 329 320 1 157 10 1 329 320 328 165 147 1 327 337 157 165 155 147 337 19 147 156 335 329 156 329 19 165 165 165 327 165 1 1 320 156 165 329 156 1 165 164 329 327 328 156 165 329 320 165 320 336 183 329 330 183 320 320 329 329 192 329 163 182 329 320 156 10 327 159 156 329 156 157 156 8 1 311 329 7 166 337 189 165 156 182 165 156 165 157 1 147 329 327 320 332 9 329 156 165 19 166 165 329 336 10 165 329 165 174 329 1 157 156 165 320 311 329 165 329 329 165 138 329 174 163 165 165 320 156 332 165 173 147 320 16 337 329 329 156 165 329 329 156 174 9 165 1 174 147 182 320 165 156 183 147 156 165 165 311 174 174 320 329 166 147 156 163 174 330 1 165 174 311 328 327 327 332 174 336 165 330 156 329 147 329 183 165 165 311 183 165 329 173 165 320 329 320 165 155 320 18 157 336 9 165 147 329 156 320 329 330 320 328 165 19 311 165 156 174 165 311 1 329 330 156 156 155 165 164 329 329 147 147 320 311 164 192 329 327 156 147 329 147 320 311 329 165 138 168 147 1 163 156 157 329 329 156 337 166 165 165 156 165 165 1 336 174 166 156 329 156 157 165 174 320 329 156 320 330 165 165 165 1 183 174 183 1 328 163 10 163 328 329 1 320 
c [Signal] Signal interruption. Caught signal: SIGTERM (15).
c [Label = 336] Encoding starts with target value = 164:
c [Label = 336] Encoding duration: 7672ms.
c [Label = 336] Number of clauses: 3946593.
c [Label = 336] Number of variables: 779773.
c [Label = 336] Solving duration: 25865 ms.
s [Label = 336] SAT (w = 164).
c [Label = 336] Label assignment: 1 1 1 171 1 158 149 321 1 171 141 1 157 181 158 327 157 1 158 9 1 149 1 165 9 336 165 157 1 158 1 327 157 159 158 1 157 327 1 157 1 157 331 157 1 313 172 1 321 157 327 330 322 157 157 165 141 1 149 157 1 165 149 1 1 165 164 165 157 321 9 330 336 157 157 321 8 327 165 321 8 159 149 163 336 165 159 158 157 330 321 1 157 327 172 157 322 329 328 329 157 329 3 2 328 329 336 172 328 313 329 330 1 1 327 157 1 158 165 171 141 328 175 173 1 330 336 157 171 157 321 321 328 141 327 158 157 328 1 149 149 1 329 158 158 167 329 313 157 1 157 329 157 322 157 149 1 330 321 149 165 157 171 157 331 335 165 321 330 171 149 166 1 165 149 329 330 329 322 329 1 165 172 165 313 165 158 167 1 164 165 172 158 313 157 149 165 329 329 336 165 158 157 157 329 157 149 165 173 164 165 158 164 165 165 329 328 321 156 321 1 149 156 329 313 157 157 157 328 321 313 165 149 157 157 321 157 336 157 321 328 329 329 11 157 328 328 158 165 321 158 165 335 336 321 329 1 322 327 329 167 329 165 329 173 321 313 322 329 327 157 157 157 328 157 3 1 322 171 164 321 149 164 313 157 158 165 157 157 1 9 165 321 157 322 163 165 164 165 171 321 321 157 329 158 158 158 321 158 328 336 9 157 321 329 149 172 157 157 321 158 157 149 330 329 165 329 157 1 321 313 321 157 164 1 330 328 330 157 157 323 163 8 327 329 149 328 335 156 321 165 335 328 158 165 335 321 335 1 328 172 173 322 336 329 157 9 329 157 165 329 165 158 329 321 328 329 149 1 329 321 8 158 336 1 329 321 328 165 149 1 327 336 158 165 156 149 331 17 149 157 330 329 157 329 8 165 164 165 327 165 329 2 321 157 165 329 157 1 165 158 329 327 328 157 165 329 321 165 321 329 180 329 330 165 321 321 329 329 173 329 164 172 329 321 157 8 327 158 157 329 157 158 157 7 1 313 329 1 166 331 180 165 157 172 165 157 165 158 1 149 329 327 321 329 336 329 157 165 1 157 165 329 335 335 165 329 165 164 329 1 158 157 165 321 313 329 165 329 330 165 141 329 166 163 165 165 321 157 330 165 167 149 321 8 328 329 329 157 165 329 329 157 172 336 165 336 173 149 172 321 163 158 173 149 157 165 165 313 173 172 321 329 166 149 157 163 165 330 1 165 171 313 328 327 327 329 173 335 165 322 157 329 149 329 180 166 165 313 181 165 329 172 165 321 329 321 165 156 321 8 158 335 336 166 149 329 157 321 329 330 321 329 165 16 313 165 157 173 165 313 1 329 330 157 157 156 165 164 329 329 149 149 321 313 165 180 329 327 157 149 329 149 321 313 329 165 141 158 149 1 164 157 158 329 329 157 330 159 165 165 157 165 158 1 335 171 158 157 329 157 158 165 173 321 329 157 321 322 165 165 164 1 181 173 181 1 328 163 9 158 328 329 1 321 
c [Signal] Signal interruption. Caught signal: SIGTERM (15).
c [Label = 329] Minimize Makespan Labeling problem (V-nos6.mtx.rnd):
c [Main] Child pid 337 - 96376 terminated by signal 15.
c [Label = 328] Minimize Makespan Labeling problem (V-nos6.mtx.rnd):
c [Main] Child pid 334 - 96379 terminated by signal 15.
c [Main] Child pid 333 - 96380 terminated by signal 15.
c [Label = 326] Minimize Makespan Labeling problem (V-nos6.mtx.rnd):
c [Label = 327] Minimize Makespan Labeling problem (V-nos6.mtx.rnd):
c [Main] Child pid 331 - 96382 terminated by signal 15.
c [Main] Child pid 336 - 96377 terminated by signal 15.
c [Label = 324] Minimize Makespan Labeling problem (V-nos6.mtx.rnd):
c [Main] Child pid 332 - 96381 terminated by signal 15.
c [Label = 325] Minimize Makespan Labeling problem (V-nos6.mtx.rnd):
c [Label = 323] Minimize Makespan Labeling problem (V-nos6.mtx.rnd):
c [Main] Child pid 335 - 96378 terminated by signal 15.
c [Label = 322] Minimize Makespan Labeling problem (V-nos6.mtx.rnd):
c [Label = 323] Encoding starts with target value = 164:
c [Label = 323] Encoding duration: 6557ms.
c [Label = 323] Number of clauses: 3511451.
c [Label = 323] Number of variables: 653548.
c [Label = 323] Solving duration: 0 ms.
s [Label = 323] UNSAT (w = 164).
c [Label = 322] Encoding starts with target value = 164:
c [Label = 322] Encoding duration: 6573ms.
c [Label = 322] Number of clauses: 3502916.
c [Label = 322] Number of variables: 652198.
c [Label = 322] Solving duration: 0 ms.
s [Label = 322] UNSAT (w = 164).
c [Main] Highest label UNSAT is set to 323
c [Main] Kill lower label pid 322.
c [Label = 325] Encoding starts with target value = 164:
c [Label = 325] Encoding duration: 6618ms.
c [Label = 325] Number of clauses: 3528522.
c [Label = 325] Number of variables: 656248.
c [Label = 325] Solving duration: 0 ms.
s [Label = 325] UNSAT (w = 164).
c [Label = 326] Encoding starts with target value = 164:
c [Label = 326] Encoding duration: 6716ms.
c [Label = 326] Number of clauses: 3537058.
c [Label = 326] Number of variables: 657598.
c [Label = 326] Solving duration: 0 ms.
s [Label = 326] UNSAT (w = 164).
c [Main] Highest label UNSAT is set to 325
c [Main] Kill lower label pid 324.
c [Label = 324] Encoding starts with target value = 164:
c [Label = 324] Encoding duration: 7099ms.
c [Label = 324] Number of clauses: 3519987.
c [Label = 324] Number of variables: 654898.
c [Label = 324] Solving duration: 0 ms.
s [Label = 324] UNSAT (w = 164).
c [Signal] Signal interruption. Caught signal: SIGTERM (15).
c [Label = 327] Encoding starts with target value = 164:
c [Label = 327] Encoding duration: 6769ms.
c [Label = 327] Number of clauses: 3545593.
c [Label = 327] Number of variables: 658948.
c [Label = 327] Solving duration: 0 ms.
s [Label = 327] UNSAT (w = 164).
c [Main] Child pid 324 - 96400 terminated by signal 15.
c [Main] Highest label UNSAT is set to 326
c [Main] Highest label UNSAT is set to 327
c [Label = 328] Encoding starts with target value = 164:
c [Label = 328] Encoding duration: 6851ms.
c [Label = 328] Number of clauses: 3554129.
c [Label = 328] Number of variables: 660298.
c [Label = 328] Solving duration: 164 ms.
s [Label = 328] UNSAT (w = 164).
c [Main] Highest label UNSAT is set to 328
c [Label = 329] Encoding starts with target value = 164:
c [Label = 329] Encoding duration: 7110ms.
c [Label = 329] Number of clauses: 3559469.
c [Label = 329] Number of variables: 661648.
c [Label = 329] Solving duration: 16001 ms.
s [Label = 329] SAT (w = 164).
c [Label = 329] Label assignment: 1 1 1 161 1 162 161 327 329 167 163 1 163 166 163 329 163 1 164 2 1 163 1 165 2 3 165 164 329 162 1 327 164 164 165 1 164 1 1 164 327 162 329 164 1 327 166 1 327 164 1 1 329 163 164 164 162 328 164 164 329 165 163 1 1 165 166 165 164 326 1 329 2 163 164 327 1 329 164 327 2 164 163 161 1 165 164 164 163 329 328 1 164 328 167 164 327 329 328 327 165 1 329 1 329 329 329 166 327 326 328 327 1 328 327 164 1 166 164 166 163 328 165 166 329 329 329 164 165 163 328 328 328 164 329 165 164 328 329 162 164 1 328 165 165 165 329 326 163 329 163 329 164 329 162 163 328 327 326 162 163 164 166 164 329 1 165 328 329 166 162 165 1 165 164 329 329 329 327 329 1 165 167 165 327 165 165 165 1 165 165 167 163 327 164 164 165 1 327 329 164 165 164 165 1 162 164 164 166 166 165 165 165 165 165 329 1 327 163 327 1 162 163 1 328 164 162 163 1 329 327 164 163 164 165 329 164 329 164 328 327 327 329 1 164 328 329 163 165 328 165 165 329 1 328 1 327 329 329 329 165 329 165 329 166 329 327 327 329 326 165 164 163 328 165 329 1 329 167 164 328 163 164 328 164 163 162 163 164 329 2 165 328 164 329 161 164 164 165 167 328 328 165 329 163 164 165 328 163 329 329 1 164 328 329 164 165 164 164 328 164 164 162 329 329 163 327 164 1 328 328 328 165 165 1 329 329 329 162 164 329 162 1 1 329 163 329 329 163 328 164 326 329 165 163 2 328 2 2 329 165 165 329 2 329 164 2 328 166 165 329 165 162 329 328 328 329 164 1 329 328 1 165 1 329 327 327 329 165 163 1 326 329 165 165 165 164 329 2 163 164 329 328 165 328 2 165 165 164 328 165 329 1 328 163 165 328 163 1 165 164 329 329 328 164 165 328 327 165 327 329 167 326 329 166 328 327 329 329 166 328 164 165 327 328 164 2 326 165 164 329 165 162 164 2 1 328 329 2 162 329 166 162 162 165 164 164 163 163 1 163 328 329 328 329 2 329 164 165 1 164 165 329 325 2 165 329 165 165 329 1 163 164 165 327 328 328 165 329 329 165 162 329 165 162 164 164 329 165 329 165 165 163 329 2 329 328 329 165 165 329 327 164 166 1 165 329 165 163 165 327 165 165 166 162 164 164 164 327 165 165 328 328 165 163 165 161 166 328 329 165 166 326 328 329 326 329 166 329 165 329 163 328 163 329 166 165 165 327 166 165 329 165 165 329 327 328 165 163 328 1 165 326 1 165 163 328 164 329 328 329 328 329 164 2 327 165 164 166 163 328 328 329 328 165 163 164 165 165 328 328 163 163 329 327 165 167 329 328 162 163 329 163 328 327 329 165 162 165 164 1 164 164 163 329 328 164 329 164 162 163 164 165 165 1 326 166 165 164 328 165 165 165 166 328 1 163 328 329 165 163 165 329 167 165 166 1 327 165 2 164 327 329 329 328 
c [Main] Lowest label SAT is set to 329.
c [Signal] Signal interruption. Caught signal: SIGTERM (15).
c [Main] All children have completed.
r [Main] 
r [Main] Final results: 
r [Main] Lowest label SAT:  	329.
r [Main] Highest label UNSAT:	328.
r [Main] Total real time: 57910 ms.
r [Main] Total memory consumed: 12766.2 MB.
r [Main] 
