c [Version] Minimize Makespan Labeling Encoder version 1.0.0.
c [Param] LB is predefined as 341.
c [Param] UB is predefined as 741.
c [Param] Memory limit is set to 30000.
c [Param] Real time limit is set to 1800.
c [Main] Search strategy: Incremental from upper bound.
c [Main] Encoding and solving for graph: Q-494_bus.mtx.rnd.
c [Incremental] Minimize Makespan Labeling Antibandwidth problem (Q-494_bus.mtx.rnd):
c [Incremental] Encoding starts with target value = 340:
c [Incremental] Encoding duration: 4861ms.
c [Incremental] Number of clauses: 3924137.
c [Incremental] Number of variables: 961324.
c [Incremental] Solving for max label = 741:
c [Incremental] Solving duration: 353882 ms.
s [Incremental] SAT (label = 741).
Label assignment: 323 699 341 283 709 407 123 387 340 47 320 339 685 330 395 623 691 291 329 601 463 338 253 38 374 27 697 327 308 306 41 729 335 301 379 288 309 567 316 298 534 603 302 139 367 137 303 703 454 669 310 471 692 300 708 394 359 695 687 88 560 25 78 132 572 26 549 22 501 694 612 332 576 446 297 32 410 433 618 540 597 314 384 23 63 526 299 733 372 167 731 678 33 392 698 307 265 89 34 555 672 305 293 11 730 20 46 73 616 575 570 52 65 315 363 296 328 102 665 681 334 666 98 701 476 696 324 510 648 383 565 295 506 386 637 96 326 719 619 277 649 710 10 373 160 482 116 257 321 268 683 333 36 266 728 656 331 604 662 260 561 503 664 606 356 234 502 396 290 682 31 563 557 617 741 366 119 161 670 18 285 607 289 598 70 233 413 530 60 425 322 39 520 647 243 668 86 582 721 611 28 390 29 45 292 49 235 440 457 21 715 676 61 507 355 621 580 53 278 71 256 74 651 690 228 24 590 674 248 169 376 586 424 14 43 411 401 255 686 239 244 573 663 238 227 638 281 50 13 646 44 388 734 675 713 129 515 511 19 602 677 579 718 274 684 615 700 627 593 30 59 245 688 632 57 633 224 655 578 163 667 251 495 650 369 635 223 599 267 610 399 588 641 220 393 37 564 714 519 671 525 516 706 499 5 275 279 577 236 100 727 231 622 642 222 4 6 269 35 346 112 400 720 351 723 237 707 242 180 343 42 659 270 629 716 726 608 230 85 600 276 543 645 349 259 40 705 221 344 219 352 614 15 166 190 736 55 273 48 217 171 131 658 80 118 630 127 204 95 643 348 634 391 51 542 94 286 271 262 385 704 592 17 232 558 110 261 7 624 654 189 318 362 711 342 16 272 722 164 62 240 104 737 613 673 311 522 105 653 689 9 218 56 735 252 595 8 67 247 229 732 640 64 249 626 3 594 81 591 12 114 693 625 389 155 178 562 538 652 620 738 212 631 712 254 644 156 258 191 679 717 739 544 459 214 551 661 381 183 583 84 498 54 378 657 371 304 740 250 142 628 66 639 660 398 58 173 103 2 130 347 380 360 75 146 282 596 605 609 725 636 724 589 280 
c [Incremental] Max used label: 741.
c [Incremental] Label 741 is removed from searching.
c [Incremental] Solving for max label = 740:
c [Incremental] Solving duration: 865 ms.
s [Incremental] SAT (label = 740).
Label assignment: 323 699 341 283 709 407 123 387 340 47 320 339 685 330 395 623 691 291 329 601 463 338 253 38 374 27 697 327 308 306 26 729 335 301 379 288 309 567 316 298 534 603 302 139 367 137 303 703 454 669 310 471 692 300 708 392 359 695 687 88 560 82 78 132 572 25 549 22 501 694 612 332 576 446 297 32 410 433 618 540 597 314 384 23 63 526 299 733 372 167 731 678 33 396 698 307 265 89 34 555 672 305 293 11 730 20 46 73 616 575 570 52 65 315 363 296 328 102 665 681 334 666 98 701 476 696 324 510 648 365 565 295 506 386 637 96 326 719 619 277 649 710 10 373 160 482 116 257 321 268 683 333 36 266 728 656 331 604 662 260 561 503 664 606 356 234 502 397 290 682 31 563 557 617 734 366 119 161 670 18 285 607 289 598 70 233 413 530 60 425 322 44 520 647 243 668 86 582 39 611 28 390 29 45 292 49 235 440 457 21 715 676 53 507 355 621 580 51 278 71 256 74 651 690 228 24 590 674 248 169 376 586 424 14 43 411 394 255 686 239 244 573 663 238 227 638 281 58 13 646 42 388 721 675 713 129 515 511 19 602 677 579 718 274 684 615 700 627 593 30 59 245 688 632 57 633 224 655 578 163 667 251 495 650 369 635 223 599 267 610 399 588 641 220 393 37 564 714 519 671 525 516 706 499 5 275 279 577 236 100 727 231 622 642 222 4 6 269 35 346 112 400 720 351 723 237 707 242 180 343 134 659 270 629 716 726 608 230 85 600 276 543 645 349 259 40 705 221 344 219 352 614 15 166 190 736 55 273 48 217 171 131 658 80 118 630 127 204 95 643 348 634 380 50 542 94 286 271 262 383 704 592 17 232 558 110 261 7 624 654 189 318 362 711 342 16 272 722 164 62 240 104 737 613 673 311 522 105 653 689 9 218 56 735 252 595 8 67 247 229 732 640 64 249 626 3 594 81 591 12 114 693 625 389 155 178 562 538 652 620 738 212 631 712 254 644 156 258 191 679 717 739 544 459 214 551 661 381 183 583 84 498 54 378 657 371 304 740 250 142 628 66 639 660 398 1 173 103 2 130 347 385 360 75 146 282 596 605 609 725 636 724 589 280 
c [Incremental] Max used label: 740.
c [Incremental] Label 740 is removed from searching.
c [Incremental] Solving for max label = 739:
c [Incremental] Solving duration: 797 ms.
s [Incremental] SAT (label = 739).
Label assignment: 323 699 341 283 709 407 123 387 340 47 320 339 685 330 395 623 691 291 329 601 463 338 253 38 374 27 697 327 308 306 26 729 335 301 379 288 309 567 316 298 534 603 302 139 367 137 303 703 454 669 310 471 682 300 708 392 359 695 687 88 560 82 78 132 572 25 549 22 501 689 612 332 576 446 297 32 410 433 618 540 597 314 384 23 63 526 299 733 372 167 731 678 33 396 698 307 265 89 34 702 672 305 293 11 730 20 46 73 616 575 570 52 65 315 363 296 328 102 665 681 334 666 98 701 476 696 324 510 648 365 565 295 506 386 637 96 326 719 619 277 649 694 10 373 160 482 116 257 321 268 686 333 36 266 728 656 331 604 662 260 561 503 664 606 356 234 502 397 290 555 31 563 557 617 734 366 119 161 670 18 285 607 289 598 70 233 413 530 710 425 322 44 520 647 243 668 86 582 39 611 352 390 574 45 292 49 235 440 457 21 715 676 53 507 355 621 580 51 278 71 256 74 651 690 228 24 590 674 248 169 376 586 424 14 43 411 394 255 692 239 244 573 663 238 227 638 281 58 528 646 13 388 721 675 713 129 515 511 345 602 677 579 718 274 684 615 700 627 593 30 59 245 688 632 57 633 224 655 578 163 667 251 495 650 5 635 223 599 267 610 399 588 641 220 393 37 564 716 519 671 525 516 706 499 42 275 279 577 236 100 727 231 622 642 222 4 6 269 35 346 112 370 720 351 723 237 707 242 180 343 134 659 270 629 19 726 608 230 85 600 276 543 645 349 259 40 705 221 344 212 348 614 15 166 190 736 55 273 48 217 171 131 658 80 118 630 127 204 95 643 216 634 380 50 542 94 286 271 262 383 704 592 17 232 693 110 261 7 624 654 189 318 362 9 342 488 272 722 164 62 240 104 737 613 673 311 522 105 653 711 56 218 16 735 252 595 8 67 247 229 683 640 64 249 626 3 594 81 591 12 114 732 625 389 155 178 562 538 652 620 738 219 631 712 254 644 156 258 191 679 717 739 544 459 214 551 661 381 183 583 84 498 54 378 657 371 304 714 250 142 628 66 639 660 398 1 173 103 2 130 364 385 360 75 146 282 596 605 609 725 636 724 589 280 
c [Incremental] Max used label: 739.
c [Incremental] Label 739 is removed from searching.
c [Incremental] Solving for max label = 738:
c [Incremental] Solving duration: 49779 ms.
s [Incremental] SAT (label = 738).
Label assignment: 312 620 338 310 288 407 123 379 339 387 320 337 709 330 395 651 635 291 294 601 463 284 389 11 373 26 697 289 301 306 27 708 335 215 36 287 228 567 298 327 534 730 302 139 365 137 303 703 454 666 64 471 678 300 615 394 313 695 691 88 560 82 78 132 572 25 549 22 501 689 612 297 576 446 336 32 410 433 619 540 46 314 384 23 63 526 299 733 372 167 731 624 33 391 621 307 265 53 20 702 669 341 319 359 699 396 43 73 584 575 570 34 65 315 363 295 296 102 399 701 304 668 98 729 357 696 324 510 685 386 565 293 506 366 637 96 326 719 625 277 672 694 376 390 160 482 116 257 333 268 698 321 44 266 728 647 331 604 662 260 561 503 656 658 356 234 502 397 334 555 18 563 557 623 734 645 119 161 687 369 235 673 59 598 70 233 413 530 710 425 285 39 520 649 243 648 86 582 340 611 352 29 574 28 77 13 292 440 457 21 715 674 52 507 355 622 580 49 278 71 256 74 677 688 223 38 590 661 248 169 14 586 424 353 380 411 393 255 713 239 244 573 692 238 219 638 227 57 528 680 42 45 721 682 24 129 515 511 345 602 667 579 718 274 684 578 15 593 589 30 37 245 700 633 41 632 224 654 594 163 675 251 495 641 5 631 368 599 267 610 381 588 671 220 392 162 564 716 519 613 525 516 605 499 51 275 279 577 236 100 727 231 642 659 222 4 6 269 438 346 437 370 653 35 351 237 723 242 180 343 134 726 270 628 19 374 608 230 85 600 276 543 720 347 259 40 676 221 344 212 358 614 16 166 190 736 55 273 704 217 171 131 630 80 118 655 127 204 95 629 252 383 371 48 542 94 286 271 262 31 693 592 705 232 686 110 261 7 617 643 189 318 17 8 66 488 272 722 164 62 240 104 737 711 634 322 522 105 650 707 58 218 56 735 342 732 9 67 247 229 683 640 225 249 626 3 587 81 591 12 114 690 644 364 155 178 562 538 585 616 738 216 627 706 254 636 156 258 191 679 657 725 544 459 214 551 646 717 183 87 84 663 54 283 652 378 290 712 250 142 664 311 660 714 398 50 173 103 2 130 348 385 1 75 146 282 596 595 609 681 639 724 583 280 
c [Incremental] Max used label: 738.
c [Incremental] Label 738 is removed from searching.
c [Incremental] Solving for max label = 737:
c [Incremental] Solving duration: 1052 ms.
s [Incremental] SAT (label = 737).
Label assignment: 312 620 338 310 288 407 123 379 339 387 320 337 669 330 395 651 635 291 294 601 463 284 389 11 373 26 697 289 301 306 27 708 335 215 36 287 228 567 298 327 534 730 302 139 365 137 303 703 454 666 64 471 678 300 615 394 313 695 691 88 560 82 78 132 572 25 549 22 501 689 612 297 576 446 336 32 410 433 619 540 49 314 384 23 63 526 299 709 372 167 733 624 33 391 621 307 265 53 20 702 687 341 319 359 699 396 43 73 584 575 570 34 65 315 363 295 296 102 399 701 304 668 98 729 357 696 324 510 685 386 565 293 506 366 637 96 326 719 625 277 672 694 376 367 160 482 116 257 333 268 698 321 731 266 728 647 331 604 662 260 561 503 656 658 356 234 502 397 213 555 18 563 557 623 734 645 119 161 670 369 235 673 59 598 70 233 413 530 710 425 285 39 520 649 243 648 86 582 340 611 352 29 574 28 77 13 292 440 457 14 715 674 52 507 355 622 580 21 278 71 256 74 677 688 223 38 590 661 248 169 10 586 424 353 380 411 393 255 713 239 244 573 692 238 219 638 227 57 528 680 42 46 721 682 24 129 515 511 345 602 667 579 718 274 684 578 15 593 589 30 37 245 700 633 41 632 224 654 594 163 675 251 495 641 5 631 368 599 267 610 381 588 671 220 392 162 564 716 519 613 525 516 605 499 51 275 279 577 236 100 727 231 642 659 222 4 6 269 438 346 437 370 653 35 351 237 723 242 180 343 134 726 270 628 19 374 608 230 85 600 276 543 720 347 259 40 676 221 344 212 358 614 16 166 190 736 55 273 704 217 171 131 630 80 118 655 127 204 95 629 252 383 371 48 542 94 286 271 262 31 693 592 705 232 686 110 261 7 617 643 189 318 17 8 66 488 272 722 164 62 240 104 737 711 634 322 522 105 650 707 58 218 56 735 342 732 9 67 247 229 683 640 225 249 626 3 587 81 591 12 114 690 644 364 155 178 382 538 585 616 45 216 627 706 254 636 156 258 191 679 657 725 544 459 214 551 646 717 183 87 84 663 54 283 652 581 290 712 250 142 664 311 660 714 398 50 173 103 2 130 348 385 1 75 146 282 596 595 609 681 639 724 583 280 
c [Incremental] Max used label: 737.
c [Incremental] Label 737 is removed from searching.
c [Incremental] Solving for max label = 736:
c [Incremental] Solving duration: 947 ms.
s [Incremental] SAT (label = 736).
Label assignment: 312 620 338 310 288 407 123 379 339 387 253 337 669 330 395 651 635 205 294 601 463 284 389 11 373 26 697 289 301 306 27 708 335 215 36 287 228 567 298 327 534 730 302 139 365 137 303 703 454 666 64 471 678 300 615 384 313 695 691 88 560 82 78 132 572 181 549 325 501 689 612 297 576 446 336 32 597 433 619 540 49 314 388 23 63 526 246 709 372 167 733 624 33 391 621 307 265 53 20 702 687 341 319 359 699 394 43 73 582 575 570 34 65 315 363 295 296 102 399 701 304 668 98 729 357 696 324 510 685 386 565 213 506 366 637 96 326 719 625 277 672 367 376 350 160 482 116 257 333 268 698 321 731 266 728 647 331 604 662 260 561 503 656 658 356 234 502 396 209 555 18 563 557 623 734 645 119 161 670 369 235 673 59 598 70 233 413 530 710 425 285 39 520 649 243 648 86 574 340 611 22 29 204 28 77 13 292 440 457 14 715 674 52 507 355 622 580 21 278 71 256 74 677 688 223 38 590 661 25 169 10 586 424 353 380 411 393 255 713 239 244 573 692 238 219 638 227 57 207 680 42 46 721 602 24 129 515 511 345 579 667 509 718 274 684 578 15 593 589 30 37 245 700 633 41 632 224 654 594 163 675 251 495 641 723 631 368 599 267 610 381 588 671 220 392 162 564 716 519 613 525 516 605 499 726 275 279 577 236 100 727 231 642 659 222 4 6 269 438 346 437 370 653 35 351 237 682 242 180 343 134 720 270 628 19 374 608 230 85 584 276 543 600 347 203 40 676 221 344 212 358 614 16 166 190 5 55 273 704 217 171 131 630 80 118 655 127 208 95 629 252 592 371 48 542 94 286 271 262 31 693 571 705 232 686 110 261 7 617 643 189 318 17 8 66 377 272 722 164 62 240 104 736 711 634 322 522 105 650 707 58 218 56 735 342 732 9 67 247 229 683 640 225 249 626 3 587 81 591 12 114 690 644 364 155 178 382 538 585 616 45 216 627 706 254 636 156 258 191 679 657 725 544 459 214 551 646 717 183 87 84 663 54 283 652 581 290 712 250 142 664 311 660 714 398 50 173 103 2 130 348 385 1 75 146 282 596 595 609 681 639 724 583 280 
c [Incremental] Max used label: 736.
c [Incremental] Label 736 is removed from searching.
c [Incremental] Solving for max label = 735:
c [Incremental] Solving duration: 854 ms.
s [Incremental] SAT (label = 735).
Label assignment: 312 620 338 310 288 407 123 379 339 387 253 337 669 330 394 651 635 205 294 601 463 284 389 11 373 26 697 289 301 306 27 708 335 215 36 287 228 567 298 327 534 730 302 139 365 137 303 703 454 666 64 471 572 300 615 384 313 695 691 88 560 82 78 132 584 181 549 325 501 689 612 297 576 446 336 32 597 433 619 540 49 314 388 23 63 526 246 696 372 167 721 624 33 391 621 307 265 53 20 702 678 341 319 359 699 390 43 73 582 575 570 34 65 315 363 295 296 102 399 701 304 668 98 729 357 698 324 510 687 386 565 213 506 366 637 96 326 709 625 277 672 367 376 350 160 482 116 257 202 268 685 321 731 266 728 647 331 604 662 260 561 503 656 658 356 234 502 395 209 555 18 563 557 623 733 645 119 161 670 369 235 673 59 598 70 233 413 530 710 425 285 39 520 649 243 648 86 574 340 611 22 29 204 28 77 13 292 440 457 14 715 674 52 507 355 622 580 21 278 71 256 74 677 688 223 38 590 661 25 169 10 586 424 353 380 411 393 255 713 239 244 573 692 238 219 638 227 57 207 680 42 46 719 602 24 129 515 511 345 579 667 509 718 274 684 578 15 593 589 30 37 245 700 633 41 632 224 654 594 163 675 251 495 641 723 631 368 599 267 610 381 588 671 220 392 162 564 716 519 613 525 516 605 499 726 275 279 577 236 100 727 231 642 659 222 4 6 269 438 346 437 370 653 35 351 237 682 242 180 343 134 720 270 628 19 374 608 230 85 569 276 543 600 347 203 40 676 221 344 212 358 614 16 166 190 5 44 273 704 217 171 131 630 80 118 655 127 208 95 629 252 592 371 48 542 94 286 271 262 31 693 571 705 232 686 110 261 7 617 643 189 318 17 8 66 377 272 722 164 62 240 104 735 711 634 322 522 105 650 707 58 218 55 734 342 732 9 67 247 229 683 640 225 249 626 3 587 81 591 12 114 690 644 364 155 178 382 538 585 616 45 216 627 706 254 636 156 258 191 679 657 725 544 459 214 551 646 717 183 87 84 663 54 283 652 581 290 712 250 142 664 311 660 714 398 50 173 103 2 130 348 385 1 75 146 282 596 595 609 681 639 724 583 280 
c [Incremental] Max used label: 735.
c [Incremental] Label 735 is removed from searching.
c [Incremental] Solving for max label = 734:
c [Incremental] Solving duration: 1107 ms.
s [Incremental] SAT (label = 734).
Label assignment: 312 620 338 59 288 407 123 379 339 682 253 337 669 330 394 562 635 205 294 601 463 284 389 11 373 26 697 289 301 306 27 694 335 215 42 287 228 567 298 327 534 730 302 139 365 137 303 703 454 665 64 471 572 300 615 181 313 695 691 88 560 82 78 132 584 165 556 325 501 688 612 297 576 446 336 32 597 433 702 540 49 314 400 23 63 526 246 692 372 167 721 624 33 391 621 307 265 53 20 566 678 305 319 359 699 388 43 73 582 575 570 34 65 315 363 295 296 102 399 649 549 668 98 341 357 696 324 510 666 505 565 213 506 366 637 96 326 709 625 277 672 367 382 350 160 482 116 257 202 268 700 321 731 266 36 647 331 604 662 260 561 503 656 658 356 234 502 395 209 555 386 563 557 623 733 645 119 161 670 698 235 607 18 673 70 233 413 530 28 425 285 598 520 674 243 648 86 574 340 701 22 29 204 39 77 13 292 440 457 14 715 605 52 507 355 622 580 21 278 71 256 74 710 728 223 38 198 661 25 169 729 586 424 353 380 411 393 201 687 239 244 573 638 238 219 651 227 57 207 680 60 46 719 602 24 129 515 511 345 579 667 509 718 274 684 578 15 593 589 30 37 245 689 633 41 632 224 654 594 163 675 251 495 641 723 631 368 599 267 610 381 199 671 220 392 162 564 716 519 613 525 516 708 499 726 275 279 577 236 100 727 231 642 659 222 4 6 269 438 346 437 370 653 40 351 237 681 242 180 343 134 720 270 628 706 374 713 230 85 569 360 543 600 347 203 554 676 221 344 212 358 614 16 166 190 5 44 273 704 217 171 131 630 80 118 655 127 208 95 629 252 592 371 48 542 94 286 271 361 31 693 571 705 232 686 110 261 7 617 643 189 318 17 8 66 377 272 722 164 62 240 104 19 711 634 322 522 105 650 707 58 218 55 734 342 732 9 67 247 229 683 640 225 249 626 3 587 81 591 12 114 690 644 354 155 178 263 538 585 616 45 216 627 712 254 636 156 258 191 679 206 725 544 459 364 551 646 717 183 87 84 663 54 283 652 581 290 714 250 142 664 311 660 657 398 50 173 103 2 130 348 35 1 75 146 282 596 595 609 568 639 724 583 280 
c [Incremental] Max used label: 734.
c [Incremental] Label 734 is removed from searching.
c [Incremental] Solving for max label = 733:
c [Incremental] Solving duration: 51762 ms.
s [Incremental] SAT (label = 733).
Label assignment: 319 621 382 153 174 407 123 545 310 684 168 165 601 556 363 544 672 175 182 604 316 183 677 11 367 26 45 696 627 160 27 730 318 215 311 228 658 606 298 281 315 34 302 139 159 137 303 703 454 576 617 471 560 300 562 52 194 388 534 625 285 82 78 132 163 41 327 28 501 597 50 157 694 446 268 375 410 282 702 566 309 186 546 700 57 665 635 690 32 211 204 622 20 391 582 537 265 89 23 561 340 307 253 359 699 683 721 38 646 569 603 39 65 317 360 297 329 102 682 667 267 663 350 341 46 709 294 324 624 680 570 637 506 372 642 96 178 657 633 277 567 356 653 349 572 482 116 331 199 195 701 565 731 669 205 611 260 533 619 257 10 687 733 598 366 234 502 575 695 397 385 563 305 584 623 557 119 161 214 681 235 638 334 607 70 233 413 530 21 425 184 541 520 538 612 645 86 574 22 179 13 226 352 189 393 387 292 440 457 390 715 605 507 275 728 590 580 710 192 71 256 685 688 14 223 325 198 25 698 166 343 573 424 353 586 411 29 729 368 239 244 306 630 374 219 588 227 58 207 644 18 269 719 596 593 129 515 602 24 225 579 509 718 320 373 578 384 589 53 15 723 245 686 259 43 626 224 585 654 162 659 251 283 274 697 629 335 594 660 599 383 201 558 679 347 30 564 716 608 328 525 511 689 222 708 236 279 577 197 47 727 673 670 647 193 713 6 666 675 4 42 370 615 40 726 158 664 171 180 346 55 706 230 628 661 720 203 167 85 295 361 600 264 543 650 554 671 676 31 56 358 618 16 668 190 5 704 287 651 217 221 131 634 80 648 620 127 208 95 662 252 381 379 691 542 94 238 232 610 37 705 571 652 188 371 110 261 7 632 154 210 187 8 19 66 293 169 12 164 62 149 104 3 636 272 177 522 656 156 711 59 218 176 722 323 732 9 67 247 674 693 678 290 249 692 2 587 81 655 386 114 707 613 36 155 271 263 535 296 639 51 717 616 568 254 286 206 258 148 518 712 725 512 380 348 591 649 378 181 87 84 498 17 262 33 581 332 714 250 142 640 147 631 241 399 54 173 103 35 442 364 44 1 48 146 237 609 595 540 389 641 724 583 240 
c [Incremental] Max used label: 733.
c [Incremental] Label 733 is removed from searching.
c [Incremental] Solving for max label = 732:
c [Incremental] Solving duration: 649 ms.
s [Incremental] SAT (label = 732).
Label assignment: 319 621 382 153 174 407 123 545 310 684 168 165 601 556 363 544 672 175 182 604 316 183 677 11 367 26 45 660 627 160 27 730 318 215 311 228 658 606 298 281 315 34 302 139 159 137 303 703 454 576 617 471 560 300 562 52 194 388 534 625 285 82 78 132 163 41 327 28 501 597 50 157 694 446 268 375 410 282 702 566 309 186 546 700 57 665 635 690 32 211 204 622 20 391 582 537 265 89 23 561 320 307 253 359 699 683 721 38 646 569 603 39 65 317 360 297 329 102 682 667 267 663 350 341 46 709 294 324 624 680 570 637 506 372 642 96 178 657 633 277 567 356 653 349 572 482 116 331 199 195 701 565 731 669 205 611 260 533 619 257 10 687 698 598 366 234 502 575 695 397 385 563 305 584 623 557 119 161 214 681 235 638 334 607 70 233 413 530 21 425 184 541 520 538 612 645 86 574 22 179 13 226 352 189 358 387 292 440 457 390 715 605 507 275 728 590 580 710 192 71 256 685 688 14 223 325 198 25 696 166 343 573 424 353 586 411 29 729 368 239 244 306 630 374 219 588 227 58 207 644 18 269 719 596 593 129 515 602 24 225 579 509 718 322 373 578 384 589 53 15 723 245 686 259 43 626 224 585 654 162 659 251 283 274 697 629 335 594 661 599 383 201 558 679 347 30 564 716 608 328 525 511 689 222 708 236 279 577 197 47 727 673 670 647 193 713 6 666 675 4 42 370 615 40 726 158 664 171 180 346 55 706 230 628 548 720 203 167 85 295 361 600 264 543 650 554 671 676 31 56 362 618 16 668 190 5 704 287 651 217 221 131 634 80 648 620 127 208 95 662 252 381 379 691 542 94 238 232 610 37 705 571 652 188 371 110 261 7 632 154 210 187 8 19 66 293 169 12 164 62 149 104 3 636 272 177 522 656 156 711 59 218 176 722 323 732 9 67 247 674 693 678 290 249 692 2 587 81 655 386 114 707 613 36 155 271 263 535 296 639 51 717 616 568 254 286 206 258 148 518 712 725 512 380 348 591 649 378 181 87 84 498 17 262 33 581 332 714 250 142 640 147 631 241 399 54 173 103 35 442 364 44 1 48 146 237 609 595 540 389 641 724 583 240 
c [Incremental] Max used label: 732.
c [Incremental] Label 732 is removed from searching.
c [Incremental] Solving for max label = 731:
c [Incremental] Solving duration: 594 ms.
s [Incremental] SAT (label = 731).
Label assignment: 319 621 382 153 174 407 123 545 310 684 168 165 601 556 363 544 672 175 182 604 316 183 677 11 367 26 45 660 627 160 27 730 318 215 311 228 658 606 298 281 315 34 302 139 159 137 303 703 454 576 617 471 560 300 562 52 194 388 534 625 285 82 78 132 163 41 327 28 501 597 50 157 694 446 268 375 410 150 702 566 309 186 546 700 57 665 635 690 32 211 204 622 20 391 582 537 265 89 23 561 320 307 253 359 699 683 721 38 646 569 603 39 65 317 360 297 329 102 682 667 267 663 350 341 46 709 294 324 624 680 570 637 549 372 642 96 178 657 633 277 567 356 653 349 572 482 116 331 199 195 701 565 731 669 205 611 260 533 619 257 10 687 698 598 366 234 502 575 695 397 385 563 305 584 623 557 119 161 214 681 235 638 334 607 70 233 413 530 21 425 184 541 520 538 612 645 86 574 22 179 13 226 352 189 358 387 292 440 457 390 715 605 507 275 728 590 580 710 192 71 256 506 688 14 223 325 198 25 696 166 343 573 424 353 586 411 29 729 368 239 244 147 630 374 219 588 227 58 207 644 18 269 719 596 593 129 515 602 24 225 579 509 718 322 373 578 384 589 53 15 723 245 686 259 43 626 224 585 654 162 659 251 283 274 697 629 335 594 661 599 383 201 558 679 347 30 564 716 608 151 525 511 689 222 708 236 279 577 197 47 727 673 670 647 193 713 6 666 675 4 42 370 615 40 726 158 664 171 180 346 55 706 230 628 548 720 203 167 85 295 361 600 264 543 650 554 671 676 31 56 362 618 16 668 190 5 704 287 651 217 221 131 634 80 648 620 127 208 95 662 252 381 379 691 542 94 238 232 610 37 705 571 652 188 371 110 261 7 632 154 210 187 8 19 66 293 169 12 164 62 149 104 3 636 272 177 522 656 156 714 59 218 176 722 323 707 9 67 247 674 693 678 290 249 692 2 587 81 655 386 114 711 613 36 155 271 263 535 296 639 51 717 616 568 254 286 206 258 148 518 685 725 512 380 348 591 649 378 181 87 84 498 17 262 33 581 332 712 250 142 640 145 631 241 399 54 173 103 35 442 364 44 1 48 146 237 609 595 540 389 641 724 583 240 
c [Incremental] Max used label: 731.
c [Incremental] Label 731 is removed from searching.
c [Incremental] Solving for max label = 730:
c [Incremental] Solving duration: 588 ms.
s [Incremental] SAT (label = 730).
Label assignment: 319 621 382 153 174 407 123 545 310 684 168 165 601 556 363 544 672 175 182 604 316 183 677 11 367 26 45 660 627 160 27 730 318 215 311 228 658 606 298 281 315 337 302 139 159 137 303 703 454 576 617 471 560 300 562 52 194 388 534 625 285 82 78 132 163 41 327 28 501 597 50 157 694 446 268 702 410 150 687 566 309 186 546 700 57 665 635 690 20 211 204 622 23 375 582 537 265 89 25 561 320 307 253 359 699 683 721 38 646 569 603 39 65 317 360 297 329 102 682 667 267 663 350 341 47 709 294 324 624 680 570 637 549 372 642 96 178 657 633 277 567 356 653 349 572 482 116 331 199 195 701 565 715 669 205 611 260 533 619 257 10 503 698 598 366 234 502 575 695 397 385 563 305 584 623 557 119 161 214 681 235 638 334 607 70 233 413 530 21 425 184 541 520 538 612 645 86 574 22 179 13 226 352 189 358 387 292 440 457 390 362 605 507 275 728 590 580 710 192 71 256 506 688 14 223 325 198 46 696 166 343 573 424 353 586 411 29 729 368 239 244 147 630 374 219 588 227 58 207 644 18 269 719 596 593 129 515 602 24 225 579 509 718 322 373 578 384 589 53 15 723 245 686 259 43 626 224 585 654 162 659 251 283 274 697 629 335 594 661 599 383 201 558 679 347 30 564 716 608 151 525 511 689 222 708 236 279 577 197 48 727 673 670 647 193 713 6 666 675 4 42 370 615 40 726 158 664 171 180 344 55 706 230 628 548 720 203 167 85 295 346 600 264 543 650 554 671 676 31 56 361 618 16 668 190 5 704 287 651 217 221 131 634 80 648 620 127 208 95 662 252 381 379 691 542 94 238 232 610 37 705 571 652 188 371 110 261 7 632 154 210 187 8 19 66 293 169 12 164 62 149 104 3 636 272 177 522 656 156 714 59 218 176 722 323 707 9 67 247 674 693 678 290 249 692 2 587 81 655 386 114 711 613 36 155 271 263 535 296 639 34 717 616 568 254 286 206 258 148 518 685 725 512 380 348 591 649 378 181 87 84 498 17 262 33 581 332 712 250 142 640 145 631 241 399 54 173 103 35 442 364 44 1 49 146 237 609 595 540 389 641 724 583 240 
c [Incremental] Max used label: 730.
c [Incremental] Label 730 is removed from searching.
c [Incremental] Solving for max label = 729:
c [Incremental] Solving duration: 35900 ms.
s [Incremental] SAT (label = 729).
Label assignment: 319 621 340 153 174 407 123 545 310 682 168 165 601 556 363 544 672 175 182 604 316 183 665 11 367 26 45 660 676 160 27 388 318 215 311 228 658 606 298 281 315 159 46 139 161 137 303 703 454 576 617 471 560 300 562 52 194 382 534 625 285 82 78 132 163 41 327 28 501 597 50 157 694 446 268 702 410 150 684 566 309 186 546 700 57 526 635 690 20 211 204 622 23 375 582 537 265 89 25 561 320 307 144 359 699 683 721 39 646 569 603 38 65 317 360 297 329 102 678 667 267 679 350 341 47 709 294 324 619 624 570 637 549 357 642 96 178 657 633 257 567 356 653 349 572 482 116 331 199 195 701 565 715 669 205 611 260 533 529 181 10 503 698 559 369 234 502 575 695 397 385 614 305 584 623 557 119 213 214 681 235 638 334 607 70 233 413 530 21 425 184 541 520 538 612 645 86 574 71 179 13 226 338 189 358 387 292 440 457 728 362 563 507 275 726 605 580 710 192 67 256 506 685 14 223 261 198 43 696 166 343 573 654 353 687 411 29 729 368 239 244 147 630 374 219 588 227 58 207 644 18 269 719 596 593 129 515 602 24 225 579 509 718 322 373 578 220 589 53 15 723 245 686 259 30 626 224 585 640 48 688 251 283 274 697 598 335 594 662 599 378 201 558 659 347 154 564 716 608 151 525 511 713 222 708 236 279 577 197 42 727 629 480 592 193 720 6 670 666 4 673 370 647 40 376 158 664 171 180 342 55 706 230 628 548 377 203 167 85 295 344 600 264 437 650 554 671 663 31 56 361 618 16 668 190 5 704 287 651 217 221 131 634 80 648 620 127 208 95 680 252 381 379 691 542 94 238 232 610 37 705 571 652 188 371 110 325 7 632 308 210 187 8 19 66 293 169 12 164 62 149 104 3 636 272 278 522 656 156 714 59 177 176 722 323 707 9 263 247 674 693 675 290 249 692 2 587 81 655 386 114 711 613 36 155 68 330 568 296 639 34 677 616 521 254 286 206 258 148 518 689 725 512 380 345 591 649 717 248 87 84 498 17 262 33 581 332 712 250 142 609 145 615 241 399 54 173 103 35 442 364 44 1 49 146 237 631 595 540 389 641 724 583 240 
c [Incremental] Max used label: 729.
c [Incremental] Label 729 is removed from searching.
c [Incremental] Solving for max label = 728:
c [Incremental] Solving duration: 17029 ms.
s [Incremental] SAT (label = 728).
Label assignment: 319 621 340 153 174 407 123 545 310 682 168 165 601 556 363 544 672 175 182 604 316 183 665 11 367 26 45 64 60 160 27 388 318 215 311 228 658 606 298 281 315 159 46 139 161 137 303 703 454 576 51 471 560 300 562 52 194 382 534 62 625 82 78 132 163 41 327 28 501 597 50 157 694 446 268 702 410 676 684 566 309 186 546 700 57 526 635 690 20 211 204 622 23 375 582 61 265 89 25 561 569 307 144 359 699 683 721 39 646 659 603 38 65 317 360 297 329 102 678 667 267 679 98 341 47 709 294 324 619 624 570 637 549 357 642 96 178 657 633 257 567 356 653 349 572 482 116 331 199 195 701 565 715 669 205 611 260 533 529 181 442 503 698 559 369 234 502 575 695 397 385 614 305 584 623 557 119 213 214 681 235 638 334 607 70 233 413 530 21 425 184 541 520 538 71 645 86 574 67 179 13 226 338 189 358 387 292 440 457 728 362 563 507 275 726 605 580 710 192 227 256 74 685 14 223 261 198 43 696 166 343 573 654 353 687 631 29 49 368 239 244 592 630 374 219 588 173 58 207 644 18 269 719 596 593 129 515 602 24 225 579 509 718 322 373 578 220 589 53 15 723 117 686 547 30 626 224 585 640 48 688 251 283 274 697 598 335 594 662 399 378 201 558 93 347 154 564 716 608 452 525 511 713 222 708 236 279 577 197 42 727 629 480 571 193 720 6 79 666 4 673 370 647 40 376 158 664 171 180 342 55 706 230 628 548 377 203 167 85 453 344 600 264 437 90 554 671 663 31 56 361 618 16 668 190 5 704 287 651 217 80 131 634 91 648 620 127 208 95 680 252 381 379 691 542 94 238 232 610 37 705 599 652 188 371 110 325 7 632 427 210 187 8 19 250 293 169 12 164 156 149 104 3 636 444 278 522 656 591 714 59 177 176 722 323 707 9 263 247 674 693 675 290 249 692 2 587 81 655 386 114 711 613 36 155 68 330 568 296 639 34 66 504 521 254 286 206 258 148 518 689 725 512 380 345 551 649 717 248 87 84 498 17 262 216 581 332 712 140 142 609 145 615 447 420 54 111 103 35 441 364 44 1 33 146 237 616 595 540 389 641 724 583 240 
c [Incremental] Max used label: 728.
c [Incremental] Label 728 is removed from searching.
c [Incremental] Solving for max label = 727:
c [Incremental] Solving duration: 661 ms.
s [Incremental] SAT (label = 727).
Label assignment: 319 621 340 153 174 407 123 545 310 682 168 165 601 556 363 544 672 175 182 604 316 183 665 11 367 26 45 64 60 160 39 364 318 215 311 228 658 606 298 281 315 159 23 139 161 137 303 703 454 576 51 471 560 300 562 52 194 382 534 62 625 82 78 132 163 41 327 28 501 597 50 157 694 446 268 702 410 676 684 566 309 186 546 700 57 526 635 690 20 211 204 622 25 375 582 61 265 89 27 561 569 307 144 359 699 683 721 73 646 659 603 38 65 317 360 297 329 102 678 667 267 679 98 341 47 709 294 324 619 624 570 637 549 357 642 96 178 657 633 257 567 356 653 349 572 482 116 331 199 195 701 565 715 669 205 611 260 533 529 181 442 503 698 559 369 234 502 575 695 397 385 614 305 584 623 557 119 213 214 681 235 638 334 607 70 233 413 530 21 425 184 541 520 538 71 645 86 574 67 179 13 226 338 189 358 387 292 440 457 706 362 563 507 275 726 605 580 710 192 227 256 74 685 14 223 261 198 43 696 166 343 573 654 353 687 631 29 48 374 239 244 592 630 339 219 588 173 58 207 644 18 269 719 596 593 129 515 602 33 225 579 509 718 322 373 578 220 589 53 10 36 117 686 547 30 626 224 585 640 24 688 251 283 274 697 598 335 594 662 399 378 201 558 93 347 154 564 716 608 452 525 511 713 222 708 236 279 577 197 42 727 629 480 571 193 720 6 79 666 4 673 371 647 40 376 158 664 171 180 342 55 723 230 628 548 377 203 167 85 453 344 600 264 437 90 554 671 663 31 56 361 618 16 668 190 5 704 287 651 217 80 131 634 91 648 620 127 208 95 680 252 381 379 691 542 94 238 232 610 37 705 599 652 188 380 110 325 7 632 427 210 187 8 15 250 293 169 12 164 156 149 104 3 636 444 278 522 656 591 714 59 177 176 722 323 707 9 263 247 674 693 675 290 249 692 2 587 81 655 386 114 711 613 19 155 68 330 568 296 639 34 66 504 521 254 286 206 258 148 518 689 725 512 459 345 551 649 717 248 87 84 498 17 262 216 581 332 712 140 142 609 145 615 447 420 54 111 103 35 441 370 44 1 49 146 237 616 595 540 389 641 724 583 240 
c [Incremental] Max used label: 727.
c [Incremental] Label 727 is removed from searching.
c [Incremental] Solving for max label = 726:
c [Signal] Signal interruption. Caught signal: SIGTERM (15).
c [Main] Lim pid ends with result: 254.
r [Main] 
r [Main] Final results: 
r [Main] Total real time: 1807015 ms.
r [Main] Total memory consumed: 1862.4 MB.
r [Main] 
