c [Version] Minimize Makespan Labeling Encoder version 1.0.0.
c [Param] LB is predefined as 95.
c [Param] UB is predefined as 755.
c [Param] Memory limit is set to 30000.
c [Param] Real time limit is set to 1800.
c [Main] Search strategy: Incremental from upper bound.
c [Main] Encoding and solving for graph: R-dwt__503.mtx.rnd.
c [Incremental] Minimize Makespan Labeling Antibandwidth problem (R-dwt__503.mtx.rnd):
c [Incremental] Encoding starts with target value = 94:
c [Incremental] Encoding duration: 16741ms.
c [Incremental] Number of clauses: 10932654.
c [Incremental] Number of variables: 1143865.
c [Incremental] Solving for max label = 755:
c [Incremental] Solving duration: 198816 ms.
s [Incremental] SAT (label = 755).
Label assignment: 25 129 31 721 682 457 404 618 507 602 660 355 122 401 685 34 687 277 657 86 506 655 131 27 6 463 585 153 500 688 420 605 732 223 385 399 310 46 686 559 574 77 738 282 468 499 459 292 590 436 130 706 218 460 554 416 268 595 36 648 26 117 755 402 434 106 626 734 610 314 397 222 81 634 15 317 728 510 482 539 141 266 723 491 454 700 433 72 133 43 591 627 260 749 717 241 145 138 508 307 118 91 631 374 228 18 247 127 684 12 495 597 690 19 514 83 583 448 541 422 464 80 644 28 477 683 647 642 608 741 183 144 658 522 735 271 315 147 609 201 323 409 265 33 200 494 102 318 452 101 606 729 197 481 596 47 94 431 154 588 744 746 558 578 213 708 216 17 395 377 24 562 182 316 437 232 630 100 643 103 703 529 724 540 352 441 350 110 185 273 415 261 727 743 429 737 515 407 376 716 604 411 215 502 14 570 234 134 82 124 408 10 410 369 571 363 426 742 73 328 16 104 413 417 592 449 286 29 650 470 115 400 498 113 354 622 414 544 50 13 313 421 236 226 512 384 701 635 646 456 90 65 492 616 430 546 89 44 188 600 603 214 109 619 346 753 319 587 537 538 206 359 628 649 246 637 151 93 740 237 412 119 339 465 479 711 9 450 432 187 280 710 212 179 478 249 720 321 623 715 343 2 612 207 725 52 204 579 425 334 105 552 224 107 439 293 305 87 601 233 659 324 640 3 125 322 739 11 697 681 652 691 37 298 480 745 238 694 211 556 696 175 754 713 360 712 5 533 442 336 705 501 240 309 620 123 272 368 348 274 340 142 511 582 353 621 555 747 632 438 320 624 152 714 645 531 291 35 139 719 752 718 357 428 398 49 534 451 736 593 51 198 527 731 132 329 689 239 693 615 516 8 387 569 698 444 586 467 114 695 563 312 231 253 22 381 299 121 577 128 157 56 112 633 332 269 524 85 418 580 445 120 651 751 159 391 513 227 550 235 264 342 257 497 161 699 553 221 53 254 276 528 692 7 536 88 557 364 573 584 220 656 303 225 202 543 564 509 474 750 471 748 335 92 476 443 143 4 304 330 424 653 111 560 427 219 535 375 447 301 598 40 294 458 532 208 629 581 733 423 20 242 594 
c [Incremental] Max used label: 755.
c [Incremental] Label 755 is removed from searching.
c [Incremental] Solving for max label = 754:
c [Incremental] Solving duration: 1808 ms.
s [Incremental] SAT (label = 754).
Label assignment: 25 129 31 721 682 457 404 618 507 602 660 355 122 401 685 34 687 277 657 86 506 655 131 27 6 463 585 153 500 688 420 605 732 223 385 399 310 46 686 559 574 77 738 282 468 499 459 292 590 436 130 706 218 460 554 416 268 595 36 648 26 117 542 402 434 106 626 734 610 314 397 222 81 634 15 317 728 510 482 539 141 266 723 491 454 700 433 72 133 43 591 627 260 749 717 241 145 138 508 307 118 91 631 374 228 18 247 127 684 12 495 597 690 19 514 83 583 448 541 422 464 80 644 28 477 683 647 642 608 741 183 144 658 522 735 271 315 147 609 201 323 409 265 33 200 494 102 318 452 101 606 729 197 481 596 47 94 431 154 588 744 746 558 578 213 708 216 17 395 377 24 562 182 316 437 232 630 100 643 103 703 529 724 540 352 441 350 110 185 273 415 261 727 743 429 737 515 407 376 716 604 411 215 502 14 570 234 134 82 124 408 10 410 369 571 363 426 742 73 328 16 104 413 417 592 449 286 29 650 470 115 400 498 113 354 622 414 544 50 13 313 421 236 226 512 384 701 635 646 456 90 65 492 616 430 546 89 44 188 600 603 214 109 619 346 753 319 587 537 538 206 359 628 649 246 637 151 93 740 237 412 119 339 465 479 711 9 450 432 187 280 710 212 179 478 249 720 321 623 715 343 2 612 207 725 52 204 579 425 334 105 552 224 107 439 293 305 87 601 233 659 324 640 3 125 322 739 11 697 681 652 691 37 298 480 745 238 694 211 556 696 175 754 713 360 712 5 533 442 336 705 501 240 309 620 123 272 368 348 274 340 142 511 582 353 621 555 747 632 438 320 624 152 714 645 531 291 35 139 719 752 718 357 428 398 49 534 451 736 593 51 198 527 731 132 329 689 239 693 615 516 8 387 569 698 444 586 467 114 695 563 312 231 253 22 381 299 121 577 128 157 56 112 633 332 269 524 85 418 580 445 120 651 751 159 391 513 227 550 235 264 342 257 497 161 699 553 221 53 254 276 528 692 7 536 88 557 364 573 584 220 656 303 225 202 543 564 509 474 750 471 748 335 92 476 443 143 4 304 330 424 653 111 560 427 219 535 375 447 301 598 40 294 458 532 208 629 581 733 423 20 242 594 
c [Incremental] Max used label: 754.
c [Incremental] Label 754 is removed from searching.
c [Incremental] Solving for max label = 753:
c [Incremental] Solving duration: 34095 ms.
s [Incremental] SAT (label = 753).
Label assignment: 30 351 31 721 682 404 454 618 507 602 732 355 122 162 685 34 687 277 657 86 506 655 117 27 6 463 585 153 500 688 420 605 726 222 385 399 92 453 686 559 574 77 738 282 468 499 459 292 590 201 130 279 223 416 554 436 268 595 679 648 449 218 542 160 434 106 626 734 613 314 397 270 469 634 15 317 728 510 482 539 141 266 723 491 484 700 433 72 123 25 591 627 260 749 717 215 120 138 508 307 118 91 631 374 228 18 247 127 684 12 495 597 690 19 514 83 583 448 541 368 464 80 644 707 483 683 647 642 567 741 183 144 658 522 735 280 315 119 609 422 281 409 265 33 200 494 102 318 452 101 606 729 197 481 596 47 94 674 131 588 744 746 558 578 213 708 216 17 395 377 275 562 518 304 437 236 630 100 643 103 703 529 724 540 352 678 350 110 671 455 415 261 727 743 429 737 515 407 376 716 604 411 271 502 14 477 233 134 82 124 408 10 410 709 571 310 426 742 73 328 16 104 413 526 592 259 286 46 650 470 115 400 389 113 354 622 512 544 28 13 313 195 284 226 547 384 701 635 646 456 90 65 492 327 430 546 89 21 188 600 603 677 107 619 346 753 305 587 537 710 206 362 628 649 246 675 151 93 740 237 412 136 339 465 357 711 9 673 432 187 274 704 212 179 478 248 720 321 713 715 343 2 612 207 725 52 204 579 425 334 105 552 224 112 29 293 359 87 601 234 659 324 640 3 140 322 739 11 697 681 652 273 23 298 480 745 238 694 375 556 696 108 615 670 360 712 5 128 442 336 705 501 240 370 691 132 272 367 379 349 312 121 511 582 353 621 519 747 516 438 320 624 152 702 645 531 291 35 347 719 752 589 356 428 714 49 534 451 736 593 24 198 527 731 142 329 689 239 718 614 517 8 387 569 276 444 586 487 114 693 563 326 372 467 22 381 299 129 577 489 157 37 186 633 332 202 524 85 418 692 445 135 651 751 159 488 513 229 550 235 264 342 257 497 161 699 553 695 53 225 584 528 672 7 536 88 557 319 594 573 208 656 303 211 611 543 564 505 474 625 471 748 309 750 380 443 143 4 580 330 403 653 111 560 427 219 486 485 447 301 598 40 294 458 722 249 509 581 733 423 20 217 698 
c [Incremental] Max used label: 753.
c [Incremental] Label 753 is removed from searching.
c [Incremental] Solving for max label = 752:
c [Incremental] Solving duration: 20375 ms.
s [Incremental] SAT (label = 752).
Label assignment: 30 351 31 721 682 404 454 618 507 602 732 355 122 162 685 34 687 277 657 86 506 655 25 167 6 453 585 137 500 688 420 605 726 222 385 165 92 399 686 559 574 71 738 282 468 499 459 292 590 201 130 279 223 416 530 436 268 595 679 648 449 218 243 160 434 106 610 734 626 314 397 270 469 634 15 317 728 510 482 539 141 266 723 491 484 700 433 72 123 27 591 627 260 749 717 215 120 138 508 307 118 91 631 374 228 18 247 127 684 12 495 597 690 19 514 83 583 448 541 368 462 80 644 707 483 683 647 642 554 741 60 144 658 522 735 280 315 119 609 422 281 409 265 33 200 494 102 318 233 101 606 729 197 481 596 47 94 674 131 588 744 745 556 578 213 708 216 17 395 377 275 562 518 304 431 232 630 100 643 103 703 529 724 540 352 678 350 110 671 455 415 261 727 743 429 737 515 407 376 716 604 411 271 502 14 477 234 134 82 124 408 10 410 709 571 310 426 742 73 328 16 104 413 526 592 259 286 42 613 470 115 400 389 113 354 622 512 544 28 13 313 195 284 226 547 384 701 635 646 456 90 46 492 365 430 546 89 21 188 600 603 677 107 619 346 652 326 587 537 710 206 362 628 649 246 675 149 93 740 237 412 140 339 465 357 711 9 673 432 187 248 704 212 179 478 450 720 321 713 52 327 2 612 207 725 345 204 579 425 334 105 552 224 112 29 293 359 87 601 231 746 324 640 3 136 322 739 11 697 681 651 273 132 298 480 715 238 694 375 551 696 108 615 670 360 712 5 128 442 336 705 501 240 370 691 133 272 367 379 349 312 121 511 582 353 242 519 747 516 438 320 621 152 702 645 531 291 35 347 719 752 589 356 428 714 49 534 451 736 593 24 198 527 731 38 329 689 239 718 614 517 8 387 569 276 444 586 487 114 693 563 269 372 467 125 381 299 129 577 489 157 37 186 633 332 202 524 85 423 692 43 135 624 751 154 488 513 229 550 235 264 342 257 497 161 699 553 695 53 225 584 528 672 7 536 88 557 319 594 573 208 656 303 220 611 543 564 505 474 625 471 748 309 750 380 443 143 4 580 330 403 653 424 560 427 219 486 485 447 301 598 40 294 458 722 139 509 581 733 111 20 217 698 
c [Incremental] Max used label: 752.
c [Incremental] Label 752 is removed from searching.
c [Incremental] Solving for max label = 751:
c [Incremental] Solving duration: 2372 ms.
s [Incremental] SAT (label = 751).
Label assignment: 30 351 31 457 732 404 454 618 507 602 721 355 122 162 685 34 687 277 634 86 506 655 25 167 6 131 585 137 500 688 420 605 726 222 399 165 393 385 499 559 574 71 738 282 468 686 243 292 590 201 130 279 223 416 530 447 268 595 679 648 436 218 542 160 434 106 610 734 617 314 397 270 469 525 15 317 728 510 623 539 141 266 723 491 484 700 433 72 123 27 672 591 260 749 717 215 120 138 690 307 118 91 631 374 228 18 247 146 684 12 495 597 668 19 514 83 583 448 541 368 437 80 644 707 483 683 647 642 554 741 60 126 627 522 735 280 52 119 609 422 281 409 265 33 200 494 102 318 233 101 606 729 197 481 596 32 94 674 630 588 744 745 556 578 213 708 216 17 395 377 275 562 518 304 431 232 626 100 643 103 703 529 724 540 352 678 333 110 669 455 415 261 727 743 429 737 515 286 376 716 604 441 271 502 14 477 234 134 82 124 408 10 410 709 571 310 426 742 73 328 16 104 413 526 592 259 302 42 613 470 115 400 389 113 354 622 512 538 28 13 313 195 284 226 547 384 701 635 646 456 90 339 492 365 430 546 89 21 188 600 603 677 107 619 341 652 326 587 537 710 206 362 628 649 236 676 151 92 740 237 96 140 340 465 357 711 9 673 432 149 248 704 212 179 478 440 720 321 713 93 327 2 612 207 725 345 204 579 425 334 105 552 224 112 29 293 359 87 601 231 746 324 640 3 136 322 739 11 697 681 651 273 132 298 480 715 238 694 375 551 696 108 615 670 360 712 5 128 442 336 705 501 240 370 691 133 272 367 379 349 312 121 511 582 353 242 519 747 516 438 320 621 142 702 645 531 338 35 347 719 730 589 356 428 714 49 632 451 736 593 24 198 527 731 38 329 689 239 718 614 517 8 387 569 276 435 586 487 114 693 534 269 372 467 125 381 391 129 577 489 157 37 186 633 332 202 524 85 423 692 43 135 624 751 147 488 513 229 550 235 264 342 257 497 161 699 553 695 53 225 584 528 671 7 536 88 557 319 594 573 208 656 303 220 611 543 564 505 474 625 471 748 309 750 380 443 143 4 580 330 403 653 424 533 427 219 486 485 675 301 598 40 294 458 722 139 509 581 733 111 20 217 698 
c [Incremental] Max used label: 751.
c [Incremental] Label 751 is removed from searching.
c [Incremental] Solving for max label = 750:
c [Incremental] Solving duration: 45228 ms.
s [Incremental] SAT (label = 750).
Label assignment: 30 351 54 721 682 416 454 618 507 602 732 355 122 162 685 41 687 277 650 86 506 655 25 167 6 453 585 130 500 688 420 605 726 222 385 165 92 399 686 559 574 71 738 282 1 499 459 292 590 201 137 279 223 419 521 418 268 610 679 648 449 218 127 160 434 106 595 734 626 314 397 270 469 634 27 317 728 510 539 333 435 266 676 491 484 700 433 72 123 18 591 627 260 749 717 215 120 145 508 307 118 91 631 346 228 33 723 138 684 39 495 597 690 12 514 83 583 462 541 368 452 80 644 707 483 683 647 642 554 741 60 144 654 522 735 247 19 119 622 415 265 409 599 68 200 494 102 318 233 101 596 729 197 481 567 47 94 674 126 588 744 745 556 578 702 708 216 36 392 305 275 562 31 316 425 231 630 100 643 518 703 529 724 540 352 678 350 110 671 455 417 256 727 743 423 737 515 407 376 716 604 213 271 502 261 477 234 131 82 124 408 10 410 709 571 310 426 742 73 328 14 104 413 190 592 259 286 16 613 470 115 389 384 113 354 565 414 544 17 13 313 195 284 226 498 267 672 635 646 456 90 308 492 365 430 546 89 21 188 600 249 677 107 619 341 652 326 587 537 713 206 362 628 649 246 701 712 93 740 264 412 140 339 465 357 696 9 673 432 177 440 285 212 280 478 421 720 321 704 52 327 2 612 343 725 304 204 579 431 531 105 552 224 112 29 293 359 87 601 230 746 324 640 3 128 322 739 11 697 681 651 273 132 298 480 710 238 505 375 551 694 108 615 594 360 691 5 533 437 336 705 501 237 370 493 133 272 367 379 349 312 116 511 582 353 242 513 711 509 139 320 621 152 719 645 528 291 34 347 675 748 589 356 429 593 49 534 451 736 575 15 198 527 731 38 329 689 239 718 614 516 8 387 572 276 444 586 487 136 692 550 269 372 467 125 381 299 129 577 438 157 32 163 633 332 202 524 85 422 693 20 135 617 747 114 489 714 232 568 235 344 342 248 486 161 715 553 695 364 225 584 517 670 7 335 373 519 319 573 488 211 611 303 220 569 543 564 497 699 625 471 208 309 750 380 436 143 4 580 330 403 616 424 560 427 219 476 485 447 154 598 35 294 458 722 134 474 581 733 121 28 217 698 
c [Incremental] Max used label: 750.
c [Incremental] Label 750 is removed from searching.
c [Incremental] Solving for max label = 749:
c [Incremental] Solving duration: 1767 ms.
s [Incremental] SAT (label = 749).
Label assignment: 30 351 54 721 682 416 454 618 507 602 732 355 122 162 685 41 687 277 650 86 506 655 25 167 6 453 585 130 500 688 420 605 726 222 385 165 92 399 686 559 574 71 738 282 1 499 459 292 590 201 137 279 223 419 521 418 268 610 679 648 449 218 127 160 434 106 595 734 626 314 397 270 469 634 27 317 728 510 539 333 435 266 676 491 484 700 433 72 123 18 591 627 260 749 717 215 120 145 508 307 118 91 631 346 228 33 723 138 684 39 495 597 690 12 514 83 583 462 541 368 452 80 644 707 483 683 647 642 554 741 60 144 654 522 735 247 19 119 622 415 265 409 599 68 200 494 102 318 233 101 596 729 197 481 567 47 94 674 126 588 744 745 556 578 702 708 216 36 392 305 275 562 31 316 425 231 630 100 643 518 703 529 724 540 352 678 350 110 671 455 417 256 727 743 423 737 515 407 376 716 604 213 271 502 261 477 234 131 82 124 408 10 410 709 571 310 426 742 73 328 14 104 413 190 592 259 286 16 613 470 115 389 384 113 354 565 414 544 17 13 313 195 284 226 498 267 672 635 646 456 90 308 492 365 430 546 89 21 188 600 249 677 107 619 341 652 326 587 537 713 206 362 628 649 246 701 712 93 740 264 412 140 339 465 357 696 9 673 432 187 440 285 212 280 478 421 720 321 704 52 327 2 612 343 725 304 204 579 431 531 105 552 224 112 29 293 359 87 601 230 746 324 640 3 128 322 739 11 697 681 651 273 132 298 480 710 238 505 375 551 694 108 615 594 360 691 5 533 437 336 705 501 237 370 493 133 272 367 379 349 312 116 511 582 353 242 513 711 509 139 320 621 152 719 645 528 291 34 347 675 748 589 356 429 593 49 534 451 736 575 15 198 527 731 38 329 689 239 718 614 516 8 387 572 276 444 586 487 136 692 550 269 372 467 125 381 299 129 577 438 157 32 163 633 332 202 524 85 422 693 20 135 617 747 114 489 714 232 568 235 344 475 248 486 161 715 553 695 364 225 584 517 670 7 335 373 519 319 573 488 211 611 303 220 569 543 564 497 699 625 471 208 309 177 380 436 143 4 580 330 403 616 424 560 427 281 476 485 447 154 598 35 294 458 722 134 474 581 733 121 28 217 698 
c [Incremental] Max used label: 749.
c [Incremental] Label 749 is removed from searching.
c [Incremental] Solving for max label = 748:
c [Incremental] Solving duration: 1469 ms.
s [Incremental] SAT (label = 748).
Label assignment: 30 351 54 669 682 416 454 618 507 602 721 355 122 162 685 41 687 277 650 86 506 530 25 167 6 453 585 130 153 688 420 605 726 222 385 165 45 399 686 626 574 71 738 282 1 499 459 292 590 201 137 279 223 419 521 418 268 610 679 515 449 218 127 160 434 106 595 734 623 314 400 397 469 634 27 317 728 510 539 333 435 266 676 484 491 700 433 72 123 18 591 240 260 732 717 215 120 40 508 307 118 91 631 346 228 33 723 138 684 39 495 597 690 12 189 83 583 382 541 283 452 80 644 707 483 683 647 642 554 741 60 144 654 522 735 247 19 119 622 415 606 409 599 68 200 494 102 318 233 101 596 729 197 481 567 47 94 703 126 588 744 745 556 570 702 708 578 36 392 305 275 562 31 316 425 231 630 100 643 518 477 529 724 540 256 678 350 110 671 455 417 244 727 743 423 737 514 407 376 716 604 213 271 502 261 482 234 131 82 124 408 10 410 709 383 310 426 742 73 328 14 104 413 190 592 259 286 16 613 470 115 389 384 113 288 565 414 544 17 13 313 195 284 226 498 267 672 635 646 456 90 308 492 365 430 546 89 21 406 600 249 677 107 619 341 652 326 587 537 713 206 362 637 649 246 701 712 79 740 93 412 140 339 465 357 696 9 673 432 191 440 285 212 280 478 421 720 321 704 52 327 2 612 343 725 304 204 579 431 531 105 628 224 112 29 293 359 87 601 230 746 324 640 3 128 322 739 11 697 681 651 273 132 298 480 710 238 505 78 551 694 108 615 594 360 691 5 533 437 336 705 187 237 370 493 133 272 367 379 349 312 116 511 582 353 242 513 711 509 139 320 621 152 719 645 528 291 34 347 675 748 589 356 429 593 49 534 451 736 575 15 198 527 731 38 329 689 239 718 614 516 8 387 572 276 444 586 487 136 692 550 269 372 171 125 381 299 129 577 438 257 32 163 633 332 202 524 85 422 693 20 135 617 747 114 489 714 232 568 235 344 475 248 486 161 715 553 695 364 225 584 517 670 7 335 373 519 319 573 488 211 611 303 220 569 543 157 497 699 625 471 208 309 177 380 436 143 4 580 330 403 616 424 560 427 281 476 485 447 154 598 35 294 458 722 134 474 581 733 121 28 217 698 
c [Incremental] Max used label: 748.
c [Incremental] Label 748 is removed from searching.
c [Incremental] Solving for max label = 747:
c [Incremental] Solving duration: 36542 ms.
s [Incremental] SAT (label = 747).
Label assignment: 26 64 66 666 405 325 90 526 69 622 516 635 8 142 70 159 567 144 619 247 68 636 10 657 417 335 658 446 414 72 435 57 227 734 431 188 702 71 60 129 149 564 701 65 80 49 306 617 233 746 404 31 717 327 231 28 56 153 140 323 23 668 44 174 2 107 386 527 311 660 18 667 242 121 43 483 524 33 235 132 550 152 54 63 62 177 319 169 738 22 148 245 39 225 145 518 424 38 134 677 48 58 219 634 27 15 93 320 662 150 263 76 178 547 455 157 171 471 511 59 401 560 224 179 540 199 109 505 594 626 338 14 116 315 522 89 735 362 40 21 45 30 665 379 419 669 124 489 345 115 47 745 724 53 280 108 663 186 155 300 220 519 213 671 67 387 61 32 659 670 166 530 139 743 6 433 222 298 625 514 249 618 469 531 664 480 212 34 357 672 721 347 341 533 432 375 238 551 477 156 678 436 75 359 189 52 747 318 697 123 722 13 591 191 661 230 16 217 299 607 418 707 579 415 221 706 587 434 630 565 25 158 281 326 55 141 394 525 24 441 566 410 442 727 342 127 577 236 218 460 167 36 470 696 125 510 154 19 46 614 703 246 118 507 723 119 529 710 131 305 20 637 216 628 309 711 440 388 616 473 493 120 234 78 504 161 113 714 111 631 339 248 393 391 308 545 502 528 380 396 642 428 627 192 324 679 130 454 413 644 240 513 137 114 422 603 51 151 356 3 629 322 207 719 334 317 237 416 243 256 639 92 104 209 503 136 720 705 349 596 462 535 611 363 571 450 421 206 337 228 482 257 437 201 725 122 50 296 301 146 211 307 244 395 258 599 728 744 517 456 332 223 515 253 314 539 730 508 700 381 729 476 726 425 474 620 215 251 497 739 35 7 128 633 336 621 490 486 610 407 214 411 569 568 563 420 374 509 110 485 520 506 712 447 733 468 690 430 289 638 162 4 576 226 333 17 331 609 732 259 241 29 548 328 147 713 600 427 501 330 683 352 731 42 472 499 204 685 570 498 355 321 172 718 536 691 232 741 5 364 512 593 316 106 399 624 674 37 269 303 715 9 740 187 559 532 103 704 466 742 409 138 439 632 133 452 597 676 698 562 143 126 613 229 612 135 601 295 648 737 102 117 572 
c [Incremental] Max used label: 747.
c [Incremental] Label 747 is removed from searching.
c [Incremental] Solving for max label = 746:
c [Incremental] Solving duration: 1665 ms.
s [Incremental] SAT (label = 746).
Label assignment: 26 64 66 666 405 325 90 526 69 622 516 635 8 142 70 159 567 144 619 247 68 636 10 657 417 335 658 446 414 72 435 57 227 736 431 188 702 71 60 129 149 564 701 65 80 49 306 617 233 746 404 31 717 327 231 28 56 153 140 323 23 668 44 174 2 107 386 527 311 660 18 667 242 121 43 483 524 33 235 132 550 152 54 63 62 177 319 169 738 22 148 245 39 225 145 518 424 38 134 677 48 58 219 634 27 15 93 320 662 150 263 76 178 547 455 157 171 471 511 59 401 560 224 179 540 199 109 505 594 626 338 14 116 315 522 89 735 362 40 21 45 30 665 379 419 669 124 489 345 115 47 745 724 53 280 108 663 186 155 300 220 519 213 671 67 387 61 32 659 670 166 530 139 743 6 433 222 298 625 514 249 618 469 531 664 480 212 34 357 672 721 347 341 533 432 375 238 551 477 156 678 436 75 359 189 52 739 318 697 123 722 13 591 191 661 230 16 217 299 607 418 707 579 415 221 706 587 434 630 565 25 158 281 326 55 141 394 525 24 441 566 410 442 727 342 127 577 236 218 460 167 36 470 696 125 510 154 19 46 614 703 246 118 507 723 119 529 710 131 305 20 637 216 628 309 711 440 388 616 473 493 120 234 78 504 161 113 714 111 631 339 248 393 391 308 545 502 528 380 396 642 428 627 192 324 679 130 454 413 644 240 513 137 114 422 603 51 151 356 3 629 322 207 719 334 317 237 416 243 256 639 92 104 209 503 136 720 705 349 596 462 535 611 363 571 450 421 206 337 228 482 257 437 201 725 122 50 296 301 146 211 307 244 395 258 599 728 744 517 456 332 223 515 253 314 539 734 508 700 381 729 476 726 425 474 620 215 251 497 730 35 7 128 633 336 621 490 486 610 407 214 411 569 568 563 420 374 509 110 485 520 506 712 447 733 468 690 430 289 638 162 4 576 226 333 17 331 609 732 259 241 29 548 328 147 713 600 427 501 330 683 352 731 42 472 499 204 685 570 498 355 321 172 718 536 691 232 741 5 364 512 593 316 106 399 624 674 37 269 303 715 9 740 187 559 532 103 704 466 742 409 138 439 632 133 452 597 676 698 562 143 126 613 229 612 135 601 295 648 737 102 117 572 
c [Incremental] Max used label: 746.
c [Incremental] Label 746 is removed from searching.
c [Incremental] Solving for max label = 745:
c [Incremental] Solving duration: 1482 ms.
s [Incremental] SAT (label = 745).
Label assignment: 26 64 66 666 405 325 90 526 69 622 516 635 8 142 70 159 567 144 619 247 68 636 10 657 417 335 658 446 414 72 435 57 227 736 431 188 702 71 60 129 149 564 701 65 80 49 306 617 233 719 404 31 717 327 231 28 56 153 140 323 23 668 44 174 2 107 386 527 311 660 18 667 242 121 43 483 524 33 235 132 550 152 54 63 62 177 319 169 738 22 148 245 39 225 145 518 424 38 134 677 48 58 219 634 27 15 93 320 662 150 263 76 178 547 455 157 171 471 511 59 401 560 224 179 540 199 109 505 594 626 338 14 116 315 522 89 735 362 40 21 45 30 665 379 419 669 124 489 345 115 47 745 724 53 280 108 663 186 155 300 220 519 213 671 67 387 61 32 659 670 166 530 139 743 6 433 222 298 625 514 249 618 469 531 664 480 212 34 357 672 721 347 341 533 432 375 238 551 477 156 678 436 75 359 189 52 739 318 697 123 722 13 591 191 661 230 16 217 299 607 418 707 579 415 221 706 587 434 630 565 25 158 281 326 55 141 394 525 24 441 566 410 442 727 342 127 577 236 218 460 167 36 470 696 125 510 154 19 46 614 703 246 118 507 723 119 529 710 131 305 20 637 216 628 309 711 440 388 616 473 493 120 234 78 504 161 113 714 111 631 339 248 393 391 308 545 502 528 380 396 642 428 627 192 324 679 130 454 413 644 240 513 137 114 422 603 51 151 356 3 629 322 207 725 334 317 237 416 243 256 639 92 104 209 503 136 720 705 349 596 462 535 611 363 571 450 421 206 337 228 482 257 437 201 689 122 50 296 301 146 211 307 244 395 258 599 728 744 517 456 332 223 515 253 314 539 734 508 700 381 729 476 726 425 474 620 215 251 497 730 35 7 128 633 336 621 490 486 610 407 214 411 569 568 563 420 374 509 110 485 520 506 712 447 733 468 690 430 289 638 162 4 576 226 333 17 331 609 732 259 241 29 548 328 147 713 600 427 501 330 683 352 731 42 472 499 204 685 570 498 355 321 172 718 536 691 232 741 5 364 512 593 316 106 399 624 674 37 269 303 715 9 740 187 559 532 103 704 466 742 409 138 439 632 133 452 597 676 698 562 143 126 613 229 612 135 601 295 648 737 102 117 572 
c [Incremental] Max used label: 745.
c [Incremental] Label 745 is removed from searching.
c [Incremental] Solving for max label = 744:
c [Incremental] Solving duration: 38775 ms.
s [Incremental] SAT (label = 744).
Label assignment: 729 78 80 281 26 98 660 236 77 671 544 443 743 503 66 706 86 547 629 440 682 534 506 40 403 694 76 416 705 54 12 375 649 720 421 691 136 67 75 631 719 523 516 36 690 23 332 59 230 727 665 689 31 738 605 514 673 699 29 215 16 30 88 693 742 318 563 232 310 187 723 27 45 10 8 491 325 688 237 528 334 663 21 28 716 177 97 656 535 342 92 451 96 2 675 312 422 447 71 604 685 24 231 524 709 425 695 721 47 18 645 22 687 714 461 667 669 517 610 155 129 93 214 256 20 692 626 615 578 530 469 739 637 613 336 653 131 156 577 518 85 508 565 393 418 179 722 50 113 19 166 39 7 398 126 140 485 378 590 38 105 632 228 202 58 381 269 712 90 520 94 620 453 211 108 396 9 84 625 184 611 137 57 642 62 666 35 730 132 670 707 326 37 200 428 34 609 708 60 48 145 718 672 142 186 668 44 104 390 497 450 734 176 133 659 639 41 119 61 1 292 513 386 55 588 354 254 331 193 250 445 540 598 302 350 686 444 111 135 99 252 717 191 395 475 701 502 630 293 593 468 526 541 592 43 608 664 740 473 546 210 640 110 199 42 5 107 56 432 303 702 389 300 296 340 681 227 221 197 662 376 333 205 552 374 455 11 697 13 638 114 87 243 550 255 321 188 612 322 287 14 435 298 304 735 725 308 165 405 233 25 628 501 404 402 317 490 676 680 741 633 112 234 439 143 103 596 505 162 175 15 89 711 622 573 539 529 696 181 480 242 436 209 715 557 388 417 164 328 212 33 568 139 353 348 400 661 555 457 280 118 438 700 346 69 560 4 511 115 430 106 635 141 173 307 206 481 297 650 500 532 82 472 427 185 737 203 728 349 634 3 726 198 606 301 330 241 646 549 548 710 411 415 83 408 434 283 251 736 551 244 220 597 284 703 515 576 392 286 51 46 733 282 624 636 323 138 580 6 180 522 744 207 306 229 487 476 533 163 134 474 479 117 478 442 288 235 586 377 341 289 201 724 423 521 183 208 538 623 471 420 290 102 394 358 213 147 344 174 217 449 426 196 575 264 329 17 384 585 614 409 616 407 238 542 170 488 574 385 399 160 311 309 537 315 313 543 150 512 704 536 732 459 
c [Incremental] Max used label: 744.
c [Incremental] Label 744 is removed from searching.
c [Incremental] Solving for max label = 743:
c [Incremental] Solving duration: 2226 ms.
s [Incremental] SAT (label = 743).
Label assignment: 729 78 80 281 26 98 660 236 77 671 544 443 743 503 66 706 86 547 629 440 682 534 506 40 403 694 76 416 705 54 12 375 636 720 421 691 136 67 75 631 719 523 516 36 690 23 332 59 230 727 665 689 31 738 605 514 673 699 29 215 16 30 88 693 742 318 563 232 310 187 723 27 45 10 8 491 325 688 237 528 334 663 21 28 716 177 97 656 535 342 92 451 96 2 675 312 422 447 71 604 685 24 231 524 709 425 695 721 47 18 645 22 687 714 461 667 669 517 610 155 129 93 214 256 20 692 626 615 578 530 469 739 637 613 336 653 131 728 577 518 85 508 565 393 418 179 722 50 113 19 166 39 7 398 126 140 485 378 590 38 105 632 228 202 58 381 269 712 90 520 94 620 453 211 108 396 9 84 625 184 611 137 57 642 62 666 35 725 132 670 707 326 37 200 428 34 609 708 60 48 145 718 672 142 186 668 44 104 390 497 450 734 176 133 659 639 41 119 61 1 316 513 386 55 588 354 254 331 193 250 445 540 598 302 350 686 444 111 135 99 252 717 191 395 475 701 502 630 293 593 468 526 541 592 43 608 664 740 473 546 210 640 110 199 42 5 107 56 432 303 702 424 300 296 340 681 227 221 197 662 376 333 205 552 374 455 11 697 13 638 114 87 243 550 255 321 188 612 322 287 14 435 298 304 735 715 308 165 405 233 25 628 501 404 402 317 490 676 680 741 633 112 234 439 143 103 596 505 162 175 15 89 711 622 573 539 529 696 181 480 242 436 209 698 557 388 417 164 328 212 33 568 139 353 348 400 661 555 457 280 118 438 700 346 69 560 4 511 115 430 106 619 141 173 307 206 481 297 650 500 532 82 472 427 185 737 203 731 349 634 3 726 198 606 301 330 241 646 549 548 710 411 415 83 408 434 283 251 736 551 244 220 597 284 703 515 576 392 286 51 46 733 282 624 635 323 138 580 6 180 522 730 207 306 229 487 476 533 163 134 474 479 117 478 442 288 235 586 377 341 289 201 724 423 521 183 208 538 623 471 420 290 102 394 358 213 147 344 174 217 449 426 196 575 264 329 17 384 585 614 409 616 407 238 537 170 488 574 385 399 160 311 309 216 315 313 543 150 512 704 536 732 459 
c [Incremental] Max used label: 743.
c [Incremental] Label 743 is removed from searching.
c [Incremental] Solving for max label = 742:
c [Incremental] Solving duration: 1866 ms.
s [Incremental] SAT (label = 742).
Label assignment: 727 78 80 281 26 98 660 236 77 671 544 443 731 503 66 706 86 547 629 440 682 534 506 40 403 694 76 416 705 54 12 375 636 720 421 691 136 67 75 631 719 523 516 36 690 23 332 59 230 726 665 689 31 738 605 514 673 699 29 215 16 30 88 693 742 318 563 232 310 187 723 27 45 10 8 491 325 688 237 528 334 663 21 28 716 177 97 656 535 342 92 451 96 2 675 312 422 447 71 604 685 24 231 524 709 425 695 721 47 18 645 22 687 714 461 667 669 517 610 155 129 93 214 256 20 692 626 615 578 530 469 739 637 613 336 653 131 728 577 518 85 508 565 393 418 179 722 50 113 19 166 39 7 398 126 140 485 378 590 38 105 632 228 202 58 381 269 712 90 520 94 620 453 211 108 396 9 84 625 184 611 137 57 642 62 666 35 725 132 670 707 326 37 200 428 34 609 708 60 48 145 718 672 142 186 668 44 104 390 497 450 734 176 133 659 639 41 119 61 1 316 513 386 55 588 354 254 331 193 250 445 540 598 302 350 686 444 111 135 99 252 717 191 395 475 701 502 630 293 593 468 526 541 592 43 608 664 740 473 546 210 640 110 199 42 5 107 56 432 303 702 424 300 296 340 681 227 221 197 662 376 333 205 552 374 455 11 697 13 638 114 87 243 550 255 321 188 612 322 287 14 435 298 304 735 715 308 165 405 233 25 628 501 404 402 317 490 676 680 741 633 112 234 439 143 103 596 505 162 175 15 89 711 622 573 539 529 696 181 480 242 436 209 698 557 388 417 164 328 212 33 568 139 353 348 400 661 555 457 280 118 438 700 346 69 560 4 511 115 430 106 619 141 173 307 206 481 297 650 500 532 82 472 427 185 737 203 729 349 634 3 724 198 606 301 330 241 646 549 548 710 411 415 83 408 434 283 251 736 551 244 220 597 284 703 515 576 392 286 51 46 733 282 624 635 323 138 580 6 180 522 730 207 306 229 487 476 533 163 134 474 479 117 478 442 288 235 586 377 341 289 201 679 423 521 183 208 538 623 471 420 290 102 394 358 213 147 344 174 217 449 426 196 575 264 329 17 384 585 614 409 616 407 238 537 170 488 574 385 399 160 311 309 216 315 313 543 150 512 704 536 732 459 
c [Incremental] Max used label: 742.
c [Incremental] Label 742 is removed from searching.
c [Incremental] Solving for max label = 741:
c [Incremental] Solving duration: 2337 ms.
s [Incremental] SAT (label = 741).
Label assignment: 727 78 80 281 26 98 660 236 77 671 544 443 737 71 66 706 86 547 629 440 682 534 506 40 403 694 76 416 705 54 12 375 636 720 421 691 136 75 73 631 719 523 516 36 690 23 332 59 188 726 665 689 31 738 605 514 673 699 29 215 16 30 88 693 731 318 563 232 310 187 723 27 388 10 8 491 325 688 237 528 334 663 21 28 716 177 97 656 535 342 92 451 67 2 675 312 422 447 74 604 685 24 231 524 709 425 695 721 47 18 645 22 687 714 461 667 669 517 610 155 129 93 214 256 20 692 626 615 578 530 469 739 637 613 336 653 131 728 577 518 85 508 565 393 418 179 722 50 113 19 166 39 7 398 126 140 485 378 590 38 105 632 228 202 81 381 269 712 58 520 94 620 453 211 108 396 9 84 625 184 611 137 57 642 62 666 35 725 132 670 707 326 37 200 428 34 609 708 60 48 145 718 672 142 186 668 44 104 390 497 450 734 176 133 659 639 41 119 61 1 316 513 386 55 588 354 254 331 193 250 445 540 598 302 350 686 444 111 135 99 252 717 191 395 475 701 502 630 293 593 468 526 541 592 43 608 664 740 473 546 210 640 110 199 42 5 107 56 432 303 702 424 300 296 340 681 227 221 197 662 376 333 205 552 374 455 11 697 13 638 114 87 243 550 255 321 156 612 322 287 14 435 298 304 735 715 308 165 405 233 25 628 501 404 402 317 490 676 680 741 633 112 234 439 143 103 596 505 162 175 15 89 711 622 573 539 529 696 181 480 242 436 209 698 557 495 417 164 328 212 33 568 139 353 348 400 661 555 457 280 118 438 700 346 69 560 4 511 115 430 106 619 141 173 307 206 481 297 650 500 532 82 472 427 185 431 203 729 283 634 3 724 198 606 301 330 241 646 549 548 710 411 415 83 408 434 285 251 736 551 244 220 597 284 703 542 576 392 286 515 46 733 282 624 635 323 138 580 6 180 522 730 207 306 229 487 476 533 260 134 474 479 117 478 442 288 235 586 377 341 289 201 679 423 521 183 208 538 623 471 420 290 102 394 358 213 147 344 174 217 449 426 196 575 264 329 17 384 585 614 409 616 407 238 537 170 488 574 385 399 160 311 309 216 315 313 543 150 512 704 536 732 459 
c [Incremental] Max used label: 741.
c [Incremental] Label 741 is removed from searching.
c [Incremental] Solving for max label = 740:
c [Incremental] Solving duration: 1869 ms.
s [Incremental] SAT (label = 740).
Label assignment: 727 78 80 281 26 98 660 236 77 671 544 443 737 71 66 706 86 547 629 440 682 534 503 40 403 694 76 416 705 54 12 375 636 720 421 691 136 75 73 631 719 516 514 36 690 23 332 59 188 726 665 689 31 738 605 506 673 699 29 215 16 30 88 693 731 318 563 232 310 187 723 27 388 10 8 491 325 688 237 528 334 663 21 28 716 177 97 656 535 342 92 451 67 2 675 312 422 447 74 604 685 24 231 523 709 425 695 721 47 18 645 22 687 714 461 667 669 517 610 155 129 93 214 256 20 692 626 615 578 530 469 739 637 613 336 653 131 728 577 518 85 508 565 393 418 179 722 50 113 19 166 39 7 398 126 140 485 378 590 38 105 632 228 202 81 381 269 712 58 520 94 620 453 211 108 396 9 84 625 184 611 137 566 642 62 666 35 725 132 670 707 326 37 200 428 34 609 708 60 48 145 718 672 142 186 668 44 104 390 497 450 734 176 133 659 639 41 119 61 1 316 513 386 55 588 354 254 331 193 250 445 540 598 302 350 686 444 111 135 99 252 717 191 395 475 57 502 630 293 593 468 526 541 592 43 608 664 740 473 546 210 640 110 199 42 5 107 56 432 303 702 424 300 296 340 681 227 221 197 662 376 333 205 552 374 455 11 697 13 638 114 87 243 550 255 321 156 612 322 287 14 435 298 304 735 715 308 165 405 233 25 628 501 404 402 317 490 676 680 711 633 112 234 439 143 103 596 505 162 175 15 89 701 622 573 539 529 696 181 480 242 436 209 698 557 495 417 164 328 212 33 568 139 353 348 400 661 555 457 280 118 438 700 346 69 560 4 511 115 430 106 617 141 173 307 206 481 297 650 500 532 82 472 427 185 431 203 729 283 634 3 724 198 606 301 330 241 646 549 548 710 411 415 83 408 434 285 251 736 551 244 220 597 284 703 542 576 392 286 515 46 733 282 624 635 323 138 580 6 180 522 730 207 306 229 487 476 533 260 134 474 479 117 478 442 288 235 586 377 341 289 201 679 423 521 183 208 538 623 471 420 290 102 394 358 213 147 344 174 217 449 426 196 575 264 329 17 384 585 602 409 616 407 238 537 170 488 574 385 399 160 311 309 216 315 313 543 150 507 704 536 732 459 
c [Incremental] Max used label: 740.
c [Incremental] Label 740 is removed from searching.
c [Incremental] Solving for max label = 739:
c [Incremental] Solving duration: 2317 ms.
s [Incremental] SAT (label = 739).
Label assignment: 727 78 80 281 26 98 660 236 77 671 544 443 737 71 66 600 86 547 629 440 682 534 503 40 403 719 76 397 705 54 12 375 636 720 421 691 136 75 73 631 707 516 514 36 690 23 332 59 188 726 665 689 31 738 605 506 673 699 29 215 16 30 123 693 731 318 52 232 310 187 723 27 388 10 8 491 325 688 223 528 334 663 21 28 713 177 97 656 535 416 92 451 67 2 675 312 422 447 74 604 685 81 231 523 709 425 695 721 47 18 645 22 687 716 461 667 669 562 610 155 129 93 214 256 24 692 626 615 222 530 469 739 524 613 336 653 131 728 577 518 85 508 565 393 418 179 722 50 113 19 166 39 7 398 126 132 485 378 237 38 105 632 228 202 282 381 269 712 58 520 94 620 453 211 108 396 9 84 625 184 20 137 566 642 374 666 35 725 694 670 708 326 37 200 428 34 609 672 60 48 145 718 657 142 186 668 44 104 390 497 450 734 176 133 659 639 41 116 61 1 316 513 386 55 588 354 254 331 193 250 445 540 598 302 350 686 444 111 517 99 252 717 191 395 391 57 502 630 293 593 475 526 541 592 43 608 664 714 473 546 210 640 110 199 32 5 107 56 432 314 702 468 300 296 335 681 25 221 197 662 376 333 205 552 353 455 11 697 13 638 128 87 243 550 255 303 156 612 321 287 14 435 298 304 735 715 308 165 405 233 51 628 501 404 402 317 490 676 680 711 619 112 234 439 119 103 596 505 162 175 15 89 701 622 573 539 529 696 181 480 242 424 209 698 557 495 417 164 328 212 33 568 139 481 348 400 661 555 457 280 118 322 700 346 69 560 4 511 115 430 106 617 130 173 307 206 509 297 650 500 226 82 127 427 185 431 203 729 283 634 3 724 198 606 301 330 241 646 549 548 710 411 415 83 408 429 285 251 736 551 531 220 597 284 703 542 576 392 286 515 46 733 383 624 635 323 138 580 6 180 522 730 207 306 229 487 476 533 260 134 474 479 124 478 442 288 235 586 569 419 289 201 679 423 521 183 208 519 623 471 420 290 102 394 358 213 147 344 174 217 449 426 196 575 264 329 17 384 585 602 409 616 407 618 537 170 488 574 385 399 160 311 309 218 315 313 543 150 507 704 536 732 459 
c [Incremental] Max used label: 739.
c [Incremental] Label 739 is removed from searching.
c [Incremental] Solving for max label = 738:
c [Incremental] Solving duration: 1985 ms.
s [Incremental] SAT (label = 738).
Label assignment: 727 78 80 281 26 98 660 236 77 671 544 443 737 71 66 600 86 547 629 440 682 527 503 40 403 719 76 397 705 54 12 375 636 720 421 691 136 75 73 623 707 516 514 36 690 23 332 59 188 726 665 689 31 738 605 506 673 699 29 215 16 30 123 693 731 318 52 232 310 187 723 27 388 10 8 491 325 688 223 528 334 663 21 28 713 177 97 656 535 416 92 451 67 2 675 312 422 447 74 604 685 81 231 523 709 425 695 721 47 18 645 22 687 716 461 667 669 562 610 155 129 93 214 256 24 692 626 615 222 530 469 728 524 613 336 653 131 121 577 518 85 508 565 393 418 179 722 50 113 19 166 39 7 398 126 132 485 378 237 38 105 632 228 202 282 381 269 712 58 520 94 620 453 211 108 396 9 84 625 184 20 137 566 631 374 666 35 725 694 670 708 326 37 200 428 34 609 672 60 48 145 718 657 142 186 668 44 104 390 497 450 734 176 133 659 639 41 116 61 1 316 513 386 55 588 354 254 331 193 250 445 540 598 302 350 686 444 111 517 99 252 717 191 395 391 57 502 630 293 593 475 526 541 592 43 608 664 714 473 546 210 640 110 199 32 5 107 56 432 314 702 468 300 296 335 681 25 221 197 662 376 333 205 552 353 455 11 697 13 638 128 87 243 550 255 303 156 612 321 287 14 435 298 304 735 715 308 165 405 233 51 628 501 404 402 317 490 676 680 711 619 112 234 439 119 103 596 505 162 175 15 89 701 621 573 539 529 696 181 480 242 424 209 698 557 495 417 164 328 212 33 568 139 481 348 400 661 555 457 280 118 322 700 346 69 560 4 511 115 430 106 617 130 173 307 206 509 297 650 500 226 82 127 427 185 431 203 729 283 635 3 724 198 606 301 330 241 646 549 548 710 411 415 83 408 429 285 251 736 551 531 220 597 284 703 542 576 392 286 515 46 733 383 622 634 323 138 580 6 180 522 730 207 306 229 487 476 533 260 134 474 479 124 478 442 288 235 586 569 419 289 201 679 423 521 183 208 519 624 471 420 290 102 394 358 213 147 344 174 217 449 426 196 575 264 329 17 384 585 602 409 616 407 618 537 170 488 574 385 399 160 311 309 218 315 313 543 150 507 704 536 732 459 
c [Incremental] Max used label: 738.
c [Incremental] Label 738 is removed from searching.
c [Incremental] Solving for max label = 737:
c [Incremental] Solving duration: 1879 ms.
s [Incremental] SAT (label = 737).
Label assignment: 727 78 80 281 26 98 660 236 77 671 544 443 723 71 66 600 86 547 226 440 682 516 503 40 403 719 76 397 677 54 12 375 629 720 453 691 136 75 73 623 705 590 514 36 690 23 332 59 188 726 665 689 31 737 604 506 673 699 29 605 16 30 123 693 731 318 52 232 310 187 707 27 388 10 8 491 325 688 223 528 334 663 21 28 713 177 97 656 527 416 92 451 67 2 675 312 422 447 74 578 685 81 231 523 709 425 695 721 47 18 645 22 687 716 461 667 669 562 610 155 129 93 214 256 24 676 626 615 222 530 469 728 524 613 336 653 131 121 577 518 85 508 565 393 412 179 722 50 113 19 166 39 7 398 126 132 485 378 607 38 105 632 228 202 282 381 269 712 58 520 94 620 467 611 108 396 9 84 625 184 20 137 566 631 374 666 35 725 694 670 708 326 37 200 428 34 609 672 60 48 145 718 657 142 186 668 44 104 390 515 450 734 176 133 659 639 41 116 61 1 316 511 386 55 588 354 254 331 193 250 445 540 598 302 350 686 444 111 513 99 252 717 191 395 391 57 502 627 293 593 475 526 541 592 43 608 664 714 473 546 210 640 110 199 32 5 107 56 432 314 702 468 300 296 335 681 25 221 197 662 376 333 205 552 353 455 11 697 13 638 128 87 243 550 255 303 156 621 321 287 14 435 298 304 735 715 308 165 405 233 51 212 501 404 421 317 490 674 680 711 618 112 234 439 119 103 596 505 162 175 15 89 701 612 573 539 529 696 181 480 242 424 209 698 557 495 417 164 328 628 33 568 139 481 348 400 692 555 457 280 118 322 700 346 69 560 4 509 115 430 106 617 130 173 307 206 472 297 650 500 619 82 127 427 185 431 203 729 283 635 3 724 198 606 301 330 241 646 549 548 710 411 415 83 408 429 285 251 736 551 525 220 597 284 703 542 576 392 286 517 46 733 383 622 634 323 138 580 6 180 522 730 207 327 229 487 476 533 260 134 474 479 124 478 442 288 235 586 569 419 289 201 679 423 521 183 208 519 624 471 420 290 102 394 358 213 147 344 174 217 449 426 196 575 264 329 17 384 585 602 409 616 407 224 535 170 488 574 385 399 160 311 309 218 315 313 543 150 507 704 531 732 459 
c [Incremental] Max used label: 737.
c [Incremental] Label 737 is removed from searching.
c [Incremental] Solving for max label = 736:
c [Incremental] Solving duration: 1953 ms.
s [Incremental] SAT (label = 736).
Label assignment: 721 78 80 281 26 98 660 236 77 671 511 443 723 71 66 600 86 547 226 440 682 516 503 40 403 319 76 397 677 54 12 375 629 719 453 691 136 75 73 623 705 590 514 36 690 23 332 59 188 726 665 689 31 727 604 506 673 699 29 605 16 30 123 693 731 318 52 232 310 187 707 27 388 10 8 491 325 688 223 528 334 663 21 28 713 177 97 656 534 416 92 451 67 2 675 312 422 447 74 578 685 81 231 523 709 425 695 720 47 18 645 22 687 716 461 667 669 562 610 155 129 93 214 256 24 676 626 615 222 530 469 728 524 613 336 653 131 114 577 518 85 508 565 393 412 179 722 50 113 19 166 39 7 398 126 132 485 378 607 38 105 632 228 202 282 381 269 712 58 520 94 620 467 611 108 396 9 84 625 184 20 137 566 631 374 666 35 725 694 670 708 326 37 200 428 34 609 672 60 48 145 718 657 142 186 668 44 104 390 515 450 734 176 133 659 621 41 116 61 1 316 510 386 55 588 354 254 331 527 250 445 540 598 302 350 686 444 111 513 99 252 717 191 395 391 57 502 627 293 593 475 526 541 592 43 608 664 714 473 546 210 640 110 199 32 5 107 56 432 314 702 468 300 296 335 681 25 221 197 662 376 333 205 552 353 455 11 697 13 638 128 87 243 550 255 303 156 614 321 287 14 435 298 304 735 715 308 165 405 233 51 212 501 404 421 317 490 674 680 711 618 112 234 439 119 103 596 505 162 175 15 89 701 612 573 209 529 696 181 480 242 424 219 698 557 495 417 164 328 628 33 568 139 481 348 400 692 555 457 280 118 322 700 346 69 560 4 509 115 430 106 617 130 173 307 206 472 297 650 500 619 82 127 427 185 431 203 729 283 635 3 724 198 606 301 330 241 646 549 548 710 411 415 83 408 429 285 251 736 551 525 220 597 284 703 542 576 392 286 517 46 733 383 622 634 323 138 580 6 180 522 730 207 327 229 487 476 533 260 134 474 479 124 478 442 288 235 586 569 419 289 201 679 423 521 183 208 519 624 471 420 290 102 394 358 213 147 344 174 217 449 426 196 575 264 329 17 384 585 602 409 616 407 224 535 170 488 574 385 399 160 311 309 218 315 313 543 150 507 704 531 732 459 
c [Incremental] Max used label: 736.
c [Incremental] Label 736 is removed from searching.
c [Incremental] Solving for max label = 735:
c [Incremental] Solving duration: 19921 ms.
s [Incremental] SAT (label = 735).
Label assignment: 510 59 662 62 714 216 94 607 90 634 5 316 95 40 188 593 602 52 618 57 136 729 215 661 120 225 354 336 282 380 734 92 306 9 339 663 540 70 73 635 598 566 720 441 69 657 509 659 652 723 303 680 189 512 633 26 89 80 84 534 733 106 37 471 704 532 340 320 604 86 7 281 694 624 238 469 514 660 529 617 213 375 77 692 34 370 531 501 24 227 60 466 497 3 45 97 526 500 569 368 493 656 610 329 211 301 87 521 61 570 665 649 588 118 47 494 44 172 419 407 321 144 626 41 719 65 615 601 612 15 76 124 619 622 515 173 32 504 332 105 678 35 677 187 101 85 224 291 539 8 283 711 731 64 10 331 53 559 605 675 337 628 6 492 231 594 72 241 691 333 690 620 237 437 308 528 631 535 503 562 693 420 700 425 495 63 713 313 93 81 726 517 507 341 706 703 538 186 670 668 39 715 38 78 666 68 707 530 244 104 258 314 171 230 91 416 708 639 688 18 219 220 137 199 479 182 178 423 621 442 323 353 470 212 295 36 141 312 31 202 401 226 377 16 600 50 163 613 627 379 571 298 164 67 705 412 488 223 669 563 347 674 300 527 709 710 404 587 603 421 206 119 309 536 520 697 679 498 318 683 262 115 599 167 572 197 724 263 712 609 229 359 499 682 687 142 243 537 685 574 732 218 632 664 25 524 214 585 305 4 358 630 43 730 217 236 475 482 554 116 616 608 614 13 22 513 143 112 280 496 722 345 114 324 259 2 28 650 454 478 346 302 629 476 257 591 203 315 519 516 565 385 109 550 684 721 456 446 673 489 533 522 468 575 82 439 725 19 525 98 435 625 317 698 433 403 287 210 480 595 29 567 319 209 491 232 428 417 138 611 221 30 436 505 208 414 254 260 667 477 168 130 686 672 297 222 267 351 207 383 426 481 160 696 27 162 384 140 356 695 689 128 440 413 326 102 508 455 11 490 330 205 434 408 127 166 278 111 285 307 676 390 518 352 699 42 411 373 279 129 396 636 579 735 409 464 638 418 502 251 125 355 506 121 265 322 568 147 382 623 342 23 429 486 718 204 122 671 457 728 126 430 139 415 110 261 249 264 646 240 83 117 432 410 431 335 580 655 20 727 1 123 185 
c [Incremental] Max used label: 735.
c [Incremental] Label 735 is removed from searching.
c [Incremental] Solving for max label = 734:
c [Incremental] Solving duration: 29947 ms.
s [Incremental] SAT (label = 734).
Label assignment: 510 59 662 62 714 216 94 607 90 339 5 316 95 40 681 593 660 570 618 57 136 729 215 661 128 225 354 336 282 144 734 92 306 9 540 566 466 70 52 635 73 441 720 64 69 281 509 659 652 723 653 680 189 512 633 26 89 186 37 534 733 106 47 598 704 532 340 303 604 72 7 700 694 624 238 692 514 60 529 617 213 640 46 77 34 370 531 501 22 227 86 376 497 3 44 97 526 145 569 368 91 493 610 329 211 301 87 521 656 471 665 649 588 118 45 494 675 172 419 65 321 93 626 17 719 594 615 602 612 15 50 124 619 622 515 173 32 504 332 105 678 35 677 187 101 85 224 76 539 8 283 711 731 153 12 331 61 559 605 10 337 628 6 295 167 230 590 241 691 333 690 620 237 437 308 528 631 535 507 562 693 420 452 425 495 63 713 323 231 310 726 517 500 341 702 706 538 154 670 668 233 715 460 56 39 68 707 530 244 104 258 311 171 666 81 405 708 601 686 18 226 217 361 688 551 182 442 423 621 165 290 353 470 212 496 36 141 314 31 196 401 701 377 16 479 137 595 613 627 379 571 298 350 67 705 412 563 223 669 469 312 674 300 527 709 710 406 491 599 408 206 119 309 536 520 685 639 498 318 679 262 115 603 699 449 197 724 263 712 609 229 359 454 453 344 142 243 499 572 574 732 218 632 440 25 524 228 585 317 4 592 630 43 730 210 236 475 482 255 126 616 608 614 13 29 513 143 112 280 716 722 345 114 313 259 2 28 589 299 478 346 302 629 476 257 591 203 304 519 516 468 41 109 684 547 721 683 586 673 489 533 522 150 256 82 439 725 19 503 98 438 625 315 698 400 411 287 221 388 53 21 450 319 209 285 232 428 417 138 611 222 27 436 505 208 404 352 260 288 160 168 130 667 672 687 220 584 372 207 464 426 392 485 696 23 542 384 140 395 703 689 121 134 402 326 102 502 481 11 490 330 205 434 413 127 166 383 111 390 307 676 472 518 88 483 645 409 265 381 129 396 634 579 200 403 357 638 418 508 251 125 355 506 120 664 305 342 147 382 600 327 24 429 378 455 204 123 192 457 728 122 430 139 415 110 261 249 264 646 195 42 117 432 410 407 335 486 54 20 727 1 116 185 
c [Incremental] Max used label: 734.
c [Incremental] Label 734 is removed from searching.
c [Incremental] Solving for max label = 733:
c [Incremental] Solving duration: 30515 ms.
s [Incremental] SAT (label = 733).
Label assignment: 21 660 77 659 10 112 70 316 40 434 520 100 31 470 484 565 654 680 615 252 658 418 13 474 209 9 187 41 71 333 207 665 410 715 661 62 567 85 532 301 152 156 304 686 45 162 218 232 32 230 60 57 221 3 426 8 64 725 472 529 16 233 47 182 22 733 448 320 396 662 717 483 639 712 231 278 508 63 370 705 115 541 44 681 33 54 6 244 224 211 61 377 664 637 386 528 18 601 587 294 50 76 319 215 726 119 487 216 250 154 375 240 51 521 43 673 186 58 630 78 15 689 497 468 344 188 702 577 308 406 675 23 613 518 317 173 122 433 281 130 189 17 143 609 11 255 111 66 229 36 171 310 724 46 436 709 69 75 371 86 623 432 306 440 68 144 666 135 585 227 242 412 95 537 14 214 505 49 616 643 270 413 563 612 469 72 322 103 94 235 137 730 20 328 700 28 423 447 536 626 175 219 246 146 52 641 225 12 286 217 65 206 682 696 671 300 128 620 148 398 197 105 685 35 392 39 179 600 727 556 136 669 67 120 663 80 101 318 562 533 30 714 631 722 443 667 141 414 495 597 174 699 678 296 126 603 184 517 190 402 446 650 97 299 311 405 302 73 315 324 698 602 403 524 212 92 321 149 399 131 74 116 522 292 596 277 199 93 711 397 121 37 644 453 42 514 287 427 59 598 619 117 527 645 5 608 731 360 203 611 530 323 38 114 123 457 349 561 357 109 728 307 507 222 485 303 394 208 283 668 531 169 108 513 181 632 223 559 574 271 473 98 614 435 274 265 723 329 213 519 431 29 25 425 351 96 438 674 134 534 622 110 56 365 578 646 417 326 419 515 621 703 19 170 526 627 124 501 683 684 416 158 104 708 688 129 617 4 348 334 200 7 606 500 721 605 676 383 330 138 679 205 576 81 465 118 153 53 706 464 511 180 343 573 720 253 657 719 670 234 374 510 544 409 607 192 509 687 2 145 704 701 525 424 313 552 393 24 456 210 677 183 506 491 338 159 604 582 55 204 48 594 241 228 516 288 713 629 27 364 512 245 305 107 672 331 569 79 193 618 269 26 732 462 461 504 710 151 581 309 718 420 716 707 127 356 390 243 558 340 695 106 422 697 325 34 467 150 407 133 125 729 389 
c [Incremental] Max used label: 733.
c [Incremental] Label 733 is removed from searching.
c [Incremental] Solving for max label = 732:
c [Incremental] Solving duration: 1726 ms.
s [Incremental] SAT (label = 732).
Label assignment: 21 660 77 659 10 112 70 316 40 434 520 100 31 470 484 565 654 680 615 252 658 418 13 474 209 9 187 41 71 333 207 665 410 715 661 62 567 85 532 301 152 156 304 686 45 162 218 232 32 230 60 57 221 3 426 8 64 725 472 529 16 233 47 182 22 728 448 320 396 662 717 483 639 712 231 278 508 63 370 705 115 541 44 681 33 54 6 244 224 211 61 377 664 632 386 528 18 601 587 294 50 76 319 215 702 119 487 216 250 154 375 240 51 521 43 673 186 58 608 78 15 689 497 468 344 188 609 577 308 406 675 23 613 518 317 173 122 433 281 130 189 17 143 640 11 255 111 66 229 36 171 310 726 46 436 709 69 75 371 86 623 432 306 440 68 144 666 135 585 227 242 412 95 537 14 214 505 49 616 643 270 413 563 612 469 72 322 103 94 235 137 730 20 328 700 28 423 447 536 625 175 219 246 146 52 641 225 12 286 217 65 206 682 696 671 300 128 620 148 398 197 105 685 35 392 39 179 600 727 556 136 669 67 120 663 80 101 318 562 533 30 714 626 722 443 667 141 414 495 597 174 598 678 296 126 603 184 517 190 402 446 650 97 299 311 405 302 73 315 324 698 602 403 524 212 92 321 149 399 131 74 116 522 292 596 277 199 93 711 397 121 37 644 453 42 514 287 427 59 590 619 117 527 645 5 614 731 360 203 611 530 323 38 114 123 457 349 561 357 109 724 307 507 222 485 303 394 208 283 668 531 169 108 513 181 631 223 559 574 271 473 98 622 435 274 265 723 329 213 519 431 29 25 425 351 96 438 674 134 534 624 110 56 365 578 646 417 326 419 515 621 703 19 170 526 599 124 501 683 684 416 158 104 708 688 129 617 4 348 334 200 7 606 500 721 605 676 383 330 138 679 205 576 81 465 118 153 53 706 464 511 180 343 573 720 253 657 719 670 234 374 510 544 409 607 192 509 687 2 145 220 701 525 424 314 552 393 24 456 210 677 183 506 491 338 159 704 582 55 204 48 594 241 228 516 288 713 629 27 364 512 245 305 107 672 331 569 79 193 618 269 26 732 462 461 504 710 151 581 309 718 420 716 707 127 356 390 243 558 340 695 106 422 697 325 34 467 150 407 133 125 729 389 
c [Incremental] Max used label: 732.
c [Incremental] Label 732 is removed from searching.
c [Incremental] Solving for max label = 731:
c [Incremental] Solving duration: 47046 ms.
s [Incremental] SAT (label = 731).
Label assignment: 110 70 77 659 440 112 418 317 230 594 507 412 700 85 677 565 654 434 523 252 31 414 5 474 209 500 668 484 71 333 197 663 416 26 580 62 588 653 675 301 152 244 304 673 66 172 200 497 425 224 60 57 127 12 391 21 64 686 472 505 120 671 589 182 23 723 448 320 560 669 725 483 692 699 198 278 521 63 294 708 15 541 44 666 33 54 8 61 25 211 674 377 228 615 555 508 18 597 680 568 50 76 427 410 715 121 556 215 662 154 69 487 51 100 43 536 660 58 608 78 108 562 494 173 297 188 636 577 698 406 442 22 630 503 424 493 28 29 136 130 229 20 378 460 11 537 115 375 4 36 281 310 709 250 575 726 168 75 346 655 606 415 306 258 68 242 683 98 340 495 450 703 95 519 6 196 527 49 620 426 270 616 266 623 386 72 329 103 94 190 694 218 122 293 24 221 393 685 676 559 175 219 246 240 52 693 129 17 678 714 290 206 584 469 640 607 126 419 148 398 203 105 579 35 552 383 179 506 701 342 124 287 682 501 438 379 702 322 595 513 125 712 437 727 443 385 352 417 502 499 354 609 652 554 128 596 382 517 261 558 446 544 106 315 311 405 336 388 326 631 718 468 524 496 212 239 696 149 408 74 681 705 525 59 650 277 199 93 131 344 602 37 689 664 42 194 241 518 441 360 614 728 491 672 10 80 731 253 210 611 492 303 2 119 214 457 402 473 357 114 706 327 520 222 600 307 389 213 283 169 509 238 102 522 181 318 225 392 539 271 280 107 319 454 274 488 729 334 216 619 384 374 19 658 533 111 73 646 540 586 510 13 56 337 649 458 413 296 421 515 599 704 14 170 613 621 79 504 642 688 423 158 101 16 661 657 601 7 553 667 123 9 610 430 722 605 431 372 288 351 679 220 656 81 465 117 153 53 717 387 617 449 571 542 719 570 581 104 546 707 583 534 285 420 328 202 511 547 3 687 489 711 498 429 313 475 444 27 477 205 341 381 603 665 548 159 730 690 55 204 48 624 330 226 516 695 713 612 335 183 512 245 314 99 193 321 569 576 356 618 269 195 710 545 551 514 118 151 339 312 721 390 716 724 30 249 482 348 561 566 691 116 409 697 323 201 353 150 407 96 223 720 435 
c [Incremental] Max used label: 731.
c [Incremental] Label 731 is removed from searching.
c [Incremental] Solving for max label = 730:
c [Incremental] Solving duration: 3353 ms.
s [Incremental] SAT (label = 730).
Label assignment: 110 70 77 659 440 112 418 317 230 594 507 412 700 92 677 565 654 434 523 252 69 414 5 474 209 500 668 484 71 333 197 663 416 23 580 62 588 653 675 301 152 244 304 673 66 172 200 497 425 224 60 57 127 12 391 21 64 686 472 505 120 671 589 182 715 10 448 320 560 669 11 483 692 699 198 278 521 63 294 708 15 541 44 666 33 54 8 61 26 211 674 377 228 615 555 508 18 597 680 568 50 76 427 410 725 121 556 215 662 154 85 487 51 100 43 536 660 58 608 78 108 562 494 173 297 188 636 577 698 406 442 723 630 503 424 493 28 25 136 130 229 20 378 460 726 537 115 375 4 36 281 310 709 250 575 22 168 75 346 655 606 415 306 258 68 242 683 98 340 495 450 703 95 519 6 196 527 49 620 426 270 616 266 623 386 72 329 103 94 190 694 218 122 293 31 221 393 685 676 559 175 219 246 240 52 693 129 17 678 714 290 206 584 469 640 607 126 419 148 398 203 105 579 35 552 383 179 506 701 342 124 287 682 501 438 379 702 322 595 513 125 712 437 727 443 385 352 417 502 499 354 609 652 554 128 596 382 517 261 558 446 544 106 315 311 405 336 388 326 631 718 468 524 496 212 239 696 149 408 74 681 705 525 59 650 277 199 93 131 344 602 37 689 664 42 194 241 518 441 360 614 24 491 672 29 80 728 253 210 611 492 303 2 119 214 457 402 473 357 114 706 327 520 222 600 307 389 213 283 169 509 238 102 522 181 318 225 392 539 271 280 107 319 454 274 488 729 334 216 619 384 374 19 658 533 111 73 646 540 586 510 13 56 337 649 458 413 296 421 515 599 704 14 170 613 621 79 504 642 688 423 158 101 16 661 657 601 7 553 667 123 9 610 430 722 605 431 372 288 351 679 220 656 81 465 117 153 53 717 387 617 449 571 542 719 570 581 104 546 707 583 534 285 420 328 202 511 547 3 687 489 711 498 429 313 475 444 27 477 205 341 381 603 665 548 164 730 690 55 204 48 624 330 226 516 695 713 612 335 183 512 245 314 99 193 321 569 576 356 618 269 195 710 545 551 514 118 151 339 312 721 390 716 724 30 249 482 348 561 566 691 116 409 697 323 201 353 150 407 96 223 720 435 
c [Incremental] Max used label: 730.
c [Incremental] Label 730 is removed from searching.
c [Incremental] Solving for max label = 729:
c [Incremental] Solving duration: 26860 ms.
s [Incremental] SAT (label = 729).
Label assignment: 434 42 61 76 204 699 87 415 56 363 7 711 24 38 452 667 607 345 317 174 340 300 22 684 407 625 681 20 378 416 218 62 321 98 257 272 276 534 94 104 651 148 302 81 68 187 613 182 237 387 283 274 226 404 323 206 260 658 51 695 192 495 665 58 119 409 256 697 626 688 400 74 157 306 229 326 333 232 502 126 32 634 72 189 234 156 702 679 96 121 590 470 683 506 184 405 9 278 682 264 35 375 427 401 107 220 39 26 49 152 45 78 75 705 633 685 89 277 511 523 216 183 12 540 696 47 120 329 154 533 50 426 311 621 709 496 708 610 282 4 231 207 270 139 101 53 18 262 417 197 254 624 112 57 652 122 243 454 517 269 503 522 310 701 55 141 63 706 248 93 402 507 30 5 418 212 13 146 318 494 181 521 331 28 84 268 526 205 383 70 729 406 413 612 698 224 327 687 36 140 138 223 73 563 165 60 412 411 142 726 83 199 52 167 40 604 219 484 273 608 10 6 44 285 34 249 145 109 105 647 299 657 520 19 143 334 46 525 307 11 21 725 617 419 371 236 595 316 303 186 150 108 71 259 227 527 271 15 149 233 295 239 202 399 627 516 312 33 592 693 102 380 609 723 721 247 501 463 623 355 438 128 431 366 320 164 198 48 127 519 601 175 43 332 281 211 548 385 280 368 514 221 423 193 214 403 106 166 704 530 659 600 37 724 2 622 549 576 59 208 116 703 315 125 599 720 328 203 130 213 3 565 117 598 275 510 25 330 135 532 136 210 504 662 196 639 103 481 123 713 466 560 728 467 432 408 395 69 398 367 710 714 641 642 572 338 304 611 293 225 518 505 430 137 616 313 420 17 369 153 620 163 719 222 161 132 114 614 465 195 309 716 111 515 727 509 230 251 155 638 168 717 644 488 570 217 656 238 410 559 27 372 551 172 124 476 294 133 279 241 159 16 661 319 615 712 603 663 8 349 113 722 23 619 14 660 471 31 396 718 664 162 602 646 245 690 322 543 478 422 253 421 151 99 29 134 115 618 337 460 397 364 429 707 694 291 670 449 480 487 477 209 605 297 569 425 715 676 144 512 100 308 131 110 461 391 668 680 373 469 692 201 305 499 392 228 482 341 606 424 118 428 453 
c [Incremental] Max used label: 729.
c [Incremental] Label 729 is removed from searching.
c [Incremental] Solving for max label = 728:
c [Incremental] Solving duration: 32028 ms.
s [Incremental] SAT (label = 728).
Label assignment: 434 42 61 76 204 699 87 415 56 363 7 711 24 38 452 667 688 345 317 469 340 300 22 684 407 625 681 20 378 416 218 62 321 98 257 272 276 534 94 104 651 148 302 81 68 187 613 182 237 387 283 274 226 404 323 206 260 658 51 695 192 495 665 58 119 409 256 697 626 683 400 74 157 306 229 326 333 232 502 126 32 634 72 189 234 156 701 679 96 121 590 470 682 506 184 405 9 278 167 264 35 375 427 401 107 220 39 26 49 152 45 78 75 705 662 685 89 277 511 523 216 183 12 540 696 47 120 329 154 533 50 426 311 621 709 496 708 608 282 4 231 207 270 139 101 53 18 262 417 197 254 624 112 57 652 122 243 454 517 269 503 522 310 457 55 141 63 706 248 93 402 507 30 5 418 212 13 146 318 494 181 521 331 28 84 268 526 205 383 70 135 406 413 612 698 224 327 687 36 140 138 223 73 563 165 60 412 411 142 726 83 199 52 552 40 604 219 484 273 607 10 6 44 285 34 249 145 109 105 647 299 657 520 19 143 334 46 525 307 11 21 725 617 419 465 236 595 316 303 186 150 108 71 259 227 527 271 15 149 233 295 239 202 399 627 516 312 33 580 693 102 380 609 723 721 247 501 463 623 355 438 128 431 366 320 164 198 48 127 519 601 175 43 332 660 211 548 385 280 368 514 221 423 193 214 403 106 166 702 530 659 600 37 724 2 622 549 576 59 208 116 703 315 125 599 720 328 203 130 213 3 565 117 598 275 510 25 398 557 532 136 210 504 654 196 639 103 481 123 713 467 560 728 281 432 408 395 69 446 367 710 714 641 642 559 338 304 610 293 225 518 505 430 137 616 313 420 17 369 153 620 163 719 222 161 132 114 614 490 195 309 727 111 515 704 509 230 251 155 168 194 717 644 488 570 217 656 650 410 577 27 372 551 172 124 476 294 716 279 241 159 16 661 319 615 712 603 550 8 349 113 722 23 619 14 689 471 31 396 718 384 162 602 646 245 690 322 543 362 422 253 421 151 99 29 134 115 618 337 460 397 364 429 707 694 291 670 449 480 487 477 209 605 297 569 425 715 676 144 512 100 308 131 110 478 391 664 680 373 692 672 201 305 499 392 228 482 388 606 424 118 428 453 
c [Incremental] Max used label: 728.
c [Incremental] Label 728 is removed from searching.
c [Incremental] Solving for max label = 727:
c [Incremental] Solving duration: 139686 ms.
s [Incremental] SAT (label = 727).
Label assignment: 404 42 61 76 397 704 87 537 56 676 11 398 28 38 452 568 686 345 318 493 340 300 32 684 407 599 681 36 378 692 417 62 726 123 257 272 276 534 94 103 651 148 305 81 68 187 598 182 327 411 283 274 136 401 323 217 260 658 671 709 222 41 572 363 34 395 573 725 663 670 416 74 157 320 219 372 621 235 487 121 19 634 72 189 278 156 708 677 128 110 474 470 682 505 529 9 396 559 167 264 648 375 326 700 107 215 39 21 49 152 45 78 75 705 30 685 678 277 509 342 212 183 12 672 399 47 311 503 209 523 50 424 307 624 623 256 694 649 174 4 552 218 270 139 112 53 25 262 420 207 254 615 119 79 541 109 548 454 496 252 516 508 306 457 479 146 63 706 547 132 248 499 55 2 419 225 13 494 322 314 181 519 551 1 84 268 521 200 383 135 124 104 403 608 442 5 702 683 46 526 140 113 349 393 469 60 422 415 142 423 83 206 627 595 40 604 233 517 273 606 6 17 691 138 288 346 145 116 105 689 695 657 687 18 143 334 57 518 303 10 536 100 680 220 371 688 594 520 312 186 165 210 71 259 137 507 556 14 73 679 295 239 205 718 618 501 317 33 308 724 412 699 620 711 723 675 37 381 603 355 438 721 707 555 366 580 214 48 35 502 226 175 360 332 89 231 59 710 280 545 514 224 315 193 302 696 106 166 701 310 558 610 418 102 29 622 549 527 576 3 108 719 330 425 223 720 661 202 160 574 16 565 126 611 275 500 129 669 348 674 158 204 510 654 196 593 111 241 426 713 356 177 714 571 432 414 588 69 446 367 722 715 575 642 460 338 301 609 309 712 512 511 427 579 614 319 240 211 369 557 616 163 693 122 161 230 114 597 490 304 208 408 101 525 703 328 133 251 155 483 203 409 488 667 673 213 596 238 118 653 15 439 459 172 221 476 279 22 361 445 159 20 690 515 717 698 631 341 8 468 131 232 27 613 7 591 471 24 44 216 665 347 605 646 245 562 115 54 492 402 253 716 151 410 23 185 130 602 324 365 400 364 697 127 343 316 455 449 451 727 289 601 600 660 662 406 421 664 144 513 120 325 125 117 43 169 290 491 373 668 284 201 313 498 504 228 587 444 607 31 234 413 453 
c [Incremental] Max used label: 727.
c [Incremental] Label 727 is removed from searching.
c [Incremental] Solving for max label = 726:
c [Incremental] Solving duration: 43845 ms.
s [Incremental] SAT (label = 726).
Label assignment: 231 570 659 539 117 295 141 225 666 130 618 107 128 564 678 681 585 665 717 542 550 391 13 574 101 469 583 121 590 667 597 672 413 527 562 571 81 683 656 489 662 84 505 538 686 675 514 281 234 120 88 637 33 209 407 613 660 559 684 293 621 86 584 588 44 197 639 222 205 43 9 78 93 694 4 343 726 649 376 433 137 438 282 338 652 92 296 555 526 312 468 440 437 614 91 201 102 473 196 178 253 640 427 14 99 326 492 227 340 223 256 477 575 207 589 68 167 455 708 348 217 646 410 375 687 563 629 193 698 724 283 134 628 714 718 276 23 390 465 510 688 591 483 661 103 471 3 244 313 610 355 532 497 250 636 330 152 561 617 341 399 716 509 336 176 154 342 11 360 83 592 693 490 513 18 309 602 147 242 191 245 232 645 630 90 94 428 7 188 126 494 500 587 206 625 552 398 573 464 82 129 493 226 363 344 350 615 5 648 95 422 8 346 565 156 402 530 215 476 601 108 517 442 604 265 453 158 109 697 76 192 133 87 113 240 239 707 337 211 16 224 118 251 503 657 195 470 424 200 481 275 213 72 419 116 709 480 123 347 677 345 554 303 299 529 603 396 161 388 416 106 317 208 691 40 486 706 386 403 89 157 135 723 441 233 578 612 435 29 655 599 85 339 482 79 218 544 715 644 654 705 623 692 566 593 27 199 70 316 626 487 712 596 12 1 194 69 377 460 221 699 400 434 624 576 301 395 507 560 335 616 279 112 318 261 598 528 155 298 451 357 308 713 558 331 235 15 286 229 243 540 673 19 322 547 2 366 159 74 642 216 28 456 374 643 572 498 508 214 42 300 411 136 60 404 704 228 125 641 140 522 364 22 34 320 38 600 406 690 696 6 10 695 302 212 719 77 668 349 384 499 97 63 387 556 230 249 569 127 148 620 166 356 393 111 187 258 110 359 162 650 324 247 720 329 114 319 421 609 73 124 521 607 432 307 287 541 17 246 325 682 64 203 491 680 174 420 537 75 314 462 703 372 24 721 67 605 415 327 262 202 389 294 495 66 310 132 71 323 711 353 504 710 426 383 119 138 701 163 412 104 408 105 722 80 582 381 186 352 237 379 220 198 689 414 219 405 679 506 502 519 122 65 
c [Incremental] Max used label: 726.
c [Incremental] Label 726 is removed from searching.
c [Incremental] Solving for max label = 725:
c [Incremental] Solving duration: 1488 ms.
s [Incremental] SAT (label = 725).
Label assignment: 231 570 659 539 117 295 141 225 666 130 618 107 128 564 678 681 585 665 725 542 550 391 13 574 101 469 583 121 590 667 597 672 413 527 562 571 81 683 656 489 662 84 505 538 686 675 514 281 234 120 88 637 33 209 407 613 660 559 684 293 621 86 584 588 44 197 639 222 205 43 9 78 93 694 4 343 723 649 376 433 137 438 282 338 652 92 296 555 526 312 468 440 437 614 91 201 102 473 196 178 253 640 427 14 99 326 492 227 340 223 256 477 575 207 589 68 167 455 708 348 217 646 410 375 687 563 629 193 698 724 283 134 628 714 718 276 23 390 465 510 688 591 483 661 103 471 3 244 313 610 355 532 497 250 636 330 152 561 617 341 399 716 509 336 176 154 342 11 360 83 592 693 490 513 18 309 602 147 242 191 245 232 645 630 90 94 428 7 188 126 494 500 587 206 625 552 398 573 464 82 129 493 226 363 344 350 615 5 648 95 422 8 346 565 156 402 530 215 476 601 108 517 442 604 265 453 158 109 697 76 192 133 87 113 240 239 707 337 211 16 224 118 251 503 657 195 470 424 200 481 275 213 72 419 116 709 480 123 347 677 345 554 303 299 529 603 396 161 388 416 106 317 208 691 40 486 706 386 403 89 157 135 717 441 233 578 612 435 29 655 599 85 339 482 79 218 544 715 644 654 705 623 692 566 593 27 199 70 316 626 487 712 596 12 1 194 69 377 460 221 699 400 434 624 576 301 395 507 560 335 616 279 112 318 261 598 528 155 298 451 357 308 713 558 331 235 15 286 229 243 540 673 19 322 547 2 366 159 74 642 216 28 456 374 643 572 498 508 214 42 300 411 136 60 404 704 228 125 641 140 522 364 22 34 320 38 600 406 690 696 6 10 695 302 212 719 77 668 349 384 499 97 63 387 556 230 249 569 127 148 620 166 356 393 111 187 258 110 359 162 650 324 247 720 329 114 319 421 609 73 124 521 607 432 307 287 541 17 246 325 682 64 203 491 680 174 420 537 75 314 462 703 372 24 721 67 605 415 327 262 202 389 294 495 66 310 132 71 323 711 353 504 710 426 383 119 138 701 163 412 104 408 105 722 80 582 381 186 352 237 379 220 198 689 414 219 405 679 506 502 519 122 65 
c [Incremental] Max used label: 725.
c [Incremental] Label 725 is removed from searching.
c [Incremental] Solving for max label = 724:
c [Incremental] Solving duration: 1471 ms.
s [Incremental] SAT (label = 724).
Label assignment: 231 570 659 539 117 295 141 225 666 130 618 107 128 564 678 681 585 665 720 542 550 391 13 574 101 469 583 121 590 667 597 672 413 527 562 571 81 683 656 489 662 84 505 538 686 675 514 281 234 120 88 637 33 209 407 613 660 559 684 293 621 86 584 588 44 197 639 222 205 43 9 78 93 694 4 343 723 649 376 424 137 438 282 338 652 92 296 555 526 312 468 440 437 614 91 201 102 473 196 178 253 640 427 14 99 326 492 227 340 223 256 477 575 207 589 68 167 455 708 348 217 646 410 375 687 563 629 193 698 724 283 134 628 713 718 276 23 390 465 510 688 591 483 661 103 471 3 244 313 610 355 522 497 250 636 330 152 561 617 341 399 716 509 336 176 154 342 11 360 83 592 693 490 513 18 309 602 147 242 191 245 232 645 630 90 94 428 7 188 126 494 500 587 206 625 552 398 573 464 82 129 493 226 363 344 350 615 5 648 95 422 8 346 565 156 402 530 215 476 601 108 517 442 604 265 453 158 109 697 76 192 133 87 113 240 239 707 337 211 16 224 118 251 503 657 195 470 425 200 481 275 213 72 419 116 706 480 123 347 677 345 554 303 299 529 603 396 161 388 416 106 317 208 691 40 486 696 386 403 89 157 135 717 441 233 578 612 435 29 655 599 85 339 482 79 218 544 715 644 654 705 623 692 566 593 27 199 70 316 616 487 709 596 12 1 194 69 377 460 221 699 400 434 624 576 301 395 507 560 335 611 279 112 318 261 598 528 155 298 451 357 308 712 558 331 235 15 286 229 243 540 673 19 322 547 2 366 159 74 642 216 28 456 374 643 572 498 508 214 42 300 411 136 60 404 704 228 125 641 140 525 364 22 34 320 38 600 406 690 702 6 10 695 302 212 719 77 668 349 384 499 97 63 387 556 230 249 569 127 148 620 166 356 393 111 187 258 110 359 162 650 324 247 714 329 114 319 421 609 73 124 521 607 432 307 287 541 17 246 325 682 64 203 491 680 174 420 537 75 314 462 703 372 24 721 67 605 415 327 262 202 389 294 495 66 310 132 71 323 711 353 504 710 426 383 119 138 701 163 412 104 408 105 722 80 582 381 186 352 237 379 220 198 689 414 219 405 679 506 502 519 122 65 
c [Incremental] Max used label: 724.
c [Incremental] Label 724 is removed from searching.
c [Incremental] Solving for max label = 723:
c [Incremental] Solving duration: 44377 ms.
s [Incremental] SAT (label = 723).
Label assignment: 238 570 659 539 117 295 141 225 678 20 593 107 128 564 231 671 585 665 723 542 550 391 13 574 101 469 583 121 470 256 597 675 413 527 562 685 81 584 260 713 264 84 505 538 344 688 514 281 227 120 88 282 33 209 407 590 613 244 684 293 621 86 580 690 35 197 683 222 205 43 9 78 92 702 4 343 720 577 370 428 137 241 478 555 652 355 296 561 526 312 190 267 434 614 91 201 102 178 646 93 566 668 424 14 99 321 436 223 385 660 463 656 189 207 589 648 455 168 699 348 217 592 410 375 682 466 609 193 116 712 575 132 628 708 718 164 23 390 563 510 686 591 437 662 103 471 3 681 313 610 330 522 496 250 559 324 669 572 617 245 399 716 509 679 161 154 366 11 364 83 376 693 490 513 18 309 602 536 237 191 663 226 630 615 445 94 430 7 188 126 495 498 587 206 528 552 398 279 464 82 39 492 451 457 350 645 529 5 631 95 187 8 442 565 156 404 530 215 546 601 108 517 453 604 635 378 346 109 697 59 252 287 68 113 664 337 707 333 211 16 196 118 551 503 672 195 581 426 200 165 351 213 72 452 125 706 657 123 347 61 345 480 303 299 512 603 396 486 388 416 106 317 208 691 38 698 696 386 401 79 157 144 717 362 666 233 612 578 29 655 598 544 139 482 62 218 476 715 644 654 705 619 692 487 588 27 199 70 316 616 687 709 596 12 1 194 69 259 460 221 701 400 418 624 576 301 395 507 261 335 611 278 112 318 89 595 521 306 298 394 273 308 710 255 443 186 15 286 224 239 235 540 19 159 432 2 285 508 74 448 216 28 456 374 175 423 499 502 214 42 300 411 135 674 406 704 228 127 641 140 525 45 22 34 553 37 607 402 676 689 6 10 695 302 212 719 77 270 484 247 497 97 392 387 356 229 680 670 115 384 620 166 586 397 111 249 560 110 677 162 491 323 661 714 322 114 319 421 605 163 124 518 599 427 307 368 358 17 284 332 325 462 203 268 349 658 417 85 75 314 65 703 262 24 721 67 600 415 327 58 202 170 294 500 66 310 569 571 160 711 353 504 494 647 383 119 131 700 372 412 104 408 105 722 80 87 473 257 146 582 71 220 198 493 414 219 297 548 506 501 623 122 179 
c [Incremental] Max used label: 723.
c [Incremental] Label 723 is removed from searching.
c [Incremental] Solving for max label = 722:
c [Incremental] Solving duration: 1806 ms.
s [Incremental] SAT (label = 722).
Label assignment: 238 570 659 539 117 295 141 225 678 20 593 107 128 564 231 671 585 665 720 542 550 391 13 574 101 469 583 121 470 256 597 675 413 527 562 685 81 584 260 713 264 84 505 538 344 688 514 281 422 120 88 282 33 209 407 590 613 244 684 293 621 86 580 690 35 197 683 222 205 43 9 78 92 702 4 343 227 577 370 428 137 241 478 555 652 355 296 561 526 312 190 267 517 614 91 201 102 178 646 93 566 668 424 14 99 321 436 223 385 660 463 656 189 207 589 648 455 168 699 348 217 592 410 375 682 466 609 193 116 712 575 132 628 708 226 164 23 390 563 510 686 591 437 662 103 471 3 681 313 610 330 522 496 250 559 324 669 572 617 245 399 716 509 679 161 154 366 11 364 83 376 693 490 492 18 309 602 536 237 191 663 718 630 615 445 94 430 7 188 126 495 498 587 206 528 552 398 279 464 82 39 489 451 457 350 645 529 5 631 95 187 8 442 565 156 404 530 215 546 601 108 513 453 604 635 378 346 109 697 59 252 287 68 113 664 337 707 333 211 16 196 118 551 503 672 195 581 426 200 165 351 213 72 452 125 706 657 123 347 61 345 480 303 299 512 603 396 486 388 416 106 317 208 691 38 698 696 386 401 79 157 144 717 362 666 233 612 578 29 655 598 544 139 482 62 218 476 715 644 654 705 619 692 487 588 27 199 70 316 616 687 709 596 12 1 194 69 259 460 221 701 400 418 624 576 301 395 507 261 335 611 278 112 318 89 595 521 306 298 394 273 308 710 255 443 186 15 286 224 239 235 540 19 159 432 2 285 508 74 448 216 28 456 374 175 423 499 502 214 42 300 411 135 674 406 704 228 127 641 140 525 45 22 34 553 37 607 402 676 689 6 10 695 302 212 719 77 270 484 247 497 97 392 387 356 229 680 670 115 384 620 166 586 397 111 249 560 110 677 162 491 323 661 714 322 114 319 421 605 163 124 518 599 427 307 368 358 17 284 332 325 462 203 268 349 658 417 85 75 314 65 703 262 24 721 67 600 415 327 58 202 170 294 500 66 310 569 571 160 711 353 504 494 647 383 119 131 700 372 412 104 408 105 722 80 87 473 257 146 582 71 220 198 493 414 219 297 548 506 501 623 122 179 
c [Incremental] Max used label: 722.
c [Incremental] Label 722 is removed from searching.
c [Incremental] Solving for max label = 721:
c [Incremental] Solving duration: 26120 ms.
s [Incremental] SAT (label = 721).
Label assignment: 5 577 636 666 97 109 675 599 674 680 409 439 304 687 588 672 456 667 610 665 591 718 126 668 321 602 473 615 587 662 419 560 11 305 684 479 391 463 659 317 656 43 712 172 582 24 3 487 521 332 438 375 498 102 611 416 440 489 488 18 402 236 692 167 501 314 688 10 676 490 112 679 147 232 127 376 694 658 597 699 594 134 661 81 406 358 22 274 497 106 245 282 663 220 234 600 505 393 187 394 259 244 598 422 329 511 677 13 543 45 149 491 253 121 33 565 77 290 227 395 4 643 618 690 518 477 309 197 241 417 258 117 414 604 700 434 492 101 480 427 348 408 140 86 525 141 120 579 515 111 540 405 510 162 269 323 657 652 199 343 214 619 203 200 233 161 682 124 569 495 466 603 136 424 517 25 228 150 601 691 87 21 280 216 557 95 710 125 392 239 412 23 38 221 113 94 31 52 549 196 435 132 535 590 351 471 104 130 238 496 222 15 558 82 83 206 506 12 246 425 613 403 554 99 664 371 42 326 401 648 494 235 377 612 96 251 595 8 705 596 586 526 72 514 669 650 678 608 621 151 139 701 154 541 504 217 530 616 685 686 390 333 300 19 703 398 231 283 396 17 123 709 717 32 512 649 593 296 715 93 281 303 695 673 470 485 308 653 503 350 697 340 291 248 354 30 475 620 468 583 711 407 609 484 35 131 520 556 523 208 92 624 507 339 110 689 249 243 460 36 301 229 606 410 693 14 230 527 156 91 400 288 324 209 89 307 313 547 544 683 44 502 625 447 453 660 522 204 6 704 138 585 107 256 545 133 572 188 552 341 16 516 163 696 198 644 719 218 720 499 708 224 103 478 714 622 462 617 242 670 212 651 508 509 443 426 328 118 50 213 698 500 327 29 119 210 563 254 73 655 548 311 571 142 189 9 255 88 310 85 418 559 34 458 325 573 146 318 67 448 190 607 578 302 215 7 702 645 433 385 472 316 421 211 226 481 349 116 564 100 90 75 129 372 581 78 202 158 570 105 287 623 454 331 707 442 415 713 574 706 519 575 26 513 298 207 191 297 257 626 272 27 411 169 58 605 115 370 382 423 114 312 319 320 108 476 539 152 589 580 285 20 721 223 2 28 457 374 716 413 404 306 39 
c [Incremental] Max used label: 721.
c [Incremental] Label 721 is removed from searching.
c [Incremental] Solving for max label = 720:
c [Incremental] Solving duration: 70338 ms.
s [Incremental] SAT (label = 720).
Label assignment: 11 666 636 92 122 100 98 604 680 592 427 596 318 228 671 551 456 345 609 675 683 711 126 668 309 132 473 615 656 93 419 521 14 305 560 479 447 336 659 399 682 43 712 663 582 625 25 562 21 327 397 375 416 104 611 403 440 684 346 196 402 342 687 167 501 328 585 13 676 698 102 481 579 319 417 376 693 81 225 396 491 530 134 670 187 358 5 274 496 22 245 282 365 195 234 497 595 465 486 450 487 244 599 424 321 505 669 19 469 45 149 550 665 123 33 565 77 588 214 371 118 643 618 334 324 333 311 597 291 409 258 117 414 202 700 434 699 139 348 426 563 400 664 86 522 144 101 449 515 111 482 708 498 162 239 315 59 660 226 566 4 619 212 233 251 161 347 124 583 494 679 329 135 422 517 27 222 150 601 654 87 18 542 216 270 95 710 99 388 269 129 141 38 223 510 94 31 690 575 589 549 600 464 444 574 471 412 120 674 500 395 6 580 661 83 206 506 620 247 425 614 406 677 332 689 160 42 518 301 194 697 49 377 612 96 151 492 15 553 602 220 331 246 516 435 650 364 613 621 154 368 468 474 541 504 205 249 610 558 568 581 436 326 598 701 408 231 547 198 8 109 495 717 32 512 84 593 296 715 392 452 303 695 673 470 694 308 242 502 350 28 354 294 248 243 30 475 12 555 193 709 407 608 484 35 140 520 499 523 208 691 616 511 339 110 692 338 183 460 617 314 221 606 410 131 3 229 527 156 628 420 288 317 210 89 401 313 534 389 571 44 508 624 153 678 685 525 204 20 703 380 138 114 80 545 107 451 188 483 374 16 514 163 627 363 644 718 218 720 603 705 230 119 356 714 622 702 26 379 462 213 662 704 509 85 478 224 37 686 293 696 103 330 10 121 209 533 254 467 88 137 306 672 630 189 23 281 179 310 250 418 240 34 458 325 572 192 323 67 448 255 607 174 302 215 2 707 385 433 457 472 316 421 211 235 51 349 112 564 113 90 75 136 297 637 279 217 485 340 24 359 623 79 524 404 446 411 713 584 459 519 573 7 513 647 207 191 681 257 626 158 706 295 445 40 605 116 461 382 415 503 312 322 320 532 184 185 642 383 372 370 17 719 285 9 29 546 641 716 128 108 307 39 
c [Incremental] Max used label: 720.
c [Incremental] Label 720 is removed from searching.
c [Incremental] Solving for max label = 719:
c [Incremental] Solving duration: 48658 ms.
s [Incremental] SAT (label = 719).
Label assignment: 15 666 632 186 494 100 98 14 683 630 424 606 318 228 43 83 456 345 609 675 676 716 127 664 309 132 479 27 656 82 419 81 604 305 660 682 447 336 62 394 473 560 712 663 587 646 24 562 218 303 39 54 416 104 611 403 440 684 236 196 402 355 45 167 501 328 585 13 687 685 102 480 56 319 417 274 695 51 225 396 491 543 134 670 187 358 5 346 496 19 245 282 365 195 668 512 607 465 486 487 472 640 219 427 321 505 688 17 582 149 59 550 665 125 234 588 639 199 215 41 113 643 618 92 324 344 311 597 291 409 258 117 406 202 700 442 693 139 78 398 563 393 689 86 520 144 101 449 515 111 540 699 498 162 375 315 343 678 400 566 4 615 207 233 251 161 93 126 583 576 679 332 135 426 517 29 222 150 600 232 351 22 542 602 636 659 705 99 388 269 129 141 26 223 510 28 33 690 645 574 577 586 464 444 575 471 412 25 564 500 395 6 580 667 91 708 506 596 247 428 616 422 692 136 677 160 363 521 308 153 696 49 377 612 55 151 477 21 589 594 206 304 246 516 435 650 364 603 621 154 368 123 474 46 504 201 249 608 44 568 63 450 326 613 701 399 231 547 397 8 106 495 719 32 507 635 290 84 715 674 452 312 694 673 475 350 327 653 502 386 31 354 242 248 243 610 489 12 367 385 706 407 622 484 36 140 524 34 523 208 145 620 511 334 115 709 60 555 460 617 301 221 216 410 131 3 35 525 156 628 420 340 317 717 227 404 313 77 389 571 387 499 614 143 379 661 519 593 20 703 383 188 114 370 672 107 42 634 552 374 16 514 138 627 483 559 213 220 205 590 718 229 605 85 710 619 651 130 662 451 212 239 704 508 155 478 224 47 686 299 702 103 333 10 124 214 533 254 64 88 137 298 669 142 237 23 281 179 310 58 413 240 61 458 325 570 192 323 67 448 255 118 174 302 601 2 698 546 430 454 509 316 421 211 235 53 349 120 642 112 539 75 133 278 637 80 217 485 37 18 359 625 79 493 411 432 320 711 584 148 522 573 7 513 647 209 578 48 461 623 272 707 292 445 455 599 116 369 446 418 518 415 322 306 95 184 185 633 681 372 159 119 714 285 9 30 40 691 713 128 108 307 50 
c [Incremental] Max used label: 719.
c [Incremental] Label 719 is removed from searching.
c [Incremental] Solving for max label = 718:
c [Incremental] Solving duration: 60465 ms.
s [Incremental] SAT (label = 718).
Label assignment: 14 649 632 186 596 100 652 701 683 295 425 590 398 228 43 244 440 345 609 675 673 716 126 439 325 600 479 605 481 82 512 659 607 309 660 680 686 355 62 392 473 560 718 662 535 585 13 579 299 424 438 54 104 98 611 419 556 574 236 196 403 394 388 547 315 331 554 698 36 691 102 442 31 230 417 682 11 51 327 400 109 679 158 668 234 150 5 346 499 15 245 282 656 203 487 494 592 681 486 685 657 582 214 712 321 501 283 22 569 149 59 366 253 124 550 557 563 678 222 676 113 643 624 92 335 435 311 140 291 406 354 312 401 198 17 671 693 139 389 303 672 422 670 688 520 144 101 625 24 111 540 699 518 162 289 506 343 555 199 566 4 615 207 233 251 161 93 122 466 576 553 323 130 426 25 517 216 39 598 595 351 603 280 601 584 552 704 99 451 269 129 127 497 28 510 29 606 52 577 529 434 597 464 677 387 471 492 121 428 498 468 6 580 666 91 708 405 593 247 427 528 396 549 136 586 160 363 523 297 153 690 49 377 612 55 133 204 18 696 589 702 397 246 416 390 650 667 604 621 154 368 123 516 46 313 227 636 608 44 373 63 568 326 613 700 395 225 433 402 8 131 695 26 220 117 635 290 674 715 684 482 304 692 338 538 436 302 653 114 386 30 375 531 183 243 505 171 16 367 296 411 504 224 385 32 132 526 61 27 210 145 620 511 334 115 110 60 50 40 617 301 221 211 509 429 3 35 525 156 281 420 340 317 711 276 391 410 187 353 370 446 489 614 143 453 661 519 591 20 703 669 188 116 58 655 120 42 107 467 374 12 514 457 138 48 240 202 218 208 594 707 229 602 151 710 619 694 522 626 665 213 239 496 108 155 507 324 33 393 294 689 491 333 717 119 10 687 261 260 88 545 328 527 478 142 23 277 179 305 268 412 34 64 658 413 570 578 322 67 448 263 500 174 306 697 1 206 462 431 503 610 408 705 212 226 164 349 112 452 495 90 647 128 278 85 279 217 443 484 7 359 623 79 493 399 432 314 709 19 148 622 573 2 319 539 209 530 47 461 587 57 423 298 80 252 599 118 384 169 418 103 706 316 307 105 184 75 532 633 546 159 521 714 285 9 513 265 663 713 125 300 308 460 
c [Incremental] Max used label: 718.
c [Incremental] Label 718 is removed from searching.
c [Incremental] Solving for max label = 717:
c [Incremental] Solving duration: 241543 ms.
s [Incremental] SAT (label = 717).
Label assignment: 121 648 670 186 112 106 655 23 384 228 393 116 320 231 43 280 391 345 607 675 194 202 103 440 302 415 438 104 481 81 519 682 226 316 665 679 684 355 62 687 471 560 686 669 646 38 414 576 605 406 683 54 427 96 199 422 556 336 272 208 507 386 362 666 502 297 448 24 285 685 420 657 462 195 527 277 219 389 603 429 334 489 158 569 138 89 495 642 308 503 256 282 234 401 488 496 303 681 149 558 555 585 19 56 301 322 653 525 565 153 554 258 667 100 128 678 677 674 203 41 309 641 592 92 597 548 623 290 209 717 354 314 700 223 12 476 315 387 371 311 446 318 583 359 515 144 109 663 8 120 563 713 516 159 444 512 59 343 509 668 14 602 205 251 586 161 349 293 439 699 664 595 127 712 5 500 691 39 18 614 150 611 428 608 575 536 409 13 80 230 333 405 52 7 522 430 621 162 643 672 284 453 475 571 352 455 425 2 383 119 55 11 486 573 63 704 417 695 247 396 107 114 538 216 671 346 152 708 398 357 93 49 76 292 87 645 137 702 6 499 29 506 649 397 67 188 469 224 613 364 46 690 564 330 517 221 640 504 86 328 289 529 299 612 416 598 620 72 587 703 324 300 714 622 17 693 593 44 3 658 680 325 606 167 474 559 326 246 508 578 327 376 60 182 255 494 229 601 367 442 709 113 222 28 394 694 108 478 97 619 656 610 433 124 410 232 50 482 673 490 404 618 212 323 373 710 33 514 172 276 403 176 298 20 274 596 408 260 628 279 248 304 609 177 69 341 501 122 117 16 654 449 21 156 378 98 48 74 187 139 697 9 457 261 40 637 200 615 217 524 716 201 510 66 15 204 698 295 361 42 207 239 306 520 178 511 688 692 363 286 22 518 589 4 99 616 30 479 135 88 526 413 676 237 179 111 254 661 513 467 701 34 483 631 424 342 473 101 375 505 689 312 58 215 705 1 715 53 418 85 91 421 392 213 211 365 64 118 233 27 227 65 493 278 537 545 218 662 329 105 562 220 79 412 419 574 400 696 94 148 296 263 707 319 540 214 451 546 461 617 445 498 591 287 252 115 313 390 579 395 423 198 102 604 123 184 75 588 651 550 273 497 706 590 711 491 636 259 594 294 125 110 460 
c [Incremental] Max used label: 717.
c [Incremental] Label 717 is removed from searching.
c [Incremental] Solving for max label = 716:
c [Incremental] Solving duration: 92326 ms.
s [Incremental] SAT (label = 716).
Label assignment: 510 525 670 186 493 106 683 621 650 228 393 21 523 428 43 280 351 285 607 675 667 202 103 547 302 438 586 112 481 81 521 682 223 315 665 679 653 355 62 687 471 560 686 669 646 38 104 187 125 406 680 54 325 96 199 422 489 336 272 208 504 587 469 567 318 297 181 617 236 341 420 657 283 195 429 277 219 439 597 414 29 447 656 563 138 89 495 158 316 503 256 282 643 401 684 497 303 685 149 558 379 338 24 56 301 312 672 116 666 153 554 258 664 100 328 678 342 251 203 41 308 441 590 92 588 359 614 233 209 408 354 310 699 224 18 335 313 387 531 311 625 421 583 290 515 144 109 661 8 117 668 713 516 663 444 502 59 343 700 631 14 600 205 549 640 161 349 496 478 694 569 593 136 704 5 500 691 487 605 196 150 611 626 608 651 442 207 13 80 268 137 405 690 7 129 409 238 162 455 629 339 492 255 367 443 352 120 2 537 119 468 12 485 369 63 712 321 606 247 396 107 114 538 565 578 574 152 696 398 477 93 49 548 300 87 55 424 702 6 507 35 506 472 397 67 188 356 217 613 364 46 9 564 372 319 221 557 508 86 243 555 135 299 612 708 603 620 72 124 710 324 305 714 622 17 637 595 44 3 658 374 25 23 167 585 559 326 624 512 659 363 376 60 182 579 307 673 703 452 446 693 118 619 450 494 689 108 433 97 609 642 610 332 113 410 232 50 482 662 490 411 618 216 415 373 707 33 517 172 474 403 499 298 20 274 602 417 636 486 279 248 304 615 177 69 449 501 193 122 16 660 457 22 156 340 98 48 74 361 139 695 11 464 261 40 262 200 599 212 314 716 201 505 66 15 204 10 295 529 42 404 584 306 322 178 323 688 698 545 286 115 518 589 4 99 26 681 633 257 90 526 327 676 237 179 111 254 476 513 571 701 34 436 628 333 451 570 524 473 522 169 309 58 218 705 1 715 53 418 75 91 509 392 213 211 264 64 121 671 123 227 65 400 329 445 146 210 639 627 105 562 230 88 412 416 460 402 697 654 148 296 389 709 427 456 214 461 575 573 616 426 498 592 479 252 514 511 94 173 395 423 206 102 604 317 194 79 540 155 278 346 491 706 591 711 294 287 572 594 527 419 110 390 
c [Incremental] Max used label: 716.
c [Incremental] Label 716 is removed from searching.
c [Incremental] Solving for max label = 715:
c [Incremental] Solving duration: 85095 ms.
s [Incremental] SAT (label = 715).
Label assignment: 510 648 655 650 117 106 563 621 439 228 393 318 523 427 43 244 351 285 607 428 542 202 103 669 302 438 186 112 584 38 503 479 231 316 665 654 83 355 280 691 471 560 591 664 541 62 423 78 128 406 161 54 137 96 199 418 448 272 336 208 504 579 589 567 322 297 680 617 236 341 315 657 283 698 293 277 222 679 189 708 29 191 551 652 291 89 495 158 312 307 256 282 640 397 672 493 303 488 149 562 379 338 24 95 298 314 662 120 638 666 56 258 554 300 485 536 342 251 203 41 500 441 689 682 684 382 215 192 319 408 354 310 614 220 19 335 23 129 531 311 227 326 631 290 515 144 109 476 8 116 659 415 516 535 566 17 45 444 214 643 9 598 205 671 577 151 681 301 645 92 634 688 127 704 5 497 699 422 605 193 358 611 478 608 80 442 209 6 374 241 388 413 585 7 334 414 197 380 629 636 339 443 255 147 337 352 333 2 238 119 658 12 555 40 60 713 324 603 247 396 100 114 578 568 477 670 152 392 398 539 224 637 55 107 87 378 288 702 548 507 136 506 668 391 94 188 356 218 613 364 46 320 564 372 325 221 674 308 678 72 677 484 299 612 712 695 620 67 686 710 329 387 714 599 513 154 700 82 3 452 431 25 13 167 135 381 411 624 512 212 486 160 66 182 626 494 141 22 42 446 687 118 597 166 489 18 108 433 97 609 573 610 490 425 410 178 74 50 240 295 601 618 216 419 550 707 33 519 172 373 692 155 294 20 289 602 417 274 630 279 170 304 615 266 68 457 501 187 122 16 449 525 26 156 340 416 375 48 572 139 15 11 464 675 69 262 200 593 210 125 693 194 14 180 697 198 522 492 286 64 404 239 10 124 469 323 201 115 545 696 21 505 685 4 99 27 226 73 257 350 331 420 540 237 142 111 242 252 514 248 701 90 347 281 407 473 53 101 47 521 163 309 544 219 705 1 715 594 98 390 376 517 395 213 211 264 93 121 451 321 424 79 590 57 460 169 616 148 349 105 596 207 85 412 703 622 400 402 690 270 296 528 709 313 456 217 575 461 146 600 527 588 592 641 61 509 511 75 250 394 317 206 102 711 34 184 58 676 628 278 683 491 706 223 694 498 649 445 604 389 429 110 552 
c [Incremental] Max used label: 715.
c [Incremental] Label 715 is removed from searching.
c [Incremental] Solving for max label = 714:
c [Incremental] Solving duration: 45522 ms.
s [Incremental] SAT (label = 714).
Label assignment: 510 51 655 543 416 106 666 700 439 228 393 305 508 427 43 244 351 255 607 428 542 201 103 669 302 227 186 112 657 38 390 562 223 316 665 479 83 355 280 688 471 275 590 664 667 36 114 78 128 406 161 54 126 95 198 418 448 272 336 208 504 35 597 39 322 297 236 698 638 341 318 635 138 199 292 368 222 221 679 708 29 447 551 652 286 362 495 158 312 307 177 282 640 397 40 493 298 437 677 648 379 663 24 31 303 313 459 120 662 678 56 485 554 300 91 536 537 92 207 41 498 441 686 291 683 335 215 192 605 413 354 310 614 212 23 220 20 115 531 311 625 326 382 330 515 144 109 465 8 116 659 408 516 578 582 17 45 253 617 444 9 598 204 569 549 577 193 301 671 93 478 684 97 704 5 501 689 574 608 141 333 611 358 618 651 442 205 6 374 265 388 405 584 7 320 415 197 239 375 636 339 443 267 367 147 258 319 2 263 119 185 12 580 165 60 713 315 603 162 399 100 113 672 601 477 422 563 392 398 539 290 249 55 104 238 364 288 702 511 499 129 409 668 490 94 188 261 218 613 356 46 321 564 372 317 226 49 308 548 429 695 484 299 612 712 699 202 67 681 710 329 387 714 586 513 154 693 82 4 136 658 30 13 167 624 661 412 246 512 214 486 254 66 182 626 502 377 22 44 176 690 118 583 166 489 18 107 68 96 609 525 610 487 425 410 178 74 33 240 293 599 619 216 411 550 707 195 519 474 483 692 155 294 19 135 594 417 538 353 274 279 304 615 266 42 457 500 196 122 16 492 385 26 156 139 424 561 48 572 363 15 11 173 675 150 687 203 596 210 125 682 194 14 180 697 200 520 494 271 259 404 593 10 124 252 323 694 117 545 691 21 506 685 3 99 27 571 376 540 436 526 421 627 467 142 111 242 327 507 649 701 32 357 420 488 473 53 101 47 570 163 309 604 219 705 1 602 680 98 676 360 505 395 213 211 264 69 121 637 314 270 79 587 187 460 332 616 469 349 105 581 620 85 503 703 464 407 402 670 673 295 674 709 296 250 217 565 575 146 600 527 585 592 394 426 509 514 350 622 400 306 206 102 711 34 528 58 660 90 278 230 496 706 209 696 491 131 445 595 389 414 110 281 
c [Incremental] Max used label: 714.
c [Incremental] Label 714 is removed from searching.
c [Incremental] Solving for max label = 713:
c [Incremental] Solving duration: 71518 ms.
s [Incremental] SAT (label = 713).
Label assignment: 510 51 655 553 419 106 666 696 439 228 393 314 508 90 345 244 351 255 607 428 43 201 100 669 302 440 186 489 657 38 396 562 221 313 447 654 83 355 280 700 471 35 591 664 667 62 522 547 115 406 161 78 126 95 198 418 448 272 336 208 504 33 479 671 323 297 236 698 638 341 305 635 344 199 389 368 217 231 688 708 29 455 245 652 318 362 493 158 312 307 256 282 640 397 656 503 296 54 677 648 379 64 24 11 303 317 645 120 662 678 153 246 554 300 94 536 537 92 207 41 498 441 686 435 679 359 215 192 605 413 534 310 617 212 25 681 26 408 476 311 625 326 631 388 499 144 113 674 8 116 632 411 516 578 582 17 86 45 211 673 19 598 204 569 675 151 193 301 549 586 478 680 97 704 7 497 689 260 608 141 333 611 358 618 661 533 209 5 136 265 291 420 584 6 320 415 197 676 574 579 469 443 267 367 132 660 319 2 263 118 162 12 580 165 284 713 409 601 247 399 298 114 636 405 668 383 563 391 401 539 31 644 249 104 238 520 288 702 324 304 127 412 129 490 87 188 372 218 613 281 46 321 564 529 410 226 682 308 548 382 276 461 299 612 712 699 195 154 684 693 329 392 710 597 511 663 683 84 4 76 658 28 21 254 624 573 402 167 512 189 105 50 66 143 626 109 377 22 365 176 690 119 590 166 488 585 107 637 96 609 641 610 103 425 407 178 182 464 232 293 604 614 216 315 550 707 191 519 474 483 692 433 294 9 183 603 417 538 487 274 82 509 595 353 170 446 500 196 117 16 374 449 23 156 93 424 639 48 572 42 15 13 173 561 283 470 202 596 210 124 691 194 18 180 695 200 91 494 369 59 404 271 14 122 252 322 687 125 224 697 30 496 685 3 101 27 164 376 171 436 526 421 581 77 32 112 235 61 507 649 701 37 357 179 492 473 53 486 269 517 10 309 570 219 705 1 602 665 98 642 360 505 398 213 220 544 347 121 565 316 273 169 583 57 460 270 616 485 349 108 340 615 242 506 703 524 395 403 659 187 99 134 709 295 575 214 466 672 250 600 527 491 606 287 394 513 514 39 230 400 306 206 502 711 20 58 332 145 628 34 445 495 706 203 694 102 131 375 592 292 414 110 552 
c [Incremental] Max used label: 713.
c [Incremental] Label 713 is removed from searching.
c [Incremental] Solving for max label = 712:
c [Incremental] Solving duration: 1777 ms.
s [Incremental] SAT (label = 712).
Label assignment: 510 51 655 553 419 106 666 696 439 228 393 314 508 90 345 244 351 255 607 428 43 201 100 669 302 440 186 489 657 38 396 562 221 313 447 654 83 355 280 693 471 35 591 664 667 62 522 547 115 406 161 78 126 95 198 418 448 272 336 208 504 33 479 671 323 297 236 698 638 341 305 635 344 199 389 368 217 231 682 708 29 455 245 652 318 362 493 158 312 307 256 282 640 397 656 503 296 54 677 648 379 64 24 11 303 317 645 120 662 678 153 246 554 300 94 536 537 92 207 41 498 441 686 435 679 359 215 192 605 413 534 310 617 212 25 681 26 408 476 311 625 326 631 388 499 144 113 674 8 116 632 411 516 578 582 17 86 45 211 673 19 598 204 569 675 151 193 301 549 586 478 680 97 704 7 497 689 260 608 141 333 611 358 618 661 533 209 5 136 265 291 420 584 6 320 415 197 676 574 579 469 443 267 367 132 660 319 2 263 118 162 12 580 165 284 700 409 601 247 399 298 114 636 405 668 383 563 391 401 539 31 644 249 104 238 520 288 702 324 304 127 412 129 490 87 188 372 218 613 281 46 321 564 529 410 226 670 308 548 382 276 461 299 612 712 699 195 154 684 688 329 392 710 597 511 663 683 84 4 76 658 28 21 254 624 573 402 167 512 189 105 50 66 143 626 109 377 22 365 176 690 119 590 166 488 585 107 637 96 609 641 610 103 425 407 178 182 464 232 293 604 614 216 315 550 707 191 519 474 483 692 433 294 9 183 603 417 538 487 274 82 509 594 353 170 446 500 196 117 16 374 449 23 156 93 424 639 48 572 42 15 13 173 561 283 470 202 596 210 124 691 194 18 180 695 200 91 494 369 59 404 271 14 122 252 322 687 125 224 697 30 496 685 3 101 27 164 376 171 436 526 421 581 77 32 112 235 61 507 649 701 37 357 179 492 473 53 486 269 517 10 309 570 219 705 1 602 665 98 642 360 505 398 213 220 544 347 121 565 316 273 169 583 57 460 270 616 485 349 108 340 615 242 506 703 524 395 403 659 187 99 134 709 295 575 214 466 672 250 600 527 491 599 287 394 513 514 39 230 400 306 206 502 711 20 58 332 145 628 34 445 495 706 203 694 102 131 375 592 292 414 110 552 
c [Incremental] Max used label: 712.
c [Incremental] Label 712 is removed from searching.
c [Incremental] Solving for max label = 711:
c [Signal] Signal interruption. Caught signal: SIGTERM (15).
c [Main] Lim pid ends with result: 254.
r [Main] 
r [Main] Final results: 
r [Main] Total real time: 1806501 ms.
r [Main] Total memory consumed: 3383.6 MB.
r [Main] 
