c [Version] Minimize Makespan Labeling Encoder version 1.0.0.
c [Param] Target value is set to 45.
c [Param] LB is predefined as 46.
c [Param] UB is predefined as 222.
c [Param] Target value is set to Antibandwidth.
c [Param] Vertices mode is set to Has hole.
c [Param] Result verification is ON.
c [Param] Memory limit is set to 30000.
c [Param] Real time limit is set to 1800.
c [Param] Max CNF size is set to 10.
c [Main] Search strategy: Incremental from upper bound.
c [Main] Encoding and solving for graph: P-can__445.mtx.rnd.
c [Incremental] Minimize Makespan Labeling problem (P-can__445.mtx.rnd):
c [Incremental] Encoding starts with target value = 45:
c [Incremental] Encoding duration: 1629ms.
c [Incremental] Number of clauses: 1822366.
c [Incremental] Number of variables: 252809.
c [Incremental] Solving for max label = 222:
c [Incremental] Solving duration: 4501 ms.
s [Incremental] SAT (label = 222).
c [Incremental] Label assignment: 1 1 1 1 1 1 1 1 1 1 1 1 46 1 1 1 1 46 1 1 1 1 1 46 1 1 1 1 1 46 1 1 1 46 91 1 1 46 1 1 91 46 1 1 1 46 1 46 46 1 46 1 1 1 1 1 46 1 46 46 46 46 1 1 1 46 46 91 1 1 1 46 1 46 46 46 91 46 91 91 91 91 1 46 91 46 1 46 46 222 91 177 91 46 46 46 46 46 1 46 46 46 46 91 136 1 91 46 91 1 1 46 91 1 46 91 1 46 46 91 222 46 136 91 136 136 46 46 91 1 46 46 46 1 1 181 91 46 136 46 91 91 132 1 46 222 1 91 46 136 177 177 136 96 91 1 136 177 222 222 177 46 91 1 177 46 1 177 91 177 46 91 222 222 222 132 91 91 181 177 46 46 1 177 1 177 132 177 181 222 91 181 222 143 222 87 177 177 132 181 222 91 222 222 222 46 91 177 1 87 1 177 222 222 132 222 87 91 222 142 136 132 222 177 177 136 91 91 91 136 46 91 46 1 46 177 95 222 136 46 132 46 132 91 222 177 136 222 222 91 141 92 136 222 177 132 91 181 103 181 132 141 177 140 46 106 222 177 46 222 91 87 181 177 91 222 142 91 181 181 222 222 141 177 46 132 222 222 46 46 136 186 222 98 1 46 136 1 1 91 136 93 222 132 177 140 222 1 177 132 91 136 46 46 222 152 132 132 136 104 46 91 46 91 222 46 177 222 222 136 222 1 91 177 222 1 136 177 177 197 177 177 132 103 177 1 1 1 222 132 222 177 186 222 222 46 46 191 93 1 222 177 92 92 138 177 188 47 222 1 1 91 222 91 87 222 222 222 1 222 139 132 222 222 177 92 177 222 1 46 222 222 177 222 46 132 1 177 222 136 184 91 177 91 91 46 46 177 46 222 222 177 222 177 177 132 136 136 46 1 91 177 132 136 91 222 97 177 222 222 46 177 87 181 181 91 91 177 146 181 132 181 46 132 177 
c [Incremental] Max used label: 222.
c [Incremental] Label 222 is removed from searching.
c [Incremental] Solving for max label = 221:
c [Incremental] Solving duration: 371 ms.
s [Incremental] SAT (label = 221).
c [Incremental] Label assignment: 1 1 1 1 1 1 1 1 1 1 1 1 46 1 1 1 1 46 1 1 1 1 1 46 1 1 1 1 1 46 1 1 1 46 91 1 1 46 1 1 91 46 1 1 1 46 1 46 46 1 46 1 1 1 1 1 46 1 46 46 46 46 1 1 1 46 46 91 1 1 1 46 1 46 46 46 91 46 91 91 91 91 1 46 91 46 1 46 46 221 91 176 91 46 46 46 46 46 1 46 46 46 46 91 136 1 91 46 91 1 1 46 91 1 46 91 1 46 46 91 221 46 136 91 136 136 46 46 91 1 46 46 46 1 1 181 91 46 136 46 91 91 131 1 46 221 1 91 46 136 176 176 136 96 91 1 136 176 221 221 176 46 91 1 176 46 1 176 91 176 46 91 221 221 221 131 91 91 181 176 46 46 1 176 1 176 131 176 181 221 91 181 221 143 221 86 176 176 131 181 221 91 221 221 221 46 91 176 1 86 1 176 221 221 131 221 86 91 221 142 136 131 221 176 176 136 91 91 91 136 46 91 46 1 46 176 95 221 136 46 131 46 131 91 221 176 136 221 221 91 141 92 136 221 176 131 91 181 103 181 131 141 176 140 46 106 221 176 46 221 91 86 181 176 91 221 142 91 181 181 221 221 141 176 46 131 221 221 46 46 136 186 221 98 1 46 136 1 1 91 136 93 221 131 176 140 221 1 176 131 91 136 46 46 221 152 131 131 136 104 46 91 46 91 221 46 176 221 221 136 221 1 91 176 221 1 136 176 176 197 176 176 131 103 176 1 1 1 221 131 221 176 186 221 221 46 46 191 93 1 221 176 92 92 138 176 188 47 221 1 1 91 221 91 86 221 221 221 1 221 139 131 221 221 176 92 176 221 1 46 221 221 176 221 46 131 1 176 221 136 184 91 176 91 91 46 46 176 46 221 221 176 221 176 176 131 136 136 46 1 91 176 131 136 91 221 97 176 221 221 46 176 86 181 181 91 91 176 146 181 131 181 46 131 176 
c [Incremental] Max used label: 221.
c [Incremental] Label 221 is removed from searching.
c [Incremental] Solving for max label = 220:
c [Incremental] Solving duration: 378 ms.
s [Incremental] SAT (label = 220).
c [Incremental] Label assignment: 1 1 1 1 1 1 1 1 1 1 1 1 46 1 1 1 1 46 1 1 1 1 1 46 1 1 1 1 1 46 1 1 1 46 91 1 1 46 1 1 91 46 1 1 1 46 1 46 46 1 46 1 1 1 1 1 46 1 46 46 46 46 1 1 1 46 46 91 1 1 1 46 1 46 46 46 91 46 91 91 91 91 1 46 91 46 1 46 46 220 91 175 91 46 46 46 46 46 1 46 46 46 46 91 136 1 91 46 91 1 1 46 91 1 46 91 1 46 46 91 220 46 136 91 136 136 46 46 91 1 46 46 46 1 1 181 91 46 136 46 91 91 130 1 46 220 1 91 46 136 175 175 136 96 91 1 136 175 220 220 175 46 91 1 175 46 1 175 91 175 46 91 220 220 220 130 91 91 181 175 46 46 1 175 1 175 130 175 181 220 91 181 220 143 220 85 175 175 130 181 220 91 220 220 220 46 91 175 1 85 1 175 220 220 130 220 85 91 220 142 136 130 220 175 175 136 91 91 91 136 46 91 46 1 46 175 95 220 136 46 130 46 130 91 220 175 136 220 220 91 141 92 136 220 175 130 91 181 103 181 130 141 175 140 46 106 220 175 46 220 91 85 181 175 91 220 142 91 181 181 220 220 141 175 46 130 220 220 46 46 136 186 220 98 1 46 136 1 1 91 136 93 220 130 175 140 220 1 175 130 91 136 46 46 220 152 130 130 136 104 46 91 46 91 220 46 175 220 220 136 220 1 91 175 220 1 136 175 175 197 175 175 130 103 175 1 1 1 220 130 220 175 186 220 220 46 46 191 93 1 220 175 92 92 138 175 188 47 220 1 1 91 220 91 85 220 220 220 1 220 139 130 220 220 175 92 175 220 1 46 220 220 175 220 46 130 1 175 220 136 184 91 175 91 91 46 46 175 46 220 220 175 220 175 175 130 136 136 46 1 91 175 130 136 91 220 97 175 220 220 46 175 85 181 181 91 91 175 146 181 130 181 46 130 175 
c [Incremental] Max used label: 220.
c [Incremental] Label 220 is removed from searching.
c [Incremental] Solving for max label = 219:
c [Incremental] Solving duration: 357 ms.
s [Incremental] SAT (label = 219).
c [Incremental] Label assignment: 1 1 1 1 1 1 1 1 1 1 1 1 46 1 1 1 1 46 1 1 1 1 1 46 1 1 1 1 1 46 1 1 1 46 91 1 1 46 1 1 91 46 1 1 1 46 1 46 46 1 46 1 1 1 1 1 46 1 46 46 46 46 1 1 1 46 46 91 1 1 1 46 1 46 46 46 91 46 91 91 91 91 1 46 91 46 1 46 46 219 91 174 91 46 46 46 46 46 1 46 46 46 46 91 136 1 91 46 91 1 1 46 91 1 46 91 1 46 46 91 219 46 136 91 136 136 46 46 91 1 46 46 46 1 1 181 91 46 136 46 91 91 129 1 46 219 1 91 46 136 174 174 136 96 91 1 136 174 219 219 174 46 91 1 174 46 1 174 91 174 46 91 219 219 219 129 91 91 181 174 46 46 1 174 1 174 129 174 181 219 91 181 219 143 219 84 174 174 129 181 219 91 219 219 219 46 91 174 1 84 1 174 219 219 129 219 84 91 219 142 136 129 219 174 174 136 91 91 91 136 46 91 46 1 46 174 95 219 136 46 129 46 129 91 219 174 136 219 219 91 141 92 136 219 174 129 91 181 103 181 129 141 174 140 46 106 219 174 46 219 91 84 181 174 91 219 142 91 181 181 219 219 141 174 46 129 219 219 46 46 136 186 219 98 1 46 136 1 1 91 136 93 219 129 174 140 219 1 174 129 91 136 46 46 219 152 129 129 136 104 46 91 46 91 219 46 174 219 219 136 219 1 91 174 219 1 136 174 174 197 174 174 129 103 174 1 1 1 219 129 219 174 186 219 219 46 46 191 93 1 219 174 92 92 138 174 188 47 219 1 1 91 219 91 84 219 219 219 1 219 139 129 219 219 174 92 174 219 1 46 219 219 174 219 46 129 1 174 219 136 184 91 174 91 91 46 46 174 46 219 219 174 219 174 174 129 136 136 46 1 91 174 129 136 91 219 97 174 219 219 46 174 84 181 181 91 91 174 146 181 129 181 46 129 174 
c [Incremental] Max used label: 219.
c [Incremental] Label 219 is removed from searching.
c [Incremental] Solving for max label = 218:
c [Incremental] Solving duration: 363 ms.
s [Incremental] SAT (label = 218).
c [Incremental] Label assignment: 1 1 1 1 1 1 1 1 1 1 1 1 46 1 1 1 1 46 1 1 1 1 1 46 1 1 1 1 1 46 1 1 1 46 91 1 1 46 1 1 91 46 1 1 1 46 1 46 46 1 46 1 1 1 1 1 46 1 46 46 46 46 1 1 1 46 46 91 1 1 1 46 1 46 46 46 91 46 91 91 91 91 1 46 91 46 1 46 46 218 91 173 91 46 46 46 46 46 1 46 46 46 46 91 136 1 91 46 91 1 1 46 91 1 46 91 1 46 46 91 218 46 136 91 136 136 46 46 91 1 46 46 46 1 1 181 91 46 136 46 91 91 128 1 46 218 1 91 46 136 173 173 136 96 91 1 136 173 218 218 173 46 91 1 173 46 1 173 91 173 46 91 218 218 218 128 91 91 181 173 46 46 1 173 1 173 128 173 181 218 91 181 218 143 218 83 173 173 128 181 218 91 218 218 218 46 91 173 1 83 1 173 218 218 128 218 83 91 218 142 136 128 218 173 173 136 91 91 91 136 46 91 46 1 46 173 95 218 136 46 128 46 128 91 218 173 136 218 218 91 141 92 136 218 173 128 91 181 103 181 128 141 173 140 46 106 218 173 46 218 91 83 181 173 91 218 142 91 181 181 218 218 141 173 46 128 218 218 46 46 136 186 218 98 1 46 136 1 1 91 136 93 218 128 173 140 218 1 173 128 91 136 46 46 218 152 128 128 136 104 46 91 46 91 218 46 173 218 218 136 218 1 91 173 218 1 136 173 173 197 173 173 128 103 173 1 1 1 218 128 218 173 186 218 218 46 46 191 93 1 218 173 92 92 138 173 188 47 218 1 1 91 218 91 83 218 218 218 1 218 139 128 218 218 173 92 173 218 1 46 218 218 173 218 46 128 1 173 218 136 184 91 173 91 91 46 46 173 46 218 218 173 218 173 173 128 136 136 46 1 91 173 128 136 91 218 97 173 218 218 46 173 83 181 181 91 91 173 146 181 128 181 46 128 173 
c [Incremental] Max used label: 218.
c [Incremental] Label 218 is removed from searching.
c [Incremental] Solving for max label = 217:
c [Incremental] Solving duration: 361 ms.
s [Incremental] SAT (label = 217).
c [Incremental] Label assignment: 1 1 1 1 1 1 1 1 1 1 1 1 46 1 1 1 1 46 1 1 1 1 1 46 1 1 1 1 1 46 1 1 1 46 91 1 1 46 1 1 91 46 1 1 1 46 1 46 46 1 46 1 1 1 1 1 46 1 46 46 46 46 1 1 1 46 46 91 1 1 1 46 1 46 46 46 91 46 91 91 91 91 1 46 91 46 1 46 46 217 91 172 91 46 46 46 46 46 1 46 46 46 46 91 136 1 91 46 91 1 1 46 91 1 46 91 1 46 46 91 217 46 136 91 136 136 46 46 91 1 46 46 46 1 1 181 91 46 136 46 91 91 127 1 46 217 1 91 46 136 172 172 136 96 91 1 136 172 217 217 172 46 91 1 172 46 1 172 91 172 46 91 217 217 217 127 91 91 181 172 46 46 1 172 1 172 127 172 181 217 91 181 217 143 217 82 172 172 127 181 217 91 217 217 217 46 91 172 1 82 1 172 217 217 127 217 82 91 217 142 136 127 217 172 172 136 91 91 91 136 46 91 46 1 46 172 95 217 136 46 127 46 127 91 217 172 136 217 217 91 141 92 136 217 172 127 91 181 103 181 127 141 172 140 46 106 217 172 46 217 91 82 181 172 91 217 142 91 181 181 217 217 141 172 46 127 217 217 46 46 136 186 217 98 1 46 136 1 1 91 136 93 217 127 172 140 217 1 172 127 91 136 46 46 217 152 127 127 136 104 46 91 46 91 217 46 172 217 217 136 217 1 91 172 217 1 136 172 172 197 172 172 127 103 172 1 1 1 217 127 217 172 186 217 217 46 46 191 93 1 217 172 92 92 138 172 188 47 217 1 1 91 217 91 82 217 217 217 1 217 139 127 217 217 172 92 172 217 1 46 217 217 172 217 46 127 1 172 217 136 184 91 172 91 91 46 46 172 46 217 217 172 217 172 172 127 136 136 46 1 91 172 127 136 91 217 97 172 217 217 46 172 82 181 181 91 91 172 146 181 127 181 46 127 172 
c [Incremental] Max used label: 217.
c [Incremental] Label 217 is removed from searching.
c [Incremental] Solving for max label = 216:
c [Incremental] Solving duration: 360 ms.
s [Incremental] SAT (label = 216).
c [Incremental] Label assignment: 1 1 1 1 1 1 1 1 1 1 1 1 46 1 1 1 1 46 1 1 1 1 1 46 1 1 1 1 1 46 1 1 1 46 91 1 1 46 1 1 91 46 1 1 1 46 1 46 46 1 46 1 1 1 1 1 46 1 46 46 46 46 1 1 1 46 46 91 1 1 1 46 1 46 46 46 91 46 91 91 91 91 1 46 91 46 1 46 46 216 91 171 91 46 46 46 46 46 1 46 46 46 46 91 136 1 91 46 91 1 1 46 91 1 46 91 1 46 46 91 216 46 136 91 136 136 46 46 91 1 46 46 46 1 1 181 91 46 136 46 91 91 126 1 46 216 1 91 46 136 171 171 136 96 91 1 136 171 216 216 171 46 91 1 171 46 1 171 91 171 46 91 216 216 216 126 91 91 181 171 46 46 1 171 1 171 126 171 181 216 91 181 216 143 216 81 171 171 126 181 216 91 216 216 216 46 91 171 1 81 1 171 216 216 126 216 81 91 216 142 136 126 216 171 171 136 91 91 91 136 46 91 46 1 46 171 95 216 136 46 126 46 126 91 216 171 136 216 216 91 141 92 136 216 171 126 91 181 103 181 126 141 171 140 46 106 216 171 46 216 91 81 181 171 91 216 142 91 181 181 216 216 141 171 46 126 216 216 46 46 136 186 216 98 1 46 136 1 1 91 136 93 216 126 171 140 216 1 171 126 91 136 46 46 216 152 126 126 136 104 46 91 46 91 216 46 171 216 216 136 216 1 91 171 216 1 136 171 171 197 171 171 126 103 171 1 1 1 216 126 216 171 186 216 216 46 46 191 93 1 216 171 92 92 138 171 188 47 216 1 1 91 216 91 81 216 216 216 1 216 139 126 216 216 171 92 171 216 1 46 216 216 171 216 46 126 1 171 216 136 184 91 171 91 91 46 46 171 46 216 216 171 216 171 171 126 136 136 46 1 91 171 126 136 91 216 97 171 216 216 46 171 81 181 181 91 91 171 146 181 126 181 46 126 171 
c [Incremental] Max used label: 216.
c [Incremental] Label 216 is removed from searching.
c [Incremental] Solving for max label = 215:
c [Incremental] Solving duration: 364 ms.
s [Incremental] SAT (label = 215).
c [Incremental] Label assignment: 1 1 1 1 1 1 1 1 1 1 1 1 46 1 1 1 1 46 1 1 1 1 1 46 1 1 1 1 1 46 1 1 1 46 91 1 1 46 1 1 91 46 1 1 1 46 1 46 46 1 46 1 1 1 1 1 46 1 46 46 46 46 1 1 1 46 46 91 1 1 1 46 1 46 46 46 91 46 91 91 91 91 1 46 91 46 1 46 46 215 91 170 91 46 46 46 46 46 1 46 46 46 46 91 136 1 91 46 91 1 1 46 91 1 46 91 1 46 46 91 215 46 136 91 136 136 46 46 91 1 46 46 46 1 1 181 91 46 136 46 91 91 125 1 46 215 1 91 46 136 170 170 136 96 91 1 136 170 215 215 170 46 91 1 170 46 1 170 91 170 46 91 215 215 215 125 91 91 181 170 46 46 1 170 1 170 125 170 181 215 91 181 215 143 215 80 170 170 125 181 215 91 215 215 215 46 91 170 1 80 1 170 215 215 125 215 80 91 215 142 136 125 215 170 170 136 91 91 91 136 46 91 46 1 46 170 95 215 136 46 125 46 125 91 215 170 136 215 215 91 141 92 136 215 170 125 91 181 103 181 125 141 170 140 46 106 215 170 46 215 91 80 181 170 91 215 142 91 181 181 215 215 141 170 46 125 215 215 46 46 136 186 215 98 1 46 136 1 1 91 136 93 215 125 170 140 215 1 170 125 91 136 46 46 215 152 125 125 136 104 46 91 46 91 215 46 170 215 215 136 215 1 91 170 215 1 136 170 170 197 170 170 125 103 170 1 1 1 215 125 215 170 186 215 215 46 46 191 93 1 215 170 92 92 138 170 188 47 215 1 1 91 215 91 80 215 215 215 1 215 139 125 215 215 170 92 170 215 1 46 215 215 170 215 46 125 1 170 215 136 184 91 170 91 91 46 46 170 46 215 215 170 215 170 170 125 136 136 46 1 91 170 125 136 91 215 97 170 215 215 46 170 80 181 181 91 91 170 146 181 125 181 46 125 170 
c [Incremental] Max used label: 215.
c [Incremental] Label 215 is removed from searching.
c [Incremental] Solving for max label = 214:
c [Incremental] Solving duration: 330 ms.
s [Incremental] SAT (label = 214).
c [Incremental] Label assignment: 1 1 1 1 1 1 1 1 1 1 1 1 46 1 1 1 1 46 1 1 1 1 1 46 1 1 1 1 1 46 1 1 1 46 91 1 1 46 1 1 91 46 1 1 1 46 1 46 46 1 46 1 1 1 1 1 46 1 46 46 46 46 1 1 1 46 46 91 1 1 1 46 1 46 46 46 91 46 91 91 91 91 1 46 91 46 1 46 46 214 91 169 91 46 46 46 46 46 1 46 46 46 46 91 136 1 91 46 91 1 1 46 91 1 46 91 1 46 46 91 214 46 136 91 136 136 46 46 91 1 46 46 46 1 1 181 91 46 136 46 91 91 124 1 46 214 1 91 46 136 169 169 136 96 91 1 136 169 214 214 169 46 91 1 169 46 1 169 91 169 46 91 214 214 214 124 91 91 181 169 46 46 1 169 1 169 124 169 181 214 91 181 214 143 214 79 169 169 124 181 214 91 214 214 214 46 91 169 1 79 1 169 214 214 124 214 79 91 214 142 136 124 214 169 169 136 91 91 91 136 46 91 46 1 46 169 95 214 136 46 124 46 124 91 214 169 136 214 214 91 141 92 136 214 169 124 91 181 103 181 124 141 169 140 46 106 214 169 46 214 91 79 181 169 91 214 142 91 181 181 214 214 141 169 46 124 214 214 46 46 136 186 214 98 1 46 136 1 1 91 136 93 214 124 169 140 214 1 169 124 91 136 46 46 214 152 124 124 136 104 46 91 46 91 214 46 169 214 214 136 214 1 91 169 214 1 136 169 169 197 169 169 124 103 169 1 1 1 214 124 214 169 186 214 214 46 46 191 93 1 214 169 92 92 138 169 188 47 214 1 1 91 214 91 79 214 214 214 1 214 139 124 214 214 169 92 169 214 1 46 214 214 169 214 46 124 1 169 214 136 184 91 169 91 91 46 46 169 46 214 214 169 214 169 169 124 136 136 46 1 91 169 124 136 91 214 97 169 214 214 46 169 79 181 181 91 91 169 146 181 124 181 46 124 169 
c [Incremental] Max used label: 214.
c [Incremental] Label 214 is removed from searching.
c [Incremental] Solving for max label = 213:
c [Incremental] Solving duration: 330 ms.
s [Incremental] SAT (label = 213).
c [Incremental] Label assignment: 1 1 1 1 1 1 1 1 1 1 1 1 46 1 1 1 1 46 1 1 1 1 1 46 1 1 1 1 1 46 1 1 1 46 91 1 1 46 1 1 91 46 1 1 1 46 1 46 46 1 46 1 1 1 1 1 46 1 46 46 46 46 1 1 1 46 46 91 1 1 1 46 1 46 46 46 91 46 91 91 91 91 1 46 91 46 1 46 46 213 91 168 91 46 46 46 46 46 1 46 46 46 46 91 136 1 91 46 91 1 1 46 91 1 46 91 1 46 46 91 213 46 136 91 136 136 46 46 91 1 46 46 46 1 1 181 91 46 136 46 91 91 123 1 46 213 1 91 46 136 168 168 136 96 91 1 136 168 213 213 168 46 91 1 168 46 1 168 91 168 46 91 213 213 213 123 91 91 181 168 46 46 1 168 1 168 123 168 181 213 91 181 213 143 213 78 168 168 123 181 213 91 213 213 213 46 91 168 1 78 1 168 213 213 123 213 78 91 213 142 136 123 213 168 168 136 91 91 91 136 46 91 46 1 46 168 95 213 136 46 123 46 123 91 213 168 136 213 213 91 141 92 136 213 168 123 91 181 103 181 123 141 168 140 46 106 213 168 46 213 91 78 181 168 91 213 142 91 181 181 213 213 141 168 46 123 213 213 46 46 136 186 213 98 1 46 136 1 1 91 136 93 213 123 168 140 213 1 168 123 91 136 46 46 213 152 123 123 136 104 46 91 46 91 213 46 168 213 213 136 213 1 91 168 213 1 136 168 168 197 168 168 123 103 168 1 1 1 213 123 213 168 186 213 213 46 46 191 93 1 213 168 92 92 138 168 188 47 213 1 1 91 213 91 78 213 213 213 1 213 139 123 213 213 168 92 168 213 1 46 213 213 168 213 46 123 1 168 213 136 184 91 168 91 91 46 46 168 46 213 213 168 213 168 168 123 136 136 46 1 91 168 123 136 91 213 97 168 213 213 46 168 78 181 181 91 91 168 146 181 123 181 46 123 168 
c [Incremental] Max used label: 213.
c [Incremental] Label 213 is removed from searching.
c [Incremental] Solving for max label = 212:
c [Incremental] Solving duration: 323 ms.
s [Incremental] SAT (label = 212).
c [Incremental] Label assignment: 1 1 1 1 1 1 1 1 1 1 1 1 46 1 1 1 1 46 1 1 1 1 1 46 1 1 1 1 1 46 1 1 1 46 91 1 1 46 1 1 91 46 1 1 1 46 1 46 46 1 46 1 1 1 1 1 46 1 46 46 46 46 1 1 1 46 46 91 1 1 1 46 1 46 46 46 91 46 91 91 91 91 1 46 91 46 1 46 46 212 91 167 91 46 46 46 46 46 1 46 46 46 46 91 136 1 91 46 91 1 1 46 91 1 46 91 1 46 46 91 212 46 136 91 136 136 46 46 91 1 46 46 46 1 1 181 91 46 136 46 91 91 122 1 46 212 1 91 46 136 167 167 136 96 91 1 136 167 212 212 167 46 91 1 167 46 1 167 91 167 46 91 212 212 212 122 91 91 181 167 46 46 1 167 1 167 122 167 181 212 91 181 212 143 212 77 167 167 122 181 212 91 212 212 212 46 91 167 1 77 1 167 212 212 122 212 77 91 212 142 136 122 212 167 167 136 91 91 91 136 46 91 46 1 46 167 95 212 136 46 122 46 122 91 212 167 136 212 212 91 141 92 136 212 167 122 91 181 103 181 122 141 167 140 46 106 212 167 46 212 91 77 181 167 91 212 142 91 181 181 212 212 141 167 46 122 212 212 46 46 136 186 212 98 1 46 136 1 1 91 136 93 212 122 167 140 212 1 167 122 91 136 46 46 212 152 122 122 136 104 46 91 46 91 212 46 167 212 212 136 212 1 91 167 212 1 136 167 167 197 167 167 122 103 167 1 1 1 212 122 212 167 186 212 212 46 46 191 93 1 212 167 92 92 138 167 188 47 212 1 1 91 212 91 77 212 212 212 1 212 139 122 212 212 167 92 167 212 1 46 212 212 167 212 46 122 1 167 212 136 184 91 167 91 91 46 46 167 46 212 212 167 212 167 167 122 136 136 46 1 91 167 122 136 91 212 97 167 212 212 46 167 77 181 181 91 91 167 146 181 122 181 46 122 167 
c [Incremental] Max used label: 212.
c [Incremental] Label 212 is removed from searching.
c [Incremental] Solving for max label = 211:
c [Incremental] Solving duration: 320 ms.
s [Incremental] SAT (label = 211).
c [Incremental] Label assignment: 1 1 1 1 1 1 1 1 1 1 1 1 46 1 1 1 1 46 1 1 1 1 1 46 1 1 1 1 1 46 1 1 1 46 91 1 1 46 1 1 91 46 1 1 1 46 1 46 46 1 46 1 1 1 1 1 46 1 46 46 46 46 1 1 1 46 46 91 1 1 1 46 1 46 46 46 91 46 91 91 91 91 1 46 91 46 1 46 46 211 91 166 91 46 46 46 46 46 1 46 46 46 46 91 136 1 91 46 91 1 1 46 91 1 46 91 1 46 46 91 211 46 136 91 136 136 46 46 91 1 46 46 46 1 1 181 91 46 136 46 91 91 121 1 46 211 1 91 46 136 166 166 136 96 91 1 136 166 211 211 166 46 91 1 166 46 1 166 91 166 46 91 211 211 211 121 91 91 181 166 46 46 1 166 1 166 121 166 181 211 91 181 211 143 211 76 166 166 121 181 211 91 211 211 211 46 91 166 1 76 1 166 211 211 121 211 76 91 211 142 136 121 211 166 166 136 91 91 91 136 46 91 46 1 46 166 95 211 136 46 121 46 121 91 211 166 136 211 211 91 141 92 136 211 166 121 91 181 103 181 121 141 166 140 46 106 211 166 46 211 91 76 181 166 91 211 142 91 181 181 211 211 141 166 46 121 211 211 46 46 136 186 211 98 1 46 136 1 1 91 136 93 211 121 166 140 211 1 166 121 91 136 46 46 211 152 121 121 136 104 46 91 46 91 211 46 166 211 211 136 211 1 91 166 211 1 136 166 166 197 166 166 121 103 166 1 1 1 211 121 211 166 186 211 211 46 46 191 93 1 211 166 92 92 138 166 188 47 211 1 1 91 211 91 76 211 211 211 1 211 139 121 211 211 166 92 166 211 1 46 211 211 166 211 46 121 1 166 211 136 184 91 166 91 91 46 46 166 46 211 211 166 211 166 166 121 136 136 46 1 91 166 121 136 91 211 97 166 211 211 46 166 76 181 181 91 91 166 146 181 121 181 46 121 166 
c [Incremental] Max used label: 211.
c [Incremental] Label 211 is removed from searching.
c [Incremental] Solving for max label = 210:
c [Incremental] Solving duration: 330 ms.
s [Incremental] SAT (label = 210).
c [Incremental] Label assignment: 1 1 1 1 1 1 1 1 1 1 1 1 46 1 1 1 1 46 1 1 1 1 1 46 1 1 1 1 1 46 1 1 1 46 91 1 1 46 1 1 91 46 1 1 1 46 1 46 46 1 46 1 1 1 1 1 46 1 46 46 46 46 1 1 1 46 46 91 1 1 1 46 1 46 46 46 91 46 91 91 91 91 1 46 91 46 1 46 46 210 91 165 91 46 46 46 46 46 1 46 46 46 46 91 136 1 91 46 91 1 1 46 91 1 46 91 1 46 46 91 210 46 136 91 136 136 46 46 91 1 46 46 46 1 1 181 91 46 136 46 91 91 120 1 46 210 1 91 46 136 165 165 136 96 91 1 136 165 210 210 165 46 91 1 165 46 1 165 91 165 46 91 210 210 210 120 91 91 181 165 46 46 1 165 1 165 120 165 181 210 91 181 210 143 210 75 165 165 120 181 210 91 210 210 210 46 91 165 1 75 1 165 210 210 120 210 75 91 210 142 136 120 210 165 165 136 91 91 91 136 46 91 46 1 46 165 95 210 136 46 120 46 120 91 210 165 136 210 210 91 141 92 136 210 165 120 91 181 103 181 120 141 165 140 46 106 210 165 46 210 91 75 181 165 91 210 142 91 181 181 210 210 141 165 46 120 210 210 46 46 136 186 210 98 1 46 136 1 1 91 136 93 210 120 165 140 210 1 165 120 91 136 46 46 210 152 120 120 136 104 46 91 46 91 210 46 165 210 210 136 210 1 91 165 210 1 136 165 165 197 165 165 120 103 165 1 1 1 210 120 210 165 186 210 210 46 46 191 93 1 210 165 92 92 138 165 188 47 210 1 1 91 210 91 75 210 210 210 1 210 139 120 210 210 165 92 165 210 1 46 210 210 165 210 46 120 1 165 210 136 184 91 165 91 91 46 46 165 46 210 210 165 210 165 165 120 136 136 46 1 91 165 120 136 91 210 97 165 210 210 46 165 75 181 181 91 91 165 146 181 120 181 46 120 165 
c [Incremental] Max used label: 210.
c [Incremental] Label 210 is removed from searching.
c [Incremental] Solving for max label = 209:
c [Incremental] Solving duration: 321 ms.
s [Incremental] SAT (label = 209).
c [Incremental] Label assignment: 1 1 1 1 1 1 1 1 1 1 1 1 46 1 1 1 1 46 1 1 1 1 1 46 1 1 1 1 1 46 1 1 1 46 91 1 1 46 1 1 91 46 1 1 1 46 1 46 46 1 46 1 1 1 1 1 46 1 46 46 46 46 1 1 1 46 46 91 1 1 1 46 1 46 46 46 91 46 91 91 91 91 1 46 91 46 1 46 46 209 91 164 91 46 46 46 46 46 1 46 46 46 46 91 136 1 91 46 91 1 1 46 91 1 46 91 1 46 46 91 209 46 136 91 136 136 46 46 91 1 46 46 46 1 1 181 91 46 136 46 91 91 119 1 46 209 1 91 46 136 164 164 136 96 91 1 136 164 209 209 164 46 91 1 164 46 1 164 91 164 46 91 209 209 209 119 91 91 181 164 46 46 1 164 1 164 119 164 181 209 91 181 209 143 209 74 164 164 119 181 209 91 209 209 209 46 91 164 1 74 1 164 209 209 119 209 74 91 209 142 136 119 209 164 164 136 91 91 91 136 46 91 46 1 46 164 95 209 136 46 119 46 119 91 209 164 136 209 209 91 141 92 136 209 164 119 91 181 103 181 119 141 164 140 46 106 209 164 46 209 91 74 181 164 91 209 142 91 181 181 209 209 141 164 46 119 209 209 46 46 136 186 209 98 1 46 136 1 1 91 136 93 209 119 164 140 209 1 164 119 91 136 46 46 209 152 119 119 136 104 46 91 46 91 209 46 164 209 209 136 209 1 91 164 209 1 136 164 164 197 164 164 119 103 164 1 1 1 209 119 209 164 186 209 209 46 46 191 93 1 209 164 92 92 138 164 188 47 209 1 1 91 209 91 74 209 209 209 1 209 139 119 209 209 164 92 164 209 1 46 209 209 164 209 46 119 1 164 209 136 184 91 164 91 91 46 46 164 46 209 209 164 209 164 164 119 136 136 46 1 91 164 119 136 91 209 97 164 209 209 46 164 74 181 181 91 91 164 146 181 119 181 46 119 164 
c [Incremental] Max used label: 209.
c [Incremental] Label 209 is removed from searching.
c [Incremental] Solving for max label = 208:
c [Incremental] Solving duration: 321 ms.
s [Incremental] SAT (label = 208).
c [Incremental] Label assignment: 1 1 1 1 1 1 1 1 1 1 1 1 46 1 1 1 1 46 1 1 1 1 1 46 1 1 1 1 1 46 1 1 1 46 91 1 1 46 1 1 91 46 1 1 1 46 1 46 46 1 46 1 1 1 1 1 46 1 46 46 46 46 1 1 1 46 46 91 1 1 1 46 1 46 46 46 91 46 91 91 91 91 1 46 91 46 1 46 46 208 91 163 91 46 46 46 46 46 1 46 46 46 46 91 136 1 91 46 91 1 1 46 91 1 46 91 1 46 46 91 208 46 136 91 136 136 46 46 91 1 46 46 46 1 1 181 91 46 136 46 91 91 118 1 46 208 1 91 46 136 163 163 136 96 91 1 136 163 208 208 163 46 91 1 163 46 1 163 91 163 46 91 208 208 208 118 91 91 181 163 46 46 1 163 1 163 118 163 181 208 91 181 208 143 208 73 163 163 118 181 208 91 208 208 208 46 91 163 1 73 1 163 208 208 118 208 73 91 208 142 136 118 208 163 163 136 91 91 91 136 46 91 46 1 46 163 95 208 136 46 118 46 118 91 208 163 136 208 208 91 141 92 136 208 163 118 91 181 103 181 118 141 163 140 46 106 208 163 46 208 91 73 181 163 91 208 142 91 181 181 208 208 141 163 46 118 208 208 46 46 136 186 208 98 1 46 136 1 1 91 136 93 208 118 163 140 208 1 163 118 91 136 46 46 208 152 118 118 136 104 46 91 46 91 208 46 163 208 208 136 208 1 91 163 208 1 136 163 163 197 163 163 118 103 163 1 1 1 208 118 208 163 186 208 208 46 46 191 93 1 208 163 92 92 138 163 188 47 208 1 1 91 208 91 73 208 208 208 1 208 139 118 208 208 163 92 163 208 1 46 208 208 163 208 46 118 1 163 208 136 184 91 163 91 91 46 46 163 46 208 208 163 208 163 163 118 136 136 46 1 91 163 118 136 91 208 97 163 208 208 46 163 73 181 181 91 91 163 146 181 118 181 46 118 163 
c [Incremental] Max used label: 208.
c [Incremental] Label 208 is removed from searching.
c [Incremental] Solving for max label = 207:
c [Incremental] Solving duration: 332 ms.
s [Incremental] SAT (label = 207).
c [Incremental] Label assignment: 1 1 1 1 1 1 1 1 1 1 1 1 46 1 1 1 1 46 1 1 1 1 1 46 1 1 1 1 1 46 1 1 1 46 91 1 1 46 1 1 91 46 1 1 1 46 1 46 46 1 46 1 1 1 1 1 46 1 46 46 46 46 1 1 1 46 46 91 1 1 1 46 1 46 46 46 91 46 91 91 91 91 1 46 91 46 1 46 46 207 91 162 91 46 46 46 46 46 1 46 46 46 46 91 136 1 91 46 91 1 1 46 91 1 46 91 1 46 46 91 207 46 136 91 136 136 46 46 91 1 46 46 46 1 1 181 91 46 136 46 91 91 117 1 46 207 1 91 46 136 162 162 136 96 91 1 136 162 207 207 162 46 91 1 162 46 1 162 91 162 46 91 207 207 207 117 91 91 181 162 46 46 1 162 1 162 117 162 181 207 91 181 207 143 207 72 162 162 117 181 207 91 207 207 207 46 91 162 1 72 1 162 207 207 117 207 72 91 207 142 136 117 207 162 162 136 91 91 91 136 46 91 46 1 46 162 95 207 136 46 117 46 117 91 207 162 136 207 207 91 141 92 136 207 162 117 91 181 103 181 117 141 162 140 46 106 207 162 46 207 91 72 181 162 91 207 142 91 181 181 207 207 141 162 46 117 207 207 46 46 136 186 207 98 1 46 136 1 1 91 136 93 207 117 162 140 207 1 162 117 91 136 46 46 207 152 117 117 136 104 46 91 46 91 207 46 162 207 207 136 207 1 91 162 207 1 136 162 162 197 162 162 117 103 162 1 1 1 207 117 207 162 186 207 207 46 46 191 93 1 207 162 92 92 138 162 188 47 207 1 1 91 207 91 72 207 207 207 1 207 139 117 207 207 162 92 162 207 1 46 207 207 162 207 46 117 1 162 207 136 184 91 162 91 91 46 46 162 46 207 207 162 207 162 162 117 136 136 46 1 91 162 117 136 91 207 97 162 207 207 46 162 72 181 181 91 91 162 146 181 117 181 46 117 162 
c [Incremental] Max used label: 207.
c [Incremental] Label 207 is removed from searching.
c [Incremental] Solving for max label = 206:
c [Incremental] Solving duration: 326 ms.
s [Incremental] SAT (label = 206).
c [Incremental] Label assignment: 1 1 1 1 1 1 1 1 1 1 1 1 46 1 1 1 1 46 1 1 1 1 1 46 1 1 1 1 1 46 1 1 1 46 91 1 1 46 1 1 91 46 1 1 1 46 1 46 46 1 46 1 1 1 1 1 46 1 46 46 46 46 1 1 1 46 46 91 1 1 1 46 1 46 46 46 91 46 91 91 91 91 1 46 91 46 1 46 46 206 91 161 91 46 46 46 46 46 1 46 46 46 46 91 136 1 91 46 91 1 1 46 91 1 46 91 1 46 46 91 206 46 136 91 136 136 46 46 91 1 46 46 46 1 1 181 91 46 136 46 91 91 116 1 46 206 1 91 46 136 161 161 136 96 91 1 136 161 206 206 161 46 91 1 161 46 1 161 91 161 46 91 206 206 206 116 91 91 181 161 46 46 1 161 1 161 116 161 181 206 91 181 206 143 206 71 161 161 116 181 206 91 206 206 206 46 91 161 1 71 1 161 206 206 116 206 71 91 206 142 136 116 206 161 161 136 91 91 91 136 46 91 46 1 46 161 95 206 136 46 116 46 116 91 206 161 136 206 206 91 141 92 136 206 161 116 91 181 103 181 116 141 161 140 46 106 206 161 46 206 91 71 181 161 91 206 142 91 181 181 206 206 141 161 46 116 206 206 46 46 136 186 206 98 1 46 136 1 1 91 136 93 206 116 161 140 206 1 161 116 91 136 46 46 206 152 116 116 136 104 46 91 46 91 206 46 161 206 206 136 206 1 91 161 206 1 136 161 161 197 161 161 116 103 161 1 1 1 206 116 206 161 186 206 206 46 46 191 93 1 206 161 92 92 138 161 188 47 206 1 1 91 206 91 71 206 206 206 1 206 139 116 206 206 161 92 161 206 1 46 206 206 161 206 46 116 1 161 206 136 184 91 161 91 91 46 46 161 46 206 206 161 206 161 161 116 136 136 46 1 91 161 116 136 91 206 97 161 206 206 46 161 71 181 181 91 91 161 146 181 116 181 46 116 161 
c [Incremental] Max used label: 206.
c [Incremental] Label 206 is removed from searching.
c [Incremental] Solving for max label = 205:
c [Incremental] Solving duration: 331 ms.
s [Incremental] SAT (label = 205).
c [Incremental] Label assignment: 1 1 1 1 1 1 1 1 1 1 1 1 46 1 1 1 1 46 1 1 1 1 1 46 1 1 1 1 1 46 1 1 1 46 91 1 1 46 1 1 91 46 1 1 1 46 1 46 46 1 46 1 1 1 1 1 46 1 46 46 46 46 1 1 1 46 46 91 1 1 1 46 1 46 46 46 91 46 91 91 91 91 1 46 91 46 1 46 46 205 91 160 91 46 46 46 46 46 1 46 46 46 46 91 136 1 91 46 91 1 1 46 91 1 46 91 1 46 46 91 205 46 136 91 136 136 46 46 91 1 46 46 46 1 1 181 91 46 136 46 91 91 115 1 46 205 1 91 46 136 160 160 136 96 91 1 136 160 205 205 160 46 91 1 160 46 1 160 91 160 46 91 205 205 205 115 91 91 181 160 46 46 1 160 1 160 115 160 181 205 91 181 205 143 205 70 160 160 115 181 205 91 205 205 205 46 91 160 1 70 1 160 205 205 115 205 70 91 205 142 136 115 205 160 160 136 91 91 91 136 46 91 46 1 46 160 95 205 136 46 115 46 115 91 205 160 136 205 205 91 141 92 136 205 160 115 91 181 103 181 115 141 160 140 46 106 205 160 46 205 91 70 181 160 91 205 142 91 181 181 205 205 141 160 46 115 205 205 46 46 136 186 205 98 1 46 136 1 1 91 136 93 205 115 160 140 205 1 160 115 91 136 46 46 205 152 115 115 136 104 46 91 46 91 205 46 160 205 205 136 205 1 91 160 205 1 136 160 160 197 160 160 115 103 160 1 1 1 205 115 205 160 186 205 205 46 46 191 93 1 205 160 92 92 138 160 188 47 205 1 1 91 205 91 70 205 205 205 1 205 139 115 205 205 160 92 160 205 1 46 205 205 160 205 46 115 1 160 205 136 184 91 160 91 91 46 46 160 46 205 205 160 205 160 160 115 136 136 46 1 91 160 115 136 91 205 97 160 205 205 46 160 70 181 181 91 91 160 146 181 115 181 46 115 160 
c [Incremental] Max used label: 205.
c [Incremental] Label 205 is removed from searching.
c [Incremental] Solving for max label = 204:
c [Incremental] Solving duration: 328 ms.
s [Incremental] SAT (label = 204).
c [Incremental] Label assignment: 1 1 1 1 1 1 1 1 1 1 1 1 46 1 1 1 1 46 1 1 1 1 1 46 1 1 1 1 1 46 1 1 1 46 91 1 1 46 1 1 91 46 1 1 1 46 1 46 46 1 46 1 1 1 1 1 46 1 46 46 46 46 1 1 1 46 46 91 1 1 1 46 1 46 46 46 91 46 91 91 91 91 1 46 91 46 1 46 46 204 91 159 91 46 46 46 46 46 1 46 46 46 46 91 136 1 91 46 91 1 1 46 91 1 46 91 1 46 46 91 204 46 136 91 136 136 46 46 91 1 46 46 46 1 1 181 91 46 136 46 91 91 114 1 46 204 1 91 46 136 159 159 136 96 91 1 136 159 204 204 159 46 91 1 159 46 1 159 91 159 46 91 204 204 204 114 91 91 181 159 46 46 1 159 1 159 114 159 181 204 91 181 204 143 204 69 159 159 114 181 204 91 204 204 204 46 91 159 1 69 1 159 204 204 114 204 69 91 204 142 136 114 204 159 159 136 91 91 91 136 46 91 46 1 46 159 95 204 136 46 114 46 114 91 204 159 136 204 204 91 141 92 136 204 159 114 91 181 103 181 114 141 159 140 46 106 204 159 46 204 91 69 181 159 91 204 142 91 181 181 204 204 141 159 46 114 204 204 46 46 136 186 204 98 1 46 136 1 1 91 136 93 204 114 159 140 204 1 159 114 91 136 46 46 204 152 114 114 136 104 46 91 46 91 204 46 159 204 204 136 204 1 91 159 204 1 136 159 159 197 159 159 114 103 159 1 1 1 204 114 204 159 186 204 204 46 46 191 93 1 204 159 92 92 138 159 188 47 204 1 1 91 204 91 69 204 204 204 1 204 139 114 204 204 159 92 159 204 1 46 204 204 159 204 46 114 1 159 204 136 184 91 159 91 91 46 46 159 46 204 204 159 204 159 159 114 136 136 46 1 91 159 114 136 91 204 97 159 204 204 46 159 69 181 181 91 91 159 146 181 114 181 46 114 159 
c [Incremental] Max used label: 204.
c [Incremental] Label 204 is removed from searching.
c [Incremental] Solving for max label = 203:
c [Incremental] Solving duration: 327 ms.
s [Incremental] SAT (label = 203).
c [Incremental] Label assignment: 1 1 1 1 1 1 1 1 1 1 1 1 46 1 1 1 1 46 1 1 1 1 1 46 1 1 1 1 1 46 1 1 1 46 91 1 1 46 1 1 91 46 1 1 1 46 1 46 46 1 46 1 1 1 1 1 46 1 46 46 46 46 1 1 1 46 46 91 1 1 1 46 1 46 46 46 91 46 91 91 91 91 1 46 91 46 1 46 46 203 91 158 91 46 46 46 46 46 1 46 46 46 46 91 136 1 91 46 91 1 1 46 91 1 46 91 1 46 46 91 203 46 136 91 136 136 46 46 91 1 46 46 46 1 1 181 91 46 136 46 91 91 113 1 46 203 1 91 46 136 158 158 136 96 91 1 136 158 203 203 158 46 91 1 158 46 1 158 91 158 46 91 203 203 203 113 91 91 181 158 46 46 1 158 1 158 113 158 181 203 91 181 203 143 203 68 158 158 113 181 203 91 203 203 203 46 91 158 1 68 1 158 203 203 113 203 68 91 203 142 136 113 203 158 158 136 91 91 91 136 46 91 46 1 46 158 95 203 136 46 113 46 113 91 203 158 136 203 203 91 141 92 136 203 158 113 91 181 103 181 113 141 158 140 46 106 203 158 46 203 91 68 181 158 91 203 142 91 181 181 203 203 141 158 46 113 203 203 46 46 136 186 203 98 1 46 136 1 1 91 136 93 203 113 158 140 203 1 158 113 91 136 46 46 203 152 113 113 136 104 46 91 46 91 203 46 158 203 203 136 203 1 91 158 203 1 136 158 158 197 158 158 113 103 158 1 1 1 203 113 203 158 186 203 203 46 46 191 93 1 203 158 92 92 138 158 188 47 203 1 1 91 203 91 68 203 203 203 1 203 139 113 203 203 158 92 158 203 1 46 203 203 158 203 46 113 1 158 203 136 184 91 158 91 91 46 46 158 46 203 203 158 203 158 158 113 136 136 46 1 91 158 113 136 91 203 97 158 203 203 46 158 68 181 181 91 91 158 146 181 113 181 46 113 158 
c [Incremental] Max used label: 203.
c [Incremental] Label 203 is removed from searching.
c [Incremental] Solving for max label = 202:
c [Incremental] Solving duration: 329 ms.
s [Incremental] SAT (label = 202).
c [Incremental] Label assignment: 1 1 1 1 1 1 1 1 1 1 1 1 46 1 1 1 1 46 1 1 1 1 1 46 1 1 1 1 1 46 1 1 1 46 91 1 1 46 1 1 91 46 1 1 1 46 1 46 46 1 46 1 1 1 1 1 46 1 46 46 46 46 1 1 1 46 46 91 1 1 1 46 1 46 46 46 91 46 91 91 91 91 1 46 91 46 1 46 46 202 91 157 91 46 46 46 46 46 1 46 46 46 46 91 136 1 91 46 91 1 1 46 91 1 46 91 1 46 46 91 202 46 136 91 136 136 46 46 91 1 46 46 46 1 1 181 91 46 136 46 91 91 112 1 46 202 1 91 46 136 157 157 136 96 91 1 136 157 202 202 157 46 91 1 157 46 1 157 91 157 46 91 202 202 202 112 91 91 181 157 46 46 1 157 1 157 112 157 181 202 91 181 202 143 202 67 157 157 112 181 202 91 202 202 202 46 91 157 1 67 1 157 202 202 112 202 67 91 202 142 136 112 202 157 157 136 91 91 91 136 46 91 46 1 46 157 95 202 136 46 112 46 112 91 202 157 136 202 202 91 141 92 136 202 157 112 91 181 103 181 112 141 157 140 46 106 202 157 46 202 91 67 181 157 91 202 142 91 181 181 202 202 141 157 46 112 202 202 46 46 136 186 202 98 1 46 136 1 1 91 136 93 202 112 157 140 202 1 157 112 91 136 46 46 202 152 112 112 136 104 46 91 46 91 202 46 157 202 202 136 202 1 91 157 202 1 136 157 157 197 157 157 112 103 157 1 1 1 202 112 202 157 186 202 202 46 46 191 93 1 202 157 92 92 138 157 188 47 202 1 1 91 202 91 67 202 202 202 1 202 139 112 202 202 157 92 157 202 1 46 202 202 157 202 46 112 1 157 202 136 184 91 157 91 91 46 46 157 46 202 202 157 202 157 157 112 136 136 46 1 91 157 112 136 91 202 97 157 202 202 46 157 67 181 181 91 91 157 146 181 112 181 46 112 157 
c [Incremental] Max used label: 202.
c [Incremental] Label 202 is removed from searching.
c [Incremental] Solving for max label = 201:
c [Incremental] Solving duration: 325 ms.
s [Incremental] SAT (label = 201).
c [Incremental] Label assignment: 1 1 1 1 1 1 1 1 1 1 1 1 46 1 1 1 1 46 1 1 1 1 1 46 1 1 1 1 1 46 1 1 1 46 91 1 1 46 1 1 91 46 1 1 1 46 1 46 46 1 46 1 1 1 1 1 46 1 46 46 46 46 1 1 1 46 46 91 1 1 1 46 1 46 46 46 91 46 91 91 91 91 1 46 91 46 1 46 46 201 91 156 91 46 46 46 46 46 1 46 46 46 46 91 136 1 91 46 91 1 1 46 91 1 46 91 1 46 46 91 201 46 136 91 136 136 46 46 91 1 46 46 46 1 1 181 91 46 136 46 91 91 111 1 46 201 1 91 46 136 156 156 136 96 91 1 136 156 201 201 156 46 91 1 156 46 1 156 91 156 46 91 201 201 201 111 91 91 181 156 46 46 1 156 1 156 111 156 181 201 91 181 201 143 201 66 156 156 111 181 201 91 201 201 201 46 91 156 1 66 1 156 201 201 111 201 66 91 201 142 136 111 201 156 156 136 91 91 91 136 46 91 46 1 46 156 95 201 136 46 111 46 111 91 201 156 136 201 201 91 141 92 136 201 156 111 91 181 103 181 111 141 156 140 46 106 201 156 46 201 91 66 181 156 91 201 142 91 181 181 201 201 141 156 46 111 201 201 46 46 136 186 201 98 1 46 136 1 1 91 136 93 201 111 156 140 201 1 156 111 91 136 46 46 201 152 111 111 136 104 46 91 46 91 201 46 156 201 201 136 201 1 91 156 201 1 136 156 156 197 156 156 111 103 156 1 1 1 201 111 201 156 186 201 201 46 46 191 93 1 201 156 92 92 138 156 188 47 201 1 1 91 201 91 66 201 201 201 1 201 139 111 201 201 156 92 156 201 1 46 201 201 156 201 46 111 1 156 201 136 184 91 156 91 91 46 46 156 46 201 201 156 201 156 156 111 136 136 46 1 91 156 111 136 91 201 97 156 201 201 46 156 66 181 181 91 91 156 146 181 111 181 46 111 156 
c [Incremental] Max used label: 201.
c [Incremental] Label 201 is removed from searching.
c [Incremental] Solving for max label = 200:
c [Incremental] Solving duration: 323 ms.
s [Incremental] SAT (label = 200).
c [Incremental] Label assignment: 1 1 1 1 1 1 1 1 1 1 1 1 46 1 1 1 1 46 1 1 1 1 1 46 1 1 1 1 1 46 1 1 1 46 91 1 1 46 1 1 91 46 1 1 1 46 1 46 46 1 46 1 1 1 1 1 46 1 46 46 46 46 1 1 1 46 46 91 1 1 1 46 1 46 46 46 91 46 91 91 91 91 1 46 91 46 1 46 46 200 91 155 91 46 46 46 46 46 1 46 46 46 46 91 136 1 91 46 91 1 1 46 91 1 46 91 1 46 46 91 200 46 136 91 136 136 46 46 91 1 46 46 46 1 1 181 91 46 136 46 91 91 110 1 46 200 1 91 46 136 155 155 136 96 91 1 136 155 200 200 155 46 91 1 155 46 1 155 91 155 46 91 200 200 200 110 91 91 181 155 46 46 1 155 1 155 110 155 181 200 91 181 200 143 200 65 155 155 110 181 200 91 200 200 200 46 91 155 1 65 1 155 200 200 110 200 65 91 200 142 136 110 200 155 155 136 91 91 91 136 46 91 46 1 46 155 95 200 136 46 110 46 110 91 200 155 136 200 200 91 141 92 136 200 155 110 91 181 103 181 110 141 155 140 46 106 200 155 46 200 91 65 181 155 91 200 142 91 181 181 200 200 141 155 46 110 200 200 46 46 136 186 200 98 1 46 136 1 1 91 136 93 200 110 155 140 200 1 155 110 91 136 46 46 200 152 110 110 136 104 46 91 46 91 200 46 155 200 200 136 200 1 91 155 200 1 136 155 155 197 155 155 110 103 155 1 1 1 200 110 200 155 186 200 200 46 46 191 93 1 200 155 92 92 138 155 188 47 200 1 1 91 200 91 65 200 200 200 1 200 139 110 200 200 155 92 155 200 1 46 200 200 155 200 46 110 1 155 200 136 184 91 155 91 91 46 46 155 46 200 200 155 200 155 155 110 136 136 46 1 91 155 110 136 91 200 97 155 200 200 46 155 65 181 181 91 91 155 146 181 110 181 46 110 155 
c [Incremental] Max used label: 200.
c [Incremental] Label 200 is removed from searching.
c [Incremental] Solving for max label = 199:
c [Incremental] Solving duration: 323 ms.
s [Incremental] SAT (label = 199).
c [Incremental] Label assignment: 1 1 1 1 1 1 1 1 1 1 1 1 46 1 1 1 1 46 1 1 1 1 1 46 1 1 1 1 1 46 1 1 1 46 91 1 1 46 1 1 91 46 1 1 1 46 1 46 46 1 46 1 1 1 1 1 46 1 46 46 46 46 1 1 1 46 46 91 1 1 1 46 1 46 46 46 91 46 91 91 91 91 1 46 91 46 1 46 46 199 91 154 91 46 46 46 46 46 1 46 46 46 46 91 136 1 91 46 91 1 1 46 91 1 46 91 1 46 46 91 199 46 136 91 136 136 46 46 91 1 46 46 46 1 1 181 91 46 136 46 91 91 109 1 46 199 1 91 46 136 154 154 136 96 91 1 136 154 199 199 154 46 91 1 154 46 1 154 91 154 46 91 199 199 199 109 91 91 181 154 46 46 1 154 1 154 109 154 181 199 91 181 199 143 199 64 154 154 109 181 199 91 199 199 199 46 91 154 1 64 1 154 199 199 109 199 64 91 199 142 136 109 199 154 154 136 91 91 91 136 46 91 46 1 46 154 95 199 136 46 109 46 109 91 199 154 136 199 199 91 141 92 136 199 154 109 91 181 103 181 109 141 154 140 46 106 199 154 46 199 91 64 181 154 91 199 142 91 181 181 199 199 141 154 46 109 199 199 46 46 136 186 199 98 1 46 136 1 1 91 136 93 199 109 154 140 199 1 154 109 91 136 46 46 199 152 109 109 136 104 46 91 46 91 199 46 154 199 199 136 199 1 91 154 199 1 136 154 154 197 154 154 109 103 154 1 1 1 199 109 199 154 186 199 199 46 46 191 93 1 199 154 92 92 138 154 188 47 199 1 1 91 199 91 64 199 199 199 1 199 139 109 199 199 154 92 154 199 1 46 199 199 154 199 46 109 1 154 199 136 184 91 154 91 91 46 46 154 46 199 199 154 199 154 154 109 136 136 46 1 91 154 109 136 91 199 97 154 199 199 46 154 64 181 181 91 91 154 146 181 109 181 46 109 154 
c [Incremental] Max used label: 199.
c [Incremental] Label 199 is removed from searching.
c [Incremental] Solving for max label = 198:
c [Incremental] Solving duration: 325 ms.
s [Incremental] SAT (label = 198).
c [Incremental] Label assignment: 1 1 1 1 1 1 1 1 1 1 1 1 46 1 1 1 1 46 1 1 1 1 1 46 1 1 1 1 1 46 1 1 1 46 91 1 1 46 1 1 91 46 1 1 1 46 1 46 46 1 46 1 1 1 1 1 46 1 46 46 46 46 1 1 1 46 46 91 1 1 1 46 1 46 46 46 91 46 91 91 91 91 1 46 91 46 1 46 46 198 91 153 91 46 46 46 46 46 1 46 46 46 46 91 136 1 91 46 91 1 1 46 91 1 46 91 1 46 46 91 198 46 136 91 136 136 46 46 91 1 46 46 46 1 1 181 91 46 136 46 91 91 108 1 46 198 1 91 46 136 153 153 136 96 91 1 136 153 198 198 153 46 91 1 153 46 1 153 91 153 46 91 198 198 198 108 91 91 181 153 46 46 1 153 1 153 108 153 181 198 91 181 198 143 198 63 153 153 108 181 198 91 198 198 198 46 91 153 1 63 1 153 198 198 108 198 63 91 198 142 136 108 198 153 153 136 91 91 91 136 46 91 46 1 46 153 95 198 136 46 108 46 108 91 198 153 136 198 198 91 141 92 136 198 153 108 91 181 103 181 108 141 153 140 46 106 198 153 46 198 91 63 181 153 91 198 142 91 181 181 198 198 141 153 46 108 198 198 46 46 136 186 198 98 1 46 136 1 1 91 136 93 198 108 153 140 198 1 153 108 91 136 46 46 198 152 108 108 136 104 46 91 46 91 198 46 153 198 198 136 198 1 91 153 198 1 136 153 153 197 153 153 108 103 153 1 1 1 198 108 198 153 186 198 198 46 46 191 93 1 198 153 92 92 138 153 188 47 198 1 1 91 198 91 63 198 198 198 1 198 139 108 198 198 153 92 153 198 1 46 198 198 153 198 46 108 1 153 198 136 184 91 153 91 91 46 46 153 46 198 198 153 198 153 153 108 136 136 46 1 91 153 108 136 91 198 97 153 198 198 46 153 63 181 181 91 91 153 146 181 108 181 46 108 153 
c [Incremental] Max used label: 198.
c [Incremental] Label 198 is removed from searching.
c [Incremental] Solving for max label = 197:
c [Incremental] Solving duration: 321 ms.
s [Incremental] SAT (label = 197).
c [Incremental] Label assignment: 1 1 1 1 1 1 1 1 1 1 1 1 46 1 1 1 1 46 1 1 1 1 1 46 1 1 1 1 1 46 1 1 1 46 91 1 1 46 1 1 91 46 1 1 1 46 1 46 46 1 46 1 1 1 1 1 46 1 46 46 46 46 1 1 1 46 46 91 1 1 1 46 1 46 46 46 91 46 91 91 91 91 1 46 91 46 1 46 46 197 91 152 91 46 46 46 46 46 1 46 46 46 46 91 136 1 91 46 91 1 1 46 91 1 46 91 1 46 46 91 197 46 136 91 136 136 46 46 91 1 46 46 46 1 1 181 91 46 136 46 91 91 107 1 46 197 1 91 46 136 152 152 136 96 91 1 136 152 197 197 152 46 91 1 152 46 1 152 91 152 46 91 197 197 197 107 91 91 181 152 46 46 1 152 1 152 107 152 181 197 91 181 197 143 197 62 152 152 107 181 197 91 197 197 197 46 91 152 1 62 1 152 197 197 107 197 62 91 197 142 136 107 197 152 152 136 91 91 91 136 46 91 46 1 46 152 95 197 136 46 107 46 107 91 197 152 136 197 197 91 141 92 136 197 152 107 91 181 103 181 107 141 152 140 46 106 197 152 46 197 91 62 181 152 91 197 142 91 181 181 197 197 141 152 46 107 197 197 46 46 136 186 197 98 1 46 136 1 1 91 136 93 197 107 152 140 197 1 152 107 91 136 46 46 197 152 107 107 136 104 46 91 46 91 197 46 152 197 197 136 197 1 91 152 197 1 136 152 152 197 152 152 107 103 152 1 1 1 197 107 197 152 186 197 197 46 46 191 93 1 197 152 92 92 138 152 188 47 197 1 1 91 197 91 62 197 197 197 1 197 139 107 197 197 152 92 152 197 1 46 197 197 152 197 46 107 1 152 197 136 184 91 152 91 91 46 46 152 46 197 197 152 197 152 152 107 136 136 46 1 91 152 107 136 91 197 97 152 197 197 46 152 62 181 181 91 91 152 146 181 107 181 46 107 152 
c [Incremental] Max used label: 197.
c [Incremental] Label 197 is removed from searching.
c [Incremental] Solving for max label = 196:
c [Incremental] Solving duration: 324 ms.
s [Incremental] SAT (label = 196).
c [Incremental] Label assignment: 1 1 1 1 1 1 1 1 1 1 1 1 46 1 1 1 1 46 1 1 1 1 1 46 1 1 1 1 1 46 1 1 1 46 91 1 1 46 1 1 91 46 1 1 1 46 1 46 46 1 46 1 1 1 1 1 46 1 46 46 46 46 1 1 1 46 46 91 1 1 1 46 1 46 46 46 91 46 91 91 91 91 1 46 91 46 1 46 46 196 91 151 91 46 46 46 46 46 1 46 46 46 46 91 136 1 91 46 91 1 1 46 91 1 46 91 1 46 46 91 196 46 136 91 136 136 46 46 91 1 46 46 46 1 1 181 91 46 136 46 91 91 106 1 46 196 1 91 46 136 151 151 136 96 91 1 136 151 196 196 151 46 91 1 151 46 1 151 91 151 46 91 196 196 196 106 91 91 181 151 46 46 1 151 1 151 106 151 181 196 91 181 196 143 196 61 151 151 106 181 196 91 196 196 196 46 91 151 1 61 1 151 196 196 106 196 61 91 196 142 136 106 196 151 151 136 91 91 91 136 46 91 46 1 46 151 95 196 136 46 106 46 106 91 196 151 136 196 196 91 141 92 136 196 151 106 91 181 103 181 106 141 151 140 46 106 196 151 46 196 91 61 181 151 91 196 142 91 181 181 196 196 141 151 46 106 196 196 46 46 136 186 196 98 1 46 136 1 1 91 136 93 196 106 151 140 196 1 151 106 91 136 46 46 196 151 106 106 136 104 46 91 46 91 196 46 151 196 196 136 196 1 91 151 196 1 136 151 151 196 151 151 106 103 151 1 1 1 196 106 196 151 186 196 196 46 46 191 93 1 196 151 92 92 138 151 188 47 196 1 1 91 196 91 61 196 196 196 1 196 139 106 196 196 151 92 151 196 1 46 196 196 151 196 46 106 1 151 196 136 184 91 151 91 91 46 46 151 46 196 196 151 196 151 151 106 136 136 46 1 91 151 106 136 91 196 97 151 196 196 46 151 61 181 181 91 91 151 146 181 106 181 46 106 151 
c [Incremental] Max used label: 196.
c [Incremental] Label 196 is removed from searching.
c [Incremental] Solving for max label = 195:
c [Incremental] Solving duration: 325 ms.
s [Incremental] SAT (label = 195).
c [Incremental] Label assignment: 1 1 1 1 1 1 1 1 1 1 1 1 46 1 1 1 1 46 1 1 1 1 1 46 1 1 1 1 1 46 1 1 1 46 91 1 1 46 1 1 91 46 1 1 1 46 1 46 46 1 46 1 1 1 1 1 46 1 46 46 46 46 1 1 1 46 46 91 1 1 1 46 1 46 46 46 91 46 91 91 91 91 1 46 91 46 1 46 46 195 91 150 91 46 46 46 46 46 1 46 46 46 46 91 136 1 91 46 91 1 1 46 91 1 46 91 1 46 46 91 195 46 136 91 136 136 46 46 91 1 46 46 46 1 1 181 91 46 136 46 91 91 105 1 46 195 1 91 46 136 150 150 136 96 91 1 136 150 195 195 150 46 91 1 150 46 1 150 91 150 46 91 195 195 195 105 91 91 181 150 46 46 1 150 1 150 105 150 181 195 91 181 195 143 195 60 150 150 105 181 195 91 195 195 195 46 91 150 1 60 1 150 195 195 105 195 60 91 195 142 136 105 195 150 150 136 91 91 91 136 46 91 46 1 46 150 95 195 136 46 105 46 105 91 195 150 136 195 195 91 141 92 136 195 150 105 91 181 103 181 105 141 150 140 46 105 195 150 46 195 91 60 181 150 91 195 142 91 181 181 195 195 141 150 46 105 195 195 46 46 136 186 195 98 1 46 136 1 1 91 136 93 195 105 150 140 195 1 150 105 91 136 46 46 195 150 105 105 136 104 46 91 46 91 195 46 150 195 195 136 195 1 91 150 195 1 136 150 150 195 150 150 105 103 150 1 1 1 195 105 195 150 186 195 195 46 46 191 93 1 195 150 92 92 138 150 188 47 195 1 1 91 195 91 60 195 195 195 1 195 139 105 195 195 150 92 150 195 1 46 195 195 150 195 46 105 1 150 195 136 184 91 150 91 91 46 46 150 46 195 195 150 195 150 150 105 136 136 46 1 91 150 105 136 91 195 97 150 195 195 46 150 60 181 181 91 91 150 146 181 105 181 46 105 150 
c [Incremental] Max used label: 195.
c [Incremental] Label 195 is removed from searching.
c [Incremental] Solving for max label = 194:
c [Incremental] Solving duration: 320 ms.
s [Incremental] SAT (label = 194).
c [Incremental] Label assignment: 1 1 1 1 1 1 1 1 1 1 1 1 46 1 1 1 1 46 1 1 1 1 1 46 1 1 1 1 1 46 1 1 1 46 91 1 1 46 1 1 91 46 1 1 1 46 1 46 46 1 46 1 1 1 1 1 46 1 46 46 46 46 1 1 1 46 46 91 1 1 1 46 1 46 46 46 91 46 91 91 91 91 1 46 91 46 1 46 46 194 91 149 91 46 46 46 46 46 1 46 46 46 46 91 136 1 91 46 91 1 1 46 91 1 46 91 1 46 46 91 194 46 136 91 136 136 46 46 91 1 46 46 46 1 1 181 91 46 136 46 91 91 104 1 46 194 1 91 46 136 149 149 136 96 91 1 136 149 194 194 149 46 91 1 149 46 1 149 91 149 46 91 194 194 194 104 91 91 181 149 46 46 1 149 1 149 104 149 181 194 91 181 194 143 194 59 149 149 104 181 194 91 194 194 194 46 91 149 1 59 1 149 194 194 104 194 59 91 194 142 136 104 194 149 149 136 91 91 91 136 46 91 46 1 46 149 95 194 136 46 104 46 104 91 194 149 136 194 194 91 141 92 136 194 149 104 91 181 103 181 104 141 149 140 46 104 194 149 46 194 91 59 181 149 91 194 142 91 181 181 194 194 141 149 46 104 194 194 46 46 136 186 194 98 1 46 136 1 1 91 136 93 194 104 149 140 194 1 149 104 91 136 46 46 194 149 104 104 136 104 46 91 46 91 194 46 149 194 194 136 194 1 91 149 194 1 136 149 149 194 149 149 104 103 149 1 1 1 194 104 194 149 186 194 194 46 46 191 93 1 194 149 92 92 138 149 188 47 194 1 1 91 194 91 59 194 194 194 1 194 139 104 194 194 149 92 149 194 1 46 194 194 149 194 46 104 1 149 194 136 184 91 149 91 91 46 46 149 46 194 194 149 194 149 149 104 136 136 46 1 91 149 104 136 91 194 97 149 194 194 46 149 59 181 181 91 91 149 146 181 104 181 46 104 149 
c [Incremental] Max used label: 194.
c [Incremental] Label 194 is removed from searching.
c [Incremental] Solving for max label = 193:
c [Incremental] Solving duration: 324 ms.
s [Incremental] SAT (label = 193).
c [Incremental] Label assignment: 1 1 1 1 1 1 1 1 1 1 1 1 46 1 1 1 1 46 1 1 1 1 1 46 1 1 1 1 1 46 1 1 1 46 91 1 1 46 1 1 91 46 1 1 1 46 1 46 46 1 46 1 1 1 1 1 46 1 46 46 46 46 1 1 1 46 46 91 1 1 1 46 1 46 46 46 91 46 91 91 91 91 1 46 91 46 1 46 46 193 91 148 91 46 46 46 46 46 1 46 46 46 46 91 136 1 91 46 91 1 1 46 91 1 46 91 1 46 46 91 193 46 136 91 136 136 46 46 91 1 46 46 46 1 1 181 91 46 136 46 91 91 103 1 46 193 1 91 46 136 148 148 136 96 91 1 136 148 193 193 148 46 91 1 148 46 1 148 91 148 46 91 193 193 193 103 91 91 181 148 46 46 1 148 1 148 103 148 181 193 91 181 193 143 193 58 148 148 103 181 193 91 193 193 193 46 91 148 1 58 1 148 193 193 103 193 58 91 193 142 136 103 193 148 148 136 91 91 91 136 46 91 46 1 46 148 95 193 136 46 103 46 103 91 193 148 136 193 193 91 141 92 136 193 148 103 91 181 103 181 103 141 148 140 46 103 193 148 46 193 91 58 181 148 91 193 142 91 181 181 193 193 141 148 46 103 193 193 46 46 136 186 193 98 1 46 136 1 1 91 136 93 193 103 148 140 193 1 148 103 91 136 46 46 193 148 103 103 136 103 46 91 46 91 193 46 148 193 193 136 193 1 91 148 193 1 136 148 148 193 148 148 103 103 148 1 1 1 193 103 193 148 186 193 193 46 46 191 93 1 193 148 92 92 138 148 188 47 193 1 1 91 193 91 58 193 193 193 1 193 139 103 193 193 148 92 148 193 1 46 193 193 148 193 46 103 1 148 193 136 184 91 148 91 91 46 46 148 46 193 193 148 193 148 148 103 136 136 46 1 91 148 103 136 91 193 97 148 193 193 46 148 58 181 181 91 91 148 146 181 103 181 46 103 148 
c [Incremental] Max used label: 193.
c [Incremental] Label 193 is removed from searching.
c [Incremental] Solving for max label = 192:
c [Incremental] Solving duration: 329 ms.
s [Incremental] SAT (label = 192).
c [Incremental] Label assignment: 1 1 1 1 1 1 1 1 1 1 1 1 46 1 1 1 1 46 1 1 1 1 1 46 1 1 1 1 1 46 1 1 1 46 91 1 1 46 1 1 91 46 1 1 1 46 1 46 46 1 46 1 1 1 1 1 46 1 46 46 46 46 1 1 1 46 46 91 1 1 1 46 1 46 46 46 91 46 91 91 91 91 1 46 91 46 1 46 46 192 91 147 91 46 46 46 46 46 1 46 46 46 46 91 136 1 91 46 91 1 1 46 91 1 46 91 1 46 46 91 192 46 136 91 136 136 46 46 91 1 46 46 46 1 1 181 91 46 136 46 91 91 102 1 46 192 1 91 46 136 147 147 136 96 91 1 136 147 192 192 147 46 91 1 147 46 1 147 91 147 46 91 192 192 192 102 91 91 181 147 46 46 1 147 1 147 102 147 181 192 91 181 192 143 192 57 147 147 102 181 192 91 192 192 192 46 91 147 1 57 1 147 192 192 102 192 57 91 192 142 136 102 192 147 147 136 91 91 91 136 46 91 46 1 46 147 95 192 136 46 102 46 102 91 192 147 136 192 192 91 141 92 136 192 147 102 91 181 102 181 102 141 147 140 46 102 192 147 46 192 91 57 181 147 91 192 142 91 181 181 192 192 141 147 46 102 192 192 46 46 136 186 192 98 1 46 136 1 1 91 136 93 192 102 147 140 192 1 147 102 91 136 46 46 192 147 102 102 136 102 46 91 46 91 192 46 147 192 192 136 192 1 91 147 192 1 136 147 147 192 147 147 102 103 147 1 1 1 192 102 192 147 186 192 192 46 46 191 93 1 192 147 92 92 138 147 188 47 192 1 1 91 192 91 57 192 192 192 1 192 139 102 192 192 147 92 147 192 1 46 192 192 147 192 46 102 1 147 192 136 184 91 147 91 91 46 46 147 46 192 192 147 192 147 147 102 136 136 46 1 91 147 102 136 91 192 97 147 192 192 46 147 57 181 181 91 91 147 146 181 102 181 46 102 147 
c [Incremental] Max used label: 192.
c [Incremental] Label 192 is removed from searching.
c [Incremental] Solving for max label = 191:
c [Incremental] Solving duration: 330 ms.
s [Incremental] SAT (label = 191).
c [Incremental] Label assignment: 1 1 1 1 1 1 1 1 1 1 1 1 46 1 1 1 1 46 1 1 1 1 1 46 1 1 1 1 1 46 1 1 1 46 91 1 1 46 1 1 91 46 1 1 1 46 1 46 46 1 46 1 1 1 1 1 46 1 46 46 46 46 1 1 1 46 46 91 1 1 1 46 1 46 46 46 91 46 91 91 91 91 1 46 91 46 1 46 46 191 91 146 91 46 46 46 46 46 1 46 46 46 46 91 136 1 91 46 91 1 1 46 91 1 46 91 1 46 46 91 191 46 136 91 136 136 46 46 91 1 46 46 46 1 1 181 91 46 136 46 91 91 101 1 46 191 1 91 46 136 146 146 136 96 91 1 136 146 191 191 146 46 91 1 146 46 1 146 91 146 46 91 191 191 191 101 91 91 181 146 46 46 1 146 1 146 101 146 181 191 91 181 191 143 191 56 146 146 101 181 191 91 191 191 191 46 91 146 1 56 1 146 191 191 101 191 56 91 191 142 136 101 191 146 146 136 91 91 91 136 46 91 46 1 46 146 95 191 136 46 101 46 101 91 191 146 136 191 191 91 141 92 136 191 146 101 91 181 101 181 101 141 146 140 46 101 191 146 46 191 91 56 181 146 91 191 142 91 181 181 191 191 141 146 46 101 191 191 46 46 136 186 191 98 1 46 136 1 1 91 136 93 191 101 146 140 191 1 146 101 91 136 46 46 191 146 101 101 136 101 46 91 46 91 191 46 146 191 191 136 191 1 91 146 191 1 136 146 146 191 146 146 101 103 146 1 1 1 191 101 191 146 186 191 191 46 46 191 93 1 191 146 92 92 138 146 188 47 191 1 1 91 191 91 56 191 191 191 1 191 139 101 191 191 146 92 146 191 1 46 191 191 146 191 46 101 1 146 191 136 184 91 146 91 91 46 46 146 46 191 191 146 191 146 146 101 136 136 46 1 91 146 101 136 91 191 97 146 191 191 46 146 56 181 181 91 91 146 146 181 101 181 46 101 146 
c [Incremental] Max used label: 191.
c [Incremental] Label 191 is removed from searching.
c [Incremental] Solving for max label = 190:
c [Incremental] Solving duration: 329 ms.
s [Incremental] SAT (label = 190).
c [Incremental] Label assignment: 1 1 1 1 1 1 1 1 1 1 1 1 46 1 1 1 1 46 1 1 1 1 1 46 1 1 1 1 1 46 1 1 1 46 91 1 1 46 1 1 91 46 1 1 1 46 1 46 46 1 46 1 1 1 1 1 46 1 46 46 46 46 1 1 1 46 46 91 1 1 1 46 1 46 46 46 91 46 91 91 91 91 1 46 91 46 1 46 46 190 91 145 91 46 46 46 46 46 1 46 46 46 46 91 136 1 91 46 91 1 1 46 91 1 46 91 1 46 46 91 190 46 136 91 136 136 46 46 91 1 46 46 46 1 1 181 91 46 136 46 91 91 100 1 46 190 1 91 46 136 145 145 136 96 91 1 136 145 190 190 145 46 91 1 145 46 1 145 91 145 46 91 190 190 190 100 91 91 181 145 46 46 1 145 1 145 100 145 181 190 91 181 190 143 190 55 145 145 100 181 190 91 190 190 190 46 91 145 1 55 1 145 190 190 100 190 55 91 190 142 136 100 190 145 145 136 91 91 91 136 46 91 46 1 46 145 95 190 136 46 100 46 100 91 190 145 136 190 190 91 141 92 136 190 145 100 91 181 100 181 100 141 145 140 46 100 190 145 46 190 91 55 181 145 91 190 142 91 181 181 190 190 141 145 46 100 190 190 46 46 136 186 190 98 1 46 136 1 1 91 136 93 190 100 145 140 190 1 145 100 91 136 46 46 190 145 100 100 136 100 46 91 46 91 190 46 145 190 190 136 190 1 91 145 190 1 136 145 145 190 145 145 100 103 145 1 1 1 190 100 190 145 186 190 190 46 46 190 93 1 190 145 92 92 138 145 188 47 190 1 1 91 190 91 55 190 190 190 1 190 139 100 190 190 145 92 145 190 1 46 190 190 145 190 46 100 1 145 190 136 184 91 145 91 91 46 46 145 46 190 190 145 190 145 145 100 136 136 46 1 91 145 100 136 91 190 97 145 190 190 46 145 55 181 181 91 91 145 145 181 100 181 46 100 145 
c [Incremental] Max used label: 190.
c [Incremental] Label 190 is removed from searching.
c [Incremental] Solving for max label = 189:
c [Incremental] Solving duration: 329 ms.
s [Incremental] SAT (label = 189).
c [Incremental] Label assignment: 1 1 1 1 1 1 1 1 1 1 1 1 46 1 1 1 1 46 1 1 1 1 1 46 1 1 1 1 1 46 1 1 1 46 91 1 1 46 1 1 91 46 1 1 1 46 1 46 46 1 46 1 1 1 1 1 46 1 46 46 46 46 1 1 1 46 46 91 1 1 1 46 1 46 46 46 91 46 91 91 91 91 1 46 91 46 1 46 46 189 91 144 91 46 46 46 46 46 1 46 46 46 46 91 136 1 91 46 91 1 1 46 91 1 46 91 1 46 46 91 189 46 136 91 136 136 46 46 91 1 46 46 46 1 1 181 91 46 136 46 91 91 99 1 46 189 1 91 46 136 144 144 136 96 91 1 136 144 189 189 144 46 91 1 144 46 1 144 91 144 46 91 189 189 189 99 91 91 181 144 46 46 1 144 1 144 99 144 181 189 91 181 189 143 189 54 144 144 99 181 189 91 189 189 189 46 91 144 1 54 1 144 189 189 99 189 54 91 189 142 136 99 189 144 144 136 91 91 91 136 46 91 46 1 46 144 95 189 136 46 99 46 99 91 189 144 136 189 189 91 141 92 136 189 144 99 91 181 99 181 99 141 144 140 46 99 189 144 46 189 91 54 181 144 91 189 142 91 181 181 189 189 141 144 46 99 189 189 46 46 136 186 189 98 1 46 136 1 1 91 136 93 189 99 144 140 189 1 144 99 91 136 46 46 189 144 99 99 136 99 46 91 46 91 189 46 144 189 189 136 189 1 91 144 189 1 136 144 144 189 144 144 99 103 144 1 1 1 189 99 189 144 186 189 189 46 46 189 93 1 189 144 92 92 138 144 188 47 189 1 1 91 189 91 54 189 189 189 1 189 139 99 189 189 144 92 144 189 1 46 189 189 144 189 46 99 1 144 189 136 184 91 144 91 91 46 46 144 46 189 189 144 189 144 144 99 136 136 46 1 91 144 99 136 91 189 97 144 189 189 46 144 54 181 181 91 91 144 144 181 99 181 46 99 144 
c [Incremental] Max used label: 189.
c [Incremental] Label 189 is removed from searching.
c [Incremental] Solving for max label = 188:
c [Incremental] Solving duration: 329 ms.
s [Incremental] SAT (label = 188).
c [Incremental] Label assignment: 1 1 1 1 1 1 1 1 1 1 1 1 46 1 1 1 1 46 1 1 1 1 1 46 1 1 1 1 1 46 1 1 1 46 91 1 1 46 1 1 91 46 1 1 1 46 1 46 46 1 46 1 1 1 1 1 46 1 46 46 46 46 1 1 1 46 46 91 1 1 1 46 1 46 46 46 91 46 91 91 91 91 1 46 91 46 1 46 46 188 91 143 91 46 46 46 46 46 1 46 46 46 46 91 136 1 91 46 91 1 1 46 91 1 46 91 1 46 46 91 188 46 136 91 136 136 46 46 91 1 46 46 46 1 1 181 91 46 136 46 91 91 98 1 46 188 1 91 46 136 143 143 136 96 91 1 136 143 188 188 143 46 91 1 143 46 1 143 91 143 46 91 188 188 188 98 91 91 181 143 46 46 1 143 1 143 98 143 181 188 91 181 188 143 188 53 143 143 98 181 188 91 188 188 188 46 91 143 1 53 1 143 188 188 98 188 53 91 188 142 136 98 188 143 143 136 91 91 91 136 46 91 46 1 46 143 95 188 136 46 98 46 98 91 188 143 136 188 188 91 141 92 136 188 143 98 91 181 98 181 98 141 143 140 46 98 188 143 46 188 91 53 181 143 91 188 142 91 181 181 188 188 141 143 46 98 188 188 46 46 136 186 188 98 1 46 136 1 1 91 136 93 188 98 143 140 188 1 143 98 91 136 46 46 188 143 98 98 136 98 46 91 46 91 188 46 143 188 188 136 188 1 91 143 188 1 136 143 143 188 143 143 98 103 143 1 1 1 188 98 188 143 186 188 188 46 46 188 93 1 188 143 92 92 138 143 188 47 188 1 1 91 188 91 53 188 188 188 1 188 139 98 188 188 143 92 143 188 1 46 188 188 143 188 46 98 1 143 188 136 184 91 143 91 91 46 46 143 46 188 188 143 188 143 143 98 136 136 46 1 91 143 98 136 91 188 97 143 188 188 46 143 53 181 181 91 91 143 143 181 98 181 46 98 143 
c [Incremental] Max used label: 188.
c [Incremental] Label 188 is removed from searching.
c [Incremental] Solving for max label = 187:
c [Incremental] Solving duration: 341 ms.
s [Incremental] SAT (label = 187).
c [Incremental] Label assignment: 1 1 1 1 1 1 1 1 1 1 1 1 46 1 1 1 1 46 1 1 1 1 1 46 1 1 1 1 1 46 1 1 1 46 91 1 1 46 1 1 91 46 1 1 1 46 1 46 46 1 46 1 1 1 1 1 46 1 46 46 46 46 1 1 1 46 46 91 1 1 1 46 1 46 46 46 91 46 91 91 91 91 1 46 91 46 1 46 46 187 91 142 91 46 46 46 46 46 1 46 46 46 46 91 136 1 91 46 91 1 1 46 91 1 46 91 1 46 46 91 187 46 136 91 136 136 46 46 91 1 46 46 46 1 1 181 91 46 136 46 91 91 97 1 46 187 1 91 46 136 142 142 136 96 91 1 136 142 187 187 142 46 91 1 142 46 1 142 91 142 46 91 187 187 187 97 91 91 181 142 46 46 1 142 1 142 97 142 181 187 91 181 187 142 187 52 142 142 97 181 187 91 187 187 187 46 91 142 1 52 1 142 187 187 97 187 52 91 187 142 136 97 187 142 142 136 91 91 91 136 46 91 46 1 46 142 95 187 136 46 97 46 97 91 187 142 136 187 187 91 141 92 136 187 142 97 91 181 97 181 97 141 142 140 46 97 187 142 46 187 91 52 181 142 91 187 142 91 181 181 187 187 141 142 46 97 187 187 46 46 136 186 187 97 1 46 136 1 1 91 136 93 187 97 142 140 187 1 142 97 91 136 46 46 187 142 97 97 136 97 46 91 46 91 187 46 142 187 187 136 187 1 91 142 187 1 136 142 142 187 142 142 97 103 142 1 1 1 187 97 187 142 186 187 187 46 46 187 93 1 187 142 92 92 138 142 187 47 187 1 1 91 187 91 52 187 187 187 1 187 139 97 187 187 142 92 142 187 1 46 187 187 142 187 46 97 1 142 187 136 184 91 142 91 91 46 46 142 46 187 187 142 187 142 142 97 136 136 46 1 91 142 97 136 91 187 97 142 187 187 46 142 52 181 181 91 91 142 142 181 97 181 46 97 142 
c [Incremental] Max used label: 187.
c [Incremental] Label 187 is removed from searching.
c [Incremental] Solving for max label = 186:
c [Incremental] Solving duration: 334 ms.
s [Incremental] SAT (label = 186).
c [Incremental] Label assignment: 1 1 1 1 1 1 1 1 1 1 1 1 46 1 1 1 1 46 1 1 1 1 1 46 1 1 1 1 1 46 1 1 1 46 91 1 1 46 1 1 91 46 1 1 1 46 1 46 46 1 46 1 1 1 1 1 46 1 46 46 46 46 1 1 1 46 46 91 1 1 1 46 1 46 46 46 91 46 91 91 91 91 1 46 91 46 1 46 46 186 91 141 91 46 46 46 46 46 1 46 46 46 46 91 136 1 91 46 91 1 1 46 91 1 46 91 1 46 46 91 186 46 136 91 136 136 46 46 91 1 46 46 46 1 1 181 91 46 136 46 91 91 96 1 46 186 1 91 46 136 141 141 136 96 91 1 136 141 186 186 141 46 91 1 141 46 1 141 91 141 46 91 186 186 186 96 91 91 181 141 46 46 1 141 1 141 96 141 181 186 91 181 186 141 186 51 141 141 96 181 186 91 186 186 186 46 91 141 1 51 1 141 186 186 96 186 51 91 186 141 136 96 186 141 141 136 91 91 91 136 46 91 46 1 46 141 95 186 136 46 96 46 96 91 186 141 136 186 186 91 141 92 136 186 141 96 91 181 96 181 96 141 141 140 46 96 186 141 46 186 91 51 181 141 91 186 141 91 181 181 186 186 141 141 46 96 186 186 46 46 136 186 186 96 1 46 136 1 1 91 136 93 186 96 141 140 186 1 141 96 91 136 46 46 186 141 96 96 136 96 46 91 46 91 186 46 141 186 186 136 186 1 91 141 186 1 136 141 141 186 141 141 96 103 141 1 1 1 186 96 186 141 186 186 186 46 46 186 93 1 186 141 92 92 138 141 186 47 186 1 1 91 186 91 51 186 186 186 1 186 139 96 186 186 141 92 141 186 1 46 186 186 141 186 46 96 1 141 186 136 184 91 141 91 91 46 46 141 46 186 186 141 186 141 141 96 136 136 46 1 91 141 96 136 91 186 96 141 186 186 46 141 51 181 181 91 91 141 141 181 96 181 46 96 141 
c [Incremental] Max used label: 186.
c [Incremental] Label 186 is removed from searching.
c [Incremental] Solving for max label = 185:
c [Incremental] Solving duration: 335 ms.
s [Incremental] SAT (label = 185).
c [Incremental] Label assignment: 1 1 1 1 1 1 1 1 1 1 1 1 46 1 1 1 1 46 1 1 1 1 1 46 1 1 1 1 1 46 1 1 1 46 91 1 1 46 1 1 91 46 1 1 1 46 1 46 46 1 46 1 1 1 1 1 46 1 46 46 46 46 1 1 1 46 46 91 1 1 1 46 1 46 46 46 91 46 91 91 91 91 1 46 91 46 1 46 46 185 91 140 91 46 46 46 46 46 1 46 46 46 46 91 136 1 91 46 91 1 1 46 91 1 46 91 1 46 46 91 185 46 136 91 136 136 46 46 91 1 46 46 46 1 1 181 91 46 136 46 91 91 95 1 46 185 1 91 46 136 140 140 136 95 91 1 136 140 185 185 140 46 91 1 140 46 1 140 91 140 46 91 185 185 185 95 91 91 181 140 46 46 1 140 1 140 95 140 181 185 91 181 185 140 185 50 140 140 95 181 185 91 185 185 185 46 91 140 1 50 1 140 185 185 95 185 50 91 185 140 136 95 185 140 140 136 91 91 91 136 46 91 46 1 46 140 95 185 136 46 95 46 95 91 185 140 136 185 185 91 140 92 136 185 140 95 91 181 95 181 95 140 140 140 46 95 185 140 46 185 91 50 181 140 91 185 140 91 181 181 185 185 140 140 46 95 185 185 46 46 136 185 185 95 1 46 136 1 1 91 136 93 185 95 140 140 185 1 140 95 91 136 46 46 185 140 95 95 136 95 46 91 46 91 185 46 140 185 185 136 185 1 91 140 185 1 136 140 140 185 140 140 95 103 140 1 1 1 185 95 185 140 185 185 185 46 46 185 93 1 185 140 92 92 138 140 185 47 185 1 1 91 185 91 50 185 185 185 1 185 139 95 185 185 140 92 140 185 1 46 185 185 140 185 46 95 1 140 185 136 184 91 140 91 91 46 46 140 46 185 185 140 185 140 140 95 136 136 46 1 91 140 95 136 91 185 95 140 185 185 46 140 50 181 181 91 91 140 140 181 95 181 46 95 140 
c [Incremental] Max used label: 185.
c [Incremental] Label 185 is removed from searching.
c [Incremental] Solving for max label = 184:
c [Incremental] Solving duration: 335 ms.
s [Incremental] SAT (label = 184).
c [Incremental] Label assignment: 1 1 1 1 1 1 1 1 1 1 1 1 46 1 1 1 1 46 1 1 1 1 1 46 1 1 1 1 1 46 1 1 1 46 91 1 1 46 1 1 91 46 1 1 1 46 1 46 46 1 46 1 1 1 1 1 46 1 46 46 46 46 1 1 1 46 46 91 1 1 1 46 1 46 46 46 91 46 91 91 91 91 1 46 91 46 1 46 46 184 91 139 91 46 46 46 46 46 1 46 46 46 46 91 136 1 91 46 91 1 1 46 91 1 46 91 1 46 46 91 184 46 136 91 136 136 46 46 91 1 46 46 46 1 1 181 91 46 136 46 91 91 94 1 46 184 1 91 46 136 139 139 136 94 91 1 136 139 184 184 139 46 91 1 139 46 1 139 91 139 46 91 184 184 184 94 91 91 181 139 46 46 1 139 1 139 94 139 181 184 91 181 184 139 184 49 139 139 94 181 184 91 184 184 184 46 91 139 1 49 1 139 184 184 94 184 49 91 184 139 136 94 184 139 139 136 91 91 91 136 46 91 46 1 46 139 94 184 136 46 94 46 94 91 184 139 136 184 184 91 139 92 136 184 139 94 91 181 94 181 94 139 139 139 46 94 184 139 46 184 91 49 181 139 91 184 139 91 181 181 184 184 139 139 46 94 184 184 46 46 136 184 184 94 1 46 136 1 1 91 136 93 184 94 139 139 184 1 139 94 91 136 46 46 184 139 94 94 136 94 46 91 46 91 184 46 139 184 184 136 184 1 91 139 184 1 136 139 139 184 139 139 94 103 139 1 1 1 184 94 184 139 184 184 184 46 46 184 93 1 184 139 92 92 138 139 184 47 184 1 1 91 184 91 49 184 184 184 1 184 139 94 184 184 139 92 139 184 1 46 184 184 139 184 46 94 1 139 184 136 184 91 139 91 91 46 46 139 46 184 184 139 184 139 139 94 136 136 46 1 91 139 94 136 91 184 94 139 184 184 46 139 49 181 181 91 91 139 139 181 94 181 46 94 139 
c [Incremental] Max used label: 184.
c [Incremental] Label 184 is removed from searching.
c [Incremental] Solving for max label = 183:
c [Incremental] Solving duration: 335 ms.
s [Incremental] SAT (label = 183).
c [Incremental] Label assignment: 1 1 1 1 1 1 1 1 1 1 1 1 46 1 1 1 1 46 1 1 1 1 1 46 1 1 1 1 1 46 1 1 1 46 91 1 1 46 1 1 91 46 1 1 1 46 1 46 46 1 46 1 1 1 1 1 46 1 46 46 46 46 1 1 1 46 46 91 1 1 1 46 1 46 46 46 91 46 91 91 91 91 1 46 91 46 1 46 46 183 91 138 91 46 46 46 46 46 1 46 46 46 46 91 136 1 91 46 91 1 1 46 91 1 46 91 1 46 46 91 183 46 136 91 136 136 46 46 91 1 46 46 46 1 1 181 91 46 136 46 91 91 93 1 46 183 1 91 46 136 138 138 136 93 91 1 136 138 183 183 138 46 91 1 138 46 1 138 91 138 46 91 183 183 183 93 91 91 181 138 46 46 1 138 1 138 93 138 181 183 91 181 183 138 183 48 138 138 93 181 183 91 183 183 183 46 91 138 1 48 1 138 183 183 93 183 48 91 183 138 136 93 183 138 138 136 91 91 91 136 46 91 46 1 46 138 93 183 136 46 93 46 93 91 183 138 136 183 183 91 138 92 136 183 138 93 91 181 93 181 93 138 138 138 46 93 183 138 46 183 91 48 181 138 91 183 138 91 181 181 183 183 138 138 46 93 183 183 46 46 136 183 183 93 1 46 136 1 1 91 136 93 183 93 138 138 183 1 138 93 91 136 46 46 183 138 93 93 136 93 46 91 46 91 183 46 138 183 183 136 183 1 91 138 183 1 136 138 138 183 138 138 93 103 138 1 1 1 183 93 183 138 183 183 183 46 46 183 93 1 183 138 92 92 138 138 183 47 183 1 1 91 183 91 48 183 183 183 1 183 138 93 183 183 138 92 138 183 1 46 183 183 138 183 46 93 1 138 183 136 183 91 138 91 91 46 46 138 46 183 183 138 183 138 138 93 136 136 46 1 91 138 93 136 91 183 93 138 183 183 46 138 48 181 181 91 91 138 138 181 93 181 46 93 138 
c [Incremental] Max used label: 183.
c [Incremental] Label 183 is removed from searching.
c [Incremental] Solving for max label = 182:
c [Incremental] Solving duration: 335 ms.
s [Incremental] SAT (label = 182).
c [Incremental] Label assignment: 1 1 1 1 1 1 1 1 1 1 1 1 46 1 1 1 1 46 1 1 1 1 1 46 1 1 1 1 1 46 1 1 1 46 91 1 1 46 1 1 91 46 1 1 1 46 1 46 46 1 46 1 1 1 1 1 46 1 46 46 46 46 1 1 1 46 46 91 1 1 1 46 1 46 46 46 91 46 91 91 91 91 1 46 91 46 1 46 46 182 91 137 91 46 46 46 46 46 1 46 46 46 46 91 136 1 91 46 91 1 1 46 91 1 46 91 1 46 46 91 182 46 136 91 136 136 46 46 91 1 46 46 46 1 1 181 91 46 136 46 91 91 92 1 46 182 1 91 46 136 137 137 136 92 91 1 136 137 182 182 137 46 91 1 137 46 1 137 91 137 46 91 182 182 182 92 91 91 181 137 46 46 1 137 1 137 92 137 181 182 91 181 182 137 182 47 137 137 92 181 182 91 182 182 182 46 91 137 1 47 1 137 182 182 92 182 47 91 182 137 136 92 182 137 137 136 91 91 91 136 46 91 46 1 46 137 92 182 136 46 92 46 92 91 182 137 136 182 182 91 137 92 136 182 137 92 91 181 92 181 92 137 137 137 46 92 182 137 46 182 91 47 181 137 91 182 137 91 181 181 182 182 137 137 46 92 182 182 46 46 136 182 182 92 1 46 136 1 1 91 136 92 182 92 137 137 182 1 137 92 91 136 46 46 182 137 92 92 136 92 46 91 46 91 182 46 137 182 182 136 182 1 91 137 182 1 136 137 137 182 137 137 92 103 137 1 1 1 182 92 182 137 182 182 182 46 46 182 92 1 182 137 92 92 137 137 182 47 182 1 1 91 182 91 47 182 182 182 1 182 137 92 182 182 137 92 137 182 1 46 182 182 137 182 46 92 1 137 182 136 182 91 137 91 91 46 46 137 46 182 182 137 182 137 137 92 136 136 46 1 91 137 92 136 91 182 92 137 182 182 46 137 47 181 181 91 91 137 137 181 92 181 46 92 137 
c [Incremental] Max used label: 182.
c [Incremental] Label 182 is removed from searching.
c [Incremental] Solving for max label = 181:
c [Incremental] Solving duration: 289 ms.
s [Incremental] SAT (label = 181).
c [Incremental] Label assignment: 1 1 1 1 1 1 1 1 1 1 1 1 46 1 1 1 1 46 1 1 1 1 1 46 1 1 1 1 1 46 1 1 1 46 91 1 1 46 1 1 91 46 1 1 1 46 1 46 46 1 46 1 1 1 1 1 46 1 46 46 46 46 1 1 1 46 46 91 1 1 1 46 1 46 46 46 91 46 91 91 91 91 1 46 91 46 1 46 46 181 91 136 91 46 46 46 46 46 1 46 46 46 46 91 136 1 91 46 91 1 1 46 91 1 46 91 1 46 46 91 181 46 136 91 136 136 46 46 91 1 46 46 46 1 1 181 91 46 136 46 91 91 91 1 46 181 1 91 46 136 136 136 136 91 91 1 136 136 181 181 136 46 91 1 136 46 1 136 91 136 46 91 181 181 181 91 91 91 181 136 46 46 1 136 1 136 91 136 181 181 91 181 181 136 181 46 136 136 91 181 181 91 181 181 181 46 91 136 1 46 1 136 181 181 91 181 46 91 181 136 136 91 181 136 136 136 91 91 91 136 46 91 46 1 46 136 91 181 136 46 91 46 91 91 181 136 136 181 181 91 136 91 136 181 136 91 91 181 91 181 91 136 136 136 46 91 181 136 46 181 91 46 181 136 91 181 136 91 181 181 181 181 136 136 46 91 181 181 46 46 136 181 181 91 1 46 136 1 1 91 136 91 181 91 136 136 181 1 136 91 91 136 46 46 181 136 91 91 136 91 46 91 46 91 181 46 136 181 181 136 181 1 91 136 181 1 136 136 136 181 136 136 91 103 136 1 1 1 181 91 181 136 181 181 181 46 46 181 91 1 181 136 91 91 136 136 181 46 181 1 1 91 181 91 46 181 181 181 1 181 136 91 181 181 136 91 136 181 1 46 181 181 136 181 46 91 1 136 181 136 181 91 136 91 91 46 46 136 46 181 181 136 181 136 136 91 136 136 46 1 91 136 91 136 91 181 91 136 181 181 46 136 46 181 181 91 91 136 136 181 91 181 46 91 136 
c [Incremental] Max used label: 181.
c [Incremental] Label 181 is removed from searching.
c [Incremental] Solving for max label = 180:
c [Incremental] Solving duration: 994 ms.
s [Incremental] UNSAT (label = 180).
c [Signal] Signal interruption. Caught signal: SIGTERM (15).
c [Main] Work pid ends with result: 0.
r [Main] 
r [Main] Final results: 
r [Main] Total real time: 21780 ms.
r [Main] Total memory consumed: 539.1 MB.
r [Main] 
