c [Version] Minimize Makespan Labeling Encoder version 1.0.0.
c [Param] LB is predefined as 171.
c [Param] UB is predefined as 857.
c [Param] Memory limit is set to 30000.
c [Param] Real time limit is set to 1800.
c [Main] Search strategy: Incremental from upper bound.
c [Main] Encoding and solving for graph: W-685_bus.mtx.rnd.
c [Incremental] Minimize Makespan Labeling Antibandwidth problem (W-685_bus.mtx.rnd):
c [Incremental] Encoding starts with target value = 170:
c [Incremental] Encoding duration: 9007ms.
c [Incremental] Number of clauses: 9010780.
c [Incremental] Number of variables: 1717714.
c [Incremental] Solving for max label = 857:
c [Incremental] Solving duration: 292880 ms.
s [Incremental] SAT (label = 857).
Label assignment: 724 411 453 222 748 608 173 752 266 329 590 433 578 267 623 807 324 305 548 586 103 179 253 162 157 460 753 454 1 483 503 576 664 600 522 804 416 755 168 306 661 704 250 595 154 238 450 426 520 339 325 572 521 13 14 366 120 498 163 506 397 291 156 255 254 560 642 653 301 2 797 445 684 127 364 461 228 271 388 152 823 544 221 79 121 190 424 819 689 851 618 451 423 318 741 494 361 622 542 631 356 577 44 355 155 798 363 585 635 86 229 304 829 290 545 481 464 654 831 434 415 818 669 735 93 455 313 561 510 824 452 344 581 4 854 840 430 332 177 768 625 370 518 856 849 699 273 410 478 591 671 785 588 766 587 509 158 69 820 421 315 82 636 268 308 178 311 303 583 202 739 252 758 790 167 422 298 681 317 702 218 793 282 165 284 501 703 420 237 357 775 446 164 270 459 409 683 412 616 691 754 159 309 795 783 701 781 838 7 359 8 813 644 192 407 414 645 196 373 274 334 620 690 593 239 336 808 801 269 147 299 381 24 579 764 687 624 602 700 786 371 211 826 286 812 811 235 611 810 658 800 694 676 398 277 470 632 316 628 256 546 480 817 262 814 722 601 550 788 40 551 692 523 504 300 214 288 809 792 200 589 350 219 330 524 762 413 310 217 740 210 449 160 656 20 340 514 204 500 584 175 394 511 543 251 559 475 293 606 149 646 351 438 76 22 806 289 679 666 456 484 50 17 279 554 847 323 853 443 733 16 166 174 615 553 685 6 465 697 138 146 281 607 140 672 220 23 686 678 556 723 515 472 15 558 487 143 402 531 227 374 473 557 643 399 226 230 28 698 360 296 596 630 738 319 549 12 852 419 232 292 743 161 134 362 582 261 639 822 772 463 297 368 693 744 830 294 532 663 857 641 72 341 833 638 191 609 594 763 737 675 468 338 3 326 784 71 172 216 627 30 680 837 151 390 187 573 285 760 787 776 746 566 821 773 386 647 604 649 629 307 312 352 153 696 248 128 139 244 21 563 328 396 125 189 667 141 720 45 458 794 169 348 113 765 98 695 431 437 18 347 81 142 517 721 774 129 102 100 354 719 665 496 659 375 380 828 633 400 805 346 233 234 130 789 799 280 670 393 571 843 640 131 84 660 135 124 652 574 83 123 529 791 767 440 599 490 469 705 803 320 707 150 392 89 742 418 425 43 39 180 771 710 145 95 610 66 417 385 570 75 626 436 231 603 87 844 779 841 225 836 688 562 444 759 61 56 712 825 725 555 148 717 118 650 321 597 485 612 528 541 349 539 769 568 714 137 815 538 491 276 580 598 197 855 488 750 850 706 42 711 114 19 64 78 119 327 621 569 295 682 619 80 188 144 713 535 9 592 36 493 38 536 575 184 246 243 749 97 133 734 565 126 617 171 728 782 372 745 387 552 796 835 547 378 272 715 247 35 614 117 834 245 780 716 377 242 708 540 827 564 112 778 136 605 657 761 404 729 287 260 58 122 537 534 37 54 55 462 848 777 116 567 382 709 215 170 816 379 756 732 727 668 5 842 
c [Incremental] Max used label: 857.
c [Incremental] Label 857 is removed from searching.
c [Incremental] Solving for max label = 856:
c [Incremental] Solving duration: 2838 ms.
s [Incremental] SAT (label = 856).
Label assignment: 724 411 453 454 752 608 266 291 405 329 590 433 578 267 623 807 324 305 548 586 103 179 253 162 157 460 753 483 1 263 503 576 664 163 522 290 416 748 168 306 661 755 250 595 154 238 450 426 520 339 804 572 521 13 14 366 120 498 222 506 397 301 156 255 254 560 642 653 228 2 797 445 684 127 364 461 4 271 388 152 823 544 221 79 121 275 424 190 689 851 618 451 423 318 741 494 361 622 542 631 356 577 44 355 155 798 363 585 635 86 229 304 819 132 545 481 464 654 818 434 415 704 669 735 93 455 313 561 510 829 452 831 824 581 854 840 430 332 173 768 625 370 518 317 338 699 273 410 478 591 849 785 588 766 587 509 158 69 820 421 315 82 636 258 178 422 311 303 583 202 739 252 758 790 167 7 298 681 308 702 218 793 282 165 284 501 703 420 237 357 775 446 164 270 459 409 683 412 616 691 754 159 309 795 783 701 781 838 192 359 8 813 644 170 407 414 645 196 373 274 334 620 690 593 239 336 808 801 269 147 299 381 24 579 764 514 624 602 700 786 371 211 826 286 812 811 235 611 810 658 800 694 676 268 81 470 632 316 628 256 546 480 817 262 814 722 601 550 682 40 551 692 523 504 300 214 288 809 792 200 589 350 219 330 524 762 413 310 217 740 210 449 160 656 169 340 20 204 500 584 175 394 511 543 251 559 475 149 606 293 646 351 438 76 22 806 289 679 666 456 484 50 193 279 554 429 323 853 443 733 16 166 174 615 553 685 194 465 770 138 123 281 607 17 672 220 23 688 678 556 723 515 472 374 558 487 143 402 531 227 146 473 557 643 399 226 230 28 698 360 296 596 630 738 319 549 12 852 419 743 292 206 822 134 362 582 261 639 18 772 463 297 368 693 744 830 294 532 663 344 641 72 341 833 638 191 609 594 763 737 675 468 216 3 335 784 71 172 114 627 30 680 837 151 390 187 573 285 760 787 776 746 566 821 794 386 647 604 649 629 307 312 352 153 696 248 128 139 244 21 563 328 396 125 189 667 141 720 45 458 15 161 348 113 765 98 695 431 437 105 686 89 142 856 773 774 129 102 100 354 719 665 496 659 375 380 828 633 400 805 346 233 234 130 789 799 280 670 393 58 843 640 131 84 771 135 124 652 574 83 108 529 791 767 440 599 597 469 705 803 320 707 150 392 31 751 418 855 43 39 180 742 710 145 95 610 46 417 385 570 75 626 436 231 603 87 844 779 841 225 836 697 562 444 759 61 56 712 825 721 555 148 717 118 650 321 106 485 612 528 541 349 539 769 568 714 137 815 538 491 203 580 598 197 42 488 750 850 706 33 111 107 442 64 78 119 327 621 569 295 713 619 80 188 144 726 535 9 592 36 493 38 536 575 184 246 243 749 97 133 734 565 126 617 171 728 782 372 745 387 552 796 835 547 378 272 715 247 35 614 117 834 245 780 716 377 242 708 540 827 564 112 778 136 605 657 761 404 729 287 260 37 122 537 534 533 54 55 462 848 777 384 567 382 655 215 725 816 379 756 732 727 668 5 842 
c [Incremental] Max used label: 856.
c [Incremental] Label 856 is removed from searching.
c [Incremental] Solving for max label = 855:
c [Incremental] Solving duration: 1774 ms.
s [Incremental] SAT (label = 855).
Label assignment: 724 411 453 454 752 608 266 291 405 329 590 433 578 267 623 807 324 305 548 586 103 179 253 162 157 460 753 483 1 263 503 576 664 163 522 290 416 748 168 306 661 755 250 595 154 238 450 426 520 339 804 572 521 13 14 366 120 498 222 506 397 301 156 255 254 560 642 653 228 2 797 445 684 127 364 461 4 271 388 152 823 544 221 79 424 275 448 190 689 851 618 451 423 318 741 494 361 622 542 631 356 577 44 355 155 798 363 585 635 86 229 304 819 132 545 481 464 654 818 434 415 704 669 735 93 455 313 561 510 829 452 831 824 581 223 177 430 332 173 840 625 370 518 317 338 699 273 410 478 591 849 785 588 766 587 509 158 69 820 421 315 82 636 258 178 422 311 303 583 202 739 252 758 790 167 7 298 681 308 702 218 793 282 165 284 501 703 420 237 357 775 446 164 270 459 409 683 412 616 691 754 159 309 795 783 701 781 838 192 359 8 813 644 170 407 414 645 196 373 274 334 620 690 593 239 336 808 801 269 147 299 381 24 579 764 514 624 602 700 786 371 211 826 286 812 811 235 611 810 658 800 694 676 268 81 470 632 316 628 256 546 480 817 262 814 722 601 550 682 40 551 692 523 504 300 768 288 809 792 200 589 350 219 330 524 762 413 310 217 740 210 449 160 656 169 340 20 204 500 584 175 394 511 543 251 559 475 149 606 351 646 343 438 76 22 806 289 679 666 456 484 50 193 279 554 429 323 853 443 733 16 166 174 615 553 293 194 465 770 138 123 281 607 17 672 220 23 688 678 556 723 515 472 374 558 487 143 402 531 227 146 473 557 643 399 226 230 28 698 360 296 596 630 738 319 549 12 852 419 743 292 206 822 134 362 582 261 639 18 772 463 297 368 693 744 830 294 532 663 344 641 72 341 833 638 191 609 594 763 784 675 468 216 3 335 737 71 172 114 627 30 680 837 151 390 187 573 285 760 787 776 746 566 821 794 386 647 604 649 629 307 312 352 153 696 248 128 139 244 21 563 328 396 125 189 667 141 720 45 458 15 161 348 113 765 98 695 431 437 105 685 89 142 855 773 774 129 102 100 354 719 665 496 659 375 380 828 633 400 805 346 233 234 130 789 799 280 670 393 58 843 640 131 84 771 135 124 652 574 83 108 529 791 767 440 599 597 469 705 803 320 707 150 392 31 751 418 854 43 39 180 742 710 145 95 66 46 417 385 570 75 626 436 231 603 87 844 779 841 225 836 697 562 444 759 61 56 712 825 721 610 148 717 118 555 321 106 485 612 528 541 349 539 769 568 714 137 815 538 491 203 580 598 197 42 488 750 850 706 33 111 107 442 64 78 119 327 621 569 295 713 619 80 188 144 726 535 9 592 36 493 38 536 575 184 246 243 749 97 133 734 565 126 617 171 728 782 372 745 387 552 796 835 547 378 272 715 247 35 614 117 834 245 780 716 377 242 708 540 827 564 112 778 136 605 657 761 404 729 287 260 37 122 537 534 533 54 55 462 848 777 384 567 382 655 215 725 816 379 756 732 727 668 5 842 
c [Incremental] Max used label: 855.
c [Incremental] Label 855 is removed from searching.
c [Incremental] Solving for max label = 854:
c [Incremental] Solving duration: 1841 ms.
s [Incremental] SAT (label = 854).
Label assignment: 724 411 453 454 752 608 266 291 405 329 590 433 578 267 623 807 324 305 548 586 103 179 253 162 157 460 753 483 1 263 503 576 664 163 522 290 416 748 168 306 661 755 250 595 154 684 450 426 520 339 804 572 521 13 14 366 120 498 222 506 397 301 156 255 254 560 642 653 228 2 797 445 832 127 364 461 4 271 388 152 823 544 221 79 424 275 448 190 768 851 618 451 423 318 741 494 361 622 542 631 356 577 44 355 155 798 363 585 635 86 229 304 819 132 545 481 464 654 818 434 415 704 669 735 93 455 313 561 510 829 452 831 824 581 223 177 430 332 172 840 625 370 518 317 338 699 273 410 478 591 849 785 588 766 587 509 158 69 820 421 315 82 636 258 178 422 311 303 583 202 739 252 758 790 167 7 298 681 308 702 218 793 282 165 284 501 703 420 237 357 775 446 164 270 459 409 689 412 616 691 754 159 309 795 783 701 781 838 192 359 8 813 644 170 407 414 645 196 373 274 334 620 690 593 239 336 808 801 269 147 299 381 24 579 764 513 624 602 700 786 371 211 826 286 812 811 235 611 810 658 800 694 676 268 81 470 632 316 628 256 546 480 817 262 814 722 601 550 682 40 551 692 523 504 300 809 288 353 792 200 589 350 219 330 524 762 413 310 217 740 210 449 160 656 169 340 20 673 500 584 175 394 511 543 251 559 475 149 606 351 646 343 438 76 22 806 289 679 666 456 484 50 193 279 554 429 323 206 443 733 16 166 174 615 553 293 194 465 770 138 123 281 607 17 672 220 23 688 678 556 723 515 472 374 558 487 143 402 531 227 146 473 557 643 399 226 230 28 698 360 296 596 630 738 319 549 12 852 419 743 292 232 822 134 362 507 261 639 18 772 463 297 368 693 744 830 294 532 663 342 641 72 341 833 638 191 609 594 763 784 675 468 216 3 335 737 71 122 114 627 30 680 837 151 390 187 573 285 760 787 776 746 566 821 794 386 647 604 649 629 307 312 352 153 696 248 128 139 244 21 563 328 396 125 189 667 141 720 26 458 15 161 348 113 765 98 695 431 437 105 683 89 142 853 773 774 129 100 117 354 719 665 496 659 375 380 828 633 400 805 346 233 234 130 789 799 280 670 393 58 843 640 131 84 771 135 124 652 574 83 108 529 791 767 440 599 597 469 705 803 320 707 150 392 31 751 418 854 43 39 180 742 710 145 95 66 46 417 385 570 75 626 436 231 603 87 844 779 841 225 836 697 562 444 759 102 56 712 825 721 610 148 717 118 555 321 106 485 612 528 541 349 539 769 568 714 137 815 538 491 203 580 598 197 42 488 750 850 706 33 111 107 442 64 78 119 327 621 569 295 713 619 80 188 144 726 535 9 592 36 493 38 536 575 184 246 243 749 97 133 734 565 126 617 171 728 782 372 745 387 552 796 835 547 378 272 715 247 35 614 41 834 245 780 716 377 242 708 540 827 564 112 778 136 605 657 761 404 729 287 32 37 61 537 534 533 54 55 462 848 777 384 567 382 655 215 725 816 379 756 732 727 668 5 842 
c [Incremental] Max used label: 854.
c [Incremental] Label 854 is removed from searching.
c [Incremental] Solving for max label = 853:
c [Incremental] Solving duration: 1854 ms.
s [Incremental] SAT (label = 853).
Label assignment: 724 411 453 454 752 608 266 291 405 329 590 433 578 267 623 807 324 305 548 586 103 179 253 162 157 460 753 483 1 263 503 576 664 163 522 290 416 748 168 306 661 755 250 595 154 684 450 426 520 339 804 572 521 13 14 366 120 498 222 506 397 301 156 255 254 560 642 653 228 2 797 445 832 127 364 461 4 271 388 152 823 544 221 79 424 275 448 190 768 851 618 451 423 318 741 494 361 622 542 631 356 577 44 355 155 798 363 585 635 86 229 304 819 132 545 481 464 654 818 434 415 704 669 735 93 455 313 561 510 829 452 831 824 581 223 177 430 332 172 840 625 370 518 317 338 699 273 410 478 591 849 785 588 766 587 509 158 69 820 421 8 82 636 258 178 422 311 303 583 202 739 252 758 790 167 7 298 681 308 702 218 793 282 165 284 501 703 420 237 357 775 446 164 270 459 409 689 412 616 691 754 159 309 795 783 701 781 838 192 359 85 813 644 170 407 414 645 196 373 274 334 620 690 593 239 336 808 801 269 147 299 381 24 579 764 513 624 602 700 786 371 211 826 286 812 811 235 611 810 658 800 694 676 268 81 470 632 316 628 256 546 480 817 262 814 722 601 550 682 40 551 692 523 504 300 809 288 353 792 200 589 350 219 330 524 762 413 310 217 740 210 449 160 656 169 340 20 673 500 584 175 394 511 543 251 559 475 149 606 351 646 343 438 76 22 806 289 679 666 456 484 50 193 279 554 429 323 206 443 733 16 166 174 615 553 293 194 465 770 138 123 281 607 17 672 220 23 688 678 556 723 515 472 374 558 487 143 402 531 227 146 473 557 643 399 226 230 28 698 360 296 596 630 738 319 549 12 837 419 743 292 232 822 134 362 507 261 639 18 772 463 297 368 693 744 830 294 532 663 342 641 72 341 833 638 191 609 594 763 784 675 468 216 3 335 737 71 122 114 627 30 680 376 151 390 187 573 285 760 787 776 746 566 821 794 386 647 604 649 629 307 312 352 153 696 248 128 139 244 21 563 328 396 125 189 667 141 720 26 458 15 161 348 113 765 98 695 431 437 105 683 89 142 853 773 774 129 100 117 354 719 665 496 659 375 380 828 633 400 805 346 233 234 130 789 799 280 670 393 58 843 640 131 84 771 135 124 652 574 83 108 529 791 767 440 599 597 469 705 803 320 707 150 392 31 751 418 852 43 39 180 742 710 145 95 66 46 417 385 570 75 626 436 231 603 87 844 779 841 225 836 697 562 444 759 102 56 712 825 721 610 148 717 118 555 321 106 485 612 528 541 349 539 769 568 714 137 815 538 491 203 580 598 197 42 488 750 850 706 33 111 107 442 64 78 119 327 621 569 295 713 619 80 188 144 726 535 9 592 36 493 38 536 575 184 246 243 749 97 133 734 565 126 617 171 728 782 372 745 387 552 796 835 547 378 272 715 247 35 614 41 834 245 780 716 377 242 708 540 827 564 112 778 136 605 657 761 404 729 287 32 37 61 537 534 533 54 55 462 848 777 384 567 382 655 215 725 816 379 756 732 727 668 5 842 
c [Incremental] Max used label: 853.
c [Incremental] Label 853 is removed from searching.
c [Incremental] Solving for max label = 852:
c [Incremental] Solving duration: 2060 ms.
s [Incremental] SAT (label = 852).
Label assignment: 724 411 453 454 752 608 266 291 405 329 590 433 578 267 623 807 324 306 548 586 103 179 253 305 157 460 753 483 1 263 503 576 664 163 522 290 416 748 168 477 661 755 250 595 154 238 450 426 520 339 804 572 521 13 14 366 120 498 222 506 397 301 156 255 254 560 642 653 228 2 797 445 832 127 364 461 4 271 388 152 823 544 221 79 424 275 448 190 768 702 618 451 423 318 741 494 361 622 542 631 356 577 44 355 155 798 363 585 635 86 229 304 819 132 545 502 464 654 818 434 415 704 669 735 93 455 313 561 510 829 481 831 824 581 223 177 430 332 172 840 625 370 518 317 338 699 273 410 478 591 849 785 588 766 587 421 158 69 820 8 173 82 636 258 178 422 311 303 583 202 739 252 758 790 167 7 298 509 308 684 218 793 282 165 284 501 703 420 237 357 775 446 164 270 459 409 689 412 616 691 754 159 309 795 783 701 781 838 192 359 85 813 637 170 407 414 645 196 115 274 334 620 690 593 239 336 808 801 269 147 299 381 24 579 764 512 624 602 700 786 371 211 826 286 812 811 235 611 810 658 800 694 676 268 81 470 814 316 628 256 546 480 644 262 125 722 240 550 601 40 551 692 523 504 300 809 288 817 792 200 589 350 219 330 524 762 413 310 217 740 210 449 160 656 169 340 20 673 500 584 175 394 511 543 251 559 475 149 606 351 646 343 438 76 22 806 289 679 666 456 484 50 193 279 554 429 323 204 443 733 16 166 174 615 553 293 194 465 770 138 123 281 607 17 672 220 23 688 678 556 723 515 472 374 558 487 143 402 531 227 146 473 557 643 399 226 230 28 698 360 296 596 630 738 319 549 12 837 419 743 292 206 822 134 232 507 261 846 18 772 463 297 368 693 744 830 294 532 663 342 641 72 341 833 34 191 609 594 763 784 675 468 216 3 335 737 71 122 114 627 30 680 376 151 390 187 573 285 760 787 776 746 566 821 794 386 647 604 649 629 307 312 352 153 696 248 128 139 244 21 563 328 396 141 189 667 45 720 26 458 15 161 348 113 765 98 695 431 437 105 682 89 142 852 773 10 129 100 117 354 747 665 496 659 375 380 828 633 400 805 346 233 234 130 789 799 280 670 393 58 843 640 131 84 771 135 124 652 574 83 53 529 791 767 440 599 597 469 705 803 320 707 150 392 31 751 418 851 43 39 180 742 710 145 95 66 46 417 385 570 75 626 436 231 718 87 844 779 841 225 836 697 562 444 759 102 56 712 825 721 610 148 717 118 555 321 106 485 612 528 541 349 539 769 568 714 137 815 538 491 203 580 598 197 42 488 750 651 706 33 111 107 442 64 78 119 327 621 569 295 713 619 80 188 144 726 535 9 592 36 493 38 536 575 184 246 243 749 97 133 734 565 126 719 171 728 782 372 745 387 552 796 835 547 378 272 715 247 35 614 41 834 245 780 716 377 242 708 540 827 564 112 778 136 605 657 761 530 729 287 32 37 61 537 534 533 54 55 462 848 777 384 567 382 655 215 725 816 379 756 732 727 668 5 842 
c [Incremental] Max used label: 852.
c [Incremental] Label 852 is removed from searching.
c [Incremental] Solving for max label = 851:
c [Incremental] Solving duration: 34992 ms.
s [Incremental] SAT (label = 851).
Label assignment: 724 411 453 586 807 608 266 103 405 329 590 433 578 267 623 752 324 306 482 548 454 179 253 305 157 460 753 483 450 263 503 576 664 163 522 290 416 426 168 477 661 748 250 595 154 238 520 572 755 339 804 325 521 13 14 366 120 498 222 506 397 301 156 255 254 560 642 653 228 341 797 445 832 127 364 461 4 271 388 152 823 544 221 79 424 275 356 190 768 702 618 451 423 318 741 516 361 622 542 631 363 577 44 355 155 798 302 585 635 86 229 304 819 132 545 434 464 654 818 479 415 704 669 735 502 455 313 561 510 829 481 824 831 581 223 177 494 332 1 840 625 478 518 317 338 699 273 410 370 591 849 785 588 766 587 421 430 69 820 8 173 82 636 258 178 112 311 303 583 202 739 252 758 790 167 7 298 509 308 684 218 793 282 420 284 501 703 395 237 357 775 414 164 270 459 409 389 412 616 691 754 159 309 795 783 701 781 838 283 359 650 813 637 85 391 407 645 196 115 274 334 373 690 593 239 336 808 801 269 514 624 381 24 579 764 681 170 165 700 786 371 211 826 286 812 811 235 656 810 658 800 401 676 268 81 470 814 316 628 256 632 480 644 262 125 722 240 550 788 40 331 692 429 504 143 809 288 817 792 137 589 350 217 300 524 762 413 310 214 740 210 219 160 688 169 340 20 673 406 584 175 394 620 543 251 149 475 486 606 351 646 343 438 76 22 806 289 679 666 456 484 50 193 279 554 847 135 204 443 733 16 166 174 615 553 556 285 465 770 138 108 281 607 17 674 220 471 107 678 109 723 374 402 408 558 487 136 399 531 227 146 473 557 643 360 226 230 28 698 837 296 596 12 738 319 549 95 11 419 743 280 822 447 134 232 507 261 846 18 582 101 297 104 693 106 830 368 532 663 171 641 72 198 111 34 191 638 594 763 508 675 468 216 3 335 784 71 122 68 627 30 680 376 64 140 737 573 294 760 787 776 746 519 821 794 386 647 604 713 629 307 312 352 151 696 248 128 139 244 21 153 328 396 141 99 667 45 720 26 458 828 161 348 113 843 845 695 431 437 105 851 89 142 511 773 375 74 63 117 354 347 665 709 659 380 114 765 633 400 805 346 233 234 130 789 799 208 670 393 58 731 640 123 614 771 124 9 652 574 53 660 529 791 767 440 599 469 418 751 803 293 707 150 392 31 726 417 467 43 39 201 742 710 145 207 66 46 570 385 706 75 626 436 231 718 759 844 779 841 326 836 697 562 444 802 102 56 209 825 721 225 148 717 555 497 321 118 485 612 528 541 349 539 769 568 750 243 815 538 457 203 580 598 197 42 488 850 651 747 33 100 96 442 62 78 714 327 621 657 87 734 592 80 188 534 686 535 27 569 36 493 38 536 97 184 246 213 60 749 133 575 565 126 719 782 728 705 372 745 796 552 732 835 547 378 272 212 780 35 224 41 842 602 245 716 377 236 708 540 827 564 144 778 387 98 619 404 530 729 287 32 37 61 537 610 533 730 55 462 848 777 116 662 242 634 215 816 834 379 756 182 727 668 5 186 
c [Incremental] Max used label: 851.
c [Incremental] Label 851 is removed from searching.
c [Incremental] Solving for max label = 850:
c [Incremental] Solving duration: 1118 ms.
s [Incremental] UNSAT (label = 850).
c [Main] Work pid ends with result: 0.
r [Main] 
r [Main] Final results: 
r [Main] Total real time: 351398 ms.
r [Main] Total memory consumed: 3423.2 MB.
r [Main] 
c [Signal] Signal interruption. Caught signal: SIGTERM (15).
