c [Version] Minimize Makespan Labeling Encoder version 1.0.0.
c [Param] Target value is set to 246.
c [Param] LB is predefined as 247.
c [Param] UB is predefined as 506.
c [Param] Target value is set to Antibandwidth.
c [Param] Vertices mode is set to Has hole.
c [Param] Result verification is ON.
c [Param] Memory limit is set to 30000.
c [Param] Real time limit is set to 1800.
c [Param] Worker count is set to 8.
c [Param] Max CNF size is set to 10.
c [Main] Search strategy: Iterating Breadth First Search (Reverse).
c [Main] Search order: 376 441 311 474 408 343 278 490 457 424 392 359 327 294 262 498 482 465 449 432 416 400 384 367 351 335 319 302 286 270 254 502 494 486 478 469 461 453 445 436 428 420 412 404 396 388 380 371 363 355 347 339 331 323 315 306 298 290 282 274 266 258 250 504 500 496 492 488 484 480 476 471 467 463 459 455 451 447 443 438 434 430 426 422 418 414 410 406 402 398 394 390 386 382 378 373 369 365 361 357 353 349 345 341 337 333 329 325 321 317 313 308 304 300 296 292 288 284 280 276 272 268 264 260 256 252 248 505 503 501 499 497 495 493 491 489 487 485 483 481 479 477 475 472 470 468 466 464 462 460 458 456 454 452 450 448 446 444 442 439 437 435 433 431 429 427 425 423 421 419 417 415 413 411 409 407 405 403 401 399 397 395 393 391 389 387 385 383 381 379 377 374 372 370 368 366 364 362 360 358 356 354 352 350 348 346 344 342 340 338 336 334 332 330 328 326 324 322 320 318 316 314 312 309 307 305 303 301 299 297 295 293 291 289 287 285 283 281 279 277 275 273 271 269 267 265 263 261 259 257 255 253 251 249 247 506 473 440 375 310.
c [Main] Encoding and solving for graph: V-nos6.mtx.rnd.
c [Label = 376] Minimize Makespan Labeling problem (V-nos6.mtx.rnd):
c [Label = 441] Minimize Makespan Labeling problem (V-nos6.mtx.rnd):
c [Label = 311] Minimize Makespan Labeling problem (V-nos6.mtx.rnd):
c [Label = 474] Minimize Makespan Labeling problem (V-nos6.mtx.rnd):
c [Label = 408] Minimize Makespan Labeling problem (V-nos6.mtx.rnd):
c [Label = 278] Minimize Makespan Labeling problem (V-nos6.mtx.rnd):
c [Label = 343] Minimize Makespan Labeling problem (V-nos6.mtx.rnd):
c [Label = 490] Minimize Makespan Labeling problem (V-nos6.mtx.rnd):
c [Label = 278] Encoding starts with target value = 246:
c [Label = 278] Encoding duration: 2044ms.
c [Label = 278] Number of clauses: 934849.
c [Label = 278] Number of variables: 374098.
c [Label = 278] Solving duration: 10 ms.
s [Label = 278] SAT (w = 246).
c [Label = 278] Label assignment: 32 32 32 278 32 278 278 32 32 278 278 32 278 278 278 32 278 32 278 32 32 278 32 278 32 32 278 278 32 278 32 32 278 278 278 32 278 32 32 278 32 278 32 278 32 32 278 32 32 278 32 32 32 278 278 278 278 32 278 278 32 278 278 32 32 278 278 278 278 32 32 32 32 278 278 32 32 32 278 32 32 278 278 278 32 278 278 278 278 32 32 32 278 32 278 278 32 32 32 32 278 32 32 32 32 32 32 278 32 32 32 32 32 32 32 278 32 278 278 278 278 32 278 278 32 32 32 278 278 278 32 32 32 278 32 278 278 32 32 278 278 32 32 278 278 278 32 32 278 32 278 32 278 32 278 278 32 32 32 278 278 278 278 278 32 32 278 32 32 278 278 278 32 278 278 32 32 32 32 32 32 278 278 278 32 278 278 278 32 278 278 278 278 32 278 278 278 32 32 32 278 278 278 278 32 278 278 278 278 278 278 278 278 278 278 32 32 32 278 32 32 278 278 32 32 278 278 278 32 32 32 278 278 278 278 32 278 32 278 32 32 32 32 32 278 32 32 278 278 32 278 278 32 32 32 32 32 32 32 32 278 32 278 32 278 32 32 32 32 32 278 278 278 32 278 32 32 32 278 278 32 278 278 32 278 278 278 278 278 32 32 278 32 278 32 278 278 278 278 278 32 32 278 32 278 278 278 32 278 32 32 32 278 32 32 278 278 278 278 32 278 278 278 32 32 278 32 278 32 32 32 32 278 278 32 32 32 32 278 278 32 278 32 32 32 278 32 32 278 32 278 32 32 278 278 32 32 32 32 32 278 278 32 32 32 278 32 32 278 278 32 278 278 32 32 32 32 278 32 32 32 32 278 32 32 32 32 32 278 278 32 32 32 278 278 278 278 32 32 278 278 32 32 278 32 32 278 278 278 32 278 32 32 32 278 278 32 278 32 278 278 32 32 32 278 278 32 32 278 32 32 278 32 32 278 32 32 32 32 278 32 278 278 32 32 278 32 32 278 278 32 278 278 278 32 32 32 32 32 278 32 278 278 278 278 278 278 278 278 32 278 32 32 32 32 32 32 278 278 32 278 278 32 32 32 278 32 278 278 32 32 278 278 278 32 32 32 278 32 32 278 278 32 278 278 278 278 32 278 32 278 278 278 32 32 32 32 32 278 278 32 32 278 278 32 278 32 278 278 278 32 278 278 278 278 278 278 278 32 278 278 32 32 278 278 278 278 278 32 32 278 278 32 32 32 32 32 278 32 278 32 278 32 278 32 278 278 278 32 278 278 32 278 278 32 32 32 278 278 32 32 278 32 32 278 278 32 278 32 32 32 32 32 278 32 32 278 278 278 278 32 32 32 32 278 278 278 278 278 32 32 278 278 32 32 278 278 32 32 278 278 32 278 32 32 32 278 278 278 278 32 278 278 278 32 32 278 32 278 278 278 278 278 278 32 32 278 278 278 32 278 278 278 278 32 32 278 32 32 278 278 278 32 278 278 278 32 32 278 32 278 32 32 32 1 
c [Label = 343] Encoding starts with target value = 246:
c [Signal] Signal interruption. Caught signal: SIGTERM (15).
c [Label = 408] Encoding starts with target value = 246:
c [Signal] Signal interruption. Caught signal: SIGTERM (15).
c [Label = 474] Encoding starts with target value = 246:
c [Signal] Signal interruption. Caught signal: SIGTERM (15).
c [Label = 311] Encoding starts with target value = 246:
c [Signal] Signal interruption. Caught signal: SIGTERM (15).
c [Main] Lowest label SAT is set to 278.
c [Main] Kill higher label pid 490.
c [Main] Kill higher label pid 343.
c [Main] Kill higher label pid 408.
c [Main] Kill higher label pid 474.
c [Main] Kill higher label pid 311.
c [Main] Kill higher label pid 441.
c [Main] Kill higher label pid 376.
c [Label = 441] Encoding starts with target value = 246:
c [Signal] Signal interruption. Caught signal: SIGTERM (15).
c [Label = 376] Encoding starts with target value = 246:
c [Signal] Signal interruption. Caught signal: SIGTERM (15).
c [Label = 490] Encoding starts with target value = 246:
c [Signal] Signal interruption. Caught signal: SIGTERM (15).
c [Label = 262] Minimize Makespan Labeling problem (V-nos6.mtx.rnd):
c [Main] Child pid 311 - 22323 terminated by signal 15.
c [Main] Child pid 343 - 22326 terminated by signal 15.
c [Label = 270] Minimize Makespan Labeling problem (V-nos6.mtx.rnd):
c [Label = 254] Minimize Makespan Labeling problem (V-nos6.mtx.rnd):
c [Main] Child pid 474 - 22324 terminated by signal 15.
c [Main] Child pid 376 - 22321 terminated by signal 15.
c [Main] Child pid 490 - 22328 terminated by signal 15.
c [Label = 258] Minimize Makespan Labeling problem (V-nos6.mtx.rnd):
c [Label = 274] Minimize Makespan Labeling problem (V-nos6.mtx.rnd):
c [Label = 266] Minimize Makespan Labeling problem (V-nos6.mtx.rnd):
c [Main] Child pid 441 - 22322 terminated by signal 15.
c [Label = 250] Minimize Makespan Labeling problem (V-nos6.mtx.rnd):
c [Main] Child pid 408 - 22325 terminated by signal 15.
c [Label = 276] Minimize Makespan Labeling problem (V-nos6.mtx.rnd):
c [Label = 250] Encoding starts with target value = 246:
c [Label = 250] Encoding duration: 1624ms.
c [Label = 250] Number of clauses: 695855.
c [Label = 250] Number of variables: 336298.
c [Label = 250] Solving duration: 2 ms.
s [Label = 250] SAT (w = 246).
c [Label = 250] Label assignment: 4 4 4 250 4 250 250 4 4 250 250 4 250 250 250 4 250 4 250 4 4 250 4 250 4 4 250 250 4 250 4 4 250 250 250 4 250 4 4 250 4 250 4 250 4 4 250 4 4 250 4 4 4 250 250 250 250 4 250 250 4 250 250 4 4 250 250 250 250 4 4 4 4 250 250 4 4 4 250 4 4 250 250 250 4 250 250 250 250 4 4 4 250 4 250 250 4 4 4 4 250 4 4 4 4 4 4 250 4 4 4 4 4 4 4 250 4 250 250 250 250 4 250 250 4 4 4 250 250 250 4 4 4 250 4 250 250 4 4 250 250 4 4 250 250 250 4 4 250 4 250 4 250 4 250 250 4 4 4 250 250 250 250 250 4 4 250 4 4 250 250 250 4 250 250 4 4 4 4 4 4 250 250 250 4 250 250 250 4 250 250 250 250 4 250 250 250 4 4 4 250 250 250 250 4 250 250 250 250 250 250 250 250 250 250 4 4 4 250 4 4 250 250 4 4 250 250 250 4 4 4 250 250 250 250 4 250 4 250 4 4 4 4 4 250 4 4 250 250 4 250 250 4 4 4 4 4 4 4 4 250 4 250 4 250 4 4 4 4 4 250 250 250 4 250 4 4 4 250 250 4 250 250 4 250 250 250 250 250 4 4 250 4 250 4 250 250 250 250 250 4 4 250 4 250 250 250 4 250 4 4 4 250 4 4 250 250 250 250 4 250 250 250 4 4 250 4 250 4 4 4 4 250 250 4 4 4 4 250 250 4 250 4 4 4 250 4 4 250 4 250 4 4 250 250 4 4 4 4 4 250 250 4 4 4 250 4 4 250 250 4 250 250 4 4 4 4 250 4 4 4 4 250 4 4 4 4 4 250 250 4 4 4 250 250 250 250 4 4 250 250 4 4 250 4 4 250 250 250 4 250 4 4 4 250 250 4 250 4 250 250 4 4 4 250 250 4 4 250 4 4 250 4 4 250 4 4 4 4 250 4 250 250 4 4 250 4 4 250 250 4 250 250 250 4 4 4 4 4 250 4 250 250 250 250 250 250 250 250 4 250 4 4 4 4 4 4 250 250 4 250 250 4 4 4 250 4 250 250 4 4 250 250 250 4 4 4 250 4 4 250 250 4 250 250 250 250 4 250 4 250 250 250 4 4 4 4 4 250 250 4 4 250 250 4 250 4 250 250 250 4 250 250 250 250 250 250 250 4 250 250 4 4 250 250 250 250 250 4 4 250 250 4 4 4 4 4 250 4 250 4 250 4 250 4 250 250 250 4 250 250 4 250 250 4 4 4 250 250 4 4 250 4 4 250 250 4 250 4 4 4 4 4 250 4 4 250 250 250 250 4 4 4 4 250 250 250 250 250 4 4 250 250 4 4 250 250 4 4 250 250 4 250 4 4 4 250 250 250 250 4 250 250 250 4 4 250 4 250 250 250 250 250 250 4 4 250 250 250 4 250 250 250 250 4 4 250 4 4 250 250 250 4 250 250 250 4 4 250 4 250 4 4 4 1 
c [Label = 276] Encoding starts with target value = 246:
c [Signal] Signal interruption. Caught signal: SIGTERM (15).
c [Label = 266] Encoding starts with target value = 246:
c [Label = 266] Encoding duration: 1859ms.
c [Label = 266] Number of clauses: 832423.
c [Label = 266] Number of variables: 357898.
c [Label = 266] Solving duration: 8 ms.
s [Label = 266] SAT (w = 246).
c [Label = 266] Label assignment: 20 20 20 266 20 266 266 20 20 266 266 20 266 266 266 20 266 20 266 20 20 266 20 266 20 20 266 266 20 266 20 20 266 266 266 20 266 20 20 266 20 266 20 266 20 20 266 20 20 266 20 20 20 266 266 266 266 20 266 266 20 266 266 20 20 266 266 266 266 20 20 20 20 266 266 20 20 20 266 20 20 266 266 266 20 266 266 266 266 20 20 20 266 20 266 266 20 20 20 20 266 20 20 20 20 20 20 266 20 20 20 20 20 20 20 266 20 266 266 266 266 20 266 266 20 20 20 266 266 266 20 20 20 266 20 266 266 20 20 266 266 20 20 266 266 266 20 20 266 20 266 20 266 20 266 266 20 20 20 266 266 266 266 266 20 20 266 20 20 266 266 266 20 266 266 20 20 20 20 20 20 266 266 266 20 266 266 266 20 266 266 266 266 20 266 266 266 20 20 20 266 266 266 266 20 266 266 266 266 266 266 266 266 266 266 20 20 20 266 20 20 266 266 20 20 266 266 266 20 20 20 266 266 266 266 20 266 20 266 20 20 20 20 20 266 20 20 266 266 20 266 266 20 20 20 20 20 20 20 20 266 20 266 20 266 20 20 20 20 20 266 266 266 20 266 20 20 20 266 266 20 266 266 20 266 266 266 266 266 20 20 266 20 266 20 266 266 266 266 266 20 20 266 20 266 266 266 20 266 20 20 20 266 20 20 266 266 266 266 20 266 266 266 20 20 266 20 266 20 20 20 20 266 266 20 20 20 20 266 266 20 266 20 20 20 266 20 20 266 20 266 20 20 266 266 20 20 20 20 20 266 266 20 20 20 266 20 20 266 266 20 266 266 20 20 20 20 266 20 20 20 20 266 20 20 20 20 20 266 266 20 20 20 266 266 266 266 20 20 266 266 20 20 266 20 20 266 266 266 20 266 20 20 20 266 266 20 266 20 266 266 20 20 20 266 266 20 20 266 20 20 266 20 20 266 20 20 20 20 266 20 266 266 20 20 266 20 20 266 266 20 266 266 266 20 20 20 20 20 266 20 266 266 266 266 266 266 266 266 20 266 20 20 20 20 20 20 266 266 20 266 266 20 20 20 266 20 266 266 20 20 266 266 266 20 20 20 266 20 20 266 266 20 266 266 266 266 20 266 20 266 266 266 20 20 20 20 20 266 266 20 20 266 266 20 266 20 266 266 266 20 266 266 266 266 266 266 266 20 266 266 20 20 266 266 266 266 266 20 20 266 266 20 20 20 20 20 266 20 266 20 266 20 266 20 266 266 266 20 266 266 20 266 266 20 20 20 266 266 20 20 266 20 20 266 266 20 266 20 20 20 20 20 266 20 20 266 266 266 266 20 20 20 20 266 266 266 266 266 20 20 266 266 20 20 266 266 20 20 266 266 20 266 20 20 20 266 266 266 266 20 266 266 266 20 20 266 20 266 266 266 266 266 266 20 20 266 266 266 20 266 266 266 266 20 20 266 20 20 266 266 266 20 266 266 266 20 20 266 20 266 20 20 20 1 
c [Signal] Signal interruption. Caught signal: SIGTERM (15).
c [Label = 274] Encoding starts with target value = 246:
c [Signal] Signal interruption. Caught signal: SIGTERM (15).
c [Label = 254] Encoding starts with target value = 246:
c [Label = 254] Encoding duration: 1673ms.
c [Label = 254] Number of clauses: 729997.
c [Label = 254] Number of variables: 341698.
c [Label = 254] Solving duration: 3 ms.
s [Label = 254] SAT (w = 246).
c [Label = 254] Label assignment: 8 8 8 254 8 254 254 8 8 254 254 8 254 254 254 8 254 8 254 8 8 254 8 254 8 8 254 254 8 254 8 8 254 254 254 8 254 8 8 254 8 254 8 254 8 8 254 8 8 254 8 8 8 254 254 254 254 8 254 254 8 254 254 8 8 254 254 254 254 8 8 8 8 254 254 8 8 8 254 8 8 254 254 254 8 254 254 254 254 8 8 8 254 8 254 254 8 8 8 8 254 8 8 8 8 8 8 254 8 8 8 8 8 8 8 254 8 254 254 254 254 8 254 254 8 8 8 254 254 254 8 8 8 254 8 254 254 8 8 254 254 8 8 254 254 254 8 8 254 8 254 8 254 8 254 254 8 8 8 254 254 254 254 254 8 8 254 8 8 254 254 254 8 254 254 8 8 8 8 8 8 254 254 254 8 254 254 254 8 254 254 254 254 8 254 254 254 8 8 8 254 254 254 254 8 254 254 254 254 254 254 254 254 254 254 8 8 8 254 8 8 254 254 8 8 254 254 254 8 8 8 254 254 254 254 8 254 8 254 8 8 8 8 8 254 8 8 254 254 8 254 254 8 8 8 8 8 8 8 8 254 8 254 8 254 8 8 8 8 8 254 254 254 8 254 8 8 8 254 254 8 254 254 8 254 254 254 254 254 8 8 254 8 254 8 254 254 254 254 254 8 8 254 8 254 254 254 8 254 8 8 8 254 8 8 254 254 254 254 8 254 254 254 8 8 254 8 254 8 8 8 8 254 254 8 8 8 8 254 254 8 254 8 8 8 254 8 8 254 8 254 8 8 254 254 8 8 8 8 8 254 254 8 8 8 254 8 8 254 254 8 254 254 8 8 8 8 254 8 8 8 8 254 8 8 8 8 8 254 254 8 8 8 254 254 254 254 8 8 254 254 8 8 254 8 8 254 254 254 8 254 8 8 8 254 254 8 254 8 254 254 8 8 8 254 254 8 8 254 8 8 254 8 8 254 8 8 8 8 254 8 254 254 8 8 254 8 8 254 254 8 254 254 254 8 8 8 8 8 254 8 254 254 254 254 254 254 254 254 8 254 8 8 8 8 8 8 254 254 8 254 254 8 8 8 254 8 254 254 8 8 254 254 254 8 8 8 254 8 8 254 254 8 254 254 254 254 8 254 8 254 254 254 8 8 8 8 8 254 254 8 8 254 254 8 254 8 254 254 254 8 254 254 254 254 254 254 254 8 254 254 8 8 254 254 254 254 254 8 8 254 254 8 8 8 8 8 254 8 254 8 254 8 254 8 254 254 254 8 254 254 8 254 254 8 8 8 254 254 8 8 254 8 8 254 254 8 254 8 8 8 8 8 254 8 8 254 254 254 254 8 8 8 8 254 254 254 254 254 8 8 254 254 8 8 254 254 8 8 254 254 8 254 8 8 8 254 254 254 254 8 254 254 254 8 8 254 8 254 254 254 254 254 254 8 8 254 254 254 8 254 254 254 254 8 8 254 8 8 254 254 254 8 254 254 254 8 8 254 8 254 8 8 8 1 
c [Signal] Signal interruption. Caught signal: SIGTERM (15).
c [Main] Lowest label SAT is set to 250.
c [Main] Kill higher label pid 276.
c [Main] Kill higher label pid 258.
c [Main] Kill higher label pid 266.
c [Main] Kill higher label pid 274.
c [Main] Kill higher label pid 254.
c [Main] Kill higher label pid 270.
c [Main] Kill higher label pid 262.
c [Label = 270] Encoding starts with target value = 246:
c [Label = 270] Encoding duration: 1908ms.
c [Label = 270] Number of clauses: 866565.
c [Label = 270] Number of variables: 363298.
c [Label = 270] Solving duration: 8 ms.
s [Label = 270] SAT (w = 246).
c [Label = 270] Label assignment: 24 24 24 270 24 270 270 24 24 270 270 24 270 270 270 24 270 24 270 24 24 270 24 270 24 24 270 270 24 270 24 24 270 270 270 24 270 24 24 270 24 270 24 270 24 24 270 24 24 270 24 24 24 270 270 270 270 24 270 270 24 270 270 24 24 270 270 270 270 24 24 24 24 270 270 24 24 24 270 24 24 270 270 270 24 270 270 270 270 24 24 24 270 24 270 270 24 24 24 24 270 24 24 24 24 24 24 270 24 24 24 24 24 24 24 270 24 270 270 270 270 24 270 270 24 24 24 270 270 270 24 24 24 270 24 270 270 24 24 270 270 24 24 270 270 270 24 24 270 24 270 24 270 24 270 270 24 24 24 270 270 270 270 270 24 24 270 24 24 270 270 270 24 270 270 24 24 24 24 24 24 270 270 270 24 270 270 270 24 270 270 270 270 24 270 270 270 24 24 24 270 270 270 270 24 270 270 270 270 270 270 270 270 270 270 24 24 24 270 24 24 270 270 24 24 270 270 270 24 24 24 270 270 270 270 24 270 24 270 24 24 24 24 24 270 24 24 270 270 24 270 270 24 24 24 24 24 24 24 24 270 24 270 24 270 24 24 24 24 24 270 270 270 24 270 24 24 24 270 270 24 270 270 24 270 270 270 270 270 24 24 270 24 270 24 270 270 270 270 270 24 24 270 24 270 270 270 24 270 24 24 24 270 24 24 270 270 270 270 24 270 270 270 24 24 270 24 270 24 24 24 24 270 270 24 24 24 24 270 270 24 270 24 24 24 270 24 24 270 24 270 24 24 270 270 24 24 24 24 24 270 270 24 24 24 270 24 24 270 270 24 270 270 24 24 24 24 270 24 24 24 24 270 24 24 24 24 24 270 270 24 24 24 270 270 270 270 24 24 270 270 24 24 270 24 24 270 270 270 24 270 24 24 24 270 270 24 270 24 270 270 24 24 24 270 270 24 24 270 24 24 270 24 24 270 24 24 24 24 270 24 270 270 24 24 270 24 24 270 270 24 270 270 270 24 24 24 24 24 270 24 270 270 270 270 270 270 270 270 24 270 24 24 24 24 24 24 270 270 24 270 270 24 24 24 270 24 270 270 24 24 270 270 270 24 24 24 270 24 24 270 270 24 270 270 270 270 24 270 24 270 270 270 24 24 24 24 24 270 270 24 24 270 270 24 270 24 270 270 270 24 270 270 270 270 270 270 270 24 270 270 24 24 270 270 270 270 270 24 24 270 270 24 24 24 24 24 270 24 270 24 270 24 270 24 270 270 270 24 270 270 24 270 270 24 24 24 270 270 24 24 270 24 24 270 270 24 270 24 24 24 24 24 270 24 24 270 270 270 270 24 24 24 24 270 270 270 270 270 24 24 270 270 24 24 270 270 24 24 270 270 24 270 24 24 24 270 270 270 270 24 270 270 270 24 24 270 24 270 270 270 270 270 270 24 24 270 270 270 24 270 270 270 270 24 24 270 24 24 270 270 270 24 270 270 270 24 24 270 24 270 24 24 24 1 
c [Signal] Signal interruption. Caught signal: SIGTERM (15).
c [Label = 262] Encoding starts with target value = 246:
c [Label = 262] Encoding duration: 1835ms.
c [Label = 262] Number of clauses: 798281.
c [Label = 262] Number of variables: 352498.
c [Label = 262] Solving duration: 6 ms.
s [Label = 262] SAT (w = 246).
c [Label = 262] Label assignment: 16 16 16 262 16 262 262 16 16 262 262 16 262 262 262 16 262 16 262 16 16 262 16 262 16 16 262 262 16 262 16 16 262 262 262 16 262 16 16 262 16 262 16 262 16 16 262 16 16 262 16 16 16 262 262 262 262 16 262 262 16 262 262 16 16 262 262 262 262 16 16 16 16 262 262 16 16 16 262 16 16 262 262 262 16 262 262 262 262 16 16 16 262 16 262 262 16 16 16 16 262 16 16 16 16 16 16 262 16 16 16 16 16 16 16 262 16 262 262 262 262 16 262 262 16 16 16 262 262 262 16 16 16 262 16 262 262 16 16 262 262 16 16 262 262 262 16 16 262 16 262 16 262 16 262 262 16 16 16 262 262 262 262 262 16 16 262 16 16 262 262 262 16 262 262 16 16 16 16 16 16 262 262 262 16 262 262 262 16 262 262 262 262 16 262 262 262 16 16 16 262 262 262 262 16 262 262 262 262 262 262 262 262 262 262 16 16 16 262 16 16 262 262 16 16 262 262 262 16 16 16 262 262 262 262 16 262 16 262 16 16 16 16 16 262 16 16 262 262 16 262 262 16 16 16 16 16 16 16 16 262 16 262 16 262 16 16 16 16 16 262 262 262 16 262 16 16 16 262 262 16 262 262 16 262 262 262 262 262 16 16 262 16 262 16 262 262 262 262 262 16 16 262 16 262 262 262 16 262 16 16 16 262 16 16 262 262 262 262 16 262 262 262 16 16 262 16 262 16 16 16 16 262 262 16 16 16 16 262 262 16 262 16 16 16 262 16 16 262 16 262 16 16 262 262 16 16 16 16 16 262 262 16 16 16 262 16 16 262 262 16 262 262 16 16 16 16 262 16 16 16 16 262 16 16 16 16 16 262 262 16 16 16 262 262 262 262 16 16 262 262 16 16 262 16 16 262 262 262 16 262 16 16 16 262 262 16 262 16 262 262 16 16 16 262 262 16 16 262 16 16 262 16 16 262 16 16 16 16 262 16 262 262 16 16 262 16 16 262 262 16 262 262 262 16 16 16 16 16 262 16 262 262 262 262 262 262 262 262 16 262 16 16 16 16 16 16 262 262 16 262 262 16 16 16 262 16 262 262 16 16 262 262 262 16 16 16 262 16 16 262 262 16 262 262 262 262 16 262 16 262 262 262 16 16 16 16 16 262 262 16 16 262 262 16 262 16 262 262 262 16 262 262 262 262 262 262 262 16 262 262 16 16 262 262 262 262 262 16 16 262 262 16 16 16 16 16 262 16 262 16 262 16 262 16 262 262 262 16 262 262 16 262 262 16 16 16 262 262 16 16 262 16 16 262 262 16 262 16 16 16 16 16 262 16 16 262 262 262 262 16 16 16 16 262 262 262 262 262 16 16 262 262 16 16 262 262 16 16 262 262 16 262 16 16 16 262 262 262 262 16 262 262 262 16 16 262 16 262 262 262 262 262 262 16 16 262 262 262 16 262 262 262 262 16 16 262 16 16 262 262 262 16 262 262 262 16 16 262 16 262 16 16 16 1 
c [Signal] Signal interruption. Caught signal: SIGTERM (15).
c [Label = 258] Encoding starts with target value = 246:
c [Label = 258] Encoding duration: 1736ms.
c [Label = 258] Number of clauses: 764139.
c [Label = 258] Number of variables: 347098.
c [Label = 258] Solving duration: 5 ms.
s [Label = 258] SAT (w = 246).
c [Label = 258] Label assignment: 12 12 12 258 12 258 258 12 12 258 258 12 258 258 258 12 258 12 258 12 12 258 12 258 12 12 258 258 12 258 12 12 258 258 258 12 258 12 12 258 12 258 12 258 12 12 258 12 12 258 12 12 12 258 258 258 258 12 258 258 12 258 258 12 12 258 258 258 258 12 12 12 12 258 258 12 12 12 258 12 12 258 258 258 12 258 258 258 258 12 12 12 258 12 258 258 12 12 12 12 258 12 12 12 12 12 12 258 12 12 12 12 12 12 12 258 12 258 258 258 258 12 258 258 12 12 12 258 258 258 12 12 12 258 12 258 258 12 12 258 258 12 12 258 258 258 12 12 258 12 258 12 258 12 258 258 12 12 12 258 258 258 258 258 12 12 258 12 12 258 258 258 12 258 258 12 12 12 12 12 12 258 258 258 12 258 258 258 12 258 258 258 258 12 258 258 258 12 12 12 258 258 258 258 12 258 258 258 258 258 258 258 258 258 258 12 12 12 258 12 12 258 258 12 12 258 258 258 12 12 12 258 258 258 258 12 258 12 258 12 12 12 12 12 258 12 12 258 258 12 258 258 12 12 12 12 12 12 12 12 258 12 258 12 258 12 12 12 12 12 258 258 258 12 258 12 12 12 258 258 12 258 258 12 258 258 258 258 258 12 12 258 12 258 12 258 258 258 258 258 12 12 258 12 258 258 258 12 258 12 12 12 258 12 12 258 258 258 258 12 258 258 258 12 12 258 12 258 12 12 12 12 258 258 12 12 12 12 258 258 12 258 12 12 12 258 12 12 258 12 258 12 12 258 258 12 12 12 12 12 258 258 12 12 12 258 12 12 258 258 12 258 258 12 12 12 12 258 12 12 12 12 258 12 12 12 12 12 258 258 12 12 12 258 258 258 258 12 12 258 258 12 12 258 12 12 258 258 258 12 258 12 12 12 258 258 12 258 12 258 258 12 12 12 258 258 12 12 258 12 12 258 12 12 258 12 12 12 12 258 12 258 258 12 12 258 12 12 258 258 12 258 258 258 12 12 12 12 12 258 12 258 258 258 258 258 258 258 258 12 258 12 12 12 12 12 12 258 258 12 258 258 12 12 12 258 12 258 258 12 12 258 258 258 12 12 12 258 12 12 258 258 12 258 258 258 258 12 258 12 258 258 258 12 12 12 12 12 258 258 12 12 258 258 12 258 12 258 258 258 12 258 258 258 258 258 258 258 12 258 258 12 12 258 258 258 258 258 12 12 258 258 12 12 12 12 12 258 12 258 12 258 12 258 12 258 258 258 12 258 258 12 258 258 12 12 12 258 258 12 12 258 12 12 258 258 12 258 12 12 12 12 12 258 12 12 258 258 258 258 12 12 12 12 258 258 258 258 258 12 12 258 258 12 12 258 258 12 12 258 258 12 258 12 12 12 258 258 258 258 12 258 258 258 12 12 258 12 258 258 258 258 258 258 12 12 258 258 258 12 258 258 258 258 12 12 258 12 12 258 258 258 12 258 258 258 12 12 258 12 258 12 12 12 1 
c [Signal] Signal interruption. Caught signal: SIGTERM (15).
c [Label = 248] Minimize Makespan Labeling problem (V-nos6.mtx.rnd):
c [Main] Child pid 262 - 22331 terminated by signal 15.
c [Main] Child pid 254 - 22333 terminated by signal 15.
c [Main] Child pid 258 - 22336 terminated by signal 15.
c [Label = 247] Minimize Makespan Labeling problem (V-nos6.mtx.rnd):
c [Label = 249] Minimize Makespan Labeling problem (V-nos6.mtx.rnd):
c [Main] Child pid 266 - 22335 terminated by signal 15.
c [Main] Child pid 270 - 22332 terminated by signal 15.
c [Main] Child pid 274 - 22334 terminated by signal 15.
c [Main] Child pid 276 - 22338 terminated by signal 15.
c [Label = 248] Encoding starts with target value = 246:
c [Label = 248] Encoding duration: 1071ms.
c [Label = 248] Number of clauses: 678784.
c [Label = 248] Number of variables: 333598.
c [Label = 248] Solving duration: 1 ms.
s [Label = 248] SAT (w = 246).
c [Label = 248] Label assignment: 2 2 2 248 2 248 248 2 2 248 248 2 248 248 248 2 248 2 248 2 2 248 2 248 2 2 248 248 2 248 2 2 248 248 248 2 248 2 2 248 2 248 2 248 2 2 248 2 2 248 2 2 2 248 248 248 248 2 248 248 2 248 248 2 2 248 248 248 248 2 2 2 2 248 248 2 2 2 248 2 2 248 248 248 2 248 248 248 248 2 2 2 248 2 248 248 2 2 2 2 248 2 2 2 2 2 2 248 2 2 2 2 2 2 2 248 2 248 248 248 248 2 248 248 2 2 2 248 248 248 2 2 2 248 2 248 248 2 2 248 248 2 2 248 248 248 2 2 248 2 248 2 248 2 248 248 2 2 2 248 248 248 248 248 2 2 248 2 2 248 248 248 2 248 248 2 2 2 2 2 2 248 248 248 2 248 248 248 2 248 248 248 248 2 248 248 248 2 2 2 248 248 248 248 2 248 248 248 248 248 248 248 248 248 248 2 2 2 248 2 2 248 248 2 2 248 248 248 2 2 2 248 248 248 248 2 248 2 248 2 2 2 2 2 248 2 2 248 248 2 248 248 2 2 2 2 2 2 2 2 248 2 248 2 248 2 2 2 2 2 248 248 248 2 248 2 2 2 248 248 2 248 248 2 248 248 248 248 248 2 2 248 2 248 2 248 248 248 248 248 2 2 248 2 248 248 248 2 248 2 2 2 248 2 2 248 248 248 248 2 248 248 248 2 2 248 2 248 2 2 2 2 248 248 2 2 2 2 248 248 2 248 2 2 2 248 2 2 248 2 248 2 2 248 248 2 2 2 2 2 248 248 2 2 2 248 2 2 248 248 2 248 248 2 2 2 2 248 2 2 2 2 248 2 2 2 2 2 248 248 2 2 2 248 248 248 248 2 2 248 248 2 2 248 2 2 248 248 248 2 248 2 2 2 248 248 2 248 2 248 248 2 2 2 248 248 2 2 248 2 2 248 2 2 248 2 2 2 2 248 2 248 248 2 2 248 2 2 248 248 2 248 248 248 2 2 2 2 2 248 2 248 248 248 248 248 248 248 248 2 248 2 2 2 2 2 2 248 248 2 248 248 2 2 2 248 2 248 248 2 2 248 248 248 2 2 2 248 2 2 248 248 2 248 248 248 248 2 248 2 248 248 248 2 2 2 2 2 248 248 2 2 248 248 2 248 2 248 248 248 2 248 248 248 248 248 248 248 2 248 248 2 2 248 248 248 248 248 2 2 248 248 2 2 2 2 2 248 2 248 2 248 2 248 2 248 248 248 2 248 248 2 248 248 2 2 2 248 248 2 2 248 2 2 248 248 2 248 2 2 2 2 2 248 2 2 248 248 248 248 2 2 2 2 248 248 248 248 248 2 2 248 248 2 2 248 248 2 2 248 248 2 248 2 2 2 248 248 248 248 2 248 248 248 2 2 248 2 248 248 248 248 248 248 2 2 248 248 248 2 248 248 248 248 2 2 248 2 2 248 248 248 2 248 248 248 2 2 248 2 248 2 2 2 1 
c [Label = 247] Encoding starts with target value = 246:
c [Label = 247] Encoding duration: 1031ms.
c [Label = 247] Number of clauses: 670248.
c [Label = 247] Number of variables: 332248.
c [Label = 247] Solving duration: 11 ms.
s [Label = 247] SAT (w = 246).
c [Label = 247] Label assignment: 1 1 1 247 1 247 247 1 1 247 247 1 247 247 247 1 247 1 247 1 1 247 1 247 1 1 247 247 1 247 1 1 247 247 247 1 247 1 1 247 1 247 1 247 1 1 247 1 1 247 1 1 1 247 247 247 247 1 247 247 1 247 247 1 1 247 247 247 247 1 1 1 1 247 247 1 1 1 247 1 1 247 247 247 1 247 247 247 247 1 1 1 247 1 247 247 1 1 1 1 247 1 1 1 1 1 1 247 1 1 1 1 1 1 1 247 1 247 247 247 247 1 247 247 1 1 1 247 247 247 1 1 1 247 1 247 247 1 1 247 247 1 1 247 247 247 1 1 247 1 247 1 247 1 247 247 1 1 1 247 247 247 247 247 1 1 247 1 1 247 247 247 1 247 247 1 1 1 1 1 1 247 247 247 1 247 247 247 1 247 247 247 247 1 247 247 247 1 1 1 247 247 247 247 1 247 247 247 247 247 247 247 247 247 247 1 1 1 247 1 1 247 247 1 1 247 247 247 1 1 1 247 247 247 247 1 247 1 247 1 1 1 1 1 247 1 1 247 247 1 247 247 1 1 1 1 1 1 1 1 247 1 247 1 247 1 1 1 1 1 247 247 247 1 247 1 1 1 247 247 1 247 247 1 247 247 247 247 247 1 1 247 1 247 1 247 247 247 247 247 1 1 247 1 247 247 247 1 247 1 1 1 247 1 1 247 247 247 247 1 247 247 247 1 1 247 1 247 1 1 1 1 247 247 1 1 1 1 247 247 1 247 1 1 1 247 1 1 247 1 247 1 1 247 247 1 1 1 1 1 247 247 1 1 1 247 1 1 247 247 1 247 247 1 1 1 1 247 1 1 1 1 247 1 1 1 1 1 247 247 1 1 1 247 247 247 247 1 1 247 247 1 1 247 1 1 247 247 247 1 247 1 1 1 247 247 1 247 1 247 247 1 1 1 247 247 1 1 247 1 1 247 1 1 247 1 1 1 1 247 1 247 247 1 1 247 1 1 247 247 1 247 247 247 1 1 1 1 1 247 1 247 247 247 247 247 247 247 247 1 247 1 1 1 1 1 1 247 247 1 247 247 1 1 1 247 1 247 247 1 1 247 247 247 1 1 1 247 1 1 247 247 1 247 247 247 247 1 247 1 247 247 247 1 1 1 1 1 247 247 1 1 247 247 1 247 1 247 247 247 1 247 247 247 247 247 247 247 1 247 247 1 1 247 247 247 247 247 1 1 247 247 1 1 1 1 1 247 1 247 1 247 1 247 1 247 247 247 1 247 247 1 247 247 1 1 1 247 247 1 1 247 1 1 247 247 1 247 1 1 1 1 1 247 1 1 247 247 247 247 1 1 1 1 247 247 247 247 247 1 1 247 247 1 1 247 247 1 1 247 247 1 247 1 1 1 247 247 247 247 1 247 247 247 1 1 247 1 247 247 247 247 247 247 1 1 247 247 247 1 247 247 247 247 1 1 247 1 1 247 247 247 1 247 247 247 1 1 247 1 247 1 1 1 1 
c [Main] Lowest label SAT is set to 248.
c [Main] Kill higher label pid 249.
c [Label = 249] Encoding starts with target value = 246:
c [Label = 249] Encoding duration: 1061ms.
c [Label = 249] Number of clauses: 687319.
c [Label = 249] Number of variables: 334948.
c [Label = 249] Solving duration: 1 ms.
s [Label = 249] SAT (w = 246).
c [Label = 249] Label assignment: 3 3 3 249 3 249 249 3 3 249 249 3 249 249 249 3 249 3 249 3 3 249 3 249 3 3 249 249 3 249 3 3 249 249 249 3 249 3 3 249 3 249 3 249 3 3 249 3 3 249 3 3 3 249 249 249 249 3 249 249 3 249 249 3 3 249 249 249 249 3 3 3 3 249 249 3 3 3 249 3 3 249 249 249 3 249 249 249 249 3 3 3 249 3 249 249 3 3 3 3 249 3 3 3 3 3 3 249 3 3 3 3 3 3 3 249 3 249 249 249 249 3 249 249 3 3 3 249 249 249 3 3 3 249 3 249 249 3 3 249 249 3 3 249 249 249 3 3 249 3 249 3 249 3 249 249 3 3 3 249 249 249 249 249 3 3 249 3 3 249 249 249 3 249 249 3 3 3 3 3 3 249 249 249 3 249 249 249 3 249 249 249 249 3 249 249 249 3 3 3 249 249 249 249 3 249 249 249 249 249 249 249 249 249 249 3 3 3 249 3 3 249 249 3 3 249 249 249 3 3 3 249 249 249 249 3 249 3 249 3 3 3 3 3 249 3 3 249 249 3 249 249 3 3 3 3 3 3 3 3 249 3 249 3 249 3 3 3 3 3 249 249 249 3 249 3 3 3 249 249 3 249 249 3 249 249 249 249 249 3 3 249 3 249 3 249 249 249 249 249 3 3 249 3 249 249 249 3 249 3 3 3 249 3 3 249 249 249 249 3 249 249 249 3 3 249 3 249 3 3 3 3 249 249 3 3 3 3 249 249 3 249 3 3 3 249 3 3 249 3 249 3 3 249 249 3 3 3 3 3 249 249 3 3 3 249 3 3 249 249 3 249 249 3 3 3 3 249 3 3 3 3 249 3 3 3 3 3 249 249 3 3 3 249 249 249 249 3 3 249 249 3 3 249 3 3 249 249 249 3 249 3 3 3 249 249 3 249 3 249 249 3 3 3 249 249 3 3 249 3 3 249 3 3 249 3 3 3 3 249 3 249 249 3 3 249 3 3 249 249 3 249 249 249 3 3 3 3 3 249 3 249 249 249 249 249 249 249 249 3 249 3 3 3 3 3 3 249 249 3 249 249 3 3 3 249 3 249 249 3 3 249 249 249 3 3 3 249 3 3 249 249 3 249 249 249 249 3 249 3 249 249 249 3 3 3 3 3 249 249 3 3 249 249 3 249 3 249 249 249 3 249 249 249 249 249 249 249 3 249 249 3 3 249 249 249 249 249 3 3 249 249 3 3 3 3 3 249 3 249 3 249 3 249 3 249 249 249 3 249 249 3 249 249 3 3 3 249 249 3 3 249 3 3 249 249 3 249 3 3 3 3 3 249 3 3 249 249 249 249 3 3 3 3 249 249 249 249 249 3 3 249 249 3 3 249 249 3 3 249 249 3 249 3 3 3 249 249 249 249 3 249 249 249 3 3 249 3 249 249 249 249 249 249 3 3 249 249 249 3 249 249 249 249 3 3 249 3 3 249 249 249 3 249 249 249 3 3 249 3 249 3 3 3 1 
c [Signal] Signal interruption. Caught signal: SIGTERM (15).
c [Main] Lowest label SAT is set to 247.
c [Main] Kill higher label pid 249.
c [Main] Child pid 249 - 22341 terminated by signal 15.
c [Signal] Signal interruption. Caught signal: SIGTERM (15).
c [Main] All children have completed.
r [Main] 
r [Main] Final results: 
r [Main] Lowest label SAT:  	247.
r [Main] Highest label UNSAT:	-.
r [Main] Total real time: 5820 ms.
r [Main] Total memory consumed: 3279.4 MB.
r [Main] 
