c [Version] Minimize Makespan Labeling Encoder version 1.0.0.
c [Param] Target value is set to 411.
c [Param] LB is predefined as 412.
c [Param] UB is predefined as 844.
c [Param] Target value is set to Antibandwidth.
c [Param] Vertices mode is set to Has hole.
c [Param] Result verification is ON.
c [Param] Memory limit is set to 30000.
c [Param] Real time limit is set to 1800.
c [Param] Worker count is set to 8.
c [Param] Max CNF size is set to 10.
c [Main] Search strategy: Iterating Breadth First Search (Reverse).
c [Main] Search order: 628 736 519 790 682 573 465 817 763 709 655 600 546 492 438 831 803 776 749 722 695 668 641 614 586 559 532 505 478 451 424 838 824 810 796 783 769 756 742 729 715 702 688 675 661 648 634 621 607 593 579 566 552 539 525 512 498 485 471 458 444 431 417 841 834 827 820 813 806 799 793 786 779 772 766 759 752 745 739 732 725 718 712 705 698 691 685 678 671 664 658 651 644 637 631 624 617 610 603 596 589 582 576 569 562 555 549 542 535 528 522 515 508 501 495 488 481 474 468 461 454 447 441 434 427 420 414 843 839 836 832 829 825 822 818 815 811 808 804 801 797 794 791 788 784 781 777 774 770 767 764 761 757 754 750 747 743 740 737 734 730 727 723 720 716 713 710 707 703 700 696 693 689 686 683 680 676 673 669 666 662 659 656 653 649 646 642 639 635 632 629 626 622 619 615 612 608 605 601 598 594 591 587 584 580 577 574 571 567 564 560 557 553 550 547 544 540 537 533 530 526 523 520 517 513 510 506 503 499 496 493 490 486 483 479 476 472 469 466 463 459 456 452 449 445 442 439 436 432 429 425 422 418 415 412 844 842 840 837 835 833 830 828 826 823 821 819 816 814 812 809 807 805 802 800 798 795 792 789 787 785 782 780 778 775 773 771 768 765 762 760 758 755 753 751 748 746 744 741 738 735 733 731 728 726 724 721 719 717 714 711 708 706 704 701 699 697 694 692 690 687 684 681 679 677 674 672 670 667 665 663 660 657 654 652 650 647 645 643 640 638 636 633 630 627 625 623 620 618 616 613 611 609 606 604 602 599 597 595 592 590 588 585 583 581 578 575 572 570 568 565 563 561 558 556 554 551 548 545 543 541 538 536 534 531 529 527 524 521 518 516 514 511 509 507 504 502 500 497 494 491 489 487 484 482 480 477 475 473 470 467 464 462 460 457 455 453 450 448 446 443 440 437 435 433 430 428 426 423 421 419 416 413.
c [Main] Encoding and solving for graph: V-nos6.mtx.rnd.
c [Label = 628] Minimize Makespan Labeling problem (V-nos6.mtx.rnd):
c [Label = 736] Minimize Makespan Labeling problem (V-nos6.mtx.rnd):
c [Label = 519] Minimize Makespan Labeling problem (V-nos6.mtx.rnd):
c [Label = 790] Minimize Makespan Labeling problem (V-nos6.mtx.rnd):
c [Label = 682] Minimize Makespan Labeling problem (V-nos6.mtx.rnd):
c [Label = 573] Minimize Makespan Labeling problem (V-nos6.mtx.rnd):
c [Label = 465] Minimize Makespan Labeling problem (V-nos6.mtx.rnd):
c [Label = 817] Minimize Makespan Labeling problem (V-nos6.mtx.rnd):
c [Label = 465] Encoding starts with target value = 411:
c [Label = 465] Encoding duration: 2986ms.
c [Label = 465] Number of clauses: 1568212.
c [Label = 465] Number of variables: 626548.
c [Label = 465] Solving duration: 14 ms.
s [Label = 465] SAT (w = 411).
c [Label = 465] Label assignment: 54 54 54 465 54 465 465 54 54 465 465 54 465 465 465 54 465 54 465 54 54 465 54 465 54 54 465 465 54 465 54 54 465 465 465 54 465 54 54 465 54 465 54 465 54 54 465 54 54 465 54 54 54 465 465 465 465 54 465 465 54 465 465 54 54 465 465 465 465 54 54 54 54 465 465 54 54 54 465 54 54 465 465 465 54 465 465 465 465 54 54 54 465 54 465 465 54 54 54 54 465 54 54 54 54 54 54 465 54 54 54 54 54 54 54 465 54 465 465 465 465 54 465 465 54 54 54 465 465 465 54 54 54 465 54 465 465 54 54 465 465 54 54 465 465 465 54 54 465 54 465 54 465 54 465 465 54 54 54 465 465 465 465 465 54 54 465 54 54 465 465 465 54 465 465 54 54 54 54 54 54 465 465 465 54 465 465 465 54 465 465 465 465 54 465 465 465 54 54 54 465 465 465 465 54 465 465 465 465 465 465 465 465 465 465 54 54 54 465 54 54 465 465 54 54 465 465 465 54 54 54 465 465 465 465 54 465 54 465 54 54 54 54 54 465 54 54 465 465 54 465 465 54 54 54 54 54 54 54 54 465 54 465 54 465 54 54 54 54 54 465 465 465 54 465 54 54 54 465 465 54 465 465 54 465 465 465 465 465 54 54 465 54 465 54 465 465 465 465 465 54 54 465 54 465 465 465 54 465 54 54 54 465 54 54 465 465 465 465 54 465 465 465 54 54 465 54 465 54 54 54 54 465 465 54 54 54 54 465 465 54 465 54 54 54 465 54 54 465 54 465 54 54 465 465 54 54 54 54 54 465 465 54 54 54 465 54 54 465 465 54 465 465 54 54 54 54 465 54 54 54 54 465 54 54 54 54 54 465 465 54 54 54 465 465 465 465 54 54 465 465 54 54 465 54 54 465 465 465 54 465 54 54 54 465 465 54 465 54 465 465 54 54 54 465 465 54 54 465 54 54 465 54 54 465 54 54 54 54 465 54 465 465 54 54 465 54 54 465 465 54 465 465 465 54 54 54 54 54 465 54 465 465 465 465 465 465 465 465 54 465 54 54 54 54 54 54 465 465 54 465 465 54 54 54 465 54 465 465 54 54 465 465 465 54 54 54 465 54 54 465 465 54 465 465 465 465 54 465 54 465 465 465 54 54 54 54 54 465 465 54 54 465 465 54 465 54 465 465 465 54 465 465 465 465 465 465 465 54 465 465 54 54 465 465 465 465 465 54 54 465 465 54 54 54 54 54 465 54 465 54 465 54 465 54 465 465 465 54 465 465 54 465 465 54 54 54 465 465 54 54 465 54 54 465 465 54 465 54 54 54 54 54 465 54 54 465 465 465 465 54 54 54 54 465 465 465 465 465 54 54 465 465 54 54 465 465 54 54 465 465 54 465 54 54 54 465 465 465 465 54 465 465 465 54 54 465 54 465 465 465 465 465 465 54 54 465 465 465 54 465 465 465 465 54 54 465 54 54 465 465 465 54 465 465 465 54 54 465 54 465 54 54 54 1 
c [Label = 682] Encoding starts with target value = 411:
c [Signal] Signal interruption. Caught signal: SIGTERM (15).
c [Main] Lowest label SAT is set to 465.
c [Main] Kill higher label pid 817.
c [Main] Kill higher label pid 573.
c [Main] Kill higher label pid 682.
c [Main] Kill higher label pid 790.
c [Main] Kill higher label pid 519.
c [Main] Kill higher label pid 736.
c [Main] Kill higher label pid 628.
c [Label = 573] Encoding starts with target value = 411:
c [Signal] Signal interruption. Caught signal: SIGTERM (15).
c [Label = 519] Encoding starts with target value = 411:
c [Label = 519] Encoding duration: 3568ms.
c [Label = 519] Number of clauses: 2029129.
c [Label = 519] Number of variables: 699448.
c [Label = 519] Solving duration: 22 ms.
s [Label = 519] SAT (w = 411).
c [Label = 519] Label assignment: 108 108 108 519 108 519 519 108 108 519 519 108 519 519 519 108 519 108 519 108 108 519 108 519 108 108 519 519 108 519 108 108 519 519 519 108 519 108 108 519 108 519 108 519 108 108 519 108 108 519 108 108 108 519 519 519 519 108 519 519 108 519 519 108 108 519 519 519 519 108 108 108 108 519 519 108 108 108 519 108 108 519 519 519 108 519 519 519 519 108 108 108 519 108 519 519 108 108 108 108 519 108 108 108 108 108 108 519 108 108 108 108 108 108 108 519 108 519 519 519 519 108 519 519 108 108 108 519 519 519 108 108 108 519 108 519 519 108 108 519 519 108 108 519 519 519 108 108 519 108 519 108 519 108 519 519 108 108 108 519 519 519 519 519 108 108 519 108 108 519 519 519 108 519 519 108 108 108 108 108 108 519 519 519 108 519 519 519 108 519 519 519 519 108 519 519 519 108 108 108 519 519 519 519 108 519 519 519 519 519 519 519 519 519 519 108 108 108 519 108 108 519 519 108 108 519 519 519 108 108 108 519 519 519 519 108 519 108 519 108 108 108 108 108 519 108 108 519 519 108 519 519 108 108 108 108 108 108 108 108 519 108 519 108 519 108 108 108 108 108 519 519 519 108 519 108 108 108 519 519 108 519 519 108 519 519 519 519 519 108 108 519 108 519 108 519 519 519 519 519 108 108 519 108 519 519 519 108 519 108 108 108 519 108 108 519 519 519 519 108 519 519 519 108 108 519 108 519 108 108 108 108 519 519 108 108 108 108 519 519 108 519 108 108 108 519 108 108 519 108 519 108 108 519 519 108 108 108 108 108 519 519 108 108 108 519 108 108 519 519 108 519 519 108 108 108 108 519 108 108 108 108 519 108 108 108 108 108 519 519 108 108 108 519 519 519 519 108 108 519 519 108 108 519 108 108 519 519 519 108 519 108 108 108 519 519 108 519 108 519 519 108 108 108 519 519 108 108 519 108 108 519 108 108 519 108 108 108 108 519 108 519 519 108 108 519 108 108 519 519 108 519 519 519 108 108 108 108 108 519 108 519 519 519 519 519 519 519 519 108 519 108 108 108 108 108 108 519 519 108 519 519 108 108 108 519 108 519 519 108 108 519 519 519 108 108 108 519 108 108 519 519 108 519 519 519 519 108 519 108 519 519 519 108 108 108 108 108 519 519 108 108 519 519 108 519 108 519 519 519 108 519 519 519 519 519 519 519 108 519 519 108 108 519 519 519 519 519 108 108 519 519 108 108 108 108 108 519 108 519 108 519 108 519 108 519 519 519 108 519 519 108 519 519 108 108 108 519 519 108 108 519 108 108 519 519 108 519 108 108 108 108 108 519 108 108 519 519 519 519 108 108 108 108 519 519 519 519 519 108 108 519 519 108 108 519 519 108 108 519 519 108 519 108 108 108 519 519 519 519 108 519 519 519 108 108 519 108 519 519 519 519 519 519 108 108 519 519 519 108 519 519 519 519 108 108 519 108 108 519 519 519 108 519 519 519 108 108 519 108 519 108 108 108 1 
c [Signal] Signal interruption. Caught signal: SIGTERM (15).
c [Label = 790] Encoding starts with target value = 411:
c [Signal] Signal interruption. Caught signal: SIGTERM (15).
c [Label = 628] Encoding starts with target value = 411:
c [Signal] Signal interruption. Caught signal: SIGTERM (15).
c [Label = 736] Encoding starts with target value = 411:
c [Signal] Signal interruption. Caught signal: SIGTERM (15).
c [Label = 817] Encoding starts with target value = 411:
c [Signal] Signal interruption. Caught signal: SIGTERM (15).
c [Label = 438] Minimize Makespan Labeling problem (V-nos6.mtx.rnd):
c [Main] Child pid 519 - 1792893 terminated by signal 15.
c [Label = 451] Minimize Makespan Labeling problem (V-nos6.mtx.rnd):
c [Main] Child pid 573 - 1792896 terminated by signal 15.
c [Label = 424] Minimize Makespan Labeling problem (V-nos6.mtx.rnd):
c [Main] Child pid 628 - 1792891 terminated by signal 15.
c [Main] Child pid 736 - 1792892 terminated by signal 15.
c [Label = 444] Minimize Makespan Labeling problem (V-nos6.mtx.rnd):
c [Main] Child pid 682 - 1792895 terminated by signal 15.
c [Label = 431] Minimize Makespan Labeling problem (V-nos6.mtx.rnd):
c [Main] Child pid 817 - 1792898 terminated by signal 15.
c [Label = 458] Minimize Makespan Labeling problem (V-nos6.mtx.rnd):
c [Label = 417] Minimize Makespan Labeling problem (V-nos6.mtx.rnd):
c [Main] Child pid 790 - 1792894 terminated by signal 15.
c [Label = 461] Minimize Makespan Labeling problem (V-nos6.mtx.rnd):
c [Label = 417] Encoding starts with target value = 411:
c [Label = 417] Encoding duration: 2380ms.
c [Label = 417] Number of clauses: 1158508.
c [Label = 417] Number of variables: 561748.
c [Label = 417] Solving duration: 3 ms.
s [Label = 417] SAT (w = 411).
c [Label = 417] Label assignment: 6 6 6 417 6 417 417 6 6 417 417 6 417 417 417 6 417 6 417 6 6 417 6 417 6 6 417 417 6 417 6 6 417 417 417 6 417 6 6 417 6 417 6 417 6 6 417 6 6 417 6 6 6 417 417 417 417 6 417 417 6 417 417 6 6 417 417 417 417 6 6 6 6 417 417 6 6 6 417 6 6 417 417 417 6 417 417 417 417 6 6 6 417 6 417 417 6 6 6 6 417 6 6 6 6 6 6 417 6 6 6 6 6 6 6 417 6 417 417 417 417 6 417 417 6 6 6 417 417 417 6 6 6 417 6 417 417 6 6 417 417 6 6 417 417 417 6 6 417 6 417 6 417 6 417 417 6 6 6 417 417 417 417 417 6 6 417 6 6 417 417 417 6 417 417 6 6 6 6 6 6 417 417 417 6 417 417 417 6 417 417 417 417 6 417 417 417 6 6 6 417 417 417 417 6 417 417 417 417 417 417 417 417 417 417 6 6 6 417 6 6 417 417 6 6 417 417 417 6 6 6 417 417 417 417 6 417 6 417 6 6 6 6 6 417 6 6 417 417 6 417 417 6 6 6 6 6 6 6 6 417 6 417 6 417 6 6 6 6 6 417 417 417 6 417 6 6 6 417 417 6 417 417 6 417 417 417 417 417 6 6 417 6 417 6 417 417 417 417 417 6 6 417 6 417 417 417 6 417 6 6 6 417 6 6 417 417 417 417 6 417 417 417 6 6 417 6 417 6 6 6 6 417 417 6 6 6 6 417 417 6 417 6 6 6 417 6 6 417 6 417 6 6 417 417 6 6 6 6 6 417 417 6 6 6 417 6 6 417 417 6 417 417 6 6 6 6 417 6 6 6 6 417 6 6 6 6 6 417 417 6 6 6 417 417 417 417 6 6 417 417 6 6 417 6 6 417 417 417 6 417 6 6 6 417 417 6 417 6 417 417 6 6 6 417 417 6 6 417 6 6 417 6 6 417 6 6 6 6 417 6 417 417 6 6 417 6 6 417 417 6 417 417 417 6 6 6 6 6 417 6 417 417 417 417 417 417 417 417 6 417 6 6 6 6 6 6 417 417 6 417 417 6 6 6 417 6 417 417 6 6 417 417 417 6 6 6 417 6 6 417 417 6 417 417 417 417 6 417 6 417 417 417 6 6 6 6 6 417 417 6 6 417 417 6 417 6 417 417 417 6 417 417 417 417 417 417 417 6 417 417 6 6 417 417 417 417 417 6 6 417 417 6 6 6 6 6 417 6 417 6 417 6 417 6 417 417 417 6 417 417 6 417 417 6 6 6 417 417 6 6 417 6 6 417 417 6 417 6 6 6 6 6 417 6 6 417 417 417 417 6 6 6 6 417 417 417 417 417 6 6 417 417 6 6 417 417 6 6 417 417 6 417 6 6 6 417 417 417 417 6 417 417 417 6 6 417 6 417 417 417 417 417 417 6 6 417 417 417 6 417 417 417 417 6 6 417 6 6 417 417 417 6 417 417 417 6 6 417 6 417 6 6 6 1 
c [Label = 431] Encoding starts with target value = 411:
c [Label = 431] Encoding duration: 2560ms.
c [Label = 431] Number of clauses: 1278005.
c [Label = 431] Number of variables: 580648.
c [Label = 431] Solving duration: 6 ms.
s [Label = 431] SAT (w = 411).
c [Label = 431] Label assignment: 20 20 20 431 20 431 431 20 20 431 431 20 431 431 431 20 431 20 431 20 20 431 20 431 20 20 431 431 20 431 20 20 431 431 431 20 431 20 20 431 20 431 20 431 20 20 431 20 20 431 20 20 20 431 431 431 431 20 431 431 20 431 431 20 20 431 431 431 431 20 20 20 20 431 431 20 20 20 431 20 20 431 431 431 20 431 431 431 431 20 20 20 431 20 431 431 20 20 20 20 431 20 20 20 20 20 20 431 20 20 20 20 20 20 20 431 20 431 431 431 431 20 431 431 20 20 20 431 431 431 20 20 20 431 20 431 431 20 20 431 431 20 20 431 431 431 20 20 431 20 431 20 431 20 431 431 20 20 20 431 431 431 431 431 20 20 431 20 20 431 431 431 20 431 431 20 20 20 20 20 20 431 431 431 20 431 431 431 20 431 431 431 431 20 431 431 431 20 20 20 431 431 431 431 20 431 431 431 431 431 431 431 431 431 431 20 20 20 431 20 20 431 431 20 20 431 431 431 20 20 20 431 431 431 431 20 431 20 431 20 20 20 20 20 431 20 20 431 431 20 431 431 20 20 20 20 20 20 20 20 431 20 431 20 431 20 20 20 20 20 431 431 431 20 431 20 20 20 431 431 20 431 431 20 431 431 431 431 431 20 20 431 20 431 20 431 431 431 431 431 20 20 431 20 431 431 431 20 431 20 20 20 431 20 20 431 431 431 431 20 431 431 431 20 20 431 20 431 20 20 20 20 431 431 20 20 20 20 431 431 20 431 20 20 20 431 20 20 431 20 431 20 20 431 431 20 20 20 20 20 431 431 20 20 20 431 20 20 431 431 20 431 431 20 20 20 20 431 20 20 20 20 431 20 20 20 20 20 431 431 20 20 20 431 431 431 431 20 20 431 431 20 20 431 20 20 431 431 431 20 431 20 20 20 431 431 20 431 20 431 431 20 20 20 431 431 20 20 431 20 20 431 20 20 431 20 20 20 20 431 20 431 431 20 20 431 20 20 431 431 20 431 431 431 20 20 20 20 20 431 20 431 431 431 431 431 431 431 431 20 431 20 20 20 20 20 20 431 431 20 431 431 20 20 20 431 20 431 431 20 20 431 431 431 20 20 20 431 20 20 431 431 20 431 431 431 431 20 431 20 431 431 431 20 20 20 20 20 431 431 20 20 431 431 20 431 20 431 431 431 20 431 431 431 431 431 431 431 20 431 431 20 20 431 431 431 431 431 20 20 431 431 20 20 20 20 20 431 20 431 20 431 20 431 20 431 431 431 20 431 431 20 431 431 20 20 20 431 431 20 20 431 20 20 431 431 20 431 20 20 20 20 20 431 20 20 431 431 431 431 20 20 20 20 431 431 431 431 431 20 20 431 431 20 20 431 431 20 20 431 431 20 431 20 20 20 431 431 431 431 20 431 431 431 20 20 431 20 431 431 431 431 431 431 20 20 431 431 431 20 431 431 431 431 20 20 431 20 20 431 431 431 20 431 431 431 20 20 431 20 431 20 20 20 1 
c [Signal] Signal interruption. Caught signal: SIGTERM (15).
c [Label = 461] Encoding starts with target value = 411:
c [Label = 461] Encoding duration: 2873ms.
c [Label = 461] Number of clauses: 1534070.
c [Label = 461] Number of variables: 621148.
c [Label = 461] Solving duration: 12 ms.
s [Label = 461] SAT (w = 411).
c [Label = 461] Label assignment: 50 50 50 461 50 461 461 50 50 461 461 50 461 461 461 50 461 50 461 50 50 461 50 461 50 50 461 461 50 461 50 50 461 461 461 50 461 50 50 461 50 461 50 461 50 50 461 50 50 461 50 50 50 461 461 461 461 50 461 461 50 461 461 50 50 461 461 461 461 50 50 50 50 461 461 50 50 50 461 50 50 461 461 461 50 461 461 461 461 50 50 50 461 50 461 461 50 50 50 50 461 50 50 50 50 50 50 461 50 50 50 50 50 50 50 461 50 461 461 461 461 50 461 461 50 50 50 461 461 461 50 50 50 461 50 461 461 50 50 461 461 50 50 461 461 461 50 50 461 50 461 50 461 50 461 461 50 50 50 461 461 461 461 461 50 50 461 50 50 461 461 461 50 461 461 50 50 50 50 50 50 461 461 461 50 461 461 461 50 461 461 461 461 50 461 461 461 50 50 50 461 461 461 461 50 461 461 461 461 461 461 461 461 461 461 50 50 50 461 50 50 461 461 50 50 461 461 461 50 50 50 461 461 461 461 50 461 50 461 50 50 50 50 50 461 50 50 461 461 50 461 461 50 50 50 50 50 50 50 50 461 50 461 50 461 50 50 50 50 50 461 461 461 50 461 50 50 50 461 461 50 461 461 50 461 461 461 461 461 50 50 461 50 461 50 461 461 461 461 461 50 50 461 50 461 461 461 50 461 50 50 50 461 50 50 461 461 461 461 50 461 461 461 50 50 461 50 461 50 50 50 50 461 461 50 50 50 50 461 461 50 461 50 50 50 461 50 50 461 50 461 50 50 461 461 50 50 50 50 50 461 461 50 50 50 461 50 50 461 461 50 461 461 50 50 50 50 461 50 50 50 50 461 50 50 50 50 50 461 461 50 50 50 461 461 461 461 50 50 461 461 50 50 461 50 50 461 461 461 50 461 50 50 50 461 461 50 461 50 461 461 50 50 50 461 461 50 50 461 50 50 461 50 50 461 50 50 50 50 461 50 461 461 50 50 461 50 50 461 461 50 461 461 461 50 50 50 50 50 461 50 461 461 461 461 461 461 461 461 50 461 50 50 50 50 50 50 461 461 50 461 461 50 50 50 461 50 461 461 50 50 461 461 461 50 50 50 461 50 50 461 461 50 461 461 461 461 50 461 50 461 461 461 50 50 50 50 50 461 461 50 50 461 461 50 461 50 461 461 461 50 461 461 461 461 461 461 461 50 461 461 50 50 461 461 461 461 461 50 50 461 461 50 50 50 50 50 461 50 461 50 461 50 461 50 461 461 461 50 461 461 50 461 461 50 50 50 461 461 50 50 461 50 50 461 461 50 461 50 50 50 50 50 461 50 50 461 461 461 461 50 50 50 50 461 461 461 461 461 50 50 461 461 50 50 461 461 50 50 461 461 50 461 50 50 50 461 461 461 461 50 461 461 461 50 50 461 50 461 461 461 461 461 461 50 50 461 461 461 50 461 461 461 461 50 50 461 50 50 461 461 461 50 461 461 461 50 50 461 50 461 50 50 50 1 
c [Signal] Signal interruption. Caught signal: SIGTERM (15).
c [Main] Lowest label SAT is set to 417.
c [Main] Kill higher label pid 461.
c [Main] Kill higher label pid 431.
c [Main] Kill higher label pid 444.
c [Main] Kill higher label pid 458.
c [Main] Kill higher label pid 451.
c [Main] Kill higher label pid 438.
c [Main] Kill higher label pid 424.
c [Label = 458] Encoding starts with target value = 411:
c [Label = 458] Encoding duration: 2809ms.
c [Label = 458] Number of clauses: 1508464.
c [Label = 458] Number of variables: 617098.
c [Label = 458] Solving duration: 12 ms.
s [Label = 458] SAT (w = 411).
c [Label = 458] Label assignment: 47 47 47 458 47 458 458 47 47 458 458 47 458 458 458 47 458 47 458 47 47 458 47 458 47 47 458 458 47 458 47 47 458 458 458 47 458 47 47 458 47 458 47 458 47 47 458 47 47 458 47 47 47 458 458 458 458 47 458 458 47 458 458 47 47 458 458 458 458 47 47 47 47 458 458 47 47 47 458 47 47 458 458 458 47 458 458 458 458 47 47 47 458 47 458 458 47 47 47 47 458 47 47 47 47 47 47 458 47 47 47 47 47 47 47 458 47 458 458 458 458 47 458 458 47 47 47 458 458 458 47 47 47 458 47 458 458 47 47 458 458 47 47 458 458 458 47 47 458 47 458 47 458 47 458 458 47 47 47 458 458 458 458 458 47 47 458 47 47 458 458 458 47 458 458 47 47 47 47 47 47 458 458 458 47 458 458 458 47 458 458 458 458 47 458 458 458 47 47 47 458 458 458 458 47 458 458 458 458 458 458 458 458 458 458 47 47 47 458 47 47 458 458 47 47 458 458 458 47 47 47 458 458 458 458 47 458 47 458 47 47 47 47 47 458 47 47 458 458 47 458 458 47 47 47 47 47 47 47 47 458 47 458 47 458 47 47 47 47 47 458 458 458 47 458 47 47 47 458 458 47 458 458 47 458 458 458 458 458 47 47 458 47 458 47 458 458 458 458 458 47 47 458 47 458 458 458 47 458 47 47 47 458 47 47 458 458 458 458 47 458 458 458 47 47 458 47 458 47 47 47 47 458 458 47 47 47 47 458 458 47 458 47 47 47 458 47 47 458 47 458 47 47 458 458 47 47 47 47 47 458 458 47 47 47 458 47 47 458 458 47 458 458 47 47 47 47 458 47 47 47 47 458 47 47 47 47 47 458 458 47 47 47 458 458 458 458 47 47 458 458 47 47 458 47 47 458 458 458 47 458 47 47 47 458 458 47 458 47 458 458 47 47 47 458 458 47 47 458 47 47 458 47 47 458 47 47 47 47 458 47 458 458 47 47 458 47 47 458 458 47 458 458 458 47 47 47 47 47 458 47 458 458 458 458 458 458 458 458 47 458 47 47 47 47 47 47 458 458 47 458 458 47 47 47 458 47 458 458 47 47 458 458 458 47 47 47 458 47 47 458 458 47 458 458 458 458 47 458 47 458 458 458 47 47 47 47 47 458 458 47 47 458 458 47 458 47 458 458 458 47 458 458 458 458 458 458 458 47 458 458 47 47 458 458 458 458 458 47 47 458 458 47 47 47 47 47 458 47 458 47 458 47 458 47 458 458 458 47 458 458 47 458 458 47 47 47 458 458 47 47 458 47 47 458 458 47 458 47 47 47 47 47 458 47 47 458 458 458 458 47 47 47 47 458 458 458 458 458 47 47 458 458 47 47 458 458 47 47 458 458 47 458 47 47 47 458 458 458 458 47 458 458 458 47 47 458 47 458 458 458 458 458 458 47 47 458 458 458 47 458 458 458 458 47 47 458 47 47 458 458 458 47 458 458 458 47 47 458 47 458 47 47 47 1 
c [Signal] Signal interruption. Caught signal: SIGTERM (15).
c [Label = 451] Encoding starts with target value = 411:
c [Label = 451] Encoding duration: 2730ms.
c [Label = 451] Number of clauses: 1448715.
c [Label = 451] Number of variables: 607648.
c [Label = 451] Solving duration: 11 ms.
s [Label = 451] SAT (w = 411).
c [Label = 451] Label assignment: 40 40 40 451 40 451 451 40 40 451 451 40 451 451 451 40 451 40 451 40 40 451 40 451 40 40 451 451 40 451 40 40 451 451 451 40 451 40 40 451 40 451 40 451 40 40 451 40 40 451 40 40 40 451 451 451 451 40 451 451 40 451 451 40 40 451 451 451 451 40 40 40 40 451 451 40 40 40 451 40 40 451 451 451 40 451 451 451 451 40 40 40 451 40 451 451 40 40 40 40 451 40 40 40 40 40 40 451 40 40 40 40 40 40 40 451 40 451 451 451 451 40 451 451 40 40 40 451 451 451 40 40 40 451 40 451 451 40 40 451 451 40 40 451 451 451 40 40 451 40 451 40 451 40 451 451 40 40 40 451 451 451 451 451 40 40 451 40 40 451 451 451 40 451 451 40 40 40 40 40 40 451 451 451 40 451 451 451 40 451 451 451 451 40 451 451 451 40 40 40 451 451 451 451 40 451 451 451 451 451 451 451 451 451 451 40 40 40 451 40 40 451 451 40 40 451 451 451 40 40 40 451 451 451 451 40 451 40 451 40 40 40 40 40 451 40 40 451 451 40 451 451 40 40 40 40 40 40 40 40 451 40 451 40 451 40 40 40 40 40 451 451 451 40 451 40 40 40 451 451 40 451 451 40 451 451 451 451 451 40 40 451 40 451 40 451 451 451 451 451 40 40 451 40 451 451 451 40 451 40 40 40 451 40 40 451 451 451 451 40 451 451 451 40 40 451 40 451 40 40 40 40 451 451 40 40 40 40 451 451 40 451 40 40 40 451 40 40 451 40 451 40 40 451 451 40 40 40 40 40 451 451 40 40 40 451 40 40 451 451 40 451 451 40 40 40 40 451 40 40 40 40 451 40 40 40 40 40 451 451 40 40 40 451 451 451 451 40 40 451 451 40 40 451 40 40 451 451 451 40 451 40 40 40 451 451 40 451 40 451 451 40 40 40 451 451 40 40 451 40 40 451 40 40 451 40 40 40 40 451 40 451 451 40 40 451 40 40 451 451 40 451 451 451 40 40 40 40 40 451 40 451 451 451 451 451 451 451 451 40 451 40 40 40 40 40 40 451 451 40 451 451 40 40 40 451 40 451 451 40 40 451 451 451 40 40 40 451 40 40 451 451 40 451 451 451 451 40 451 40 451 451 451 40 40 40 40 40 451 451 40 40 451 451 40 451 40 451 451 451 40 451 451 451 451 451 451 451 40 451 451 40 40 451 451 451 451 451 40 40 451 451 40 40 40 40 40 451 40 451 40 451 40 451 40 451 451 451 40 451 451 40 451 451 40 40 40 451 451 40 40 451 40 40 451 451 40 451 40 40 40 40 40 451 40 40 451 451 451 451 40 40 40 40 451 451 451 451 451 40 40 451 451 40 40 451 451 40 40 451 451 40 451 40 40 40 451 451 451 451 40 451 451 451 40 40 451 40 451 451 451 451 451 451 40 40 451 451 451 40 451 451 451 451 40 40 451 40 40 451 451 451 40 451 451 451 40 40 451 40 451 40 40 40 1 
c [Signal] Signal interruption. Caught signal: SIGTERM (15).
c [Label = 438] Encoding starts with target value = 411:
c [Label = 438] Encoding duration: 2679ms.
c [Label = 438] Number of clauses: 1337754.
c [Label = 438] Number of variables: 590098.
c [Label = 438] Solving duration: 8 ms.
s [Label = 438] SAT (w = 411).
c [Label = 438] Label assignment: 27 27 27 438 27 438 438 27 27 438 438 27 438 438 438 27 438 27 438 27 27 438 27 438 27 27 438 438 27 438 27 27 438 438 438 27 438 27 27 438 27 438 27 438 27 27 438 27 27 438 27 27 27 438 438 438 438 27 438 438 27 438 438 27 27 438 438 438 438 27 27 27 27 438 438 27 27 27 438 27 27 438 438 438 27 438 438 438 438 27 27 27 438 27 438 438 27 27 27 27 438 27 27 27 27 27 27 438 27 27 27 27 27 27 27 438 27 438 438 438 438 27 438 438 27 27 27 438 438 438 27 27 27 438 27 438 438 27 27 438 438 27 27 438 438 438 27 27 438 27 438 27 438 27 438 438 27 27 27 438 438 438 438 438 27 27 438 27 27 438 438 438 27 438 438 27 27 27 27 27 27 438 438 438 27 438 438 438 27 438 438 438 438 27 438 438 438 27 27 27 438 438 438 438 27 438 438 438 438 438 438 438 438 438 438 27 27 27 438 27 27 438 438 27 27 438 438 438 27 27 27 438 438 438 438 27 438 27 438 27 27 27 27 27 438 27 27 438 438 27 438 438 27 27 27 27 27 27 27 27 438 27 438 27 438 27 27 27 27 27 438 438 438 27 438 27 27 27 438 438 27 438 438 27 438 438 438 438 438 27 27 438 27 438 27 438 438 438 438 438 27 27 438 27 438 438 438 27 438 27 27 27 438 27 27 438 438 438 438 27 438 438 438 27 27 438 27 438 27 27 27 27 438 438 27 27 27 27 438 438 27 438 27 27 27 438 27 27 438 27 438 27 27 438 438 27 27 27 27 27 438 438 27 27 27 438 27 27 438 438 27 438 438 27 27 27 27 438 27 27 27 27 438 27 27 27 27 27 438 438 27 27 27 438 438 438 438 27 27 438 438 27 27 438 27 27 438 438 438 27 438 27 27 27 438 438 27 438 27 438 438 27 27 27 438 438 27 27 438 27 27 438 27 27 438 27 27 27 27 438 27 438 438 27 27 438 27 27 438 438 27 438 438 438 27 27 27 27 27 438 27 438 438 438 438 438 438 438 438 27 438 27 27 27 27 27 27 438 438 27 438 438 27 27 27 438 27 438 438 27 27 438 438 438 27 27 27 438 27 27 438 438 27 438 438 438 438 27 438 27 438 438 438 27 27 27 27 27 438 438 27 27 438 438 27 438 27 438 438 438 27 438 438 438 438 438 438 438 27 438 438 27 27 438 438 438 438 438 27 27 438 438 27 27 27 27 27 438 27 438 27 438 27 438 27 438 438 438 27 438 438 27 438 438 27 27 27 438 438 27 27 438 27 27 438 438 27 438 27 27 27 27 27 438 27 27 438 438 438 438 27 27 27 27 438 438 438 438 438 27 27 438 438 27 27 438 438 27 27 438 438 27 438 27 27 27 438 438 438 438 27 438 438 438 27 27 438 27 438 438 438 438 438 438 27 27 438 438 438 27 438 438 438 438 27 27 438 27 27 438 438 438 27 438 438 438 27 27 438 27 438 27 27 27 1 
c [Signal] Signal interruption. Caught signal: SIGTERM (15).
c [Label = 424] Encoding starts with target value = 411:
c [Label = 424] Encoding duration: 2391ms.
c [Label = 424] Number of clauses: 1218257.
c [Label = 424] Number of variables: 571198.
c [Label = 424] Solving duration: 5 ms.
s [Label = 424] SAT (w = 411).
c [Label = 424] Label assignment: 13 13 13 424 13 424 424 13 13 424 424 13 424 424 424 13 424 13 424 13 13 424 13 424 13 13 424 424 13 424 13 13 424 424 424 13 424 13 13 424 13 424 13 424 13 13 424 13 13 424 13 13 13 424 424 424 424 13 424 424 13 424 424 13 13 424 424 424 424 13 13 13 13 424 424 13 13 13 424 13 13 424 424 424 13 424 424 424 424 13 13 13 424 13 424 424 13 13 13 13 424 13 13 13 13 13 13 424 13 13 13 13 13 13 13 424 13 424 424 424 424 13 424 424 13 13 13 424 424 424 13 13 13 424 13 424 424 13 13 424 424 13 13 424 424 424 13 13 424 13 424 13 424 13 424 424 13 13 13 424 424 424 424 424 13 13 424 13 13 424 424 424 13 424 424 13 13 13 13 13 13 424 424 424 13 424 424 424 13 424 424 424 424 13 424 424 424 13 13 13 424 424 424 424 13 424 424 424 424 424 424 424 424 424 424 13 13 13 424 13 13 424 424 13 13 424 424 424 13 13 13 424 424 424 424 13 424 13 424 13 13 13 13 13 424 13 13 424 424 13 424 424 13 13 13 13 13 13 13 13 424 13 424 13 424 13 13 13 13 13 424 424 424 13 424 13 13 13 424 424 13 424 424 13 424 424 424 424 424 13 13 424 13 424 13 424 424 424 424 424 13 13 424 13 424 424 424 13 424 13 13 13 424 13 13 424 424 424 424 13 424 424 424 13 13 424 13 424 13 13 13 13 424 424 13 13 13 13 424 424 13 424 13 13 13 424 13 13 424 13 424 13 13 424 424 13 13 13 13 13 424 424 13 13 13 424 13 13 424 424 13 424 424 13 13 13 13 424 13 13 13 13 424 13 13 13 13 13 424 424 13 13 13 424 424 424 424 13 13 424 424 13 13 424 13 13 424 424 424 13 424 13 13 13 424 424 13 424 13 424 424 13 13 13 424 424 13 13 424 13 13 424 13 13 424 13 13 13 13 424 13 424 424 13 13 424 13 13 424 424 13 424 424 424 13 13 13 13 13 424 13 424 424 424 424 424 424 424 424 13 424 13 13 13 13 13 13 424 424 13 424 424 13 13 13 424 13 424 424 13 13 424 424 424 13 13 13 424 13 13 424 424 13 424 424 424 424 13 424 13 424 424 424 13 13 13 13 13 424 424 13 13 424 424 13 424 13 424 424 424 13 424 424 424 424 424 424 424 13 424 424 13 13 424 424 424 424 424 13 13 424 424 13 13 13 13 13 424 13 424 13 424 13 424 13 424 424 424 13 424 424 13 424 424 13 13 13 424 424 13 13 424 13 13 424 424 13 424 13 13 13 13 13 424 13 13 424 424 424 424 13 13 13 13 424 424 424 424 424 13 13 424 424 13 13 424 424 13 13 424 424 13 424 13 13 13 424 424 424 424 13 424 424 424 13 13 424 13 424 424 424 424 424 424 13 13 424 424 424 13 424 424 424 424 13 13 424 13 13 424 424 424 13 424 424 424 13 13 424 13 424 13 13 13 1 
c [Signal] Signal interruption. Caught signal: SIGTERM (15).
c [Label = 444] Encoding starts with target value = 411:
c [Label = 444] Encoding duration: 2675ms.
c [Label = 444] Number of clauses: 1388967.
c [Label = 444] Number of variables: 598198.
c [Label = 444] Solving duration: 9 ms.
s [Label = 444] SAT (w = 411).
c [Label = 444] Label assignment: 33 33 33 444 33 444 444 33 33 444 444 33 444 444 444 33 444 33 444 33 33 444 33 444 33 33 444 444 33 444 33 33 444 444 444 33 444 33 33 444 33 444 33 444 33 33 444 33 33 444 33 33 33 444 444 444 444 33 444 444 33 444 444 33 33 444 444 444 444 33 33 33 33 444 444 33 33 33 444 33 33 444 444 444 33 444 444 444 444 33 33 33 444 33 444 444 33 33 33 33 444 33 33 33 33 33 33 444 33 33 33 33 33 33 33 444 33 444 444 444 444 33 444 444 33 33 33 444 444 444 33 33 33 444 33 444 444 33 33 444 444 33 33 444 444 444 33 33 444 33 444 33 444 33 444 444 33 33 33 444 444 444 444 444 33 33 444 33 33 444 444 444 33 444 444 33 33 33 33 33 33 444 444 444 33 444 444 444 33 444 444 444 444 33 444 444 444 33 33 33 444 444 444 444 33 444 444 444 444 444 444 444 444 444 444 33 33 33 444 33 33 444 444 33 33 444 444 444 33 33 33 444 444 444 444 33 444 33 444 33 33 33 33 33 444 33 33 444 444 33 444 444 33 33 33 33 33 33 33 33 444 33 444 33 444 33 33 33 33 33 444 444 444 33 444 33 33 33 444 444 33 444 444 33 444 444 444 444 444 33 33 444 33 444 33 444 444 444 444 444 33 33 444 33 444 444 444 33 444 33 33 33 444 33 33 444 444 444 444 33 444 444 444 33 33 444 33 444 33 33 33 33 444 444 33 33 33 33 444 444 33 444 33 33 33 444 33 33 444 33 444 33 33 444 444 33 33 33 33 33 444 444 33 33 33 444 33 33 444 444 33 444 444 33 33 33 33 444 33 33 33 33 444 33 33 33 33 33 444 444 33 33 33 444 444 444 444 33 33 444 444 33 33 444 33 33 444 444 444 33 444 33 33 33 444 444 33 444 33 444 444 33 33 33 444 444 33 33 444 33 33 444 33 33 444 33 33 33 33 444 33 444 444 33 33 444 33 33 444 444 33 444 444 444 33 33 33 33 33 444 33 444 444 444 444 444 444 444 444 33 444 33 33 33 33 33 33 444 444 33 444 444 33 33 33 444 33 444 444 33 33 444 444 444 33 33 33 444 33 33 444 444 33 444 444 444 444 33 444 33 444 444 444 33 33 33 33 33 444 444 33 33 444 444 33 444 33 444 444 444 33 444 444 444 444 444 444 444 33 444 444 33 33 444 444 444 444 444 33 33 444 444 33 33 33 33 33 444 33 444 33 444 33 444 33 444 444 444 33 444 444 33 444 444 33 33 33 444 444 33 33 444 33 33 444 444 33 444 33 33 33 33 33 444 33 33 444 444 444 444 33 33 33 33 444 444 444 444 444 33 33 444 444 33 33 444 444 33 33 444 444 33 444 33 33 33 444 444 444 444 33 444 444 444 33 33 444 33 444 444 444 444 444 444 33 33 444 444 444 33 444 444 444 444 33 33 444 33 33 444 444 444 33 444 444 444 33 33 444 33 444 33 33 33 1 
c [Signal] Signal interruption. Caught signal: SIGTERM (15).
c [Label = 414] Minimize Makespan Labeling problem (V-nos6.mtx.rnd):
c [Main] Child pid 431 - 1792904 terminated by signal 15.
c [Label = 415] Minimize Makespan Labeling problem (V-nos6.mtx.rnd):
c [Main] Child pid 451 - 1792900 terminated by signal 15.
c [Main] Child pid 438 - 1792899 terminated by signal 15.
c [Label = 412] Minimize Makespan Labeling problem (V-nos6.mtx.rnd):
c [Main] Child pid 424 - 1792901 terminated by signal 15.
c [Label = 416] Minimize Makespan Labeling problem (V-nos6.mtx.rnd):
c [Label = 413] Minimize Makespan Labeling problem (V-nos6.mtx.rnd):
c [Main] Child pid 444 - 1792903 terminated by signal 15.
c [Main] Child pid 461 - 1792906 terminated by signal 15.
c [Main] Child pid 458 - 1792902 terminated by signal 15.
c [Label = 416] Encoding starts with target value = 411:
c [Label = 416] Encoding duration: 1751ms.
c [Label = 416] Number of clauses: 1149973.
c [Label = 416] Number of variables: 560398.
c [Label = 416] Solving duration: 2 ms.
s [Label = 416] SAT (w = 411).
c [Label = 416] Label assignment: 5 5 5 416 5 416 416 5 5 416 416 5 416 416 416 5 416 5 416 5 5 416 5 416 5 5 416 416 5 416 5 5 416 416 416 5 416 5 5 416 5 416 5 416 5 5 416 5 5 416 5 5 5 416 416 416 416 5 416 416 5 416 416 5 5 416 416 416 416 5 5 5 5 416 416 5 5 5 416 5 5 416 416 416 5 416 416 416 416 5 5 5 416 5 416 416 5 5 5 5 416 5 5 5 5 5 5 416 5 5 5 5 5 5 5 416 5 416 416 416 416 5 416 416 5 5 5 416 416 416 5 5 5 416 5 416 416 5 5 416 416 5 5 416 416 416 5 5 416 5 416 5 416 5 416 416 5 5 5 416 416 416 416 416 5 5 416 5 5 416 416 416 5 416 416 5 5 5 5 5 5 416 416 416 5 416 416 416 5 416 416 416 416 5 416 416 416 5 5 5 416 416 416 416 5 416 416 416 416 416 416 416 416 416 416 5 5 5 416 5 5 416 416 5 5 416 416 416 5 5 5 416 416 416 416 5 416 5 416 5 5 5 5 5 416 5 5 416 416 5 416 416 5 5 5 5 5 5 5 5 416 5 416 5 416 5 5 5 5 5 416 416 416 5 416 5 5 5 416 416 5 416 416 5 416 416 416 416 416 5 5 416 5 416 5 416 416 416 416 416 5 5 416 5 416 416 416 5 416 5 5 5 416 5 5 416 416 416 416 5 416 416 416 5 5 416 5 416 5 5 5 5 416 416 5 5 5 5 416 416 5 416 5 5 5 416 5 5 416 5 416 5 5 416 416 5 5 5 5 5 416 416 5 5 5 416 5 5 416 416 5 416 416 5 5 5 5 416 5 5 5 5 416 5 5 5 5 5 416 416 5 5 5 416 416 416 416 5 5 416 416 5 5 416 5 5 416 416 416 5 416 5 5 5 416 416 5 416 5 416 416 5 5 5 416 416 5 5 416 5 5 416 5 5 416 5 5 5 5 416 5 416 416 5 5 416 5 5 416 416 5 416 416 416 5 5 5 5 5 416 5 416 416 416 416 416 416 416 416 5 416 5 5 5 5 5 5 416 416 5 416 416 5 5 5 416 5 416 416 5 5 416 416 416 5 5 5 416 5 5 416 416 5 416 416 416 416 5 416 5 416 416 416 5 5 5 5 5 416 416 5 5 416 416 5 416 5 416 416 416 5 416 416 416 416 416 416 416 5 416 416 5 5 416 416 416 416 416 5 5 416 416 5 5 5 5 5 416 5 416 5 416 5 416 5 416 416 416 5 416 416 5 416 416 5 5 5 416 416 5 5 416 5 5 416 416 5 416 5 5 5 5 5 416 5 5 416 416 416 416 5 5 5 5 416 416 416 416 416 5 5 416 416 5 5 416 416 5 5 416 416 5 416 5 5 5 416 416 416 416 5 416 416 416 5 5 416 5 416 416 416 416 416 416 5 5 416 416 416 5 416 416 416 416 5 5 416 5 5 416 416 416 5 416 416 416 5 5 416 5 416 5 5 5 1 
c [Label = 412] Encoding starts with target value = 411:
c [Label = 412] Encoding duration: 1730ms.
c [Label = 412] Number of clauses: 1115831.
c [Label = 412] Number of variables: 554998.
c [Label = 412] Solving duration: 18 ms.
s [Label = 412] SAT (w = 411).
c [Label = 412] Label assignment: 1 1 1 412 1 412 412 1 1 412 412 1 412 412 412 1 412 1 412 1 1 412 1 412 1 1 412 412 1 412 1 1 412 412 412 1 412 1 1 412 1 412 1 412 1 1 412 1 1 412 1 1 1 412 412 412 412 1 412 412 1 412 412 1 1 412 412 412 412 1 1 1 1 412 412 1 1 1 412 1 1 412 412 412 1 412 412 412 412 1 1 1 412 1 412 412 1 1 1 1 412 1 1 1 1 1 1 412 1 1 1 1 1 1 1 412 1 412 412 412 412 1 412 412 1 1 1 412 412 412 1 1 1 412 1 412 412 1 1 412 412 1 1 412 412 412 1 1 412 1 412 1 412 1 412 412 1 1 1 412 412 412 412 412 1 1 412 1 1 412 412 412 1 412 412 1 1 1 1 1 1 412 412 412 1 412 412 412 1 412 412 412 412 1 412 412 412 1 1 1 412 412 412 412 1 412 412 412 412 412 412 412 412 412 412 1 1 1 412 1 1 412 412 1 1 412 412 412 1 1 1 412 412 412 412 1 412 1 412 1 1 1 1 1 412 1 1 412 412 1 412 412 1 1 1 1 1 1 1 1 412 1 412 1 412 1 1 1 1 1 412 412 412 1 412 1 1 1 412 412 1 412 412 1 412 412 412 412 412 1 1 412 1 412 1 412 412 412 412 412 1 1 412 1 412 412 412 1 412 1 1 1 412 1 1 412 412 412 412 1 412 412 412 1 1 412 1 412 1 1 1 1 412 412 1 1 1 1 412 412 1 412 1 1 1 412 1 1 412 1 412 1 1 412 412 1 1 1 1 1 412 412 1 1 1 412 1 1 412 412 1 412 412 1 1 1 1 412 1 1 1 1 412 1 1 1 1 1 412 412 1 1 1 412 412 412 412 1 1 412 412 1 1 412 1 1 412 412 412 1 412 1 1 1 412 412 1 412 1 412 412 1 1 1 412 412 1 1 412 1 1 412 1 1 412 1 1 1 1 412 1 412 412 1 1 412 1 1 412 412 1 412 412 412 1 1 1 1 1 412 1 412 412 412 412 412 412 412 412 1 412 1 1 1 1 1 1 412 412 1 412 412 1 1 1 412 1 412 412 1 1 412 412 412 1 1 1 412 1 1 412 412 1 412 412 412 412 1 412 1 412 412 412 1 1 1 1 1 412 412 1 1 412 412 1 412 1 412 412 412 1 412 412 412 412 412 412 412 1 412 412 1 1 412 412 412 412 412 1 1 412 412 1 1 1 1 1 412 1 412 1 412 1 412 1 412 412 412 1 412 412 1 412 412 1 1 1 412 412 1 1 412 1 1 412 412 1 412 1 1 1 1 1 412 1 1 412 412 412 412 1 1 1 1 412 412 412 412 412 1 1 412 412 1 1 412 412 1 1 412 412 1 412 1 1 1 412 412 412 412 1 412 412 412 1 1 412 1 412 412 412 412 412 412 1 1 412 412 412 1 412 412 412 412 1 1 412 1 1 412 412 412 1 412 412 412 1 1 412 1 412 1 1 1 1 
c [Label = 413] Encoding starts with target value = 411:
c [Label = 413] Encoding duration: 1760ms.
c [Label = 413] Number of clauses: 1124366.
c [Label = 413] Number of variables: 556348.
c [Label = 413] Solving duration: 1 ms.
s [Label = 413] SAT (w = 411).
c [Label = 413] Label assignment: 2 2 2 413 2 413 413 2 2 413 413 2 413 413 413 2 413 2 413 2 2 413 2 413 2 2 413 413 2 413 2 2 413 413 413 2 413 2 2 413 2 413 2 413 2 2 413 2 2 413 2 2 2 413 413 413 413 2 413 413 2 413 413 2 2 413 413 413 413 2 2 2 2 413 413 2 2 2 413 2 2 413 413 413 2 413 413 413 413 2 2 2 413 2 413 413 2 2 2 2 413 2 2 2 2 2 2 413 2 2 2 2 2 2 2 413 2 413 413 413 413 2 413 413 2 2 2 413 413 413 2 2 2 413 2 413 413 2 2 413 413 2 2 413 413 413 2 2 413 2 413 2 413 2 413 413 2 2 2 413 413 413 413 413 2 2 413 2 2 413 413 413 2 413 413 2 2 2 2 2 2 413 413 413 2 413 413 413 2 413 413 413 413 2 413 413 413 2 2 2 413 413 413 413 2 413 413 413 413 413 413 413 413 413 413 2 2 2 413 2 2 413 413 2 2 413 413 413 2 2 2 413 413 413 413 2 413 2 413 2 2 2 2 2 413 2 2 413 413 2 413 413 2 2 2 2 2 2 2 2 413 2 413 2 413 2 2 2 2 2 413 413 413 2 413 2 2 2 413 413 2 413 413 2 413 413 413 413 413 2 2 413 2 413 2 413 413 413 413 413 2 2 413 2 413 413 413 2 413 2 2 2 413 2 2 413 413 413 413 2 413 413 413 2 2 413 2 413 2 2 2 2 413 413 2 2 2 2 413 413 2 413 2 2 2 413 2 2 413 2 413 2 2 413 413 2 2 2 2 2 413 413 2 2 2 413 2 2 413 413 2 413 413 2 2 2 2 413 2 2 2 2 413 2 2 2 2 2 413 413 2 2 2 413 413 413 413 2 2 413 413 2 2 413 2 2 413 413 413 2 413 2 2 2 413 413 2 413 2 413 413 2 2 2 413 413 2 2 413 2 2 413 2 2 413 2 2 2 2 413 2 413 413 2 2 413 2 2 413 413 2 413 413 413 2 2 2 2 2 413 2 413 413 413 413 413 413 413 413 2 413 2 2 2 2 2 2 413 413 2 413 413 2 2 2 413 2 413 413 2 2 413 413 413 2 2 2 413 2 2 413 413 2 413 413 413 413 2 413 2 413 413 413 2 2 2 2 2 413 413 2 2 413 413 2 413 2 413 413 413 2 413 413 413 413 413 413 413 2 413 413 2 2 413 413 413 413 413 2 2 413 413 2 2 2 2 2 413 2 413 2 413 2 413 2 413 413 413 2 413 413 2 413 413 2 2 2 413 413 2 2 413 2 2 413 413 2 413 2 2 2 2 2 413 2 2 413 413 413 413 2 2 2 2 413 413 413 413 413 2 2 413 413 2 2 413 413 2 2 413 413 2 413 2 2 2 413 413 413 413 2 413 413 413 2 2 413 2 413 413 413 413 413 413 2 2 413 413 413 2 413 413 413 413 2 2 413 2 2 413 413 413 2 413 413 413 2 2 413 2 413 2 2 2 1 
c [Main] Lowest label SAT is set to 416.
c [Main] Lowest label SAT is set to 412.
c [Main] Kill higher label pid 413.
c [Main] Kill higher label pid 415.
c [Main] Kill higher label pid 414.
c [Label = 415] Encoding starts with target value = 411:
c [Signal] Signal interruption. Caught signal: SIGTERM (15).
c [Label = 414] Encoding starts with target value = 411:
c [Signal] Signal interruption. Caught signal: SIGTERM (15).
c [Main] Kill higher label pid 415.
c [Main] Kill higher label pid 414.
c [Main] Child pid 414 - 1792910 terminated by signal 15.
c [Main] Child pid 415 - 1792911 terminated by signal 15.
c [Signal] Signal interruption. Caught signal: SIGTERM (15).
c [Main] All children have completed.
r [Main] 
r [Main] Final results: 
r [Main] Lowest label SAT:  	412.
r [Main] Highest label UNSAT:	-.
r [Main] Total real time: 8991 ms.
r [Main] Total memory consumed: 6375.8 MB.
r [Main] 
