c [Version] Minimize Makespan Labeling Encoder version 1.0.0.
c [Param] Target value is set to 145.
c [Param] LB is predefined as 146.
c [Param] UB is predefined as 894.
c [Param] Target value is set to Antibandwidth.
c [Param] Vertices mode is set to Has hole.
c [Param] Result verification is ON.
c [Param] Memory limit is set to 30000.
c [Param] Real time limit is set to 1800.
c [Param] Worker count is set to 8.
c [Param] Max CNF size is set to 10.
c [Main] Search strategy: Iterating Breadth First Search (Reverse).
c [Main] Search order: 520 707 332 801 613 426 238 848 754 660 566 473 379 285 191 871 824 777 730 683 636 589 543 496 449 402 355 308 261 214 168 883 859 836 812 789 765 742 718 695 671 648 624 601 577 554 531 508 484 461 437 414 390 367 343 320 296 273 249 226 202 179 156 889 877 865 853 842 830 818 806 795 783 771 759 748 736 724 712 701 689 677 665 654 642 630 618 607 595 583 571 560 548 537 525 514 502 490 478 467 455 443 431 420 408 396 384 373 361 349 337 326 314 302 290 279 267 255 243 232 220 208 196 185 173 162 150 892 886 880 874 868 862 856 850 845 839 833 827 821 815 809 803 798 792 786 780 774 768 762 756 751 745 739 733 727 721 715 709 704 698 692 686 680 674 668 662 657 651 645 639 633 627 621 615 610 604 598 592 586 580 574 568 563 557 551 545 540 534 528 522 517 511 505 499 493 487 481 475 470 464 458 452 446 440 434 428 423 417 411 405 399 393 387 381 376 370 364 358 352 346 340 334 329 323 317 311 305 299 293 287 282 276 270 264 258 252 246 240 235 229 223 217 211 205 199 193 188 182 176 170 165 159 153 147 893 890 887 884 881 878 875 872 869 866 863 860 857 854 851 849 846 843 840 837 834 831 828 825 822 819 816 813 810 807 804 802 799 796 793 790 787 784 781 778 775 772 769 766 763 760 757 755 752 749 746 743 740 737 734 731 728 725 722 719 716 713 710 708 705 702 699 696 693 690 687 684 681 678 675 672 669 666 663 661 658 655 652 649 646 643 640 637 634 631 628 625 622 619 616 614 611 608 605 602 599 596 593 590 587 584 581 578 575 572 569 567 564 561 558 555 552 549 546 544 541 538 535 532 529 526 523 521 518 515 512 509 506 503 500 497 494 491 488 485 482 479 476 474 471 468 465 462 459 456 453 450 447 444 441 438 435 432 429 427 424 421 418 415 412 409 406 403 400 397 394 391 388 385 382 380 377 374 371 368 365 362 359 356 353 350 347 344 341 338 335 333 330 327 324 321 318 315 312 309 306 303 300 297 294 291 288 286 283 280 277 274 271 268 265 262 259 256 253 250 247 244 241 239 236 233 230 227 224 221 218 215 212 209 206 203 200 197 194 192 189 186 183 180 177 174 171 169 166 163 160 157 154 151 148 146 894 891 888 885 882 879 876 873 870 867 864 861 858 855 852 847 844 841 838 835 832 829 826 823 820 817 814 811 808 805 800 797 794 791 788 785 782 779 776 773 770 767 764 761 758 753 750 747 744 741 738 735 732 729 726 723 720 717 714 711 706 703 700 697 694 691 688 685 682 679 676 673 670 667 664 659 656 653 650 647 644 641 638 635 632 629 626 623 620 617 612 609 606 603 600 597 594 591 588 585 582 579 576 573 570 565 562 559 556 553 550 547 542 539 536 533 530 527 524 519 516 513 510 507 504 501 498 495 492 489 486 483 480 477 472 469 466 463 460 457 454 451 448 445 442 439 436 433 430 425 422 419 416 413 410 407 404 401 398 395 392 389 386 383 378 375 372 369 366 363 360 357 354 351 348 345 342 339 336 331 328 325 322 319 316 313 310 307 304 301 298 295 292 289 284 281 278 275 272 269 266 263 260 257 254 251 248 245 242 237 234 231 228 225 222 219 216 213 210 207 204 201 198 195 190 187 184 181 178 175 172 167 164 161 158 155 152 149.
c [Main] Encoding and solving for graph: X-can__715.mtx.rnd.
c [Label = 520] Minimize Makespan Labeling problem (X-can__715.mtx.rnd):
c [Label = 707] Minimize Makespan Labeling problem (X-can__715.mtx.rnd):
c [Label = 332] Minimize Makespan Labeling problem (X-can__715.mtx.rnd):
c [Label = 801] Minimize Makespan Labeling problem (X-can__715.mtx.rnd):
c [Label = 613] Minimize Makespan Labeling problem (X-can__715.mtx.rnd):
c [Label = 426] Minimize Makespan Labeling problem (X-can__715.mtx.rnd):
c [Label = 848] Minimize Makespan Labeling problem (X-can__715.mtx.rnd):
c [Label = 238] Minimize Makespan Labeling problem (X-can__715.mtx.rnd):
c [Label = 238] Encoding starts with target value = 145:
c [Label = 238] Encoding duration: 2093ms.
c [Label = 238] Number of clauses: 1852839.
c [Label = 238] Number of variables: 339068.
c [Label = 238] Solving duration: 0 ms.
s [Label = 238] UNSAT (w = 145).
c [Main] Highest label UNSAT is set to 238
c [Label = 754] Minimize Makespan Labeling problem (X-can__715.mtx.rnd):
c [Label = 332] Encoding starts with target value = 145:
c [Label = 332] Encoding duration: 4096ms.
c [Label = 332] Number of clauses: 3605346.
c [Label = 332] Number of variables: 575018.
c [Label = 332] Solving duration: 12233 ms.
s [Label = 332] UNSAT (w = 145).
c [Main] Highest label UNSAT is set to 332
c [Label = 660] Minimize Makespan Labeling problem (X-can__715.mtx.rnd):
c [Label = 426] Encoding starts with target value = 145:
c [Label = 426] Encoding duration: 6038ms.
c [Label = 426] Number of clauses: 5060043.
c [Label = 426] Number of variables: 709438.
c [Label = 426] Solving duration: 13723 ms.
s [Label = 426] UNSAT (w = 145).
c [Main] Highest label UNSAT is set to 426
c [Label = 566] Minimize Makespan Labeling problem (X-can__715.mtx.rnd):
c [Label = 520] Encoding starts with target value = 145:
c [Label = 520] Encoding duration: 8250ms.
c [Label = 520] Number of clauses: 6813265.
c [Label = 520] Number of variables: 945388.
c [Label = 520] Solving duration: 23792 ms.
s [Label = 520] UNSAT (w = 145).
c [Main] Highest label UNSAT is set to 520
c [Label = 871] Minimize Makespan Labeling problem (X-can__715.mtx.rnd):
c [Label = 613] Encoding starts with target value = 145:
c [Label = 613] Encoding duration: 11084ms.
c [Label = 613] Number of clauses: 8551726.
c [Label = 613] Number of variables: 1179908.
c [Label = 613] Solving duration: 20484 ms.
s [Label = 613] UNSAT (w = 145).
c [Main] Highest label UNSAT is set to 613
c [Main] Kill lower label pid 566.
c [Label = 566] Encoding starts with target value = 145:
c [Label = 566] Encoding duration: 11893ms.
c [Label = 566] Number of clauses: 7525138.
c [Label = 566] Number of variables: 1011168.
c [Signal] Signal interruption. Caught signal: SIGTERM (15).
c [Label = 824] Minimize Makespan Labeling problem (X-can__715.mtx.rnd):
c [Main] Child pid 566 - 1793005 terminated by signal 15.
c [Label = 777] Minimize Makespan Labeling problem (X-can__715.mtx.rnd):
c [Label = 707] Encoding starts with target value = 145:
c [Label = 707] Encoding duration: 13687ms.
c [Label = 707] Number of clauses: 10006423.
c [Label = 707] Number of variables: 1314328.
c [Label = 707] Solving duration: 22854 ms.
s [Label = 707] UNSAT (w = 145).
c [Main] Highest label UNSAT is set to 707
c [Main] Kill lower label pid 660.
c [Label = 660] Encoding starts with target value = 145:
c [Label = 660] Encoding duration: 14723ms.
c [Label = 660] Number of clauses: 9279075.
c [Label = 660] Number of variables: 1247118.
c [Signal] Signal interruption. Caught signal: SIGTERM (15).
c [Label = 730] Minimize Makespan Labeling problem (X-can__715.mtx.rnd):
c [Main] Child pid 660 - 1793002 terminated by signal 15.
c [Label = 883] Minimize Makespan Labeling problem (X-can__715.mtx.rnd):
c [Label = 801] Encoding starts with target value = 145:
c [Label = 801] Encoding duration: 15908ms.
c [Label = 801] Number of clauses: 11761075.
c [Label = 801] Number of variables: 1550278.
c [Label = 801] Solving duration: 27908 ms.
s [Label = 801] SAT (w = 145).
c [Label = 801] Label assignment: 1 1 1 1 1 1 1 1 146 146 1 1 1 1 1 1 1 1 1 1 1 1 146 146 146 146 146 146 146 146 146 1 1 1 146 1 1 1 146 291 146 1 1 1 1 291 291 1 1 1 291 1 146 1 1 291 1 146 1 291 291 1 1 1 291 1 1 1 291 146 146 1 1 146 146 146 146 146 146 291 1 1 1 146 146 1 1 1 291 436 291 291 291 1 146 1 146 291 291 1 1 1 436 1 1 1 291 146 1 1 146 291 436 291 436 1 436 146 291 1 291 291 436 291 146 1 1 291 146 146 1 436 146 146 291 436 291 146 146 436 146 1 510 365 1 1 1 436 146 146 146 1 291 146 436 1 146 1 1 146 146 291 146 146 291 291 1 1 291 146 291 146 146 436 655 146 291 1 146 146 291 1 1 436 220 146 146 436 146 800 291 510 1 291 291 581 146 436 146 291 1 291 1 291 146 1 436 1 436 146 1 365 146 291 1 1 436 1 436 146 726 146 581 581 581 1 291 291 146 1 581 291 1 1 291 146 291 291 146 291 1 291 1 146 1 801 146 146 436 436 581 436 1 146 726 291 291 1 146 146 436 581 291 146 436 146 146 436 436 291 436 1 436 146 436 146 291 291 1 1 581 436 436 436 581 581 291 1 801 436 146 291 581 1 1 291 800 436 146 1 436 146 656 291 801 291 1 291 655 291 291 146 581 436 510 291 436 436 146 291 581 581 146 436 291 291 800 146 436 581 581 581 436 800 586 146 291 1 581 365 801 1 801 436 146 146 1 1 146 291 801 726 291 436 437 1 655 1 146 436 800 436 800 220 1 1 436 801 436 581 436 436 436 801 801 291 291 801 365 291 436 291 437 291 655 510 291 656 436 581 511 800 146 436 581 291 800 800 656 801 291 581 800 801 581 801 436 655 436 146 436 365 146 800 1 291 291 581 291 436 146 291 291 1 146 436 581 581 436 146 510 581 291 436 146 655 801 800 581 1 581 801 800 291 146 146 801 581 800 1 291 146 436 146 436 1 510 510 581 291 581 436 801 801 581 291 436 436 800 436 291 146 581 726 581 1 510 581 291 801 655 655 581 510 801 581 146 800 581 291 291 801 655 581 436 291 436 510 436 146 146 436 436 581 581 436 146 801 1 800 801 291 291 726 801 291 1 436 581 146 291 146 730 291 436 581 581 801 801 291 1 801 510 1 581 436 146 801 436 146 291 291 801 800 291 1 581 436 581 801 146 582 436 581 146 581 581 581 801 291 291 1 146 436 291 436 581 581 436 801 801 801 436 510 510 1 291 365 581 291 581 801 291 581 801 436 1 436 436 291 146 436 800 800 801 436 726 581 801 655 581 291 801 581 291 581 1 730 801 291 291 1 581 146 584 510 801 581 436 436 1 726 800 581 291 220 291 800 1 510 436 291 581 582 655 581 581 291 146 1 291 436 291 800 436 436 146 436 801 655 291 510 581 801 291 581 1 581 800 800 581 146 291 801 583 436 581 146 801 581 581 436 436 801 801 655 146 436 436 585 510 436 655 801 436 581 510 146 801 146 146 801 801 801 581 581 291 291 146 365 436 75 801 801 436 291 581 291 511 726 581 581 291 436 726 
c [Label = 754] Encoding starts with target value = 145:
c [Label = 754] Encoding duration: 14319ms.
c [Label = 754] Number of clauses: 11033727.
c [Label = 754] Number of variables: 1483068.
c [Label = 754] Solving duration: 27187 ms.
s [Label = 754] SAT (w = 145).
c [Label = 754] Label assignment: 1 1 1 1 1 1 1 1 146 146 1 1 1 1 1 1 1 1 1 1 1 1 146 146 146 146 146 146 146 146 146 1 1 1 146 1 1 1 146 291 146 1 1 1 1 291 291 1 1 1 291 1 146 1 1 291 1 146 1 291 291 1 1 1 291 1 1 1 291 146 146 1 1 146 146 146 146 146 146 291 1 1 1 146 146 1 1 1 291 436 291 291 291 1 146 1 146 291 291 1 1 1 436 1 1 1 291 146 1 1 146 291 436 291 436 1 436 146 291 1 291 291 436 291 146 1 1 291 146 146 1 436 146 146 291 436 291 146 146 436 146 1 463 318 1 1 1 436 146 146 146 1 291 146 436 1 146 1 1 146 146 291 146 146 291 291 1 1 291 146 291 146 146 436 608 146 291 1 146 146 291 1 1 436 173 146 146 436 146 753 291 463 1 291 291 581 146 436 146 291 1 291 1 291 146 1 436 1 436 146 1 318 146 291 1 1 436 1 436 146 726 146 581 581 581 1 291 291 146 1 581 291 1 1 291 146 291 291 146 291 1 291 1 146 1 754 146 146 436 436 581 436 1 146 726 291 291 1 146 146 436 581 291 146 436 146 146 436 436 291 436 1 436 146 436 146 291 291 1 1 581 436 436 436 581 581 291 1 754 436 146 291 581 1 1 291 753 436 146 1 436 146 609 291 754 291 1 291 608 291 291 146 581 436 463 291 436 436 146 291 581 581 146 436 291 291 753 146 436 581 581 581 436 753 586 146 291 1 581 318 754 1 754 436 146 146 1 1 146 291 754 726 291 436 437 1 608 1 146 436 753 436 753 173 1 1 436 754 436 581 436 436 436 754 754 291 291 754 318 291 436 291 437 291 608 463 291 609 436 581 464 753 146 436 581 291 753 753 609 754 291 581 753 754 581 754 436 608 436 146 436 318 146 753 1 291 291 581 291 436 146 291 291 1 146 436 581 581 436 146 463 581 291 436 146 608 754 753 581 1 581 754 753 291 146 146 754 581 753 1 291 146 436 146 436 1 463 463 581 291 581 436 754 754 581 291 436 436 753 436 291 146 581 726 581 1 463 581 291 754 608 608 581 463 754 581 146 753 581 291 291 754 608 581 436 291 436 463 436 146 146 436 436 581 581 436 146 754 1 753 754 291 291 726 754 291 1 436 581 146 291 146 730 291 436 581 581 754 754 291 1 754 463 1 581 436 146 754 436 146 291 291 754 753 291 1 581 436 581 754 146 582 436 581 146 581 581 581 754 291 291 1 146 436 291 436 581 581 436 754 754 754 436 463 463 1 291 318 581 291 581 754 291 581 754 436 1 436 436 291 146 436 753 753 754 436 726 581 754 608 581 291 754 581 291 581 1 730 754 291 291 1 581 146 584 463 754 581 436 436 1 726 753 581 291 173 291 753 1 463 436 291 581 582 608 581 581 291 146 1 291 436 291 753 436 436 146 436 754 608 291 463 581 754 291 581 1 581 753 753 581 146 291 754 583 436 581 146 754 581 581 436 436 754 754 608 146 436 436 585 463 436 608 754 436 581 463 146 754 146 146 754 754 754 581 581 291 291 146 318 436 28 754 754 436 291 581 291 464 726 581 581 291 436 726 
c [Main] Lowest label SAT is set to 801.
c [Main] Kill higher label pid 883.
c [Main] Kill higher label pid 848.
c [Main] Kill higher label pid 824.
c [Main] Kill higher label pid 871.
c [Label = 871] Encoding starts with target value = 145:
c [Signal] Signal interruption. Caught signal: SIGTERM (15).
c [Label = 883] Encoding starts with target value = 145:
c [Signal] Signal interruption. Caught signal: SIGTERM (15).
c [Label = 824] Encoding starts with target value = 145:
c [Signal] Signal interruption. Caught signal: SIGTERM (15).
c [Label = 848] Encoding starts with target value = 145:
c [Label = 848] Encoding duration: 16695ms.
c [Label = 848] Number of clauses: 12488424.
c [Label = 848] Number of variables: 1617488.
c [Label = 848] Solving duration: 29684 ms.
s [Label = 848] SAT (w = 145).
c [Label = 848] Label assignment: 1 1 1 1 1 1 1 1 146 146 1 1 1 1 1 1 1 1 1 1 1 1 146 146 146 146 146 146 146 146 146 1 1 1 146 1 1 1 146 291 146 1 1 1 1 291 291 1 1 1 291 1 146 1 1 291 1 146 1 291 291 1 1 1 291 1 1 1 291 146 146 1 1 146 146 146 146 146 146 291 1 1 1 146 146 1 1 1 291 436 291 291 291 1 146 1 146 291 291 1 1 1 436 1 1 1 291 146 1 1 146 291 436 291 436 1 436 146 291 1 291 291 436 291 146 1 1 291 146 146 1 436 146 146 291 436 291 146 146 436 146 1 557 412 1 1 1 436 146 146 146 1 291 146 436 1 146 1 1 146 146 291 146 146 291 291 1 1 291 146 291 146 146 436 702 146 291 1 146 146 291 1 1 436 267 146 146 436 146 847 291 557 1 291 291 581 146 436 146 291 1 291 1 291 146 1 436 1 436 146 1 412 146 291 1 1 436 1 436 146 726 146 581 581 581 1 291 291 146 1 581 291 1 1 291 146 291 291 146 291 1 291 1 146 1 848 146 146 436 436 581 436 1 146 726 291 291 1 146 146 436 581 291 146 436 146 146 436 436 291 436 1 436 146 436 146 291 291 1 1 581 436 436 436 581 581 291 1 848 436 146 291 581 1 1 291 847 436 146 1 436 146 703 291 848 291 1 291 702 291 291 146 581 436 557 291 436 436 146 291 581 581 146 436 291 291 847 146 436 581 581 581 436 847 586 146 291 1 581 412 848 1 848 436 146 146 1 1 146 291 848 726 291 436 437 1 702 1 146 436 847 436 847 267 1 1 436 848 436 581 436 436 436 848 848 291 291 848 412 291 436 291 437 291 702 557 291 703 436 581 558 847 146 436 581 291 847 847 703 848 291 581 847 848 581 848 436 702 436 146 436 412 146 847 1 291 291 581 291 436 146 291 291 1 146 436 581 581 436 146 557 581 291 436 146 702 848 847 581 1 581 848 847 291 146 146 848 581 847 1 291 146 436 146 436 1 557 557 581 291 581 436 848 848 581 291 436 436 847 436 291 146 581 726 581 1 557 581 291 848 702 702 581 557 848 581 146 847 581 291 291 848 702 581 436 291 436 557 436 146 146 436 436 581 581 436 146 848 1 847 848 291 291 726 848 291 1 436 581 146 291 146 730 291 436 581 581 848 848 291 1 848 557 1 581 436 146 848 436 146 291 291 848 847 291 1 581 436 581 848 146 582 436 581 146 581 581 581 848 291 291 1 146 436 291 436 581 581 436 848 848 848 436 557 557 1 291 412 581 291 581 848 291 581 848 436 1 436 436 291 146 436 847 847 848 436 726 581 848 702 581 291 848 581 291 581 1 730 848 291 291 1 581 146 584 557 848 581 436 436 1 726 847 581 291 267 291 847 1 557 436 291 581 582 702 581 581 291 146 1 291 436 291 847 436 436 146 436 848 702 291 557 581 848 291 581 1 581 847 847 581 146 291 848 583 436 581 146 848 581 581 436 436 848 848 702 146 436 436 585 557 436 702 848 436 581 557 146 848 146 146 848 848 848 581 581 291 291 146 412 436 122 848 848 436 291 581 291 558 726 581 581 291 436 726 
c [Signal] Signal interruption. Caught signal: SIGTERM (15).
c [Label = 789] Minimize Makespan Labeling problem (X-can__715.mtx.rnd):
c [Main] Lowest label SAT is set to 754.
c [Main] Kill higher label pid 789.
c [Main] Kill higher label pid 883.
c [Main] Kill higher label pid 848.
c [Main] Kill higher label pid 777.
c [Main] Kill higher label pid 824.
c [Main] Kill higher label pid 871.
c [Label = 777] Encoding starts with target value = 145:
c [Signal] Signal interruption. Caught signal: SIGTERM (15).
c [Label = 789] Encoding starts with target value = 145:
c [Signal] Signal interruption. Caught signal: SIGTERM (15).
c [Main] Child pid 789 - 1793024 terminated by signal 15.
c [Label = 718] Minimize Makespan Labeling problem (X-can__715.mtx.rnd):
c [Label = 742] Minimize Makespan Labeling problem (X-can__715.mtx.rnd):
c [Main] Child pid 883 - 1793021 terminated by signal 15.
c [Label = 748] Minimize Makespan Labeling problem (X-can__715.mtx.rnd):
c [Main] Child pid 824 - 1793010 terminated by signal 15.
c [Label = 736] Minimize Makespan Labeling problem (X-can__715.mtx.rnd):
c [Main] Child pid 871 - 1793009 terminated by signal 15.
c [Label = 724] Minimize Makespan Labeling problem (X-can__715.mtx.rnd):
c [Main] Child pid 777 - 1793011 terminated by signal 15.
c [Label = 712] Minimize Makespan Labeling problem (X-can__715.mtx.rnd):
c [Main] Child pid 848 - 1792992 terminated by signal 15.
c [Label = 751] Minimize Makespan Labeling problem (X-can__715.mtx.rnd):
c [Label = 730] Encoding starts with target value = 145:
c [Label = 730] Encoding duration: 13480ms.
c [Label = 730] Number of clauses: 10662315.
c [Label = 730] Number of variables: 1448748.
c [Label = 730] Solving duration: 26144 ms.
s [Label = 730] SAT (w = 145).
c [Label = 730] Label assignment: 1 1 1 1 1 1 1 1 146 146 1 1 1 1 1 1 1 1 1 1 1 1 146 146 146 146 146 146 146 146 146 1 1 1 146 1 1 1 146 291 146 1 1 1 1 291 291 1 1 1 291 1 146 1 1 291 1 146 1 291 291 1 1 1 291 1 1 1 291 146 146 1 1 146 146 146 146 146 146 291 1 1 1 146 146 1 1 1 291 436 291 291 291 1 146 1 146 291 291 1 1 1 436 1 1 1 291 146 1 1 146 291 436 291 436 1 436 146 291 1 291 291 436 291 146 1 1 291 146 146 1 436 146 146 291 436 291 146 146 436 146 1 439 294 1 1 1 436 146 146 146 1 291 146 436 1 146 1 1 146 146 291 146 146 291 291 1 1 291 146 291 146 146 436 584 146 291 1 146 146 291 1 1 436 149 146 146 436 146 729 291 439 1 291 291 581 146 436 146 291 1 291 1 291 146 1 436 1 436 146 1 294 146 291 1 1 436 1 436 146 726 146 581 581 581 1 291 291 146 1 581 291 1 1 291 146 291 291 146 291 1 291 1 146 1 730 146 146 436 436 581 436 1 146 726 291 291 1 146 146 436 581 291 146 436 146 146 436 436 291 436 1 436 146 436 146 291 291 1 1 581 436 436 436 581 581 291 1 730 436 146 291 581 1 1 291 729 436 146 1 436 146 585 291 730 291 1 291 584 291 291 146 581 436 439 291 436 436 146 291 581 581 146 436 291 291 729 146 436 581 581 581 436 729 585 146 291 1 581 294 730 1 730 436 146 146 1 1 146 291 730 726 291 436 437 1 584 1 146 436 729 436 729 149 1 1 436 730 436 581 436 436 436 730 730 291 291 730 294 291 436 291 437 291 584 439 291 585 436 581 440 729 146 436 581 291 729 729 585 730 291 581 729 730 581 730 436 584 436 146 436 294 146 729 1 291 291 581 291 436 146 291 291 1 146 436 581 581 436 146 439 581 291 436 146 584 730 729 581 1 581 730 729 291 146 146 730 581 729 1 291 146 436 146 436 1 439 439 581 291 581 436 730 730 581 291 436 436 729 436 291 146 581 726 581 1 439 581 291 730 584 584 581 439 730 581 146 729 581 291 291 730 584 581 436 291 436 439 436 146 146 436 436 581 581 436 146 730 1 729 730 291 291 726 730 291 1 436 581 146 291 146 729 291 436 581 581 730 730 291 1 730 439 1 581 436 146 730 436 146 291 291 730 729 291 1 581 436 581 730 146 582 436 581 146 581 581 581 730 291 291 1 146 436 291 436 581 581 436 730 730 730 436 439 439 1 291 294 581 291 581 730 291 581 730 436 1 436 436 291 146 436 729 729 730 436 726 581 730 584 581 291 730 581 291 581 1 729 730 291 291 1 581 146 584 439 730 581 436 436 1 726 729 581 291 149 291 729 1 439 436 291 581 582 584 581 581 291 146 1 291 436 291 729 436 436 146 436 730 584 291 439 581 730 291 581 1 581 729 729 581 146 291 730 583 436 581 146 730 581 581 436 436 730 730 584 146 436 436 584 439 436 584 730 436 581 439 146 730 146 146 730 730 730 581 581 291 291 146 294 436 4 730 730 436 291 581 291 440 726 581 581 291 436 726 
c [Main] Lowest label SAT is set to 730.
c [Main] Kill higher label pid 751.
c [Main] Kill higher label pid 736.
c [Main] Kill higher label pid 748.
c [Main] Kill higher label pid 742.
c [Label = 751] Encoding starts with target value = 145:
c [Label = 751] Encoding duration: 14890ms.
c [Label = 751] Number of clauses: 10987300.
c [Label = 751] Number of variables: 1478778.
c [Signal] Signal interruption. Caught signal: SIGTERM (15).
c [Label = 736] Encoding starts with target value = 145:
c [Label = 736] Encoding duration: 14387ms.
c [Label = 736] Number of clauses: 10755168.
c [Label = 736] Number of variables: 1457328.
c [Signal] Signal interruption. Caught signal: SIGTERM (15).
c [Label = 748] Encoding starts with target value = 145:
c [Label = 748] Encoding duration: 14345ms.
c [Label = 748] Number of clauses: 10940874.
c [Label = 748] Number of variables: 1474488.
c [Signal] Signal interruption. Caught signal: SIGTERM (15).
c [Label = 742] Encoding starts with target value = 145:
c [Label = 742] Encoding duration: 14366ms.
c [Label = 742] Number of clauses: 10848021.
c [Label = 742] Number of variables: 1465908.
c [Signal] Signal interruption. Caught signal: SIGTERM (15).
c [Label = 727] Minimize Makespan Labeling problem (X-can__715.mtx.rnd):
c [Main] Child pid 751 - 1793031 terminated by signal 15.
c [Label = 721] Minimize Makespan Labeling problem (X-can__715.mtx.rnd):
c [Main] Child pid 736 - 1793028 terminated by signal 15.
c [Main] Child pid 748 - 1793027 terminated by signal 15.
c [Main] Child pid 742 - 1793025 terminated by signal 15.
c [Label = 709] Minimize Makespan Labeling problem (X-can__715.mtx.rnd):
c [Label = 728] Minimize Makespan Labeling problem (X-can__715.mtx.rnd):
c [Label = 715] Minimize Makespan Labeling problem (X-can__715.mtx.rnd):
c [Label = 712] Encoding starts with target value = 145:
c [Label = 712] Encoding duration: 13013ms.
c [Label = 712] Number of clauses: 10083801.
c [Label = 712] Number of variables: 1321478.
c [Label = 712] Solving duration: 26042 ms.
s [Label = 712] UNSAT (w = 145).
c [Main] Highest label UNSAT is set to 712
c [Main] Kill lower label pid 709.
c [Label = 709] Encoding starts with target value = 145:
c [Signal] Signal interruption. Caught signal: SIGTERM (15).
c [Label = 725] Minimize Makespan Labeling problem (X-can__715.mtx.rnd):
c [Label = 718] Encoding starts with target value = 145:
c [Label = 718] Encoding duration: 13160ms.
c [Label = 718] Number of clauses: 10176654.
c [Label = 718] Number of variables: 1330058.
c [Label = 718] Solving duration: 26447 ms.
s [Label = 718] UNSAT (w = 145).
c [Main] Child pid 709 - 1793049 terminated by signal 15.
c [Label = 722] Minimize Makespan Labeling problem (X-can__715.mtx.rnd):
c [Label = 724] Encoding starts with target value = 145:
c [Label = 724] Encoding duration: 13208ms.
c [Label = 724] Number of clauses: 10269507.
c [Label = 724] Number of variables: 1338638.
c [Label = 724] Solving duration: 26326 ms.
s [Label = 724] UNSAT (w = 145).
c [Main] Highest label UNSAT is set to 718
c [Main] Kill lower label pid 715.
c [Label = 715] Encoding starts with target value = 145:
c [Signal] Signal interruption. Caught signal: SIGTERM (15).
c [Label = 719] Minimize Makespan Labeling problem (X-can__715.mtx.rnd):
c [Main] Highest label UNSAT is set to 724
c [Main] Kill lower label pid 719.
c [Main] Kill lower label pid 722.
c [Main] Kill lower label pid 715.
c [Main] Kill lower label pid 721.
c [Label = 719] Encoding starts with target value = 145:
c [Signal] Signal interruption. Caught signal: SIGTERM (15).
c [Label = 721] Encoding starts with target value = 145:
c [Signal] Signal interruption. Caught signal: SIGTERM (15).
c [Label = 722] Encoding starts with target value = 145:
c [Signal] Signal interruption. Caught signal: SIGTERM (15).
c [Label = 729] Minimize Makespan Labeling problem (X-can__715.mtx.rnd):
c [Main] Child pid 719 - 1793056 terminated by signal 15.
c [Label = 726] Minimize Makespan Labeling problem (X-can__715.mtx.rnd):
c [Main] Child pid 722 - 1793055 terminated by signal 15.
c [Main] Child pid 715 - 1793048 terminated by signal 15.
c [Main] Child pid 721 - 1793047 terminated by signal 15.
c [Label = 727] Encoding starts with target value = 145:
c [Label = 727] Encoding duration: 12687ms.
c [Label = 727] Number of clauses: 10615888.
c [Label = 727] Number of variables: 1444458.
c [Label = 727] Solving duration: 18572 ms.
s [Label = 727] SAT (w = 145).
c [Label = 727] Label assignment: 1 1 1 1 1 1 1 1 146 146 1 1 1 1 1 1 1 1 1 1 1 1 146 146 146 146 146 146 146 146 146 1 1 1 146 1 1 1 146 291 146 1 1 1 1 291 291 1 1 1 291 1 146 1 1 291 1 146 1 291 291 1 1 1 291 1 1 1 291 146 146 1 1 146 146 146 146 146 146 291 1 1 1 146 146 1 1 1 291 436 291 291 291 1 146 1 146 291 291 1 1 1 436 1 1 1 291 146 1 1 146 291 436 291 436 1 436 146 291 1 291 291 436 291 146 1 1 291 146 146 1 436 146 146 291 436 291 146 146 436 146 1 437 292 1 1 1 436 146 146 146 1 291 146 436 1 146 1 1 146 146 291 146 146 291 291 1 1 291 146 291 146 146 436 582 146 291 1 146 146 291 1 1 436 147 146 146 436 146 727 291 146 1 291 291 581 146 436 146 291 1 291 1 291 146 1 436 1 436 146 1 292 146 291 1 1 436 1 436 146 727 146 581 581 581 1 291 291 146 1 581 291 1 1 291 146 291 291 146 291 1 291 1 146 1 727 146 146 436 436 581 436 1 146 727 291 291 1 146 146 436 581 291 146 436 146 146 436 436 291 436 1 436 146 436 146 291 291 1 1 581 436 436 436 581 581 291 1 727 436 146 291 581 1 1 291 727 436 146 1 436 146 582 291 727 291 1 291 291 291 291 146 581 436 1 291 436 436 146 291 581 581 146 436 291 291 437 146 436 581 581 581 436 727 582 146 291 1 581 292 726 1 726 436 146 146 1 1 146 291 726 727 291 436 437 1 582 1 146 436 727 436 727 727 1 1 436 726 436 581 436 436 436 726 726 291 291 726 292 291 436 291 437 291 582 437 291 582 436 581 437 727 146 436 581 291 727 727 582 726 291 581 727 727 581 726 725 727 436 146 436 292 146 727 1 291 291 581 291 436 146 291 291 1 146 436 581 581 436 146 437 581 291 436 146 582 727 727 581 1 581 726 727 291 146 146 726 581 727 1 291 146 436 146 436 1 437 437 581 291 581 436 726 727 581 291 436 436 727 436 291 146 581 725 581 1 437 581 291 726 582 582 581 437 726 581 146 727 581 291 291 726 582 581 436 291 436 437 436 146 146 436 436 581 581 436 146 726 1 727 726 291 291 727 726 291 1 436 581 146 291 146 727 291 436 581 581 726 726 291 1 726 437 1 581 436 146 727 436 146 291 291 726 727 291 727 581 436 581 726 146 582 436 581 146 581 581 581 726 291 291 1 146 436 291 436 581 581 436 726 726 726 436 437 437 1 291 1 581 291 581 726 291 581 726 436 1 436 436 291 146 436 727 727 727 436 727 581 726 582 581 291 726 581 291 581 1 727 726 291 291 1 581 146 582 437 726 581 436 436 1 727 437 581 291 147 291 727 582 437 436 291 581 582 582 581 581 291 146 1 291 436 291 727 436 436 146 436 726 582 291 437 581 726 291 581 1 581 727 726 581 146 291 726 582 436 581 146 727 581 581 436 436 726 726 581 146 436 436 582 437 436 582 727 436 581 437 146 726 146 146 726 726 727 581 581 291 291 146 292 436 1 726 727 436 291 581 291 437 726 581 581 291 436 726 
c [Main] Lowest label SAT is set to 727.
c [Main] Kill higher label pid 729.
c [Main] Kill higher label pid 728.
c [Label = 729] Encoding starts with target value = 145:
c [Label = 729] Encoding duration: 10862ms.
c [Label = 729] Number of clauses: 10646839.
c [Label = 729] Number of variables: 1447318.
c [Signal] Signal interruption. Caught signal: SIGTERM (15).
c [Label = 728] Encoding starts with target value = 145:
c [Label = 728] Encoding duration: 13282ms.
c [Label = 728] Number of clauses: 10631364.
c [Label = 728] Number of variables: 1445888.
c [Signal] Signal interruption. Caught signal: SIGTERM (15).
c [Main] Child pid 729 - 1793057 terminated by signal 15.
c [Main] Child pid 728 - 1793050 terminated by signal 15.
c [Label = 726] Encoding starts with target value = 145:
c [Label = 726] Encoding duration: 10303ms.
c [Label = 726] Number of clauses: 10600413.
c [Label = 726] Number of variables: 1443028.
c [Label = 726] Solving duration: 18300 ms.
s [Label = 726] SAT (w = 145).
c [Label = 726] Label assignment: 1 1 1 1 1 1 1 1 146 146 1 1 1 1 1 1 1 1 1 1 1 1 146 146 146 146 146 146 146 146 146 1 1 1 146 1 1 1 146 291 146 1 1 1 1 291 291 1 1 1 291 1 146 1 1 291 1 146 1 291 291 1 1 1 291 1 1 1 291 146 146 1 1 146 146 146 146 146 146 291 1 1 1 146 146 1 1 1 291 436 291 291 291 1 146 1 146 291 291 1 1 1 436 1 1 1 291 146 1 1 146 291 436 291 436 1 436 146 291 1 291 291 436 291 146 1 1 291 146 146 1 436 146 146 291 436 291 146 146 436 146 1 579 291 1 1 1 436 146 146 146 1 291 146 436 1 146 1 1 146 146 291 146 146 291 291 1 1 291 146 291 146 146 436 436 146 291 1 146 146 291 1 1 436 146 146 146 436 146 581 291 146 1 291 291 581 146 436 146 291 1 291 1 291 146 1 436 1 436 146 1 291 146 579 1 1 436 1 436 146 726 146 581 581 726 1 291 291 146 1 581 291 1 1 291 146 291 291 146 291 1 291 1 146 1 581 146 146 436 436 581 725 1 146 726 291 291 1 146 146 436 581 291 146 436 146 146 436 436 291 436 1 436 146 436 146 291 291 1 1 581 436 436 436 581 581 291 1 581 436 146 291 581 1 1 291 581 436 146 1 436 146 436 291 291 291 1 291 291 291 291 146 581 436 1 291 436 581 146 291 581 581 146 436 291 291 436 146 436 581 581 581 726 581 581 146 291 1 581 291 726 1 726 436 581 146 1 1 146 291 726 726 291 436 581 1 291 1 146 436 581 436 581 581 1 581 436 726 436 581 436 436 436 726 726 291 291 726 291 291 436 291 436 291 726 436 291 726 436 581 436 581 146 436 581 291 291 726 581 726 291 581 1 726 581 726 725 581 436 725 436 726 146 436 1 291 291 581 291 436 146 291 291 1 146 436 581 581 436 146 436 581 291 436 146 436 726 581 581 1 581 726 726 291 146 146 726 581 726 1 581 146 436 146 436 1 436 436 581 291 581 436 726 726 581 291 436 436 726 436 291 146 581 725 581 1 581 581 291 726 436 581 436 581 726 581 146 581 581 291 291 726 726 581 436 291 436 436 726 146 146 436 726 581 581 436 146 583 291 581 726 291 291 726 146 291 1 436 581 146 291 146 726 581 436 581 581 726 726 291 1 726 434 1 581 436 146 291 436 146 291 291 726 436 291 726 581 581 581 726 146 581 436 581 146 581 581 581 726 291 291 1 146 436 291 436 581 581 436 726 726 726 436 436 436 1 291 1 581 291 581 581 291 581 726 436 581 436 436 291 146 436 726 581 726 436 726 581 726 726 581 291 726 581 291 581 1 726 726 291 291 1 581 146 581 436 726 581 436 436 1 726 436 581 291 146 291 581 726 581 436 1 581 581 726 581 581 291 146 1 291 436 291 291 436 436 146 436 726 726 291 436 581 726 291 581 1 581 146 726 581 146 291 726 436 436 581 146 726 1 581 436 436 726 726 581 146 436 436 581 436 436 726 726 436 581 436 146 726 146 146 726 726 436 581 581 291 291 146 291 436 1 726 581 436 291 291 291 581 726 581 581 291 436 726 
c [Main] Lowest label SAT is set to 726.
c [Label = 725] Encoding starts with target value = 145:
c [Label = 725] Encoding duration: 13181ms.
c [Label = 725] Number of clauses: 10275342.
c [Label = 725] Number of variables: 1340068.
c [Label = 725] Solving duration: 21579 ms.
s [Label = 725] UNSAT (w = 145).
c [Main] Highest label UNSAT is set to 725
c [Signal] Signal interruption. Caught signal: SIGTERM (15).
c [Main] All children have completed.
r [Main] 
r [Main] Final results: 
r [Main] Lowest label SAT:  	726.
r [Main] Highest label UNSAT:	725.
r [Main] Total real time: 125208 ms.
r [Main] Total memory consumed: 25604.7 MB.
r [Main] 
