c [Version] Minimize Makespan Labeling Encoder version 1.0.0.
c [Param] Target value is set to 24.
c [Param] LB is predefined as 25.
c [Param] UB is predefined as 315.
c [Param] Target value is set to Cyclic Antibandwidth.
c [Param] Vertices mode is set to Has hole.
c [Param] Result verification is ON.
c [Param] Memory limit is set to 30000.
c [Param] Real time limit is set to 1800.
c [Param] Worker count is set to 8.
c [Param] Max CNF size is set to 10.
c [Main] Search strategy: Iterating from upper bound.
c [Main] Search order: 315 314 313 312 311 310 309 308 307 306 305 304 303 302 301 300 299 298 297 296 295 294 293 292 291 290 289 288 287 286 285 284 283 282 281 280 279 278 277 276 275 274 273 272 271 270 269 268 267 266 265 264 263 262 261 260 259 258 257 256 255 254 253 252 251 250 249 248 247 246 245 244 243 242 241 240 239 238 237 236 235 234 233 232 231 230 229 228 227 226 225 224 223 222 221 220 219 218 217 216 215 214 213 212 211 210 209 208 207 206 205 204 203 202 201 200 199 198 197 196 195 194 193 192 191 190 189 188 187 186 185 184 183 182 181 180 179 178 177 176 175 174 173 172 171 170 169 168 167 166 165 164 163 162 161 160 159 158 157 156 155 154 153 152 151 150 149 148 147 146 145 144 143 142 141 140 139 138 137 136 135 134 133 132 131 130 129 128 127 126 125 124 123 122 121 120 119 118 117 116 115 114 113 112 111 110 109 108 107 106 105 104 103 102 101 100 99 98 97 96 95 94 93 92 91 90 89 88 87 86 85 84 83 82 81 80 79 78 77 76 75 74 73 72 71 70 69 68 67 66 65 64 63 62 61 60 59 58 57 56 55 54 53 52 51 50 49 48 47 46 45 44 43 42 41 40 39 38 37 36 35 34 33 32 31 30 29 28 27 26 25.
c [Main] Encoding and solving for graph: M-bcsstk06.mtx.rnd.
c [Label = 315] Minimize Makespan Labeling problem (M-bcsstk06.mtx.rnd):
c [Label = 314] Minimize Makespan Labeling problem (M-bcsstk06.mtx.rnd):
c [Label = 313] Minimize Makespan Labeling problem (M-bcsstk06.mtx.rnd):
c [Label = 312] Minimize Makespan Labeling problem (M-bcsstk06.mtx.rnd):
c [Label = 311] Minimize Makespan Labeling problem (M-bcsstk06.mtx.rnd):
c [Label = 310] Minimize Makespan Labeling problem (M-bcsstk06.mtx.rnd):
c [Label = 308] Minimize Makespan Labeling problem (M-bcsstk06.mtx.rnd):
c [Label = 309] Minimize Makespan Labeling problem (M-bcsstk06.mtx.rnd):
c [Label = 312] Encoding starts with target value = 24:
c [Label = 312] Encoding duration: 8691ms.
c [Label = 312] Number of clauses: 5543950.
c [Label = 312] Number of variables: 377252.
c [Label = 312] Solving duration: 24877 ms.
s [Label = 312] SAT (w = 24).
c [Label = 312] Label assignment: 311 311 287 263 287 311 287 311 311 311 311 311 311 263 311 311 287 311 311 155 263 287 263 263 287 239 311 287 311 239 311 287 287 191 239 287 311 263 239 143 287 311 287 311 191 287 263 311 287 311 287 311 263 287 263 263 311 287 263 239 239 239 239 263 311 191 287 215 215 287 263 239 287 239 311 167 287 287 287 263 311 287 263 311 287 215 191 191 287 239 191 239 239 263 287 215 239 239 311 311 167 215 287 263 311 263 287 191 191 311 311 191 287 287 311 191 215 131 167 215 215 47 167 215 191 287 239 215 239 215 215 263 215 239 287 215 287 95 239 311 191 191 239 191 263 143 167 287 287 239 287 263 191 263 239 191 287 239 239 239 215 287 23 119 191 311 263 287 167 71 167 239 311 191 143 107 311 263 191 287 143 311 167 143 167 191 167 311 119 239 143 263 167 143 119 167 287 143 167 263 119 143 191 287 311 95 119 167 143 239 119 119 119 119 311 107 263 215 119 263 95 119 191 95 215 191 215 191 167 167 119 95 311 107 119 143 215 71 311 167 143 191 311 143 311 239 83 95 239 95 215 143 239 191 167 263 311 119 167 83 95 143 83 119 287 215 47 287 71 311 119 167 143 311 23 71 311 95 59 59 119 83 71 311 95 239 239 95 263 215 167 119 143 143 143 59 215 47 95 95 95 167 167 263 143 95 59 287 47 239 47 23 215 47 71 167 287 71 191 239 143 71 191 143 167 215 23 119 143 71 287 119 35 167 143 191 215 311 263 71 215 95 143 215 119 263 239 191 71 263 47 47 191 47 59 311 47 263 71 47 239 95 215 71 239 287 119 95 167 47 143 95 215 23 35 119 263 47 47 119 191 23 47 47 287 263 23 239 311 311 23 311 167 95 59 35 23 71 311 95 311 263 191 191 215 143 71 167 215 71 71 119 167 167 312 119 143 191 1 23 
c [Label = 313] Encoding starts with target value = 24:
c [Label = 313] Encoding duration: 8025ms.
c [Label = 313] Number of clauses: 5554810.
c [Label = 313] Number of variables: 378092.
c [Label = 313] Solving duration: 26187 ms.
s [Label = 313] SAT (w = 24).
c [Label = 313] Label assignment: 95 311 74 167 288 311 290 215 311 311 311 311 311 266 311 311 287 311 311 156 239 312 266 215 287 191 311 287 311 264 289 288 287 263 242 287 311 146 119 288 122 311 287 189 191 287 263 311 287 311 287 311 263 287 263 264 311 242 263 240 239 239 239 263 311 218 287 216 141 287 218 261 287 239 95 2 287 287 264 288 311 289 263 311 287 213 239 192 287 239 167 194 239 98 287 215 239 239 239 311 189 239 194 263 71 263 287 191 165 311 311 240 287 287 311 143 239 132 167 98 215 26 26 215 191 122 95 216 194 143 194 263 216 215 264 191 265 24 47 311 239 170 194 191 263 167 288 287 287 119 287 263 191 240 239 192 287 239 98 311 215 287 120 47 170 98 218 242 167 50 264 167 311 170 143 108 72 263 263 287 143 311 167 213 119 26 168 98 119 263 168 263 146 170 119 312 287 263 146 263 71 167 191 287 311 95 26 313 240 239 71 95 71 72 311 108 263 215 144 263 264 98 191 47 215 313 167 191 167 146 119 144 311 108 119 143 170 2 287 143 167 191 239 95 311 215 84 50 239 74 215 71 239 191 167 263 311 119 167 84 71 26 84 192 287 215 170 287 71 311 119 170 239 311 143 264 311 50 60 60 119 215 48 311 71 289 167 47 191 95 143 122 84 24 23 60 167 167 95 95 74 119 215 263 98 71 60 287 2 95 96 312 143 22 71 215 287 120 98 194 146 71 240 143 143 167 313 237 146 143 311 119 36 122 143 191 216 216 216 122 122 95 119 146 122 287 95 218 71 263 47 47 191 170 60 311 191 263 48 165 143 144 215 95 239 287 95 311 146 240 288 95 23 22 36 146 313 96 22 167 24 22 47 47 287 240 22 168 311 311 216 311 122 70 60 36 48 122 311 71 120 263 265 191 215 47 46 119 144 120 74 71 192 312 71 122 95 191 50 1 
c [Signal] Signal interruption. Caught signal: SIGTERM (15).
c [Main] Lowest label SAT is set to 312.
c [Main] Kill higher label pid 313.
c [Main] Kill higher label pid 314.
c [Main] Kill higher label pid 315.
c [Label = 314] Encoding starts with target value = 24:
c [Label = 314] Encoding duration: 8187ms.
c [Label = 314] Number of clauses: 5599091.
c [Label = 314] Number of variables: 387752.
c [Signal] Signal interruption. Caught signal: SIGTERM (15).
c [Label = 315] Encoding starts with target value = 24:
c [Label = 315] Encoding duration: 8610ms.
c [Label = 315] Number of clauses: 5616071.
c [Label = 315] Number of variables: 388592.
c [Signal] Signal interruption. Caught signal: SIGTERM (15).
c [Label = 307] Minimize Makespan Labeling problem (M-bcsstk06.mtx.rnd):
c [Main] Child pid 313 - 97176 terminated by signal 15.
c [Label = 306] Minimize Makespan Labeling problem (M-bcsstk06.mtx.rnd):
c [Main] Child pid 315 - 97174 terminated by signal 15.
c [Label = 305] Minimize Makespan Labeling problem (M-bcsstk06.mtx.rnd):
c [Main] Child pid 314 - 97175 terminated by signal 15.
c [Label = 304] Minimize Makespan Labeling problem (M-bcsstk06.mtx.rnd):
c [Label = 311] Encoding starts with target value = 24:
c [Label = 311] Encoding duration: 8005ms.
c [Label = 311] Number of clauses: 5526969.
c [Label = 311] Number of variables: 376412.
c [Label = 311] Solving duration: 32514 ms.
s [Label = 311] SAT (w = 24).
c [Label = 311] Label assignment: 262 310 286 310 286 310 287 286 310 310 262 310 310 263 214 310 287 310 310 155 214 310 263 286 286 310 290 286 310 238 310 190 286 238 239 286 310 214 166 286 238 310 286 3 190 215 262 310 118 310 286 310 262 286 215 262 310 239 262 238 238 238 238 262 310 215 286 262 190 286 286 239 286 238 310 214 238 286 262 310 309 190 262 310 286 190 46 119 286 238 238 191 238 166 286 214 238 239 310 310 214 167 191 262 310 262 286 59 166 310 310 214 286 286 310 118 287 131 142 190 310 286 142 214 214 286 238 214 238 215 191 214 310 214 262 214 286 238 190 310 214 143 190 190 262 190 310 286 286 118 286 262 190 238 238 190 286 238 95 238 191 286 166 143 167 166 215 239 166 143 71 238 310 143 142 107 142 262 262 286 166 310 166 263 166 166 286 47 214 118 214 238 119 70 118 142 238 262 143 262 71 166 214 286 298 94 142 214 118 238 95 142 95 118 310 107 310 214 190 262 262 46 190 142 166 23 166 59 119 143 167 94 310 107 190 142 167 47 310 142 142 167 214 190 310 239 83 94 238 95 190 142 238 70 166 262 59 119 166 83 167 71 83 94 285 70 71 286 26 310 118 166 239 310 23 238 310 262 190 59 118 35 46 310 118 238 143 71 214 190 262 95 83 22 119 59 166 23 94 35 118 94 35 262 142 95 59 286 70 71 70 47 142 47 46 142 286 166 143 191 119 94 190 142 71 166 23 70 118 71 287 59 190 94 35 190 166 262 214 94 190 94 95 167 71 286 238 215 214 262 35 47 35 46 3 310 71 262 142 70 166 70 214 95 238 286 119 310 119 310 118 11 23 1 59 70 142 47 46 143 190 118 70 118 286 214 35 71 310 310 190 310 143 94 35 23 166 94 263 46 46 262 238 290 214 95 118 94 142 23 118 70 118 214 119 262 262 70 311 1 
c [Main] Lowest label SAT is set to 311.
c [Label = 303] Minimize Makespan Labeling problem (M-bcsstk06.mtx.rnd):
c [Label = 309] Encoding starts with target value = 24:
c [Label = 309] Encoding duration: 7955ms.
c [Label = 309] Number of clauses: 5493008.
c [Label = 309] Number of variables: 374732.
c [Label = 309] Solving duration: 32965 ms.
s [Label = 309] SAT (w = 24).
c [Label = 309] Label assignment: 208 308 285 260 285 296 286 290 308 308 308 308 308 262 140 308 284 308 296 155 188 301 262 256 284 237 308 272 296 212 237 232 284 189 238 284 308 164 40 64 237 308 35 5 260 284 260 308 188 308 284 308 260 284 215 261 308 236 188 237 236 236 224 260 308 190 284 213 112 284 260 236 284 236 237 308 284 284 301 260 301 280 260 308 272 237 164 64 284 236 189 188 236 88 284 212 236 164 260 308 140 236 166 260 237 260 284 188 68 308 308 160 284 284 308 164 212 131 236 188 212 112 140 212 188 208 189 213 236 284 190 260 160 212 88 160 284 136 213 308 188 116 166 188 140 119 184 284 284 136 284 260 188 256 215 189 284 236 112 308 191 272 165 88 140 188 260 238 164 304 184 236 308 140 140 107 237 166 236 284 112 308 164 116 116 212 141 232 212 88 136 260 142 68 59 140 164 236 59 260 64 164 140 284 308 83 88 165 117 236 88 64 112 16 308 107 260 212 40 188 40 92 248 40 23 301 164 212 136 116 140 64 308 188 140 140 118 308 308 248 164 167 236 117 301 238 107 40 236 208 212 212 59 136 140 260 308 64 164 83 40 64 260 16 277 212 261 212 107 308 116 164 239 308 284 285 308 116 296 35 59 11 261 308 40 189 143 64 188 88 116 92 35 40 160 71 164 184 92 47 308 116 47 11 140 40 35 284 164 47 117 5 23 212 116 68 284 213 212 94 64 188 117 140 119 112 23 92 188 164 308 59 284 164 44 188 141 232 213 40 116 116 68 142 94 284 92 188 92 116 35 95 116 68 92 308 64 59 213 64 59 64 143 88 236 284 92 308 142 184 261 116 136 83 83 212 88 16 68 212 40 11 23 92 284 261 260 189 308 308 40 308 214 92 35 239 160 260 260 23 88 260 112 116 212 68 40 88 165 88 214 92 112 309 44 88 112 64 44 1 
c [Main] Lowest label SAT is set to 309.
c [Main] Kill higher label pid 310.
c [Label = 310] Encoding starts with target value = 24:
c [Label = 310] Encoding duration: 8094ms.
c [Label = 310] Number of clauses: 5509989.
c [Label = 310] Number of variables: 375572.
c [Signal] Signal interruption. Caught signal: SIGTERM (15).
c [Label = 302] Minimize Makespan Labeling problem (M-bcsstk06.mtx.rnd):
c [Main] Child pid 310 - 97179 terminated by signal 15.
c [Label = 301] Minimize Makespan Labeling problem (M-bcsstk06.mtx.rnd):
c [Label = 308] Encoding starts with target value = 24:
c [Label = 308] Encoding duration: 7987ms.
c [Label = 308] Number of clauses: 5476028.
c [Label = 308] Number of variables: 373892.
c [Label = 308] Solving duration: 33432 ms.
s [Label = 308] SAT (w = 24).
c [Label = 308] Label assignment: 211 307 303 296 272 307 303 187 307 307 307 307 307 235 294 307 285 307 30 150 261 272 261 303 283 296 283 270 191 237 296 259 283 43 237 283 307 165 67 43 237 307 283 19 187 283 246 307 259 307 283 307 259 283 259 215 307 237 246 296 222 102 222 259 307 213 266 211 187 283 213 261 283 222 296 187 307 283 272 303 272 211 259 307 266 189 115 163 283 235 191 189 235 279 283 215 235 235 307 307 139 235 189 259 163 237 283 174 67 307 303 163 283 283 307 102 150 126 126 213 307 115 139 211 211 19 139 224 187 279 189 259 43 211 224 43 272 296 67 303 163 165 189 187 102 187 115 283 283 259 283 259 187 235 235 187 283 235 91 235 211 270 163 187 165 19 141 237 163 19 139 235 307 165 139 102 163 259 259 283 211 307 163 189 165 93 248 272 307 235 296 259 141 117 78 117 270 259 141 259 117 150 174 283 307 54 261 163 187 235 91 139 19 139 307 102 259 163 91 259 91 115 102 93 198 67 150 174 163 141 54 91 307 54 102 139 165 187 307 126 150 187 211 139 307 211 6 43 211 187 187 141 239 115 163 259 174 117 211 6 261 139 78 43 248 235 139 102 30 307 30 139 235 307 19 237 307 91 54 54 115 198 115 307 91 200 163 78 187 67 126 93 78 67 139 54 150 211 54 78 237 141 126 78 115 93 78 283 163 69 36 43 198 235 115 211 279 12 117 189 213 54 139 139 139 165 91 141 141 67 285 235 283 117 126 187 239 67 224 43 213 115 91 93 93 279 69 213 54 259 30 43 187 67 23 307 139 246 12 67 222 91 211 54 235 279 115 141 141 115 213 78 303 10 290 19 12 115 67 163 67 78 30 30 283 139 91 187 307 307 272 307 165 43 30 290 67 43 261 45 115 259 248 54 211 69 91 163 91 12 91 45 248 163 308 67 211 115 1 163 
c [Main] Lowest label SAT is set to 308.
c [Label = 300] Minimize Makespan Labeling problem (M-bcsstk06.mtx.rnd):
c [Label = 307] Encoding starts with target value = 24:
c [Label = 307] Encoding duration: 8033ms.
c [Label = 307] Number of clauses: 5459047.
c [Label = 307] Number of variables: 373052.
c [Label = 307] Solving duration: 32444 ms.
s [Label = 307] SAT (w = 24).
c [Label = 307] Label assignment: 283 306 276 306 282 290 276 204 306 306 306 306 276 228 119 306 276 306 306 146 252 307 167 307 282 306 306 266 290 216 307 234 282 258 239 282 306 252 108 132 228 306 266 17 242 119 258 306 210 306 282 306 258 282 143 258 306 239 210 234 234 218 146 258 306 215 276 156 191 282 215 228 282 234 235 84 282 282 259 168 295 204 242 306 266 192 138 259 252 218 234 191 234 120 282 194 234 218 306 306 162 234 191 258 307 252 282 170 162 306 300 144 282 282 306 167 282 122 143 300 306 307 138 194 163 216 235 210 211 119 186 258 156 210 24 259 282 72 48 300 17 146 282 170 258 139 252 282 282 234 282 258 170 180 218 186 282 234 48 211 194 266 283 96 258 65 139 239 146 24 132 139 306 167 122 306 283 115 258 282 163 306 146 114 71 162 84 48 170 91 72 258 122 66 26 138 194 98 47 258 210 47 71 282 306 90 17 36 186 234 210 115 96 60 306 98 258 194 48 7 24 300 242 115 162 283 47 210 180 139 71 108 306 170 186 122 163 48 306 242 95 170 187 186 306 114 98 41 218 228 139 23 47 144 115 258 306 23 146 74 24 120 95 138 271 50 72 258 66 306 119 139 258 306 24 192 306 114 71 218 98 95 36 306 91 186 234 95 139 47 138 282 47 12 263 186 146 307 74 23 41 74 23 23 66 71 23 282 65 95 132 168 143 23 98 95 276 211 74 276 307 47 138 34 115 91 283 66 186 210 300 170 282 122 23 170 84 120 210 89 187 194 139 191 50 215 47 42 74 26 98 47 170 90 119 306 132 194 162 252 23 114 210 47 218 276 91 143 139 144 41 122 283 218 74 90 162 108 163 74 60 122 50 71 252 259 258 235 306 306 48 306 119 41 218 242 210 194 306 26 210 258 72 71 194 98 114 60 162 24 90 74 186 72 1 96 186 144 17 300 
c [Main] Lowest label SAT is set to 307.
c [Label = 299] Minimize Makespan Labeling problem (M-bcsstk06.mtx.rnd):
c [Label = 305] Encoding starts with target value = 24:
c [Label = 305] Encoding duration: 7890ms.
c [Label = 305] Number of clauses: 5425086.
c [Label = 305] Number of variables: 371372.
c [Label = 305] Solving duration: 34268 ms.
s [Label = 305] SAT (w = 24).
c [Label = 305] Label assignment: 215 304 257 227 275 304 282 227 304 304 304 304 304 258 304 304 281 305 297 153 203 304 258 191 280 299 280 280 304 233 299 275 280 251 234 280 304 209 138 227 251 304 280 9 256 56 201 304 256 304 280 304 256 28 256 251 304 234 256 227 232 232 225 256 304 210 280 275 185 280 210 257 280 232 299 179 304 280 275 143 275 215 256 304 273 179 155 114 280 232 227 177 232 203 280 201 232 215 304 304 107 232 186 256 304 256 280 177 107 2 304 119 280 280 304 32 280 129 153 184 208 299 131 208 160 251 227 203 232 186 186 256 66 208 275 114 275 179 275 304 88 162 186 184 105 184 299 280 280 227 280 256 57 191 232 179 280 232 275 232 208 280 155 42 162 131 138 234 160 275 90 232 304 208 136 105 203 256 256 280 155 304 136 233 66 160 251 251 305 66 167 256 138 114 112 136 129 256 138 256 90 153 184 280 304 57 209 66 179 232 18 131 179 114 304 105 256 208 23 184 42 83 105 114 208 251 153 184 90 138 114 90 304 177 105 184 162 251 304 129 160 184 304 179 304 234 57 59 23 18 184 138 225 114 208 256 280 114 112 23 215 66 81 131 251 71 66 280 33 304 105 160 232 304 42 191 304 35 56 249 88 249 66 304 107 227 136 90 184 66 136 90 81 299 90 57 153 18 280 81 35 138 208 81 136 90 81 280 155 32 42 143 129 232 88 208 280 203 114 90 90 57 179 136 160 162 143 88 138 66 281 81 33 114 129 184 203 167 203 281 184 232 112 162 90 280 66 66 47 112 208 42 57 112 57 304 114 81 155 83 225 107 65 42 232 280 33 304 138 299 59 81 18 23 23 208 18 47 112 208 42 160 62 33 280 71 160 95 304 304 155 1 186 59 249 177 143 59 257 66 18 256 167 177 208 33 35 83 23 251 35 57 119 299 138 42 90 114 305 3 
c [Main] Lowest label SAT is set to 305.
c [Main] Kill higher label pid 306.
c [Label = 306] Encoding starts with target value = 24:
c [Label = 306] Encoding duration: 7813ms.
c [Label = 306] Number of clauses: 5442067.
c [Label = 306] Number of variables: 372212.
c [Signal] Signal interruption. Caught signal: SIGTERM (15).
c [Label = 298] Minimize Makespan Labeling problem (M-bcsstk06.mtx.rnd):
c [Main] Child pid 306 - 97196 terminated by signal 15.
c [Label = 297] Minimize Makespan Labeling problem (M-bcsstk06.mtx.rnd):
c [Label = 304] Encoding starts with target value = 24:
c [Label = 304] Encoding duration: 7734ms.
c [Label = 304] Number of clauses: 5408106.
c [Label = 304] Number of variables: 370532.
c [Label = 304] Solving duration: 34946 ms.
s [Label = 304] SAT (w = 24).
c [Label = 304] Label assignment: 236 303 208 71 287 256 57 232 279 303 256 303 304 232 304 304 159 272 232 152 256 215 257 295 280 239 232 280 232 232 239 263 232 239 233 303 303 256 212 287 208 232 280 87 232 232 256 303 280 32 279 160 256 232 255 263 303 233 256 239 232 184 160 208 303 209 231 263 184 303 279 232 164 160 239 188 280 279 263 10 287 208 208 303 304 184 159 296 255 184 191 185 232 184 279 208 232 208 279 279 135 161 185 208 263 255 280 184 159 208 303 280 279 280 256 112 160 128 136 207 207 184 135 272 183 111 191 215 111 209 184 208 160 207 215 184 279 191 136 303 159 137 185 136 256 143 24 279 279 212 279 255 24 64 208 191 280 232 184 303 184 280 95 232 160 81 209 233 112 88 40 232 231 137 88 104 143 208 47 279 95 303 136 183 112 9 287 232 208 64 16 183 113 303 64 135 280 255 136 255 136 56 208 279 303 88 281 167 64 231 136 119 111 119 303 103 208 208 119 160 63 280 184 23 136 112 136 184 39 136 55 71 303 104 111 55 137 88 280 80 87 160 231 119 296 208 80 33 232 112 159 161 256 160 135 160 112 71 136 79 208 15 80 16 263 304 304 280 24 303 112 279 279 303 112 48 2 111 24 184 112 208 167 303 71 191 136 137 255 303 256 89 79 37 87 184 159 266 40 63 39 88 160 48 135 47 55 279 1 65 8 87 136 71 16 87 279 88 65 185 160 39 119 304 112 303 136 63 113 95 303 112 304 89 63 136 215 136 215 57 207 32 71 135 161 209 112 161 256 160 184 23 160 280 24 303 47 56 143 257 48 40 184 47 232 255 31 88 113 160 33 135 256 232 280 87 143 239 63 136 119 56 296 10 279 10 208 64 256 303 136 303 161 183 24 280 95 87 303 23 95 279 64 184 184 89 38 23 167 167 111 39 40 290 23 256 10 160 111 2 
c [Main] Lowest label SAT is set to 304.
c [Label = 296] Minimize Makespan Labeling problem (M-bcsstk06.mtx.rnd):
c [Label = 302] Encoding starts with target value = 24:
c [Label = 302] Encoding duration: 7871ms.
c [Label = 302] Number of clauses: 5374145.
c [Label = 302] Number of variables: 368852.
c [Label = 302] Solving duration: 31591 ms.
s [Label = 302] SAT (w = 24).
c [Label = 302] Label assignment: 220 301 230 263 287 252 231 242 268 301 301 301 301 255 302 301 278 301 302 151 278 292 255 268 277 239 278 276 300 206 302 14 277 239 301 277 301 254 292 230 218 301 300 12 180 277 253 301 252 300 277 252 253 228 215 263 301 231 252 230 228 228 228 253 301 207 255 206 183 277 207 230 301 228 230 182 229 277 254 277 292 182 204 301 276 182 158 86 277 180 182 182 229 194 277 204 229 239 277 301 134 156 183 253 292 231 301 180 158 277 10 134 277 277 301 132 228 127 156 182 205 244 134 301 143 230 230 206 207 183 183 253 62 205 254 134 277 182 86 263 287 132 183 143 180 167 62 277 277 134 277 253 180 110 228 182 300 229 206 229 191 276 158 182 159 279 135 231 119 158 268 167 301 132 95 30 268 229 181 277 86 301 156 86 108 158 134 14 302 111 134 253 108 159 276 62 278 253 135 301 244 156 108 277 301 94 37 62 182 229 158 38 12 110 301 102 253 204 38 276 37 37 103 62 204 206 156 180 110 87 108 86 301 55 54 132 159 182 301 79 156 167 253 110 301 207 79 86 228 206 167 158 228 62 205 253 30 135 70 78 36 86 204 110 268 22 266 180 46 301 46 159 253 301 38 86 301 86 54 54 108 204 62 301 110 182 143 84 157 23 132 231 78 38 134 22 156 158 47 84 206 108 78 252 62 111 54 277 61 207 14 158 132 220 23 205 239 158 135 183 110 30 110 156 95 301 292 38 181 86 278 132 276 108 132 204 206 12 206 254 183 46 119 135 84 277 63 207 71 277 180 62 84 134 108 301 110 252 158 61 132 86 143 36 228 277 30 60 111 62 110 84 290 103 31 135 278 14 38 204 38 22 71 108 277 86 253 110 276 301 38 301 111 86 180 30 158 110 254 60 134 253 230 54 180 36 110 62 62 62 110 60 134 110 84 38 86 62 302 1 
c [Main] Lowest label SAT is set to 302.
c [Main] Kill higher label pid 303.
c [Label = 303] Encoding starts with target value = 24:
c [Label = 303] Encoding duration: 7927ms.
c [Label = 303] Number of clauses: 5391125.
c [Label = 303] Number of variables: 369692.
c [Signal] Signal interruption. Caught signal: SIGTERM (15).
c [Label = 295] Minimize Makespan Labeling problem (M-bcsstk06.mtx.rnd):
c [Main] Child pid 303 - 97203 terminated by signal 15.
c [Label = 294] Minimize Makespan Labeling problem (M-bcsstk06.mtx.rnd):
c [Label = 300] Encoding starts with target value = 24:
c [Label = 300] Encoding duration: 7756ms.
c [Label = 300] Number of clauses: 5340184.
c [Label = 300] Number of variables: 367172.
c [Label = 300] Solving duration: 31655 ms.
s [Label = 300] SAT (w = 24).
c [Label = 300] Label assignment: 275 299 276 277 251 299 276 300 299 299 299 299 299 228 299 299 276 299 298 149 252 275 252 204 275 299 299 275 250 228 299 251 275 203 228 275 299 204 179 203 228 299 275 204 251 275 250 299 275 299 275 299 251 275 167 275 299 228 251 203 227 227 226 251 276 204 228 299 180 275 167 252 275 227 299 155 275 275 251 95 275 276 251 299 274 180 108 203 275 227 203 191 227 276 275 202 227 226 299 299 156 227 180 251 71 252 275 178 156 299 276 204 275 275 299 143 226 125 119 180 299 120 132 203 203 228 203 275 300 275 191 251 300 203 251 144 275 143 252 299 156 156 133 179 251 155 144 275 275 47 275 251 46 72 226 155 275 227 252 227 202 275 227 48 251 252 157 228 155 252 144 227 299 95 131 95 71 167 251 275 107 299 154 228 71 36 95 48 95 133 24 251 132 156 107 132 143 227 143 251 23 154 179 228 299 83 204 107 155 227 227 131 48 131 299 95 251 203 227 179 180 24 101 227 203 227 154 179 24 143 95 47 299 178 95 130 156 96 299 130 155 178 203 155 299 84 77 60 227 96 179 119 226 155 155 251 299 58 107 71 276 120 203 131 251 35 72 275 59 299 106 132 251 299 48 180 299 48 47 178 106 202 71 299 59 203 227 23 179 83 131 95 23 299 119 82 155 204 47 23 84 71 130 22 108 34 119 275 108 47 23 24 23 203 23 203 275 179 71 84 120 71 155 131 95 109 168 156 132 107 276 29 47 108 131 179 227 300 227 72 84 83 47 180 108 252 119 204 203 22 59 83 82 108 71 299 131 251 71 132 274 47 203 47 227 252 143 299 132 72 300 23 96 71 298 180 179 47 36 143 23 155 71 47 275 23 251 95 299 299 275 299 132 204 53 250 251 60 252 23 179 251 300 179 203 47 60 83 299 179 300 84 119 24 23 228 1 155 300 24 
c [Main] Lowest label SAT is set to 300.
c [Main] Kill higher label pid 301.
c [Label = 301] Encoding starts with target value = 24:
c [Label = 301] Encoding duration: 7826ms.
c [Label = 301] Number of clauses: 5357164.
c [Label = 301] Number of variables: 368012.
c [Signal] Signal interruption. Caught signal: SIGTERM (15).
c [Label = 293] Minimize Makespan Labeling problem (M-bcsstk06.mtx.rnd):
c [Main] Child pid 301 - 97205 terminated by signal 15.
c [Label = 292] Minimize Makespan Labeling problem (M-bcsstk06.mtx.rnd):
c [Label = 294] Encoding starts with target value = 24:
c [Label = 294] Encoding duration: 7526ms.
c [Label = 294] Number of clauses: 5238301.
c [Label = 294] Number of variables: 362132.
c [Label = 294] Solving duration: 24376 ms.
s [Label = 294] SAT (w = 24).
c [Label = 294] Label assignment: 173 293 245 293 71 293 221 173 293 293 245 293 293 245 293 293 269 293 293 146 269 71 247 293 269 293 293 269 293 221 293 221 269 95 293 269 293 149 197 269 221 221 269 293 245 269 245 293 269 293 269 293 245 269 149 191 293 221 245 239 221 221 221 245 293 197 247 215 173 269 245 245 269 149 293 23 269 269 23 125 215 269 245 293 269 173 149 95 269 221 239 175 221 149 269 47 221 221 221 293 125 221 173 245 119 223 269 173 149 293 275 119 269 269 293 95 221 122 143 173 245 47 125 197 197 221 269 215 199 269 175 173 293 197 167 119 269 143 197 275 149 149 173 173 245 293 95 269 269 293 269 245 173 245 221 167 269 221 197 197 197 269 119 173 125 101 245 223 149 221 119 173 293 125 125 23 119 245 221 269 149 293 149 221 149 125 191 191 197 101 23 221 125 149 101 101 269 221 101 221 47 149 173 269 293 74 77 215 245 221 149 95 71 95 293 71 293 197 167 173 47 77 245 23 125 215 149 77 95 151 71 263 293 173 293 125 149 269 293 125 101 173 173 269 293 197 74 53 221 143 173 125 221 293 149 245 293 101 149 197 47 245 125 143 191 53 293 269 23 293 23 125 245 269 71 71 293 53 71 23 101 47 47 293 47 269 221 47 125 197 245 101 119 293 101 197 149 245 77 47 197 71 101 98 101 77 47 245 101 77 143 23 47 101 53 125 251 71 197 173 269 197 245 125 149 149 71 77 173 125 270 101 71 125 101 173 47 149 119 29 175 77 101 125 101 251 53 199 197 53 23 23 23 29 173 293 245 245 23 271 95 95 197 77 221 251 125 293 125 23 197 53 245 197 197 5 71 245 77 77 167 47 29 23 269 23 245 95 293 293 191 293 101 53 23 245 47 53 293 53 119 245 47 23 197 77 29 71 47 191 29 29 293 269 53 167 173 293 294 1 
c [Label = 295] Encoding starts with target value = 24:
c [Label = 295] Encoding duration: 7596ms.
c [Label = 295] Number of clauses: 5255281.
c [Label = 295] Number of variables: 362972.
c [Label = 295] Solving duration: 24819 ms.
s [Label = 295] SAT (w = 24).
c [Label = 295] Label assignment: 271 294 246 19 271 294 294 246 294 294 294 294 294 246 294 294 271 294 294 147 270 295 248 174 270 223 270 270 294 222 295 247 270 223 224 270 294 198 150 271 222 294 270 23 246 270 246 294 246 294 270 294 246 270 246 247 294 224 246 223 222 222 222 246 294 200 246 247 174 270 200 247 270 222 223 199 294 270 247 199 278 271 246 294 246 174 150 198 270 222 175 176 222 102 270 198 222 198 294 294 126 222 176 246 127 270 270 174 150 294 294 126 270 270 294 119 222 47 143 174 198 126 126 198 143 247 223 199 222 270 174 246 295 198 151 126 270 72 150 294 198 152 176 174 126 167 72 270 270 103 270 246 222 174 222 175 270 222 223 143 198 270 151 102 150 270 78 224 150 96 72 222 294 152 126 119 151 246 246 270 79 294 150 223 152 150 271 247 294 54 24 246 128 104 102 126 270 246 95 246 30 150 174 246 294 71 95 127 175 222 48 55 174 55 294 119 246 198 48 174 48 102 123 126 198 102 150 174 198 126 71 79 294 174 126 174 152 222 294 95 150 174 294 79 294 222 71 71 222 223 198 95 270 19 174 246 174 55 126 23 48 295 95 78 254 51 295 126 23 294 71 150 222 294 102 174 294 47 71 71 102 198 127 294 31 175 150 30 174 150 102 294 95 7 126 23 150 78 78 47 295 95 47 95 126 31 71 270 198 102 31 198 198 222 47 198 270 48 104 176 271 78 79 47 126 152 150 96 128 95 294 99 270 104 102 174 151 150 199 71 174 198 71 152 80 270 102 200 75 246 23 119 126 72 71 294 175 246 199 198 47 24 150 54 222 270 102 294 128 72 294 54 24 23 222 102 103 223 23 198 54 150 23 23 270 199 126 24 294 294 247 294 128 47 23 174 127 24 247 56 103 246 24 23 198 32 78 119 295 103 47 78 175 272 80 48 78 1 48 23 
c [Signal] Signal interruption. Caught signal: SIGTERM (15).
c [Label = 296] Encoding starts with target value = 24:
c [Label = 296] Encoding duration: 7556ms.
c [Label = 296] Number of clauses: 5272262.
c [Label = 296] Number of variables: 363812.
c [Signal] Signal interruption. Caught signal: SIGTERM (15).
c [Main] Lowest label SAT is set to 294.
c [Main] Kill higher label pid 295.
c [Main] Kill higher label pid 296.
c [Main] Kill higher label pid 297.
c [Main] Kill higher label pid 298.
c [Main] Kill higher label pid 299.
c [Label = 298] Encoding starts with target value = 24:
c [Label = 298] Encoding duration: 7376ms.
c [Label = 298] Number of clauses: 5306223.
c [Label = 298] Number of variables: 365492.
c [Signal] Signal interruption. Caught signal: SIGTERM (15).
c [Label = 297] Encoding starts with target value = 24:
c [Label = 297] Encoding duration: 7373ms.
c [Label = 297] Number of clauses: 5289242.
c [Label = 297] Number of variables: 364652.
c [Signal] Signal interruption. Caught signal: SIGTERM (15).
c [Label = 299] Encoding starts with target value = 24:
c [Label = 299] Encoding duration: 7546ms.
c [Label = 299] Number of clauses: 5323203.
c [Label = 299] Number of variables: 366332.
c [Signal] Signal interruption. Caught signal: SIGTERM (15).
c [Label = 291] Minimize Makespan Labeling problem (M-bcsstk06.mtx.rnd):
c [Main] Child pid 295 - 97224 terminated by signal 15.
c [Label = 290] Minimize Makespan Labeling problem (M-bcsstk06.mtx.rnd):
c [Main] Child pid 299 - 97218 terminated by signal 15.
c [Label = 289] Minimize Makespan Labeling problem (M-bcsstk06.mtx.rnd):
c [Main] Child pid 297 - 97220 terminated by signal 15.
c [Main] Child pid 296 - 97221 terminated by signal 15.
c [Label = 288] Minimize Makespan Labeling problem (M-bcsstk06.mtx.rnd):
c [Label = 287] Minimize Makespan Labeling problem (M-bcsstk06.mtx.rnd):
c [Main] Child pid 298 - 97219 terminated by signal 15.
c [Label = 286] Minimize Makespan Labeling problem (M-bcsstk06.mtx.rnd):
c [Label = 293] Encoding starts with target value = 24:
c [Label = 293] Encoding duration: 7418ms.
c [Label = 293] Number of clauses: 5221320.
c [Label = 293] Number of variables: 361292.
c [Label = 293] Solving duration: 31065 ms.
s [Label = 293] SAT (w = 24).
c [Label = 293] Label assignment: 268 292 244 268 244 292 244 244 292 292 292 269 292 220 292 292 268 292 292 146 268 268 292 244 244 292 292 268 292 220 292 196 268 220 268 268 292 148 143 244 71 292 268 23 244 268 244 292 244 292 245 292 244 268 220 220 292 222 244 196 220 220 220 244 292 198 244 143 172 268 198 292 268 220 292 172 268 245 220 172 244 268 244 292 268 172 148 119 268 220 268 174 220 196 268 196 220 196 292 292 124 220 174 196 268 268 268 172 124 292 292 119 268 268 292 150 220 122 124 172 292 167 292 196 172 196 268 172 220 124 172 268 292 196 167 292 268 292 220 292 148 150 174 172 100 268 292 244 268 244 268 244 172 220 220 119 268 220 95 220 196 268 47 71 148 100 124 268 148 71 244 220 126 150 124 98 95 124 244 268 196 292 148 244 95 196 244 47 196 221 23 244 126 102 100 124 268 244 124 196 71 23 196 244 292 76 292 167 196 220 71 143 95 95 292 98 244 196 71 172 47 100 244 23 172 143 148 196 220 100 100 71 292 172 100 124 150 47 292 124 148 172 172 196 292 196 98 71 220 191 148 71 220 292 244 244 292 76 100 74 47 23 268 119 220 28 23 172 52 292 100 124 244 292 95 220 292 196 71 50 100 196 23 292 95 268 102 23 172 47 124 244 23 268 268 76 148 148 76 52 220 102 124 23 100 23 293 268 148 47 292 148 148 220 28 124 268 71 102 244 268 28 196 124 78 150 143 100 100 119 268 28 52 126 52 172 143 244 172 76 196 76 148 174 78 220 52 76 196 26 52 47 172 76 76 292 119 244 23 268 148 95 124 47 220 268 54 126 126 119 47 172 172 47 50 172 145 220 23 196 71 148 52 76 268 23 244 196 292 292 47 292 150 52 74 244 47 52 292 23 47 244 167 172 196 52 76 119 95 167 47 76 119 119 23 95 292 1 23 23 
c [Main] Lowest label SAT is set to 293.
c [Label = 285] Minimize Makespan Labeling problem (M-bcsstk06.mtx.rnd):
c [Label = 292] Encoding starts with target value = 24:
c [Label = 292] Encoding duration: 7806ms.
c [Label = 292] Number of clauses: 5204340.
c [Label = 292] Number of variables: 360452.
c [Label = 292] Solving duration: 32936 ms.
s [Label = 292] SAT (w = 24).
c [Label = 292] Label assignment: 21 289 269 289 265 217 269 245 289 291 291 263 291 245 289 291 244 289 289 144 172 265 245 45 267 291 243 47 241 245 215 241 267 21 221 263 263 196 265 289 25 291 169 1 241 191 97 220 267 292 76 217 291 241 291 241 291 197 267 289 147 289 22 143 291 173 28 241 25 265 263 220 76 219 291 169 267 287 265 221 263 265 193 291 265 25 196 169 220 265 118 219 196 269 267 193 193 217 52 291 145 166 197 167 241 52 263 217 148 215 172 145 267 267 291 71 121 21 21 172 291 45 124 165 243 25 191 143 100 173 172 243 217 195 265 167 267 193 193 291 148 125 221 141 291 167 121 267 267 289 267 243 241 141 193 191 117 147 245 243 117 47 93 73 148 73 124 221 69 241 117 191 191 100 289 169 93 28 219 263 143 291 141 100 73 268 167 93 195 287 289 243 101 125 45 124 145 197 124 219 100 99 195 196 291 93 169 142 117 173 93 118 73 117 291 69 243 69 45 193 49 73 169 45 147 93 143 195 143 100 167 45 291 217 171 93 125 69 244 119 123 46 195 215 263 221 289 49 93 193 70 143 120 145 219 191 171 241 21 169 49 119 123 21 239 265 217 219 117 124 75 124 47 291 193 269 291 49 241 217 47 193 69 291 47 191 239 119 195 265 51 77 265 215 121 171 123 97 93 27 49 142 49 45 196 217 23 267 196 47 21 97 25 171 117 47 267 45 149 100 169 99 117 265 22 76 21 148 219 23 268 145 243 75 23 141 167 193 167 97 268 169 167 76 47 267 76 23 241 117 21 94 167 76 73 291 118 265 69 121 45 289 119 21 167 268 93 287 47 289 221 219 1 73 72 76 239 21 292 70 45 45 21 75 267 143 193 119 291 291 69 291 197 244 96 93 69 25 291 22 93 243 217 219 117 71 220 23 217 217 97 99 167 169 47 69 45 145 292 1 
c [Main] Lowest label SAT is set to 292.
c [Label = 284] Minimize Makespan Labeling problem (M-bcsstk06.mtx.rnd):
c [Label = 289] Encoding starts with target value = 24:
c [Label = 289] Encoding duration: 7490ms.
c [Label = 289] Number of clauses: 5126098.
c [Label = 289] Number of variables: 349112.
c [Label = 289] Solving duration: 29463 ms.
s [Label = 289] SAT (w = 24).
c [Label = 289] Label assignment: 216 287 216 265 241 287 95 215 267 287 287 287 287 239 287 287 264 287 287 143 264 240 263 71 263 119 287 263 287 192 265 144 263 217 239 263 287 240 168 120 239 287 263 47 239 263 239 287 263 287 263 287 239 263 191 217 287 218 239 265 215 215 215 239 287 287 239 72 191 263 194 216 243 215 47 289 263 263 241 143 167 144 239 287 263 95 47 23 263 215 193 167 215 263 263 191 215 215 71 287 119 215 170 239 240 263 263 167 144 287 287 71 263 263 287 143 215 119 191 72 287 47 120 191 191 239 96 216 215 170 239 239 71 191 216 23 241 192 167 287 143 146 170 167 239 143 143 263 263 168 263 239 167 288 215 192 263 215 167 215 167 263 168 191 146 264 119 239 143 216 120 215 287 143 119 71 144 191 191 263 143 287 143 168 95 144 289 95 95 47 264 239 122 146 95 289 263 98 122 239 22 143 167 239 287 71 288 72 192 215 192 96 95 120 287 95 239 191 96 167 191 288 239 71 191 48 143 167 119 122 95 96 287 167 95 119 146 240 215 119 143 191 191 47 287 167 95 71 215 192 143 119 215 2 119 239 287 22 95 71 95 288 22 120 217 22 22 263 47 287 95 119 239 287 95 215 287 168 47 47 95 22 72 287 22 265 215 71 167 95 119 95 119 48 119 71 143 71 71 47 192 74 191 22 95 47 47 263 23 47 24 47 119 219 22 191 263 72 71 215 119 22 192 119 119 194 168 24 122 167 287 22 47 98 119 167 289 263 241 240 167 71 143 191 47 263 74 71 47 22 191 71 71 120 71 287 24 239 144 143 143 24 167 46 215 263 95 122 122 264 71 47 287 95 71 47 144 168 22 95 48 143 47 71 263 264 239 288 287 287 144 287 98 191 47 239 48 48 239 22 168 239 47 167 191 98 71 71 96 216 215 74 24 47 22 240 119 1 96 23 
c [Main] Lowest label SAT is set to 289.
c [Main] Kill higher label pid 290.
c [Main] Kill higher label pid 291.
c [Label = 290] Encoding starts with target value = 24:
c [Label = 290] Encoding duration: 7397ms.
c [Label = 290] Number of clauses: 5170379.
c [Label = 290] Number of variables: 358772.
c [Signal] Signal interruption. Caught signal: SIGTERM (15).
c [Label = 291] Encoding starts with target value = 24:
c [Label = 291] Encoding duration: 7519ms.
c [Label = 291] Number of clauses: 5187359.
c [Label = 291] Number of variables: 359612.
c [Signal] Signal interruption. Caught signal: SIGTERM (15).
c [Label = 283] Minimize Makespan Labeling problem (M-bcsstk06.mtx.rnd):
c [Main] Child pid 291 - 97234 terminated by signal 15.
c [Label = 282] Minimize Makespan Labeling problem (M-bcsstk06.mtx.rnd):
c [Main] Child pid 290 - 97235 terminated by signal 15.
c [Label = 281] Minimize Makespan Labeling problem (M-bcsstk06.mtx.rnd):
c [Label = 288] Encoding starts with target value = 24:
c [Label = 288] Encoding duration: 7319ms.
c [Label = 288] Number of clauses: 5115658.
c [Label = 288] Number of variables: 348272.
c [Label = 288] Solving duration: 41748 ms.
s [Label = 288] SAT (w = 24).
c [Label = 288] Label assignment: 241 1 145 25 49 1 241 193 1 1 1 1 1 25 1 1 1 1 1 25 217 241 1 97 25 25 1 25 1 241 25 49 25 97 25 25 1 49 73 73 73 1 217 73 73 25 49 1 25 1 25 1 49 25 49 121 1 25 49 217 73 97 73 49 1 49 25 145 121 25 49 25 25 73 25 169 25 25 193 97 1 73 73 1 73 121 97 217 25 97 73 73 73 121 25 121 73 73 1 1 265 97 73 49 1 49 25 97 97 1 1 25 25 25 1 121 145 145 169 73 97 1 265 49 121 49 241 169 97 73 97 49 97 73 49 169 1 97 241 1 73 121 73 121 49 25 265 1 25 73 25 49 97 25 97 73 25 73 121 73 73 25 1 241 121 73 169 25 145 193 265 97 1 121 265 193 265 49 49 25 121 1 121 145 121 265 49 49 265 265 169 49 145 97 193 169 25 169 145 49 217 121 97 25 1 169 217 145 73 97 145 169 49 265 1 193 49 25 1 49 145 1 97 145 121 121 217 97 1 73 97 97 1 169 265 169 121 193 1 145 169 97 121 97 1 49 193 145 241 145 97 145 217 217 145 73 1 145 193 241 73 217 169 97 49 49 1 25 241 1 193 169 97 1 121 145 1 193 241 265 145 121 121 1 193 73 121 169 241 265 217 169 217 241 265 265 121 169 217 145 193 145 217 49 217 169 265 25 169 217 25 97 145 97 241 217 25 145 193 73 169 193 97 145 145 121 241 97 145 217 1 121 241 169 169 121 169 193 121 49 121 217 265 121 217 49 193 97 169 73 97 241 217 217 193 1 217 49 193 1 73 217 121 193 49 25 169 145 145 25 25 145 217 265 265 193 145 193 265 193 265 265 169 241 25 169 193 217 1 1 265 288 169 145 241 169 49 241 25 241 1 49 265 97 97 169 241 145 241 121 193 193 25 1 217 121 265 217 121 169 
c [Main] Lowest label SAT is set to 288.
c [Label = 280] Minimize Makespan Labeling problem (M-bcsstk06.mtx.rnd):
c [Label = 280] Encoding starts with target value = 24:
c [Label = 280] Encoding duration: 6937ms.
c [Label = 280] Number of clauses: 4979814.
c [Label = 280] Number of variables: 341552.
c [Signal] Signal interruption. Caught signal: SIGTERM (15).
c [Label = 281] Encoding starts with target value = 24:
c [Label = 281] Encoding duration: 6910ms.
c [Label = 281] Number of clauses: 4996794.
c [Label = 281] Number of variables: 342392.
c [Signal] Signal interruption. Caught signal: SIGTERM (15).
c [Label = 283] Encoding starts with target value = 24:
c [Label = 283] Encoding duration: 7082ms.
c [Label = 283] Number of clauses: 5030755.
c [Label = 283] Number of variables: 344072.
c [Signal] Signal interruption. Caught signal: SIGTERM (15).
c [Label = 284] Encoding starts with target value = 24:
c [Label = 284] Encoding duration: 7258ms.
c [Label = 284] Number of clauses: 5047736.
c [Label = 284] Number of variables: 344912.
c [Signal] Signal interruption. Caught signal: SIGTERM (15).
c [Label = 282] Encoding starts with target value = 24:
c [Label = 282] Encoding duration: 6939ms.
c [Label = 282] Number of clauses: 5013775.
c [Label = 282] Number of variables: 343232.
c [Signal] Signal interruption. Caught signal: SIGTERM (15).
c [Label = 285] Encoding starts with target value = 24:
c [Label = 285] Encoding duration: 7616ms.
c [Label = 285] Number of clauses: 5064716.
c [Label = 285] Number of variables: 345752.
c [Signal] Signal interruption. Caught signal: SIGTERM (15).
c [Label = 287] Encoding starts with target value = 24:
c [Label = 287] Encoding duration: 7437ms.
c [Label = 287] Number of clauses: 5098677.
c [Label = 287] Number of variables: 347432.
c [Signal] Signal interruption. Caught signal: SIGTERM (15).
c [Main] Lim pid ends with result: 254.
c [Main] All children have completed.
r [Main] 
r [Main] Final results: 
r [Main] Lowest label SAT:  	288.
r [Main] Highest label UNSAT:	-.
r [Main] Total real time: 1813681 ms.
r [Main] Total memory consumed: 11442.6 MB.
r [Main] 
c [Label = 286] Encoding starts with target value = 24:
c [Label = 286] Encoding duration: 7318ms.
c [Label = 286] Number of clauses: 5081697.
c [Label = 286] Number of variables: 346592.
c [Signal] Signal interruption. Caught signal: SIGTERM (15).
