c [Version] Minimize Makespan Labeling Encoder version 1.0.0.
c [Param] Target value is set to 65.
c [Param] LB is predefined as 66.
c [Param] UB is predefined as 333.
c [Param] Target value is set to Cyclic Antibandwidth.
c [Param] Vertices mode is set to Has hole.
c [Param] Result verification is ON.
c [Param] Memory limit is set to 30000.
c [Param] Real time limit is set to 1800.
c [Param] Worker count is set to 8.
c [Param] Max CNF size is set to 10.
c [Main] Search strategy: Iterating from upper bound.
c [Main] Search order: 333 332 331 330 329 328 327 326 325 324 323 322 321 320 319 318 317 316 315 314 313 312 311 310 309 308 307 306 305 304 303 302 301 300 299 298 297 296 295 294 293 292 291 290 289 288 287 286 285 284 283 282 281 280 279 278 277 276 275 274 273 272 271 270 269 268 267 266 265 264 263 262 261 260 259 258 257 256 255 254 253 252 251 250 249 248 247 246 245 244 243 242 241 240 239 238 237 236 235 234 233 232 231 230 229 228 227 226 225 224 223 222 221 220 219 218 217 216 215 214 213 212 211 210 209 208 207 206 205 204 203 202 201 200 199 198 197 196 195 194 193 192 191 190 189 188 187 186 185 184 183 182 181 180 179 178 177 176 175 174 173 172 171 170 169 168 167 166 165 164 163 162 161 160 159 158 157 156 155 154 153 152 151 150 149 148 147 146 145 144 143 142 141 140 139 138 137 136 135 134 133 132 131 130 129 128 127 126 125 124 123 122 121 120 119 118 117 116 115 114 113 112 111 110 109 108 107 106 105 104 103 102 101 100 99 98 97 96 95 94 93 92 91 90 89 88 87 86 85 84 83 82 81 80 79 78 77 76 75 74 73 72 71 70 69 68 67 66.
c [Main] Encoding and solving for graph: P-can__445.mtx.rnd.
c [Label = 333] Minimize Makespan Labeling problem (P-can__445.mtx.rnd):
c [Label = 332] Minimize Makespan Labeling problem (P-can__445.mtx.rnd):
c [Label = 331] Minimize Makespan Labeling problem (P-can__445.mtx.rnd):
c [Label = 330] Minimize Makespan Labeling problem (P-can__445.mtx.rnd):
c [Label = 328] Minimize Makespan Labeling problem (P-can__445.mtx.rnd):
c [Label = 329] Minimize Makespan Labeling problem (P-can__445.mtx.rnd):
c [Label = 327] Minimize Makespan Labeling problem (P-can__445.mtx.rnd):
c [Label = 326] Minimize Makespan Labeling problem (P-can__445.mtx.rnd):
c [Label = 326] Encoding starts with target value = 65:
c [Label = 326] Encoding duration: 5452ms.
c [Label = 326] Number of clauses: 3338115.
c [Label = 326] Number of variables: 428188.
c [Label = 326] Solving duration: 13508 ms.
s [Label = 326] SAT (w = 65).
c [Label = 326] Label assignment: 1 1 1 1 1 1 1 1 1 1 1 1 66 1 1 1 1 66 1 1 1 1 1 66 1 1 1 1 1 66 1 1 1 66 131 1 1 66 1 1 131 66 1 1 1 66 1 66 66 1 66 1 1 1 1 1 66 1 66 66 66 66 1 1 1 66 66 131 1 1 1 66 1 66 66 66 131 66 131 131 131 131 1 66 131 66 1 66 66 262 131 131 131 66 66 66 197 66 1 66 132 66 66 197 196 1 131 66 131 1 1 66 131 1 262 131 1 66 66 131 196 66 196 131 196 196 262 66 197 1 66 66 66 65 1 261 262 66 262 197 262 131 262 1 66 196 1 262 66 262 66 197 66 132 131 1 196 262 196 65 262 66 131 1 131 66 1 197 130 197 66 131 67 261 197 131 196 131 66 131 66 66 1 131 1 262 262 66 261 262 131 197 131 262 66 67 262 196 262 196 197 131 132 262 261 66 131 262 1 131 326 196 261 67 67 132 261 131 132 197 196 131 196 261 262 261 131 262 131 197 66 131 67 1 66 197 131 262 262 66 132 66 262 131 197 261 196 261 197 131 262 130 196 197 262 131 132 261 132 196 132 197 197 196 66 262 197 132 66 261 131 197 197 262 131 196 196 131 261 261 131 196 262 197 262 131 326 197 131 66 196 197 132 129 1 66 196 1 326 131 197 131 262 262 131 196 262 1 66 131 131 196 66 66 262 197 262 66 262 196 66 131 66 66 197 66 262 132 197 196 197 326 131 67 197 326 196 262 261 262 261 131 132 132 262 1 1 1 262 132 66 66 262 196 66 197 262 262 131 1 67 196 67 262 197 66 196 132 261 1 1 131 262 262 197 197 197 196 196 262 131 262 196 66 197 132 196 262 326 197 197 197 262 196 196 196 1 196 196 261 261 131 261 131 132 131 66 262 196 196 197 66 131 67 197 196 196 261 66 1 131 262 196 262 131 132 262 196 261 262 66 131 66 261 197 131 131 131 197 197 196 196 326 131 261 
c [Label = 329] Encoding starts with target value = 65:
c [Label = 329] Encoding duration: 5654ms.
c [Label = 329] Number of clauses: 3448635.
c [Label = 329] Number of variables: 458448.
c [Signal] Signal interruption. Caught signal: SIGTERM (15).
c [Label = 328] Encoding starts with target value = 65:
c [Label = 328] Encoding duration: 5661ms.
c [Label = 328] Number of clauses: 3439682.
c [Label = 328] Number of variables: 457558.
c [Signal] Signal interruption. Caught signal: SIGTERM (15).
c [Label = 330] Encoding starts with target value = 65:
c [Label = 330] Encoding duration: 5653ms.
c [Label = 330] Number of clauses: 3457589.
c [Label = 330] Number of variables: 459338.
c [Signal] Signal interruption. Caught signal: SIGTERM (15).
c [Label = 331] Encoding starts with target value = 65:
c [Label = 331] Encoding duration: 5691ms.
c [Label = 331] Number of clauses: 3466542.
c [Label = 331] Number of variables: 460228.
c [Signal] Signal interruption. Caught signal: SIGTERM (15).
c [Main] Lowest label SAT is set to 326.
c [Main] Kill higher label pid 327.
c [Main] Kill higher label pid 328.
c [Main] Kill higher label pid 329.
c [Main] Kill higher label pid 330.
c [Main] Kill higher label pid 331.
c [Main] Kill higher label pid 332.
c [Main] Kill higher label pid 333.
c [Label = 332] Encoding starts with target value = 65:
c [Label = 332] Encoding duration: 5697ms.
c [Label = 332] Number of clauses: 3475496.
c [Label = 332] Number of variables: 461118.
c [Signal] Signal interruption. Caught signal: SIGTERM (15).
c [Label = 333] Encoding starts with target value = 65:
c [Label = 333] Encoding duration: 5718ms.
c [Label = 333] Number of clauses: 3484449.
c [Label = 333] Number of variables: 462008.
c [Signal] Signal interruption. Caught signal: SIGTERM (15).
c [Label = 327] Encoding starts with target value = 65:
c [Label = 327] Encoding duration: 5653ms.
c [Label = 327] Number of clauses: 3430728.
c [Label = 327] Number of variables: 456668.
c [Label = 327] Solving duration: 14505 ms.
s [Label = 327] SAT (w = 65).
c [Label = 327] Label assignment: 1 1 1 1 1 1 1 1 1 1 1 1 66 1 1 1 1 66 1 1 1 1 1 66 1 1 1 1 1 66 1 1 1 66 131 1 1 66 1 1 131 66 1 1 1 66 1 66 66 1 66 1 1 1 1 1 66 1 66 66 66 66 1 1 1 66 66 131 1 1 1 66 1 66 66 66 131 66 131 131 131 131 1 66 131 66 1 66 66 263 131 198 131 66 66 66 66 66 1 66 66 66 66 131 196 1 131 66 131 1 1 66 131 1 66 131 1 66 66 131 263 66 196 131 196 196 66 66 131 1 66 66 66 1 1 261 131 66 196 66 131 131 131 65 66 263 1 263 66 196 197 197 196 133 131 1 196 198 133 65 196 66 131 1 131 66 1 262 130 198 66 131 262 262 132 198 131 130 66 197 66 66 1 197 1 196 66 66 261 263 131 261 261 197 263 131 197 197 196 261 263 131 263 263 261 66 131 198 1 67 1 198 262 263 263 131 1 131 198 198 196 132 263 196 197 196 131 131 133 132 66 131 66 262 66 198 132 131 196 66 263 66 261 131 262 197 196 263 263 131 261 133 196 263 198 198 132 261 133 261 196 263 262 197 66 132 198 132 66 262 131 67 261 198 131 196 197 131 261 261 262 263 262 66 66 132 262 66 66 66 196 196 131 132 327 327 196 1 327 131 196 132 262 263 198 196 263 1 263 132 131 196 66 263 262 198 197 133 196 131 66 131 67 131 263 66 198 132 263 196 263 263 131 196 262 327 196 131 198 263 198 198 132 131 197 1 1 1 263 132 66 66 198 263 262 197 66 262 132 1 263 198 133 197 197 198 262 68 262 1 327 131 262 197 66 263 262 262 327 198 196 263 263 263 133 131 196 263 327 66 263 263 198 263 263 133 327 197 260 196 261 131 198 131 131 131 196 198 262 263 263 197 131 327 197 132 196 196 66 1 131 198 132 196 131 132 133 197 262 262 66 131 67 261 261 131 131 66 197 262 132 261 66 133 198 
c [Signal] Signal interruption. Caught signal: SIGTERM (15).
c [Label = 325] Minimize Makespan Labeling problem (P-can__445.mtx.rnd):
c [Main] Child pid 333 - 101002 terminated by signal 15.
c [Label = 324] Minimize Makespan Labeling problem (P-can__445.mtx.rnd):
c [Main] Child pid 331 - 101004 terminated by signal 15.
c [Main] Child pid 332 - 101003 terminated by signal 15.
c [Label = 323] Minimize Makespan Labeling problem (P-can__445.mtx.rnd):
c [Label = 322] Minimize Makespan Labeling problem (P-can__445.mtx.rnd):
c [Main] Child pid 327 - 101008 terminated by signal 15.
c [Main] Child pid 330 - 101005 terminated by signal 15.
c [Main] Child pid 329 - 101006 terminated by signal 15.
c [Main] Child pid 328 - 101007 terminated by signal 15.
c [Label = 318] Minimize Makespan Labeling problem (P-can__445.mtx.rnd):
c [Label = 321] Minimize Makespan Labeling problem (P-can__445.mtx.rnd):
c [Label = 319] Minimize Makespan Labeling problem (P-can__445.mtx.rnd):
c [Label = 320] Minimize Makespan Labeling problem (P-can__445.mtx.rnd):
c [Label = 325] Encoding starts with target value = 65:
c [Label = 325] Encoding duration: 5502ms.
c [Label = 325] Number of clauses: 3332427.
c [Label = 325] Number of variables: 427298.
c [Label = 325] Solving duration: 18070 ms.
s [Label = 325] SAT (w = 65).
c [Label = 325] Label assignment: 1 1 1 1 1 1 1 1 1 1 1 1 66 1 1 1 1 66 1 1 1 1 1 66 1 1 1 1 1 66 1 1 1 66 131 1 1 66 1 1 131 66 1 1 1 66 1 66 66 1 66 1 1 1 1 1 66 1 66 66 66 66 1 1 1 66 66 131 1 1 1 66 1 66 66 66 131 66 131 131 131 131 1 66 131 66 1 66 66 261 131 196 131 66 66 66 66 66 1 66 261 66 66 131 196 1 131 194 131 1 1 66 131 1 66 66 1 66 66 131 131 66 196 131 196 196 66 66 131 1 66 66 66 66 1 261 66 66 261 66 131 131 66 66 66 261 1 196 196 196 196 196 196 261 131 1 196 196 261 131 196 66 261 1 196 66 1 196 261 66 66 196 1 261 261 196 196 261 131 196 66 66 1 196 1 196 66 196 261 131 131 196 261 196 66 131 66 1 196 261 196 261 261 131 196 66 131 196 1 66 1 261 196 196 131 261 1 261 261 261 196 131 66 196 196 196 131 131 261 131 196 261 196 196 66 196 261 261 196 66 196 66 196 131 131 196 196 196 131 131 261 131 196 261 261 131 261 261 261 261 196 196 261 131 66 131 261 131 66 196 131 66 261 66 131 196 261 131 261 196 261 261 261 66 196 131 261 66 66 196 196 196 131 131 1 1 261 1 1 131 196 261 196 131 196 196 261 1 196 131 131 196 66 131 261 196 66 131 261 131 196 131 131 131 261 66 196 261 196 196 196 261 261 131 261 66 66 131 196 131 261 196 261 261 196 1 1 1 261 261 261 66 131 261 131 66 196 261 261 196 131 261 131 131 196 131 261 66 131 1 66 131 261 261 66 261 261 131 1 261 131 131 261 261 131 131 261 325 131 196 261 261 261 261 66 131 1 196 196 196 261 131 196 131 261 66 196 131 66 66 261 196 196 1 131 1 196 196 66 1 131 196 131 196 131 131 131 196 196 261 66 261 66 261 261 131 131 261 66 131 131 261 1 1 131 
c [Main] Lowest label SAT is set to 325.
c [Label = 317] Minimize Makespan Labeling problem (P-can__445.mtx.rnd):
c [Label = 320] Encoding starts with target value = 65:
c [Label = 320] Encoding duration: 5351ms.
c [Label = 320] Number of clauses: 3287660.
c [Label = 320] Number of variables: 422848.
c [Label = 320] Solving duration: 57048 ms.
s [Label = 320] SAT (w = 65).
c [Label = 320] Label assignment: 315 60 124 319 123 58 130 313 6 125 125 310 313 308 250 5 65 190 320 41 185 73 183 310 309 313 190 120 65 260 59 190 314 313 58 55 4 249 125 319 314 58 248 125 6 250 248 250 120 319 185 60 255 319 59 190 315 53 255 320 262 314 65 180 190 190 195 248 125 315 313 58 319 249 123 185 55 313 125 255 190 55 125 185 255 313 255 125 60 183 125 60 250 255 249 136 65 125 59 64 254 254 60 189 245 118 129 243 60 65 33 260 190 53 125 308 249 254 255 255 190 124 195 261 201 190 117 127 320 120 320 124 314 125 195 315 64 255 118 320 315 314 255 65 183 120 249 58 124 124 245 248 319 260 59 55 120 65 190 254 125 254 54 315 250 250 55 123 319 125 314 130 320 310 190 190 60 254 130 65 136 59 59 58 255 55 314 250 250 120 71 26 255 255 308 248 248 124 58 249 125 64 183 190 190 310 190 197 59 310 249 313 259 182 255 190 60 248 125 124 195 315 320 59 125 184 60 248 308 190 65 64 234 117 55 118 65 190 184 319 130 130 65 59 189 190 250 125 195 125 123 261 195 183 65 320 313 185 299 64 185 195 125 125 58 248 120 189 125 255 260 60 249 190 183 124 194 185 5 190 60 6 255 320 118 315 125 320 255 234 120 320 190 320 254 320 125 315 119 255 250 190 189 185 254 147 129 185 255 313 64 200 124 255 183 231 254 185 190 190 118 255 58 255 7 6 190 189 59 184 123 315 314 255 55 255 250 260 196 55 53 250 254 255 130 319 195 265 315 183 125 125 130 120 190 125 254 314 296 59 183 243 262 320 125 243 188 120 65 6 118 189 320 320 320 60 130 185 60 130 200 315 255 183 248 310 55 314 59 118 130 320 248 125 319 120 313 248 130 184 135 190 184 119 299 60 1 190 254 53 60 250 310 254 319 55 71 129 288 260 120 195 55 190 120 188 189 248 190 141 254 248 61 315 244 71 314 120 125 189 194 249 60 255 190 
c [Label = 321] Encoding starts with target value = 65:
c [Label = 321] Encoding duration: 5337ms.
c [Label = 321] Number of clauses: 3296613.
c [Label = 321] Number of variables: 423738.
c [Signal] Signal interruption. Caught signal: SIGTERM (15).
c [Main] Lowest label SAT is set to 320.
c [Main] Kill higher label pid 321.
c [Main] Kill higher label pid 322.
c [Main] Kill higher label pid 323.
c [Main] Kill higher label pid 324.
c [Label = 323] Encoding starts with target value = 65:
c [Label = 323] Encoding duration: 5476ms.
c [Label = 323] Number of clauses: 3314520.
c [Label = 323] Number of variables: 425518.
c [Signal] Signal interruption. Caught signal: SIGTERM (15).
c [Label = 322] Encoding starts with target value = 65:
c [Label = 322] Encoding duration: 5479ms.
c [Label = 322] Number of clauses: 3305567.
c [Label = 322] Number of variables: 424628.
c [Signal] Signal interruption. Caught signal: SIGTERM (15).
c [Label = 324] Encoding starts with target value = 65:
c [Label = 324] Encoding duration: 5493ms.
c [Label = 324] Number of clauses: 3323474.
c [Label = 324] Number of variables: 426408.
c [Signal] Signal interruption. Caught signal: SIGTERM (15).
c [Label = 316] Minimize Makespan Labeling problem (P-can__445.mtx.rnd):
c [Main] Child pid 324 - 101015 terminated by signal 15.
c [Label = 315] Minimize Makespan Labeling problem (P-can__445.mtx.rnd):
c [Main] Child pid 323 - 101016 terminated by signal 15.
c [Main] Child pid 321 - 101018 terminated by signal 15.
c [Label = 314] Minimize Makespan Labeling problem (P-can__445.mtx.rnd):
c [Label = 313] Minimize Makespan Labeling problem (P-can__445.mtx.rnd):
c [Main] Child pid 322 - 101017 terminated by signal 15.
c [Label = 312] Minimize Makespan Labeling problem (P-can__445.mtx.rnd):
c [Label = 319] Encoding starts with target value = 65:
c [Label = 319] Encoding duration: 5380ms.
c [Label = 319] Number of clauses: 3278706.
c [Label = 319] Number of variables: 421958.
c [Label = 319] Solving duration: 87959 ms.
s [Label = 319] SAT (w = 65).
c [Label = 319] Label assignment: 242 138 65 196 261 130 314 17 124 313 202 66 16 72 132 126 1 59 2 75 190 124 203 195 202 75 4 67 269 130 319 132 202 72 139 133 251 177 205 65 242 138 269 250 319 125 273 2 254 248 10 264 65 252 137 59 198 183 73 130 118 59 205 67 315 260 71 270 203 248 59 138 183 270 67 118 267 66 248 189 318 2 263 313 14 72 12 67 313 203 190 137 313 66 177 65 318 198 319 183 254 248 125 130 132 261 75 7 267 6 124 125 266 196 248 118 268 316 72 130 7 205 60 59 131 59 124 205 319 65 124 65 242 248 118 197 124 135 261 140 264 254 254 124 206 198 140 131 67 65 132 313 19 313 267 140 183 124 269 118 189 65 267 248 142 59 77 205 183 205 202 204 59 197 1 260 267 254 307 124 53 140 138 137 64 319 14 12 6 207 263 183 202 254 131 268 313 254 137 137 203 53 203 10 59 197 19 313 118 197 188 59 140 189 61 313 130 7 203 196 125 59 136 319 67 307 264 273 82 1 201 313 270 205 131 131 319 315 65 206 254 131 205 140 189 132 132 204 65 131 205 59 53 208 319 137 59 65 75 7 255 59 203 68 140 287 255 189 13 189 313 318 130 268 7 205 318 313 198 59 134 133 16 130 261 253 67 130 254 270 59 140 7 59 66 33 313 313 53 189 59 319 130 2 66 205 203 67 72 73 318 132 65 65 248 272 254 313 315 137 213 131 130 69 183 124 313 270 117 307 203 248 17 61 319 254 177 189 313 131 196 59 254 75 248 242 263 202 199 236 67 59 248 201 132 199 254 22 140 140 189 7 59 137 195 7 189 248 140 248 124 270 248 138 140 124 206 189 2 195 132 77 195 189 268 22 124 16 75 124 189 82 270 248 183 183 72 313 254 72 13 270 307 53 18 313 319 266 118 147 124 134 189 16 319 2 319 112 72 136 316 313 2 64 256 270 1 271 319 69 118 7 138 60 130 307 254 67 205 137 7 166 183 68 3 
c [Main] Lowest label SAT is set to 319.
c [Label = 311] Minimize Makespan Labeling problem (P-can__445.mtx.rnd):
c [Label = 315] Encoding starts with target value = 65:
c [Label = 315] Encoding duration: 5293ms.
c [Label = 315] Number of clauses: 3242892.
c [Label = 315] Number of variables: 418398.
c [Label = 315] Solving duration: 43455 ms.
s [Label = 315] SAT (w = 65).
c [Label = 315] Label assignment: 65 120 185 65 249 165 314 45 314 249 240 49 45 77 261 176 314 184 65 56 314 131 194 11 11 295 296 184 306 56 185 250 66 64 142 141 104 315 194 314 65 142 314 225 76 249 287 249 259 206 241 176 58 66 131 241 11 142 285 154 64 34 230 196 296 295 164 295 240 260 64 129 44 295 185 21 76 55 225 119 314 119 249 271 54 66 283 196 176 185 306 175 119 305 315 196 131 196 131 120 315 249 241 261 261 241 39 76 131 11 141 314 46 141 111 11 261 249 56 314 306 230 249 53 261 241 157 299 66 185 49 196 65 238 119 11 154 314 225 165 176 66 315 132 175 206 315 120 184 196 261 301 67 306 131 140 184 131 305 119 218 314 76 249 129 314 314 100 54 230 66 195 65 11 55 261 76 315 249 131 196 110 130 131 77 120 55 249 271 306 130 160 55 315 75 295 314 299 110 1 239 184 196 296 184 11 184 310 119 46 1 65 169 222 63 296 141 45 185 206 241 55 153 131 185 250 76 284 314 55 218 251 289 230 119 120 294 305 250 65 238 314 230 129 250 296 261 207 121 184 100 60 249 219 303 121 66 195 56 185 249 121 200 314 165 284 64 249 196 119 306 131 315 304 306 230 234 64 64 184 46 131 45 128 240 66 196 123 315 295 314 165 35 66 230 65 249 176 185 119 111 234 250 194 21 194 240 196 55 55 131 261 141 56 236 234 314 271 306 305 248 314 165 231 130 56 308 295 120 250 230 206 45 46 76 55 314 99 310 129 176 21 10 46 186 64 295 11 11 236 231 11 186 206 250 111 315 54 121 130 236 314 60 120 230 76 250 206 110 64 171 295 64 165 128 118 197 250 131 241 261 314 76 196 305 45 9 45 49 171 196 153 295 245 1 141 285 305 229 250 141 295 250 185 64 166 120 66 119 164 184 261 119 45 75 120 130 250 110 53 130 303 120 249 184 295 271 295 186 196 110 45 120 111 261 130 66 185 224 249 314 315 173 313 64 
c [Main] Lowest label SAT is set to 315.
c [Main] Kill higher label pid 316.
c [Main] Kill higher label pid 317.
c [Main] Kill higher label pid 318.
c [Label = 316] Encoding starts with target value = 65:
c [Label = 316] Encoding duration: 4936ms.
c [Label = 316] Number of clauses: 3251846.
c [Label = 316] Number of variables: 419288.
c [Signal] Signal interruption. Caught signal: SIGTERM (15).
c [Label = 318] Encoding starts with target value = 65:
c [Label = 318] Encoding duration: 5419ms.
c [Label = 318] Number of clauses: 3269753.
c [Label = 318] Number of variables: 421068.
c [Signal] Signal interruption. Caught signal: SIGTERM (15).
c [Label = 317] Encoding starts with target value = 65:
c [Label = 317] Encoding duration: 5215ms.
c [Label = 317] Number of clauses: 3260799.
c [Label = 317] Number of variables: 420178.
c [Signal] Signal interruption. Caught signal: SIGTERM (15).
c [Label = 310] Minimize Makespan Labeling problem (P-can__445.mtx.rnd):
c [Main] Child pid 318 - 101021 terminated by signal 15.
c [Label = 309] Minimize Makespan Labeling problem (P-can__445.mtx.rnd):
c [Main] Child pid 317 - 101033 terminated by signal 15.
c [Main] Child pid 316 - 101042 terminated by signal 15.
c [Label = 307] Minimize Makespan Labeling problem (P-can__445.mtx.rnd):
c [Label = 308] Minimize Makespan Labeling problem (P-can__445.mtx.rnd):
c [Label = 312] Encoding starts with target value = 65:
c [Label = 312] Encoding duration: 5262ms.
c [Label = 312] Number of clauses: 3216032.
c [Label = 312] Number of variables: 415728.
c [Label = 312] Solving duration: 55007 ms.
s [Label = 312] SAT (w = 65).
c [Label = 312] Label assignment: 39 194 170 53 78 234 52 248 1 169 65 14 299 274 13 221 117 104 270 234 52 196 52 66 66 274 120 196 156 222 183 14 53 273 208 209 246 286 79 1 39 168 103 39 247 131 105 117 52 79 52 195 285 88 208 1 79 196 287 170 286 273 53 153 118 169 287 144 65 216 299 209 299 144 196 144 235 311 39 234 103 270 183 144 14 273 144 157 234 14 91 234 299 311 286 156 218 79 235 246 91 216 234 310 23 63 181 286 235 105 182 300 14 221 40 104 118 131 286 286 130 52 170 14 300 286 181 169 261 180 1 170 14 52 234 78 176 283 39 222 156 53 131 156 52 79 261 246 157 131 14 117 247 156 196 234 66 183 130 234 79 311 235 1 299 196 52 40 299 52 53 40 261 88 130 287 260 91 91 205 130 183 222 208 274 245 300 299 311 169 235 193 105 130 286 118 117 66 183 300 27 169 53 130 104 130 118 131 261 88 300 273 311 26 286 130 209 117 64 104 169 261 209 235 156 104 261 91 117 129 79 156 196 64 261 183 117 118 118 14 40 261 53 209 312 14 14 27 287 218 40 274 130 26 105 195 274 144 299 221 1 26 53 64 183 140 182 27 131 248 156 218 261 144 128 27 104 131 53 104 221 209 260 221 39 88 153 170 91 144 66 195 118 261 287 273 169 156 169 248 299 154 311 117 14 52 78 144 260 274 221 300 170 286 27 104 92 117 105 14 27 283 209 287 197 221 105 130 211 104 79 52 299 287 261 91 286 182 117 261 211 274 105 260 52 156 182 92 79 52 156 143 91 27 23 52 130 14 299 195 27 143 286 195 79 286 65 39 209 39 195 117 36 222 195 247 26 26 221 91 27 117 40 14 143 14 299 299 234 182 26 261 144 39 299 209 248 92 52 118 195 118 104 169 14 221 261 14 234 182 66 283 234 300 246 261 221 156 299 182 209 144 261 153 234 157 169 118 131 153 234 118 183 299 300 195 91 196 79 312 143 261 182 144 274 
c [Main] Lowest label SAT is set to 312.
c [Main] Kill higher label pid 313.
c [Main] Kill higher label pid 314.
c [Label = 313] Encoding starts with target value = 65:
c [Label = 313] Encoding duration: 4814ms.
c [Label = 313] Number of clauses: 3224985.
c [Label = 313] Number of variables: 416618.
c [Signal] Signal interruption. Caught signal: SIGTERM (15).
c [Label = 314] Encoding starts with target value = 65:
c [Label = 314] Encoding duration: 4922ms.
c [Label = 314] Number of clauses: 3233939.
c [Label = 314] Number of variables: 417508.
c [Label = 314] Solving duration: 56245 ms.
s [Label = 314] SAT (w = 65).
c [Label = 314] Label assignment: 303 127 184 313 213 119 314 54 161 31 209 86 52 40 269 196 314 96 45 107 143 119 184 314 314 294 313 130 12 195 76 229 313 55 129 172 237 238 236 225 303 148 303 239 65 226 304 42 291 216 31 226 108 313 129 66 20 183 303 173 65 54 238 183 1 302 130 301 197 225 54 119 184 301 145 53 107 54 238 226 278 64 31 302 54 55 289 183 314 184 131 144 302 303 238 150 85 224 65 151 314 313 248 249 248 248 86 83 85 54 172 215 40 159 131 13 303 313 64 215 313 248 150 53 215 313 173 262 53 162 161 173 303 224 249 20 148 215 248 173 64 314 294 142 184 237 238 119 130 183 248 302 77 314 76 171 160 129 274 249 224 248 65 279 172 214 107 233 184 237 314 261 65 313 54 303 86 12 119 142 150 161 118 132 31 97 25 313 302 280 85 158 314 302 83 262 303 291 119 249 213 54 194 12 96 313 96 313 118 313 249 64 172 238 108 1 172 45 197 237 249 54 105 65 161 119 86 278 289 54 215 314 302 238 172 119 314 304 173 313 261 248 238 164 249 248 248 213 130 118 238 64 183 213 12 129 54 150 106 65 66 130 197 107 164 294 237 210 173 226 64 85 238 280 313 229 21 64 280 96 226 129 80 173 224 20 183 173 294 302 214 173 54 53 66 77 31 64 54 226 313 42 249 42 53 229 209 150 55 53 85 248 172 77 237 41 314 303 313 249 213 183 119 66 173 196 314 303 119 119 184 237 52 66 65 314 238 196 313 171 148 54 314 82 65 313 302 314 313 237 181 66 65 237 229 161 302 53 195 172 238 289 65 122 184 80 210 238 119 280 145 313 280 168 173 118 207 229 85 261 248 96 238 194 274 53 161 66 107 130 229 150 249 248 184 151 298 302 65 162 151 313 119 54 106 116 97 40 249 145 131 215 226 54 83 96 85 173 65 195 85 302 64 248 291 303 302 249 42 150 249 50 119 66 248 85 314 164 236 249 278 238 159 289 40 
c [Signal] Signal interruption. Caught signal: SIGTERM (15).
c [Label = 306] Minimize Makespan Labeling problem (P-can__445.mtx.rnd):
c [Main] Child pid 313 - 101045 terminated by signal 15.
c [Main] Child pid 314 - 101044 terminated by signal 15.
c [Label = 305] Minimize Makespan Labeling problem (P-can__445.mtx.rnd):
c [Label = 304] Minimize Makespan Labeling problem (P-can__445.mtx.rnd):
c [Label = 309] Encoding starts with target value = 65:
c [Label = 309] Encoding duration: 5260ms.
c [Label = 309] Number of clauses: 3189171.
c [Label = 309] Number of variables: 413058.
c [Label = 309] Solving duration: 54331 ms.
s [Label = 309] SAT (w = 65).
c [Label = 309] Label assignment: 277 293 104 283 114 17 1 228 227 114 66 238 244 244 169 66 82 49 17 244 261 66 98 234 234 130 124 65 102 261 49 179 244 277 49 303 245 212 65 294 293 49 228 113 299 66 212 17 97 261 147 82 243 244 33 147 234 33 114 20 243 277 66 65 131 156 17 147 66 294 277 33 261 163 65 115 299 228 108 292 179 309 114 124 261 277 261 65 1 98 235 309 223 163 179 104 309 82 1 17 234 229 17 169 130 66 82 178 309 85 303 179 147 33 301 243 212 177 243 179 131 59 114 238 179 147 55 66 309 82 228 82 293 98 1 244 82 179 109 294 82 245 261 82 49 59 228 293 55 66 147 212 17 212 1 303 50 82 131 1 82 131 299 243 309 308 227 244 245 59 245 167 308 244 228 196 309 261 66 82 114 309 131 33 277 17 228 147 180 82 39 308 244 244 245 163 212 82 293 180 114 131 98 173 48 195 49 173 303 244 180 293 1 147 243 131 49 195 49 66 66 277 33 17 82 82 309 212 243 228 114 82 173 65 303 33 82 178 114 147 178 49 66 303 169 147 169 114 17 1 196 238 212 147 102 1 293 104 238 49 195 17 49 82 309 212 82 147 104 293 235 309 179 196 174 65 147 164 244 49 212 17 238 308 98 244 82 308 244 124 1 303 179 1 65 17 114 82 147 293 147 147 169 162 196 65 98 65 244 277 49 169 55 243 147 173 234 130 178 147 98 179 49 59 309 82 173 131 309 82 114 293 228 196 299 261 196 261 173 303 1 222 234 238 157 261 171 234 244 147 82 131 147 59 147 303 212 238 309 303 147 179 238 309 82 163 147 65 293 244 66 131 244 309 1 17 147 196 1 167 130 212 264 147 163 238 227 228 244 82 147 17 179 98 245 49 114 212 194 115 65 163 66 147 238 212 17 179 17 309 66 179 292 196 299 17 39 114 244 260 309 173 309 114 196 131 131 163 162 114 17 195 33 131 169 49 245 82 59 120 179 228 308 260 163 
c [Main] Lowest label SAT is set to 309.
c [Main] Kill higher label pid 310.
c [Main] Kill higher label pid 311.
c [Label = 310] Encoding starts with target value = 65:
c [Label = 310] Encoding duration: 5347ms.
c [Label = 310] Number of clauses: 3198125.
c [Label = 310] Number of variables: 413948.
c [Signal] Signal interruption. Caught signal: SIGTERM (15).
c [Label = 311] Encoding starts with target value = 65:
c [Label = 311] Encoding duration: 4973ms.
c [Label = 311] Number of clauses: 3207078.
c [Label = 311] Number of variables: 414838.
c [Signal] Signal interruption. Caught signal: SIGTERM (15).
c [Label = 303] Minimize Makespan Labeling problem (P-can__445.mtx.rnd):
c [Main] Child pid 311 - 101056 terminated by signal 15.
c [Label = 302] Minimize Makespan Labeling problem (P-can__445.mtx.rnd):
c [Main] Child pid 310 - 101061 terminated by signal 15.
c [Label = 301] Minimize Makespan Labeling problem (P-can__445.mtx.rnd):
c [Label = 307] Encoding starts with target value = 65:
c [Label = 307] Encoding duration: 5187ms.
c [Label = 307] Number of clauses: 3171264.
c [Label = 307] Number of variables: 411278.
c [Label = 307] Solving duration: 55777 ms.
s [Label = 307] SAT (w = 65).
c [Label = 307] Label assignment: 113 30 47 148 242 306 66 177 297 65 235 214 167 152 302 37 149 228 177 306 275 20 269 112 120 167 130 48 95 160 207 242 120 177 22 37 37 283 232 241 142 22 112 261 177 210 112 146 241 307 241 33 160 116 40 214 130 19 177 1 149 203 272 47 130 102 290 102 282 241 176 37 153 102 47 175 185 170 261 167 87 195 102 130 176 170 102 60 80 269 15 300 37 207 259 94 210 242 207 65 112 176 80 272 275 261 149 168 224 113 37 1 177 1 279 102 132 175 170 306 105 260 83 177 297 214 47 111 177 47 37 47 113 279 306 159 47 297 242 20 145 142 112 19 242 279 22 40 47 30 259 111 195 149 185 306 110 47 105 290 242 9 200 241 176 92 241 242 149 241 112 261 192 112 142 243 224 112 88 40 55 306 178 40 196 195 177 210 242 64 232 19 112 112 177 112 85 279 307 272 262 218 282 111 232 130 243 84 37 112 289 177 214 289 196 130 45 102 272 279 257 197 20 213 307 48 210 105 112 105 261 88 102 272 37 47 88 105 41 152 225 1 262 306 260 289 289 264 19 229 260 167 83 260 95 40 177 64 176 211 290 19 242 279 307 105 33 260 55 178 149 194 283 87 84 232 279 306 167 232 65 37 167 30 243 129 47 19 112 102 64 18 95 197 161 177 64 145 218 167 210 113 289 98 214 241 235 55 207 197 181 297 47 196 262 241 112 112 84 289 262 293 20 195 19 84 94 105 32 87 241 279 167 197 195 112 4 48 102 37 19 195 112 195 225 246 112 125 120 262 47 111 241 279 242 275 127 167 176 37 242 87 167 40 241 177 262 261 22 129 34 96 143 30 40 18 242 242 194 261 289 98 178 262 105 177 307 176 37 20 282 20 102 261 153 65 177 132 225 77 65 102 48 218 176 289 177 177 290 22 176 275 163 197 224 177 237 47 170 160 224 102 177 51 80 96 130 96 102 48 19 102 27 145 250 218 112 47 241 289 105 283 37 102 195 
c [Main] Lowest label SAT is set to 307.
c [Main] Kill higher label pid 308.
c [Label = 308] Encoding starts with target value = 65:
c [Label = 308] Encoding duration: 5250ms.
c [Label = 308] Number of clauses: 3180218.
c [Label = 308] Number of variables: 412168.
c [Signal] Signal interruption. Caught signal: SIGTERM (15).
c [Label = 300] Minimize Makespan Labeling problem (P-can__445.mtx.rnd):
c [Main] Child pid 308 - 101063 terminated by signal 15.
c [Label = 299] Minimize Makespan Labeling problem (P-can__445.mtx.rnd):
c [Label = 304] Encoding starts with target value = 65:
c [Label = 304] Encoding duration: 5150ms.
c [Label = 304] Number of clauses: 3144404.
c [Label = 304] Number of variables: 408608.
c [Label = 304] Solving duration: 45743 ms.
s [Label = 304] SAT (w = 65).
c [Label = 304] Label assignment: 239 237 302 238 67 239 303 88 218 283 84 109 65 132 44 235 43 130 132 218 239 218 283 237 194 88 126 239 40 105 173 23 218 132 2 283 241 109 283 109 281 283 197 67 109 174 197 109 283 23 283 191 152 238 279 173 196 2 105 285 153 130 40 260 126 174 282 130 40 67 65 195 108 130 239 197 129 149 87 88 197 88 283 197 109 149 109 259 1 23 238 19 132 105 65 283 130 42 172 260 237 174 173 107 22 65 176 237 129 46 2 64 174 303 300 132 197 176 149 44 239 258 303 109 64 130 262 174 88 2 218 42 238 67 279 194 302 64 67 220 108 281 239 2 300 44 108 279 239 303 25 130 132 108 153 218 2 262 214 279 44 303 109 176 44 111 283 302 108 284 238 197 65 174 172 176 109 240 173 304 303 235 111 304 109 172 105 21 109 153 129 296 240 153 163 170 174 23 235 107 44 40 40 126 153 174 153 241 239 197 109 132 88 63 105 170 2 153 40 44 173 88 263 174 262 173 109 235 132 172 44 40 174 302 239 262 43 214 303 303 217 173 300 218 67 65 44 67 262 173 285 151 108 67 64 279 109 283 45 174 241 238 303 22 235 214 174 304 283 88 64 129 88 174 231 300 22 241 218 153 195 281 61 279 67 197 262 303 197 153 109 193 170 65 63 149 283 65 42 88 304 153 63 109 109 300 84 260 105 44 173 44 259 132 283 22 174 241 231 109 24 64 239 61 22 303 217 170 195 195 304 67 61 61 88 239 108 111 241 239 304 132 193 61 195 238 174 174 195 304 304 241 173 67 67 260 153 65 88 191 23 235 176 237 304 197 304 109 235 218 218 128 195 237 235 281 84 84 130 170 22 109 111 23 214 109 218 61 260 239 65 283 130 67 108 262 105 153 217 42 261 126 174 43 88 65 174 198 281 262 2 64 44 90 128 132 123 304 174 130 130 216 109 303 2 155 174 153 153 303 282 170 218 108 64 173 239 304 304 23 239 108 2 132 197 
c [Main] Lowest label SAT is set to 304.
c [Main] Kill higher label pid 305.
c [Main] Kill higher label pid 306.
c [Label = 305] Encoding starts with target value = 65:
c [Label = 305] Encoding duration: 5069ms.
c [Label = 305] Number of clauses: 3153357.
c [Label = 305] Number of variables: 409498.
c [Signal] Signal interruption. Caught signal: SIGTERM (15).
c [Label = 306] Encoding starts with target value = 65:
c [Label = 306] Encoding duration: 5145ms.
c [Label = 306] Number of clauses: 3162311.
c [Label = 306] Number of variables: 410388.
c [Signal] Signal interruption. Caught signal: SIGTERM (15).
c [Label = 298] Minimize Makespan Labeling problem (P-can__445.mtx.rnd):
c [Main] Child pid 306 - 101068 terminated by signal 15.
c [Main] Child pid 305 - 101069 terminated by signal 15.
c [Label = 297] Minimize Makespan Labeling problem (P-can__445.mtx.rnd):
c [Label = 296] Minimize Makespan Labeling problem (P-can__445.mtx.rnd):
c [Label = 298] Encoding starts with target value = 65:
c [Label = 298] Encoding duration: 5062ms.
c [Label = 298] Number of clauses: 3090683.
c [Label = 298] Number of variables: 403268.
c [Label = 298] Solving duration: 54000 ms.
s [Label = 298] SAT (w = 65).
c [Label = 298] Label assignment: 290 93 103 298 194 131 66 261 1 233 195 295 297 260 168 102 99 103 225 155 93 103 196 37 298 270 195 103 65 130 233 168 298 259 94 131 127 160 206 130 28 103 38 65 271 1 26 298 233 29 90 155 298 298 94 232 17 98 259 168 295 261 64 103 195 65 26 65 195 275 261 130 168 65 103 197 233 260 65 168 38 233 230 196 271 261 265 65 55 196 129 127 132 260 130 65 233 168 233 127 12 295 28 168 168 195 192 28 195 103 131 130 37 127 27 260 28 260 295 165 62 64 65 298 130 260 103 223 233 94 295 95 298 168 290 298 97 168 195 129 196 14 290 94 195 66 161 129 103 103 168 28 233 160 233 168 62 93 62 298 195 130 233 131 298 298 233 167 168 67 298 233 261 28 27 263 233 12 57 93 65 102 168 95 271 245 261 288 262 233 197 130 28 38 260 28 38 230 103 168 206 225 196 220 93 28 65 228 130 298 160 233 295 168 297 194 131 37 194 65 288 261 111 225 65 103 234 28 260 27 200 65 215 157 131 131 103 195 65 2 233 132 64 140 168 130 169 168 298 195 64 298 67 168 100 130 271 93 298 225 233 297 194 195 102 28 158 168 65 130 167 233 130 38 62 167 62 210 298 100 130 103 297 130 192 298 65 165 298 233 62 129 27 261 297 225 234 195 233 165 261 62 168 65 262 205 192 103 287 261 195 130 103 298 196 66 38 196 230 160 176 168 103 260 130 64 233 222 131 96 196 28 271 260 233 290 122 168 233 134 127 261 38 285 233 261 233 298 38 196 57 198 225 65 130 55 28 298 1 132 206 27 298 92 205 27 168 65 130 28 93 232 38 92 129 103 160 159 195 232 168 223 30 168 28 298 298 298 131 103 158 130 64 163 159 131 260 38 259 95 103 232 93 233 298 195 225 32 38 111 65 168 168 297 233 195 233 57 260 168 242 233 233 103 158 232 196 38 66 65 31 37 130 223 168 233 290 57 65 168 29 168 98 265 32 
c [Label = 299] Encoding starts with target value = 65:
c [Label = 299] Encoding duration: 4907ms.
c [Label = 299] Number of clauses: 3099636.
c [Label = 299] Number of variables: 404158.
c [Signal] Signal interruption. Caught signal: SIGTERM (15).
c [Label = 300] Encoding starts with target value = 65:
c [Label = 300] Encoding duration: 5031ms.
c [Label = 300] Number of clauses: 3108590.
c [Label = 300] Number of variables: 405048.
c [Label = 300] Solving duration: 56154 ms.
s [Label = 300] SAT (w = 65).
c [Label = 300] Label assignment: 104 221 170 105 255 233 299 91 261 170 277 80 91 27 268 235 300 300 36 235 300 206 11 105 145 51 170 210 149 234 26 270 129 20 170 203 235 261 300 275 112 193 128 279 67 234 105 104 300 275 26 234 65 105 181 104 105 194 84 210 46 51 286 181 156 146 65 156 286 275 63 221 235 156 205 105 40 51 279 105 106 40 170 138 81 11 106 203 169 1 300 181 40 51 271 170 40 276 26 210 105 105 235 235 275 262 130 38 40 145 203 235 41 192 300 103 131 105 44 235 109 26 170 41 275 85 197 145 36 156 235 156 105 236 104 105 170 275 260 234 170 91 116 150 286 276 235 221 210 170 270 145 20 299 40 233 170 196 116 91 276 274 73 105 91 260 26 8 261 298 105 299 80 116 116 40 40 85 299 181 194 221 275 172 41 300 51 80 40 168 40 195 91 140 27 156 146 300 221 261 276 169 286 167 40 130 300 111 211 101 261 27 65 262 79 156 210 141 286 299 234 66 171 26 166 26 40 85 103 156 276 299 145 286 211 221 300 144 195 170 300 2 299 221 235 271 260 262 65 39 26 33 237 237 149 212 63 170 91 26 105 84 286 300 221 116 235 299 210 65 169 35 275 146 116 286 300 40 105 26 235 171 91 214 259 140 205 214 101 156 275 261 150 75 91 20 170 170 195 105 105 130 275 170 70 286 246 195 51 76 39 275 210 64 10 300 145 138 130 255 236 235 211 91 195 234 130 156 235 300 298 275 91 65 64 101 234 235 106 225 187 67 132 102 156 169 144 138 105 298 166 105 169 268 261 300 145 65 65 232 298 105 37 221 299 37 275 272 221 105 210 156 105 221 221 211 246 255 36 14 275 169 275 271 116 79 235 63 235 233 271 211 156 272 234 210 73 141 130 196 195 156 26 170 79 299 20 41 91 171 170 270 105 85 40 36 33 195 42 234 40 106 35 170 169 156 145 156 170 205 65 151 235 104 275 40 101 185 299 299 107 261 171 106 1 
c [Signal] Signal interruption. Caught signal: SIGTERM (15).
c [Main] Lowest label SAT is set to 298.
c [Main] Kill higher label pid 299.
c [Main] Kill higher label pid 300.
c [Main] Kill higher label pid 301.
c [Main] Kill higher label pid 302.
c [Main] Kill higher label pid 303.
c [Label = 301] Encoding starts with target value = 65:
c [Label = 301] Encoding duration: 5552ms.
c [Label = 301] Number of clauses: 3117543.
c [Label = 301] Number of variables: 405938.
c [Signal] Signal interruption. Caught signal: SIGTERM (15).
c [Label = 302] Encoding starts with target value = 65:
c [Label = 302] Encoding duration: 5763ms.
c [Label = 302] Number of clauses: 3126497.
c [Label = 302] Number of variables: 406828.
c [Signal] Signal interruption. Caught signal: SIGTERM (15).
c [Label = 303] Encoding starts with target value = 65:
c [Label = 303] Encoding duration: 5233ms.
c [Label = 303] Number of clauses: 3135450.
c [Label = 303] Number of variables: 407718.
c [Signal] Signal interruption. Caught signal: SIGTERM (15).
c [Label = 295] Minimize Makespan Labeling problem (P-can__445.mtx.rnd):
c [Main] Child pid 303 - 101086 terminated by signal 15.
c [Main] Child pid 300 - 101089 terminated by signal 15.
c [Label = 294] Minimize Makespan Labeling problem (P-can__445.mtx.rnd):
c [Label = 293] Minimize Makespan Labeling problem (P-can__445.mtx.rnd):
c [Main] Child pid 302 - 101087 terminated by signal 15.
c [Main] Child pid 301 - 101088 terminated by signal 15.
c [Main] Child pid 299 - 101090 terminated by signal 15.
c [Label = 291] Minimize Makespan Labeling problem (P-can__445.mtx.rnd):
c [Label = 290] Minimize Makespan Labeling problem (P-can__445.mtx.rnd):
c [Label = 292] Minimize Makespan Labeling problem (P-can__445.mtx.rnd):
c [Label = 296] Encoding starts with target value = 65:
c [Label = 296] Encoding duration: 5113ms.
c [Label = 296] Number of clauses: 3072776.
c [Label = 296] Number of variables: 401488.
c [Label = 296] Solving duration: 58029 ms.
s [Label = 296] SAT (w = 65).
c [Label = 296] Label assignment: 136 137 100 179 231 137 166 36 172 273 231 100 67 34 230 130 30 42 296 100 296 101 267 165 179 43 197 132 290 95 295 231 179 35 101 135 136 230 274 165 129 135 200 254 34 101 166 231 6 295 237 143 59 172 101 231 165 101 72 130 33 36 267 100 196 233 160 209 267 230 70 137 196 209 101 64 35 36 264 107 200 36 273 200 72 36 70 100 166 267 296 101 165 36 237 78 13 2 295 165 166 230 165 230 266 231 71 166 13 30 130 208 233 101 261 36 166 230 23 208 166 295 109 70 244 196 102 35 296 65 172 64 165 265 131 165 101 208 231 131 65 129 166 101 260 295 230 101 114 100 232 202 31 30 35 165 295 101 166 131 3 237 34 230 172 165 6 274 196 7 165 225 70 166 202 195 31 166 295 101 114 144 295 101 70 296 36 208 230 6 13 101 130 166 34 202 200 35 124 230 268 66 267 208 42 197 42 197 165 166 230 36 201 266 59 196 130 209 267 35 101 36 135 295 66 295 35 166 34 202 295 30 230 267 165 101 30 189 100 165 225 295 267 144 231 231 230 265 160 6 274 34 100 262 290 101 37 78 72 295 230 160 267 35 130 166 107 280 114 107 30 6 262 203 166 274 266 64 143 42 131 135 65 124 265 166 101 124 166 232 295 130 202 36 43 296 273 66 64 107 230 266 260 237 70 274 231 78 36 36 6 244 114 59 267 230 200 195 189 230 265 208 135 45 131 95 196 202 137 295 2 265 43 36 49 165 230 95 200 165 101 34 195 64 261 165 230 179 165 295 96 64 261 265 231 273 202 79 165 143 265 166 36 137 2 200 267 267 124 143 137 195 143 137 131 165 231 231 6 225 262 42 261 231 166 100 172 78 100 135 231 138 202 267 196 135 43 166 261 64 100 209 295 66 100 295 296 230 131 135 295 237 107 36 35 296 295 71 296 95 295 200 1 106 166 202 230 194 237 101 131 195 101 231 266 31 161 100 1 265 166 230 130 64 200 
c [Main] Lowest label SAT is set to 296.
c [Main] Kill higher label pid 297.
c [Label = 297] Encoding starts with target value = 65:
c [Label = 297] Encoding duration: 5081ms.
c [Label = 297] Number of clauses: 3081729.
c [Label = 297] Number of variables: 402378.
c [Signal] Signal interruption. Caught signal: SIGTERM (15).
c [Label = 289] Minimize Makespan Labeling problem (P-can__445.mtx.rnd):
c [Main] Child pid 297 - 101092 terminated by signal 15.
c [Label = 288] Minimize Makespan Labeling problem (P-can__445.mtx.rnd):
c [Label = 293] Encoding starts with target value = 65:
c [Label = 293] Encoding duration: 4927ms.
c [Label = 293] Number of clauses: 3045915.
c [Label = 293] Number of variables: 398818.
c [Label = 293] Solving duration: 58901 ms.
s [Label = 293] SAT (w = 65).
c [Label = 293] Label assignment: 83 278 278 98 196 229 33 130 98 163 228 65 98 99 196 260 49 293 130 98 196 260 163 50 50 98 293 260 49 261 148 195 65 131 262 228 162 228 163 162 83 229 33 196 98 261 34 1 163 162 1 228 114 65 293 130 65 262 128 277 130 130 195 262 293 2 114 1 195 147 98 229 98 32 260 67 115 130 196 228 1 99 163 293 67 131 32 261 33 195 196 293 292 128 228 293 163 162 148 228 50 292 261 213 195 196 67 99 130 49 229 229 97 260 163 34 65 292 131 228 65 163 2 65 228 98 261 163 130 292 98 278 83 163 261 65 262 228 195 228 66 83 65 1 195 130 260 278 261 278 195 31 132 33 130 229 227 292 65 244 162 292 130 147 229 292 66 193 97 163 65 195 98 34 63 131 130 67 33 291 293 260 213 293 66 132 130 1 2 164 163 261 64 33 99 65 293 163 261 213 163 163 228 293 293 33 1 34 228 65 213 99 228 180 130 33 261 33 195 163 261 130 229 148 293 18 130 66 2 50 162 33 293 193 228 293 33 65 293 97 179 230 163 260 197 195 196 164 114 227 163 98 2 197 49 293 98 293 98 148 130 130 195 97 260 65 131 163 278 228 33 130 228 293 33 163 293 82 66 293 228 228 98 277 164 65 292 277 65 33 226 228 63 98 98 148 163 33 163 228 131 293 180 1 65 195 228 293 130 98 163 195 260 130 163 33 33 33 49 213 164 228 228 98 262 261 49 32 228 32 163 163 97 98 98 65 261 277 2 228 261 98 33 65 179 98 293 33 65 163 285 64 196 163 228 163 32 98 260 228 163 34 99 260 163 99 164 164 260 65 229 32 66 258 260 227 226 213 130 195 195 66 196 195 65 67 98 98 98 228 226 227 1 164 98 228 128 33 195 293 261 33 16 163 98 220 148 97 244 229 212 228 228 98 115 130 131 293 130 260 131 293 130 293 66 30 293 32 33 293 260 33 260 131 195 163 65 293 163 195 65 228 229 32 98 
c [Main] Lowest label SAT is set to 293.
c [Main] Kill higher label pid 294.
c [Main] Kill higher label pid 295.
c [Label = 294] Encoding starts with target value = 65:
c [Label = 294] Encoding duration: 5221ms.
c [Label = 294] Number of clauses: 3054869.
c [Label = 294] Number of variables: 399708.
c [Signal] Signal interruption. Caught signal: SIGTERM (15).
c [Label = 295] Encoding starts with target value = 65:
c [Label = 295] Encoding duration: 5035ms.
c [Label = 295] Number of clauses: 3063822.
c [Label = 295] Number of variables: 400598.
c [Signal] Signal interruption. Caught signal: SIGTERM (15).
c [Label = 287] Minimize Makespan Labeling problem (P-can__445.mtx.rnd):
c [Main] Child pid 295 - 101109 terminated by signal 15.
c [Label = 286] Minimize Makespan Labeling problem (P-can__445.mtx.rnd):
c [Main] Child pid 294 - 101110 terminated by signal 15.
c [Label = 285] Minimize Makespan Labeling problem (P-can__445.mtx.rnd):
c [Label = 288] Encoding starts with target value = 65:
c [Label = 288] Encoding duration: 5069ms.
c [Label = 288] Number of clauses: 3001148.
c [Label = 288] Number of variables: 394368.
c [Label = 288] Solving duration: 90848 ms.
s [Label = 288] SAT (w = 65).
c [Label = 288] Label assignment: 279 200 158 258 107 200 1 265 7 165 135 7 265 261 63 224 35 100 223 7 238 158 107 288 288 65 94 131 158 12 221 65 286 237 172 222 137 63 135 165 286 172 28 158 224 173 14 94 165 223 94 237 288 286 172 103 286 223 65 158 5 237 158 156 94 70 233 68 135 165 238 173 35 66 130 7 223 265 158 230 38 223 165 65 265 237 65 156 14 107 237 200 100 65 63 128 193 158 221 157 14 7 172 79 65 135 288 288 221 10 223 35 288 200 159 66 28 72 288 35 70 159 127 288 63 79 159 137 223 158 7 156 286 158 261 286 160 35 135 224 15 286 1 144 131 157 63 200 157 156 91 15 225 38 221 230 230 158 70 261 135 149 223 7 230 165 8 158 38 159 286 93 223 288 288 79 221 3 196 158 128 198 221 172 260 223 265 80 72 165 193 223 14 288 265 42 15 137 200 63 107 131 107 94 100 288 100 93 224 288 74 237 202 94 2 93 158 287 135 158 172 237 195 221 131 193 221 14 65 288 130 168 93 158 223 172 168 93 128 128 92 193 159 224 79 84 63 107 233 221 159 288 35 79 158 223 238 128 29 214 100 233 135 7 223 14 159 66 131 230 10 221 63 42 70 133 72 100 258 100 237 223 1 223 131 286 156 223 288 94 230 224 288 223 2 224 165 14 128 230 107 72 93 93 288 131 107 128 2 238 214 65 158 288 80 72 1 92 91 84 130 35 173 29 223 168 65 93 200 193 108 223 265 28 222 1 56 165 92 230 200 288 10 29 103 279 66 288 286 90 149 14 103 157 66 172 288 1 230 224 93 42 27 223 135 288 65 158 196 258 155 68 258 223 225 223 79 79 221 77 65 14 233 93 42 1 7 1 7 158 93 200 42 158 38 157 65 15 100 139 155 68 196 128 7 214 224 288 258 196 230 63 230 28 233 223 193 149 265 12 193 65 223 125 29 93 92 42 72 128 258 288 172 107 65 193 286 158 159 92 42 63 223 65 288 
c [Label = 289] Encoding starts with target value = 65:
c [Label = 289] Encoding duration: 5140ms.
c [Label = 289] Number of clauses: 3010101.
c [Label = 289] Number of variables: 395258.
c [Signal] Signal interruption. Caught signal: SIGTERM (15).
c [Main] Lowest label SAT is set to 288.
c [Main] Kill higher label pid 289.
c [Main] Kill higher label pid 290.
c [Main] Kill higher label pid 291.
c [Main] Kill higher label pid 292.
c [Label = 290] Encoding starts with target value = 65:
c [Label = 290] Encoding duration: 4913ms.
c [Label = 290] Number of clauses: 3019055.
c [Label = 290] Number of variables: 396148.
c [Signal] Signal interruption. Caught signal: SIGTERM (15).
c [Label = 291] Encoding starts with target value = 65:
c [Label = 291] Encoding duration: 5033ms.
c [Label = 291] Number of clauses: 3028008.
c [Label = 291] Number of variables: 397038.
c [Signal] Signal interruption. Caught signal: SIGTERM (15).
c [Label = 292] Encoding starts with target value = 65:
c [Label = 292] Encoding duration: 4925ms.
c [Label = 292] Number of clauses: 3036962.
c [Label = 292] Number of variables: 397928.
c [Signal] Signal interruption. Caught signal: SIGTERM (15).
c [Label = 284] Minimize Makespan Labeling problem (P-can__445.mtx.rnd):
c [Main] Child pid 291 - 101113 terminated by signal 15.
c [Label = 283] Minimize Makespan Labeling problem (P-can__445.mtx.rnd):
c [Main] Child pid 289 - 101115 terminated by signal 15.
c [Main] Child pid 290 - 101114 terminated by signal 15.
c [Label = 282] Minimize Makespan Labeling problem (P-can__445.mtx.rnd):
c [Main] Child pid 292 - 101112 terminated by signal 15.
c [Label = 280] Minimize Makespan Labeling problem (P-can__445.mtx.rnd):
c [Label = 281] Minimize Makespan Labeling problem (P-can__445.mtx.rnd):
c [Label = 285] Encoding starts with target value = 65:
c [Label = 285] Encoding duration: 4950ms.
c [Label = 285] Number of clauses: 2974287.
c [Label = 285] Number of variables: 391698.
c [Label = 285] Solving duration: 79636 ms.
s [Label = 285] SAT (w = 65).
c [Label = 285] Label assignment: 155 154 115 180 66 130 154 285 41 245 65 285 284 285 41 144 285 90 236 25 130 106 65 180 205 211 211 130 65 285 245 16 180 285 131 154 75 25 65 75 155 130 220 75 260 284 196 220 90 65 220 148 285 171 130 218 195 130 219 140 285 260 65 106 211 219 140 219 65 64 282 130 285 197 106 284 270 285 75 180 195 261 245 219 284 261 275 130 284 65 144 131 205 219 16 115 245 64 245 154 195 284 65 41 41 66 285 195 270 270 130 25 195 130 79 260 195 222 285 41 220 81 115 284 50 218 130 90 236 106 25 115 155 64 155 195 130 50 65 121 285 180 171 130 66 64 25 130 130 115 41 195 261 285 245 155 140 105 220 155 65 90 270 284 155 64 285 64 285 65 180 220 282 171 284 205 260 196 220 106 115 143 2 131 260 261 285 213 219 90 245 155 180 171 285 220 217 90 154 25 65 90 65 220 115 195 92 220 154 171 25 285 155 65 285 209 129 276 65 89 79 260 130 245 81 220 261 196 261 284 64 65 220 65 154 130 65 220 90 155 205 284 56 132 41 16 41 65 130 284 56 284 90 65 65 155 285 130 285 245 219 130 65 2 146 195 65 62 115 157 285 261 25 195 220 78 220 219 180 106 146 129 277 155 65 171 106 140 170 220 96 146 284 260 276 261 261 285 90 171 220 222 50 220 284 65 65 115 285 261 236 50 130 285 41 220 195 195 220 41 65 25 130 276 154 65 220 195 131 220 64 64 262 276 282 171 25 65 195 155 131 284 195 16 220 155 219 195 196 62 106 270 220 64 16 81 195 285 155 147 65 220 285 130 65 195 41 65 131 196 127 211 180 130 130 130 41 41 236 220 62 285 50 40 196 285 25 285 25 130 40 130 196 65 285 130 219 195 220 90 130 212 220 90 2 284 261 195 155 130 130 41 155 260 260 236 261 90 285 285 261 219 236 106 64 195 219 196 245 106 155 1 130 219 50 245 171 106 67 64 196 25 130 260 195 
c [Main] Lowest label SAT is set to 285.
c [Main] Kill higher label pid 286.
c [Main] Kill higher label pid 287.
c [Label = 286] Encoding starts with target value = 65:
c [Label = 286] Encoding duration: 4963ms.
c [Label = 286] Number of clauses: 2983241.
c [Label = 286] Number of variables: 392588.
c [Signal] Signal interruption. Caught signal: SIGTERM (15).
c [Label = 287] Encoding starts with target value = 65:
c [Label = 287] Encoding duration: 4733ms.
c [Label = 287] Number of clauses: 2992194.
c [Label = 287] Number of variables: 393478.
c [Signal] Signal interruption. Caught signal: SIGTERM (15).
c [Label = 279] Minimize Makespan Labeling problem (P-can__445.mtx.rnd):
c [Main] Child pid 287 - 101139 terminated by signal 15.
c [Label = 278] Minimize Makespan Labeling problem (P-can__445.mtx.rnd):
c [Main] Child pid 286 - 101140 terminated by signal 15.
c [Label = 277] Minimize Makespan Labeling problem (P-can__445.mtx.rnd):
c [Label = 280] Encoding starts with target value = 65:
c [Label = 280] Encoding duration: 4773ms.
c [Label = 280] Number of clauses: 2929520.
c [Label = 280] Number of variables: 387248.
c [Label = 280] Solving duration: 56153 ms.
s [Label = 280] SAT (w = 65).
c [Label = 280] Label assignment: 190 130 130 178 85 149 151 280 46 247 78 26 279 19 46 85 23 104 261 26 150 130 65 196 196 215 214 130 85 20 255 45 196 280 150 156 111 40 84 26 176 150 215 85 261 216 215 216 97 176 227 84 26 189 130 216 195 149 215 102 14 261 85 130 215 221 156 214 65 91 1 149 26 215 130 26 261 280 91 176 216 261 243 241 6 280 235 130 66 65 150 150 241 215 47 113 254 86 261 111 195 91 66 46 46 85 46 279 262 26 156 28 20 149 150 214 196 241 13 46 215 84 113 21 47 215 130 91 260 130 28 111 176 84 170 195 130 46 84 131 280 190 196 130 65 91 40 130 131 116 45 215 280 20 261 156 176 111 215 170 85 124 261 108 162 26 19 75 40 84 190 235 280 195 280 241 261 195 255 131 113 150 26 150 2 261 280 215 241 91 243 156 195 195 19 215 215 93 130 46 84 105 65 218 111 196 111 229 156 195 46 280 176 65 20 215 91 280 65 91 216 261 151 261 130 241 261 215 214 280 86 105 221 84 156 130 91 215 111 176 221 279 66 150 65 54 46 85 170 279 66 19 111 65 91 150 280 130 19 255 238 170 65 46 149 196 85 65 130 176 20 260 46 216 221 65 241 241 178 111 65 151 280 150 84 195 130 156 195 221 173 149 280 280 1 280 261 280 105 176 215 241 46 234 26 85 65 117 280 280 255 65 111 20 65 231 196 241 221 46 84 39 149 280 164 85 241 215 149 241 84 176 280 1 261 196 40 91 221 156 150 26 195 19 235 189 221 196 195 66 125 26 235 91 46 149 196 19 166 149 65 215 19 150 84 279 65 85 150 195 131 214 182 149 150 151 65 65 262 235 46 12 176 46 195 6 32 6 26 131 46 151 214 84 40 91 215 196 235 111 111 215 255 105 20 2 261 21 170 149 173 45 169 1 260 261 260 125 280 20 260 234 260 124 66 216 241 215 241 124 170 280 130 1 47 255 190 131 85 46 215 40 149 217 2 
c [Main] Lowest label SAT is set to 280.
c [Main] Kill higher label pid 281.
c [Main] Kill higher label pid 282.
c [Main] Kill higher label pid 283.
c [Main] Kill higher label pid 284.
c [Label = 282] Encoding starts with target value = 65:
c [Label = 282] Encoding duration: 4784ms.
c [Label = 282] Number of clauses: 2947427.
c [Label = 282] Number of variables: 389028.
c [Signal] Signal interruption. Caught signal: SIGTERM (15).
c [Label = 281] Encoding starts with target value = 65:
c [Label = 281] Encoding duration: 4841ms.
c [Label = 281] Number of clauses: 2938473.
c [Label = 281] Number of variables: 388138.
c [Signal] Signal interruption. Caught signal: SIGTERM (15).
c [Label = 283] Encoding starts with target value = 65:
c [Label = 283] Encoding duration: 4544ms.
c [Label = 283] Number of clauses: 2956380.
c [Label = 283] Number of variables: 389918.
c [Signal] Signal interruption. Caught signal: SIGTERM (15).
c [Label = 284] Encoding starts with target value = 65:
c [Label = 284] Encoding duration: 4829ms.
c [Label = 284] Number of clauses: 2965334.
c [Label = 284] Number of variables: 390808.
c [Signal] Signal interruption. Caught signal: SIGTERM (15).
c [Label = 276] Minimize Makespan Labeling problem (P-can__445.mtx.rnd):
c [Main] Child pid 284 - 101151 terminated by signal 15.
c [Main] Child pid 283 - 101152 terminated by signal 15.
c [Main] Child pid 282 - 101153 terminated by signal 15.
c [Label = 275] Minimize Makespan Labeling problem (P-can__445.mtx.rnd):
c [Label = 274] Minimize Makespan Labeling problem (P-can__445.mtx.rnd):
c [Main] Child pid 281 - 101154 terminated by signal 15.
c [Label = 273] Minimize Makespan Labeling problem (P-can__445.mtx.rnd):
c [Label = 272] Minimize Makespan Labeling problem (P-can__445.mtx.rnd):
c [Label = 279] Encoding starts with target value = 65:
c [Label = 279] Encoding duration: 4658ms.
c [Label = 279] Number of clauses: 2920566.
c [Label = 279] Number of variables: 386358.
c [Label = 279] Solving duration: 63414 ms.
s [Label = 279] SAT (w = 65).
c [Label = 279] Label assignment: 130 279 38 112 230 279 213 149 260 195 233 130 149 149 242 279 214 47 177 261 196 28 223 111 103 65 65 28 84 279 195 242 111 165 19 261 279 260 214 278 112 19 84 214 158 278 100 47 195 195 195 261 149 112 19 84 112 279 65 279 149 168 214 28 50 65 149 84 214 260 149 19 279 84 28 46 176 149 214 130 84 158 196 47 149 168 65 28 149 223 214 19 111 65 260 47 178 195 176 279 103 64 279 241 242 230 65 130 177 65 261 261 130 279 195 65 93 67 149 261 84 214 47 130 242 130 19 65 177 38 261 46 130 214 130 112 35 260 214 264 65 111 103 27 214 195 260 279 28 46 242 84 168 214 176 279 195 28 84 130 214 278 168 278 130 64 195 195 260 214 111 214 158 93 132 130 177 103 195 28 46 279 196 19 149 176 149 131 130 65 177 19 111 93 149 84 84 196 279 260 233 65 233 65 47 93 47 65 279 112 260 168 130 233 149 65 260 130 214 195 279 158 279 187 47 195 177 98 82 130 214 214 65 214 260 19 214 84 46 130 214 177 195 279 241 252 242 233 149 213 199 130 1 233 65 19 149 47 130 195 130 149 214 201 279 103 261 223 28 131 65 177 260 84 84 214 214 130 112 47 261 279 149 19 214 111 38 279 112 65 213 279 130 158 130 168 195 65 47 130 130 65 241 47 130 214 233 46 149 158 195 242 27 149 223 195 93 47 84 252 214 260 19 130 279 279 65 65 19 195 214 177 149 130 158 111 260 279 65 279 16 112 92 130 65 121 65 93 111 223 46 46 65 196 252 196 93 149 130 279 223 84 130 279 214 147 223 195 279 112 9 65 112 279 279 279 233 241 187 214 242 47 195 242 84 130 261 149 279 9 242 279 84 212 279 260 65 93 65 46 28 84 195 65 130 257 176 130 130 279 195 243 119 130 168 187 177 48 149 279 177 65 177 47 131 65 65 84 65 46 130 131 9 66 241 195 122 38 214 233 84 260 279 65 149 
c [Main] Lowest label SAT is set to 279.
c [Label = 271] Minimize Makespan Labeling problem (P-can__445.mtx.rnd):
c [Label = 277] Encoding starts with target value = 65:
c [Label = 277] Encoding duration: 4624ms.
c [Label = 277] Number of clauses: 2902659.
c [Label = 277] Number of variables: 384578.
c [Label = 277] Solving duration: 131275 ms.
s [Label = 277] SAT (w = 65).
c [Label = 277] Label assignment: 227 147 114 227 81 162 147 227 261 63 82 244 227 228 15 179 275 128 196 244 179 131 80 244 244 212 32 114 114 258 147 49 227 211 146 164 114 15 97 261 215 148 1 97 196 49 1 46 114 180 32 179 241 227 146 63 227 164 212 111 244 211 97 97 32 17 193 17 81 114 213 148 275 17 114 261 179 212 98 193 16 179 63 34 229 211 212 97 128 80 195 147 49 212 15 80 145 82 162 115 261 114 49 32 32 97 261 33 162 258 164 275 277 163 114 245 1 49 228 275 16 97 80 229 15 49 131 114 196 114 258 97 227 82 210 227 131 275 98 162 244 229 261 131 80 99 15 147 114 97 32 1 196 275 162 179 179 131 16 210 82 85 179 260 179 128 258 80 275 97 227 46 196 244 15 46 162 261 145 131 80 147 162 146 228 179 212 32 49 97 145 163 244 261 228 15 1 114 145 17 83 80 80 32 128 244 128 32 164 244 17 213 179 66 244 32 111 277 82 98 49 210 163 162 114 145 162 276 229 277 82 128 32 80 164 145 128 32 82 227 46 162 97 162 49 32 15 81 193 161 97 229 97 66 111 162 213 80 244 150 63 193 80 261 145 276 111 49 97 193 261 162 15 17 32 80 49 49 210 128 179 147 227 179 98 227 97 176 261 32 179 162 277 196 227 196 63 260 80 193 114 49 49 46 245 82 81 80 227 213 150 32 114 244 66 32 261 34 32 32 98 275 148 244 164 128 29 15 162 145 83 181 227 244 179 244 15 128 17 179 162 246 261 244 63 227 17 244 227 66 97 258 63 99 49 114 261 229 179 162 66 16 229 146 97 33 49 99 147 210 131 15 210 147 162 147 64 49 162 49 32 244 176 66 277 229 258 227 244 131 66 147 15 99 275 114 210 1 63 82 97 15 145 80 244 162 179 17 210 163 193 15 193 227 196 179 145 85 228 258 145 17 179 80 114 15 33 15 49 80 210 15 145 260 32 162 227 114 97 49 16 15 164 229 17 
c [Main] Lowest label SAT is set to 277.
c [Main] Kill higher label pid 278.
c [Label = 278] Encoding starts with target value = 65:
c [Label = 278] Encoding duration: 4754ms.
c [Label = 278] Number of clauses: 2911613.
c [Label = 278] Number of variables: 385468.
c [Signal] Signal interruption. Caught signal: SIGTERM (15).
c [Label = 270] Minimize Makespan Labeling problem (P-can__445.mtx.rnd):
c [Main] Child pid 278 - 101174 terminated by signal 15.
c [Label = 269] Minimize Makespan Labeling problem (P-can__445.mtx.rnd):
c [Label = 275] Encoding starts with target value = 65:
c [Label = 275] Encoding duration: 5394ms.
c [Label = 275] Number of clauses: 2884752.
c [Label = 275] Number of variables: 382798.
c [Label = 275] Solving duration: 128354 ms.
s [Label = 275] SAT (w = 65).
c [Label = 275] Label assignment: 238 166 121 240 86 166 274 231 275 145 101 260 231 231 30 196 15 80 201 261 195 136 86 251 251 246 51 121 131 1 170 56 240 216 151 181 131 28 101 274 235 151 6 116 201 130 6 65 130 181 63 196 261 240 151 78 240 181 245 137 246 216 116 110 51 36 210 36 101 130 216 151 13 36 121 261 186 231 116 210 21 186 145 51 231 216 36 106 274 86 208 166 65 241 30 95 160 114 175 116 266 130 130 41 41 101 261 246 175 275 185 15 245 166 128 36 6 66 246 15 36 116 95 246 30 63 136 127 201 121 275 110 236 116 223 240 136 15 101 181 260 246 266 136 101 116 26 166 121 106 41 6 201 13 175 196 196 136 36 223 101 108 186 130 196 275 275 111 13 116 240 66 201 251 31 66 175 266 158 136 95 181 171 151 231 186 231 63 51 130 160 181 251 266 231 21 6 130 166 36 86 93 86 51 80 251 80 51 181 251 36 216 196 71 261 51 131 36 101 116 143 216 166 175 121 158 175 6 36 35 101 143 51 101 181 151 145 51 104 236 66 171 116 181 56 41 30 86 211 175 116 254 106 71 131 181 216 95 261 170 80 208 101 275 181 6 130 56 110 210 273 175 30 21 36 116 51 65 225 80 193 181 256 196 101 240 110 196 266 51 274 181 36 201 246 201 145 273 93 210 64 65 56 65 261 101 86 95 246 216 173 41 121 261 71 51 266 51 51 41 101 15 151 260 181 143 51 36 166 156 86 196 231 261 186 251 28 145 51 195 166 261 266 261 78 238 36 251 240 71 106 275 78 116 56 128 266 246 195 181 71 21 261 166 101 246 56 116 166 225 136 46 225 176 181 179 71 56 175 66 41 273 210 71 21 246 275 246 261 136 71 166 21 116 13 116 246 6 80 105 106 51 158 91 261 171 186 246 223 166 210 30 210 246 201 186 160 105 231 1 160 45 186 95 274 36 51 21 65 95 221 36 151 64 41 171 240 121 116 56 21 26 181 36 246 
c [Main] Lowest label SAT is set to 275.
c [Main] Kill higher label pid 276.
c [Label = 276] Encoding starts with target value = 65:
c [Label = 276] Encoding duration: 5925ms.
c [Label = 276] Number of clauses: 2893706.
c [Label = 276] Number of variables: 383688.
c [Signal] Signal interruption. Caught signal: SIGTERM (15).
c [Label = 268] Minimize Makespan Labeling problem (P-can__445.mtx.rnd):
c [Main] Child pid 276 - 101182 terminated by signal 15.
c [Label = 267] Minimize Makespan Labeling problem (P-can__445.mtx.rnd):
c [Label = 270] Encoding starts with target value = 65:
c [Label = 270] Encoding duration: 5436ms.
c [Label = 270] Number of clauses: 2839985.
c [Label = 270] Number of variables: 378348.
c [Label = 270] Solving duration: 703544 ms.
s [Label = 270] UNSAT (w = 65).
c [Label = 267] Encoding starts with target value = 65:
c [Label = 267] Encoding duration: 4954ms.
c [Label = 267] Number of clauses: 2813124.
c [Label = 267] Number of variables: 375678.
c [Signal] Signal interruption. Caught signal: SIGTERM (15).
c [Label = 269] Encoding starts with target value = 65:
c [Label = 269] Encoding duration: 5396ms.
c [Label = 269] Number of clauses: 2831031.
c [Label = 269] Number of variables: 377458.
c [Signal] Signal interruption. Caught signal: SIGTERM (15).
c [Label = 268] Encoding starts with target value = 65:
c [Label = 268] Encoding duration: 4418ms.
c [Label = 268] Number of clauses: 2822078.
c [Label = 268] Number of variables: 376568.
c [Signal] Signal interruption. Caught signal: SIGTERM (15).
c [Main] Highest label UNSAT is set to 270
c [Main] Kill lower label pid 267.
c [Main] Kill lower label pid 268.
c [Main] Kill lower label pid 269.
c [Main] Child pid 269 - 101658 terminated by signal 15.
c [Main] Child pid 267 - 101662 terminated by signal 15.
c [Main] Child pid 268 - 101661 terminated by signal 15.
c [Label = 272] Encoding starts with target value = 65:
c [Label = 272] Encoding duration: 5840ms.
c [Label = 272] Number of clauses: 2857892.
c [Label = 272] Number of variables: 380128.
c [Label = 272] Solving duration: 887476 ms.
s [Label = 272] UNSAT (w = 65).
c [Main] Highest label UNSAT is set to 272
c [Main] Kill lower label pid 271.
c [Label = 271] Encoding starts with target value = 65:
c [Label = 271] Encoding duration: 4478ms.
c [Label = 271] Number of clauses: 2848938.
c [Label = 271] Number of variables: 379238.
c [Signal] Signal interruption. Caught signal: SIGTERM (15).
c [Main] Child pid 271 - 101205 terminated by signal 15.
c [Label = 274] Encoding starts with target value = 65:
c [Label = 274] Encoding duration: 5510ms.
c [Label = 274] Number of clauses: 2875799.
c [Label = 274] Number of variables: 381908.
c [Signal] Signal interruption. Caught signal: SIGTERM (15).
c [Label = 273] Encoding starts with target value = 65:
c [Label = 273] Encoding duration: 5706ms.
c [Label = 273] Number of clauses: 2866845.
c [Label = 273] Number of variables: 381018.
c [Signal] Signal interruption. Caught signal: SIGTERM (15).
c [Main] Lim pid ends with result: 254.
c [Main] All children have completed.
r [Main] 
r [Main] Final results: 
r [Main] Lowest label SAT:  	275.
r [Main] Highest label UNSAT:	272.
r [Main] Total real time: 1811820 ms.
r [Main] Total memory consumed: 8516.9 MB.
r [Main] 
