c [Version] Minimize Makespan Labeling Encoder version 1.0.0.
c [Param] Target value is set to 46.
c [Param] LB is predefined as 47.
c [Param] UB is predefined as 377.
c [Param] Target value is set to Cyclic Antibandwidth.
c [Param] Vertices mode is set to Has hole.
c [Param] Result verification is ON.
c [Param] Memory limit is set to 30000.
c [Param] Real time limit is set to 1800.
c [Param] Worker count is set to 8.
c [Param] Max CNF size is set to 10.
c [Main] Search strategy: Iterating from upper bound.
c [Main] Search order: 377 376 375 374 373 372 371 370 369 368 367 366 365 364 363 362 361 360 359 358 357 356 355 354 353 352 351 350 349 348 347 346 345 344 343 342 341 340 339 338 337 336 335 334 333 332 331 330 329 328 327 326 325 324 323 322 321 320 319 318 317 316 315 314 313 312 311 310 309 308 307 306 305 304 303 302 301 300 299 298 297 296 295 294 293 292 291 290 289 288 287 286 285 284 283 282 281 280 279 278 277 276 275 274 273 272 271 270 269 268 267 266 265 264 263 262 261 260 259 258 257 256 255 254 253 252 251 250 249 248 247 246 245 244 243 242 241 240 239 238 237 236 235 234 233 232 231 230 229 228 227 226 225 224 223 222 221 220 219 218 217 216 215 214 213 212 211 210 209 208 207 206 205 204 203 202 201 200 199 198 197 196 195 194 193 192 191 190 189 188 187 186 185 184 183 182 181 180 179 178 177 176 175 174 173 172 171 170 169 168 167 166 165 164 163 162 161 160 159 158 157 156 155 154 153 152 151 150 149 148 147 146 145 144 143 142 141 140 139 138 137 136 135 134 133 132 131 130 129 128 127 126 125 124 123 122 121 120 119 118 117 116 115 114 113 112 111 110 109 108 107 106 105 104 103 102 101 100 99 98 97 96 95 94 93 92 91 90 89 88 87 86 85 84 83 82 81 80 79 78 77 76 75 74 73 72 71 70 69 68 67 66 65 64 63 62 61 60 59 58 57 56 55 54 53 52 51 50 49 48 47.
c [Main] Encoding and solving for graph: R-dwt__503.mtx.rnd.
c [Label = 377] Minimize Makespan Labeling problem (R-dwt__503.mtx.rnd):
c [Label = 376] Minimize Makespan Labeling problem (R-dwt__503.mtx.rnd):
c [Label = 375] Minimize Makespan Labeling problem (R-dwt__503.mtx.rnd):
c [Label = 374] Minimize Makespan Labeling problem (R-dwt__503.mtx.rnd):
c [Label = 373] Minimize Makespan Labeling problem (R-dwt__503.mtx.rnd):
c [Label = 372] Minimize Makespan Labeling problem (R-dwt__503.mtx.rnd):
c [Label = 371] Minimize Makespan Labeling problem (R-dwt__503.mtx.rnd):
c [Label = 370] Minimize Makespan Labeling problem (R-dwt__503.mtx.rnd):
c [Label = 377] Encoding starts with target value = 46:
c [Label = 377] Encoding duration: 9887ms.
c [Label = 377] Number of clauses: 5666721.
c [Label = 377] Number of variables: 574033.
c [Label = 377] Solving duration: 41749 ms.
s [Label = 377] SAT (w = 46).
c [Label = 377] Label assignment: 1 1 1 1 5 1 1 46 1 285 47 47 101 1 1 47 47 1 332 1 1 47 1 1 285 376 47 1 1 1 101 47 285 101 47 47 47 1 1 93 1 93 47 1 1 286 51 47 285 286 93 47 331 286 331 1 1 1 93 239 147 331 1 47 101 93 47 55 1 93 286 47 47 46 1 332 239 47 147 101 240 93 1 1 101 93 139 47 286 148 1 139 47 193 1 139 239 139 93 47 47 47 285 286 1 285 1 9 47 185 93 93 1 239 47 47 1 93 193 93 1 1 239 185 55 1 101 377 148 55 93 101 332 239 331 1 193 376 47 1 1 377 1 47 139 139 93 47 147 93 93 193 147 1 47 286 47 47 148 47 193 240 332 93 1 93 139 285 332 285 139 240 332 239 377 285 55 47 286 286 185 55 47 332 47 1 194 1 93 93 332 332 39 47 377 286 240 1 93 285 1 286 93 139 47 1 377 147 93 332 93 286 231 1 93 185 285 239 139 331 285 1 93 332 46 93 185 101 47 139 286 47 139 147 185 1 332 193 286 240 47 332 47 285 230 1 47 331 47 93 139 101 93 47 331 285 47 148 139 47 93 139 93 285 193 93 239 47 147 332 377 139 193 239 1 1 147 331 239 47 139 101 55 93 139 93 93 1 285 147 377 93 139 47 47 239 185 285 1 185 193 147 286 139 1 55 93 47 285 55 185 332 147 331 1 239 139 139 47 239 47 332 239 101 332 332 240 101 139 93 47 1 147 194 185 93 9 47 139 47 139 139 240 185 185 185 139 239 101 55 139 185 147 185 93 286 185 47 139 231 332 286 231 230 1 93 332 55 47 286 193 193 286 93 193 239 286 377 93 185 51 185 194 285 139 138 92 1 184 194 286 146 93 54 101 239 276 139 139 185 285 331 93 1 139 147 185 1 9 185 240 47 322 139 147 185 231 101 185 332 47 240 185 332 193 1 193 93 147 93 101 377 239 239 147 185 185 147 231 147 93 139 332 185 139 139 332 139 47 240 231 285 93 147 239 139 101 194 286 185 239 93 193 332 93 47 231 231 139 286 185 193 332 185 139 239 340 139 139 331 332 331 101 97 331 231 93 185 1 185 231 101 47 185 240 1 185 231 193 285 147 101 93 
c [Main] Lowest label SAT is set to 377.
c [Label = 369] Minimize Makespan Labeling problem (R-dwt__503.mtx.rnd):
c [Label = 376] Encoding starts with target value = 46:
c [Label = 376] Encoding duration: 9643ms.
c [Label = 376] Number of clauses: 5653158.
c [Label = 376] Number of variables: 573027.
c [Label = 376] Solving duration: 42474 ms.
s [Label = 376] SAT (w = 46).
c [Label = 376] Label assignment: 283 375 375 375 376 99 375 330 375 375 145 329 283 375 375 329 329 375 375 375 375 237 191 375 47 375 329 283 375 375 283 329 376 53 329 329 329 375 375 145 375 283 145 375 375 329 48 329 330 53 283 329 191 99 375 191 331 375 283 99 283 330 375 329 283 283 329 375 375 237 191 329 329 329 283 375 376 329 283 329 99 283 375 375 375 283 191 329 191 283 375 237 284 329 375 283 53 237 283 329 329 329 145 237 45 283 375 191 329 191 283 283 375 191 375 329 375 283 329 283 99 375 375 191 329 375 237 191 99 330 283 283 375 375 376 375 94 191 329 237 329 191 375 329 46 237 283 329 99 283 283 145 237 375 329 191 329 375 283 329 329 330 237 283 375 283 237 45 237 237 237 283 237 145 99 283 145 329 375 283 191 330 329 237 329 375 329 283 283 283 191 191 48 99 237 237 375 375 283 237 375 191 283 191 329 375 237 283 238 191 283 191 145 375 283 237 283 376 237 237 45 283 283 99 375 283 191 45 145 237 337 285 237 48 191 375 53 145 329 283 284 46 329 237 329 375 329 329 145 283 191 329 283 283 284 375 329 283 237 329 283 145 284 99 376 145 329 329 283 330 53 237 99 329 94 375 283 283 99 329 237 99 329 283 237 191 237 375 237 283 375 283 237 329 329 191 145 330 375 191 145 46 329 237 191 237 99 329 91 237 283 375 237 237 237 145 237 237 329 191 329 375 140 237 145 375 99 191 237 283 145 237 53 145 191 7 191 329 237 329 237 191 376 237 191 191 191 283 191 329 237 145 94 191 239 237 191 285 237 145 7 191 145 191 375 283 330 237 99 191 145 375 283 283 145 329 330 45 283 191 237 191 237 191 237 145 145 53 237 145 237 191 329 145 191 99 283 237 237 191 53 53 283 375 237 47 191 375 48 191 145 329 145 191 53 191 145 53 191 191 329 191 191 375 94 53 145 283 283 283 53 48 329 99 145 191 191 191 99 53 283 237 91 191 237 237 140 237 45 46 145 375 283 191 375 283 375 376 283 191 91 283 329 237 283 99 145 99 191 329 191 99 375 191 237 48 237 237 191 237 45 329 191 145 191 145 145 191 375 191 145 191 145 375 375 283 192 145 375 53 53 53 1 
c [Main] Lowest label SAT is set to 376.
c [Label = 368] Minimize Makespan Labeling problem (R-dwt__503.mtx.rnd):
c [Label = 371] Encoding starts with target value = 46:
c [Label = 371] Encoding duration: 9544ms.
c [Label = 371] Number of clauses: 5585340.
c [Label = 371] Number of variables: 567997.
c [Label = 371] Solving duration: 43849 ms.
s [Label = 371] SAT (w = 46).
c [Label = 371] Label assignment: 1 1 1 1 1 3 1 232 1 321 141 185 370 1 1 47 47 1 139 1 1 325 2 1 94 1 47 233 1 1 48 47 140 371 47 47 47 1 1 279 1 93 325 1 1 47 47 47 1 187 93 47 186 93 140 371 1 1 93 325 46 1 49 47 370 279 47 232 325 93 187 47 47 279 1 370 232 47 187 139 234 93 1 1 233 93 371 47 92 279 1 139 47 187 1 95 233 139 93 47 47 47 324 92 1 1 1 93 47 185 93 93 1 94 47 47 1 93 233 93 46 1 140 185 279 1 139 279 139 324 93 371 279 325 324 1 185 371 47 371 1 371 1 47 95 139 47 47 47 93 93 185 187 1 233 278 47 47 93 47 279 233 185 93 1 93 139 371 139 325 139 231 233 233 371 48 233 47 138 279 185 139 47 140 47 1 185 46 93 93 93 371 1 325 94 1 233 1 93 93 1 47 93 139 47 1 186 94 93 92 93 49 231 1 93 325 370 233 139 186 92 3 93 233 1 93 185 325 141 139 187 47 139 233 185 1 233 231 277 233 232 187 47 186 185 1 47 139 279 93 139 93 93 47 370 233 47 371 139 47 93 139 279 141 186 325 140 47 326 141 94 325 232 233 93 1 231 141 140 47 139 280 277 93 139 93 49 1 185 326 371 93 139 47 47 95 93 279 1 185 187 46 140 139 46 325 279 47 48 326 231 141 47 371 185 370 139 139 47 233 279 140 232 186 45 325 325 48 139 93 325 1 94 325 185 279 92 47 185 47 139 46 233 185 185 185 46 325 278 277 139 230 47 185 93 94 185 47 139 231 279 92 231 322 1 93 187 325 279 93 279 140 371 93 139 325 185 371 93 185 325 185 185 93 139 139 325 92 185 46 325 95 279 279 279 324 139 139 139 185 232 94 93 1 139 47 185 1 93 185 231 47 231 139 186 185 231 187 185 93 47 232 185 280 278 371 278 93 186 93 277 93 233 323 139 185 185 47 277 47 93 139 371 277 139 139 278 139 231 231 231 325 93 46 232 185 279 139 231 185 233 93 325 94 93 325 231 231 139 233 185 46 141 185 139 232 185 139 139 186 187 141 94 139 326 231 93 185 1 185 231 279 233 233 141 279 185 231 140 187 47 371 93 
c [Label = 372] Encoding starts with target value = 46:
c [Label = 372] Encoding duration: 9600ms.
c [Label = 372] Number of clauses: 5598904.
c [Label = 372] Number of variables: 569003.
c [Signal] Signal interruption. Caught signal: SIGTERM (15).
c [Main] Lowest label SAT is set to 371.
c [Main] Kill higher label pid 372.
c [Main] Kill higher label pid 373.
c [Main] Kill higher label pid 374.
c [Main] Kill higher label pid 375.
c [Label = 373] Encoding starts with target value = 46:
c [Label = 373] Encoding duration: 9583ms.
c [Label = 373] Number of clauses: 5612467.
c [Label = 373] Number of variables: 570009.
c [Label = 373] Solving duration: 44745 ms.
s [Label = 373] SAT (w = 46).
c [Label = 373] Label assignment: 280 372 372 372 373 138 372 234 372 281 235 138 280 372 372 326 326 372 235 372 372 235 143 372 46 327 326 281 372 372 327 326 372 281 326 326 326 372 372 184 372 280 184 372 372 326 327 326 234 281 234 326 326 281 235 327 328 280 280 235 327 326 327 326 138 281 326 372 281 372 281 327 326 235 327 372 373 326 189 234 142 280 372 372 281 280 92 326 138 143 372 280 372 327 372 46 281 234 234 326 326 326 92 140 46 280 372 141 326 142 280 280 372 281 281 326 372 280 235 143 46 372 373 188 94 372 373 189 234 327 280 138 189 189 92 372 281 326 326 327 372 46 372 326 46 234 281 235 143 143 280 326 143 372 188 46 326 326 281 326 97 373 235 280 280 280 189 97 234 327 234 234 235 373 51 97 327 326 373 189 143 233 189 234 326 326 327 281 280 280 143 326 94 189 142 372 235 234 280 143 372 48 280 97 326 372 326 92 280 138 280 92 188 372 280 327 326 373 234 327 46 143 280 143 372 280 188 372 188 234 188 282 234 143 188 280 51 184 97 46 234 46 326 46 326 372 326 234 189 280 234 140 280 188 326 235 326 281 234 326 280 188 138 235 187 373 97 326 235 235 281 372 373 97 281 372 235 373 92 326 234 50 235 189 234 143 327 372 281 188 48 280 97 326 326 51 188 189 372 97 327 46 97 234 326 140 138 326 138 372 235 189 281 46 46 189 234 234 326 281 327 92 373 280 48 373 189 143 234 280 327 234 281 97 188 234 327 326 143 326 234 142 189 142 234 188 46 235 141 373 143 97 95 188 236 281 188 282 234 142 189 97 142 280 372 280 373 189 373 48 373 230 138 280 92 235 142 46 280 188 373 188 46 142 234 138 327 280 91 372 92 281 373 189 143 188 234 234 234 188 235 327 280 372 234 92 234 372 46 188 189 326 142 188 51 188 51 51 188 143 326 46 97 188 184 92 92 280 327 280 281 46 373 92 186 188 142 138 96 96 280 234 280 188 234 234 234 96 140 143 142 235 280 281 188 143 235 189 189 188 138 280 373 281 280 235 326 96 234 189 188 94 373 188 234 49 281 97 188 189 46 373 51 235 326 142 280 188 372 188 97 281 373 234 235 281 234 142 373 143 45 281 1 
c [Signal] Signal interruption. Caught signal: SIGTERM (15).
c [Label = 374] Encoding starts with target value = 46:
c [Label = 374] Encoding duration: 9546ms.
c [Label = 374] Number of clauses: 5626031.
c [Label = 374] Number of variables: 571015.
c [Signal] Signal interruption. Caught signal: SIGTERM (15).
c [Label = 375] Encoding starts with target value = 46:
c [Label = 375] Encoding duration: 9797ms.
c [Label = 375] Number of clauses: 5639594.
c [Label = 375] Number of variables: 572021.
c [Signal] Signal interruption. Caught signal: SIGTERM (15).
c [Label = 367] Minimize Makespan Labeling problem (R-dwt__503.mtx.rnd):
c [Main] Child pid 373 - 103633 terminated by signal 15.
c [Label = 366] Minimize Makespan Labeling problem (R-dwt__503.mtx.rnd):
c [Main] Child pid 372 - 103634 terminated by signal 15.
c [Main] Child pid 374 - 103632 terminated by signal 15.
c [Label = 364] Minimize Makespan Labeling problem (R-dwt__503.mtx.rnd):
c [Main] Child pid 375 - 103631 terminated by signal 15.
c [Label = 363] Minimize Makespan Labeling problem (R-dwt__503.mtx.rnd):
c [Label = 365] Minimize Makespan Labeling problem (R-dwt__503.mtx.rnd):
c [Label = 370] Encoding starts with target value = 46:
c [Label = 370] Encoding duration: 9558ms.
c [Label = 370] Number of clauses: 5571777.
c [Label = 370] Number of variables: 566991.
c [Label = 370] Solving duration: 62802 ms.
s [Label = 370] SAT (w = 46).
c [Label = 370] Label assignment: 92 1 1 1 322 45 1 368 1 1 369 184 276 1 1 47 47 1 230 1 1 323 139 1 277 91 47 93 1 1 323 47 230 91 47 47 47 1 1 230 1 93 324 1 1 47 184 47 46 137 324 47 322 276 369 92 1 1 93 45 137 277 1 47 92 91 139 370 185 46 277 47 47 185 277 1 370 47 369 230 276 93 1 1 277 93 46 47 276 45 1 139 139 369 1 137 91 139 93 47 47 47 46 322 138 46 1 138 47 185 93 93 1 277 93 47 1 93 370 93 137 1 231 185 46 1 322 185 183 184 93 92 322 45 45 1 92 46 47 322 1 277 1 47 137 139 138 47 47 276 93 324 323 1 231 138 47 47 368 47 369 369 183 93 93 93 139 277 139 231 139 230 93 184 139 45 369 47 230 231 185 184 47 322 47 1 369 92 93 93 139 49 323 231 138 46 185 1 93 93 1 184 93 139 47 1 324 46 185 276 93 277 231 1 93 183 92 45 139 184 277 323 93 137 185 93 185 276 369 139 277 47 139 93 185 1 323 45 276 137 368 137 47 93 231 1 47 230 230 93 185 138 93 47 92 184 47 91 139 47 93 139 137 230 230 230 46 47 230 183 323 370 231 185 276 1 185 231 46 47 139 277 184 93 139 93 91 1 323 230 47 93 139 47 47 139 323 369 1 185 185 138 370 139 92 277 138 47 277 184 185 230 323 138 322 142 139 139 47 138 369 45 369 322 92 184 185 92 139 93 229 1 277 45 185 230 276 47 139 47 139 91 230 139 185 185 91 276 138 184 139 185 92 185 93 323 185 47 139 231 45 276 231 185 1 93 323 231 369 138 46 230 92 93 183 185 276 92 93 185 184 185 137 138 139 92 369 323 185 369 277 277 370 369 92 184 139 139 139 185 231 92 93 1 139 45 185 1 276 185 322 47 231 139 277 185 231 93 185 230 47 138 185 370 230 45 46 93 277 93 93 276 323 369 1 185 185 138 277 46 93 139 138 1 139 139 369 139 277 45 231 185 93 91 370 139 369 322 138 185 138 93 370 93 93 229 231 47 185 229 185 139 184 185 139 276 322 185 139 323 137 323 139 230 92 231 93 185 1 185 231 92 184 324 183 93 231 231 231 93 92 91 93 
c [Main] Lowest label SAT is set to 370.
c [Label = 362] Minimize Makespan Labeling problem (R-dwt__503.mtx.rnd):
c [Label = 368] Encoding starts with target value = 46:
c [Label = 368] Encoding duration: 9042ms.
c [Label = 368] Number of clauses: 5483522.
c [Label = 368] Number of variables: 543350.
c [Label = 368] Solving duration: 29599 ms.
s [Label = 368] SAT (w = 46).
c [Label = 368] Label assignment: 186 367 367 367 367 278 367 48 367 367 232 324 186 367 367 321 321 367 2 367 367 140 324 367 324 186 321 324 367 367 186 321 2 324 321 321 321 367 367 2 367 275 140 367 367 321 186 321 140 186 275 321 140 324 232 186 321 367 275 48 186 186 278 321 140 48 140 48 324 232 278 321 321 140 186 367 232 232 232 2 278 275 367 367 232 275 48 321 278 48 367 229 321 94 367 48 324 229 275 321 321 321 2 324 278 48 367 186 321 94 275 275 367 324 321 321 367 275 94 275 186 367 232 183 232 367 140 94 140 94 275 324 2 48 2 367 91 186 321 324 186 324 367 321 324 229 140 321 278 140 275 232 278 367 48 278 321 321 140 321 94 2 140 275 321 275 229 186 229 48 229 232 232 232 48 186 140 321 48 275 183 94 183 140 321 367 140 186 275 275 140 2 186 2 278 186 232 367 275 186 367 367 275 140 321 367 140 324 275 278 275 186 140 367 275 94 278 232 229 2 324 140 140 140 94 275 183 2 2 229 324 367 229 278 183 367 140 232 48 278 140 278 321 140 186 367 321 2 232 275 367 278 275 275 278 94 321 48 229 321 275 321 48 2 2 94 2 321 45 94 324 140 232 94 48 367 140 140 2 321 229 324 2 275 229 275 186 367 140 140 278 275 140 321 321 48 278 2 321 183 140 186 94 229 48 2 278 321 48 94 94 2 278 278 140 48 229 229 321 278 2 48 232 186 186 48 2 186 229 275 94 229 278 48 183 232 278 321 140 321 229 48 2 229 183 183 278 275 186 48 186 94 278 183 275 324 183 275 229 137 232 278 137 275 367 275 140 2 232 324 48 94 324 275 94 2 94 186 275 183 94 183 278 278 140 186 2 186 94 140 278 324 232 94 324 94 229 229 229 183 229 186 275 367 229 186 94 275 324 183 232 183 137 183 278 183 94 324 183 229 321 278 140 140 48 186 232 229 140 275 324 324 94 94 137 183 229 140 91 48 275 229 186 367 229 229 232 186 91 324 137 48 275 186 140 137 232 232 48 183 278 275 48 140 275 48 137 94 183 94 183 186 232 183 229 324 324 229 183 94 278 94 324 232 94 137 275 183 367 183 137 186 232 232 2 48 229 368 232 140 324 324 1 
c [Main] Lowest label SAT is set to 368.
c [Main] Kill higher label pid 369.
c [Label = 369] Encoding starts with target value = 46:
c [Label = 369] Encoding duration: 9078ms.
c [Label = 369] Number of clauses: 5492320.
c [Label = 369] Number of variables: 544356.
c [Signal] Signal interruption. Caught signal: SIGTERM (15).
c [Label = 361] Minimize Makespan Labeling problem (R-dwt__503.mtx.rnd):
c [Main] Child pid 369 - 103651 terminated by signal 15.
c [Label = 360] Minimize Makespan Labeling problem (R-dwt__503.mtx.rnd):
c [Label = 364] Encoding starts with target value = 46:
c [Label = 364] Encoding duration: 8951ms.
c [Label = 364] Number of clauses: 5429268.
c [Label = 364] Number of variables: 539326.
c [Label = 364] Solving duration: 313281 ms.
s [Label = 364] UNSAT (w = 46).
c [Label = 360] Encoding starts with target value = 46:
c [Label = 360] Encoding duration: 8404ms.
c [Label = 360] Number of clauses: 5375014.
c [Label = 360] Number of variables: 535302.
c [Signal] Signal interruption. Caught signal: SIGTERM (15).
c [Main] Highest label UNSAT is set to 364
c [Main] Kill lower label pid 360.
c [Main] Kill lower label pid 361.
c [Main] Kill lower label pid 362.
c [Main] Kill lower label pid 363.
c [Label = 361] Encoding starts with target value = 46:
c [Label = 361] Encoding duration: 8372ms.
c [Label = 361] Number of clauses: 5388577.
c [Label = 361] Number of variables: 536308.
c [Signal] Signal interruption. Caught signal: SIGTERM (15).
c [Label = 362] Encoding starts with target value = 46:
c [Label = 362] Encoding duration: 8502ms.
c [Label = 362] Number of clauses: 5402141.
c [Label = 362] Number of variables: 537314.
c [Signal] Signal interruption. Caught signal: SIGTERM (15).
c [Label = 363] Encoding starts with target value = 46:
c [Label = 363] Encoding duration: 8981ms.
c [Label = 363] Number of clauses: 5415704.
c [Label = 363] Number of variables: 538320.
c [Signal] Signal interruption. Caught signal: SIGTERM (15).
c [Main] Child pid 360 - 103671 terminated by signal 15.
c [Main] Child pid 363 - 103657 terminated by signal 15.
c [Main] Child pid 362 - 103665 terminated by signal 15.
c [Main] Child pid 361 - 103670 terminated by signal 15.
c [Label = 366] Encoding starts with target value = 46:
c [Label = 366] Encoding duration: 9002ms.
c [Label = 366] Number of clauses: 5456395.
c [Label = 366] Number of variables: 541338.
c [Label = 366] Solving duration: 400221 ms.
s [Label = 366] UNSAT (w = 46).
c [Main] Highest label UNSAT is set to 366
c [Main] Kill lower label pid 365.
c [Label = 365] Encoding starts with target value = 46:
c [Label = 365] Encoding duration: 8771ms.
c [Label = 365] Number of clauses: 5442831.
c [Label = 365] Number of variables: 540332.
c [Signal] Signal interruption. Caught signal: SIGTERM (15).
c [Main] Child pid 365 - 103655 terminated by signal 15.
c [Label = 367] Encoding starts with target value = 46:
c [Label = 367] Encoding duration: 9055ms.
c [Label = 367] Number of clauses: 5469958.
c [Label = 367] Number of variables: 542344.
c [Label = 367] Solving duration: 417177 ms.
s [Label = 367] UNSAT (w = 46).
c [Main] Highest label UNSAT is set to 367
c [Signal] Signal interruption. Caught signal: SIGTERM (15).
c [Main] All children have completed.
r [Main] 
r [Main] Final results: 
r [Main] Lowest label SAT:  	368.
r [Main] Highest label UNSAT:	367.
r [Main] Total real time: 482098 ms.
r [Main] Total memory consumed: 12465 MB.
r [Main] 
