c [Version] Minimize Makespan Labeling Encoder version 1.0.0.
c [Param] LB is predefined as 59.
c [Param] UB is predefined as 357.
c [Param] Memory limit is set to 30000.
c [Param] Real time limit is set to 1800.
c [Param] Worker count is set to 8.
c [Main] Search strategy: Iterating Breadth First Search.
c [Main] Search order: 208 133 283 95 170 245 320 76 114 151 189 226 264 301 339 67 85 104 123 142 160 179 198 217 235 254 273 292 310 329 348 62 71 80 90 99 109 118 128 137 146 155 165 174 184 193 203 212 221 230 240 249 259 268 278 287 296 305 315 324 334 343 353 60 64 69 73 78 82 87 92 97 101 106 111 116 120 125 130 135 139 144 148 153 157 162 167 172 176 181 186 191 195 200 205 210 214 219 223 228 232 237 242 247 251 256 261 266 270 275 280 285 289 294 298 303 307 312 317 322 326 331 336 341 345 350 355 59 61 63 65 68 70 72 74 77 79 81 83 86 88 91 93 96 98 100 102 105 107 110 112 115 117 119 121 124 126 129 131 134 136 138 140 143 145 147 149 152 154 156 158 161 163 166 168 171 173 175 177 180 182 185 187 190 192 194 196 199 201 204 206 209 211 213 215 218 220 222 224 227 229 231 233 236 238 241 243 246 248 250 252 255 257 260 262 265 267 269 271 274 276 279 281 284 286 288 290 293 295 297 299 302 304 306 308 311 313 316 318 321 323 325 327 330 332 335 337 340 342 344 346 349 351 354 356 66 75 84 89 94 103 108 113 122 127 132 141 150 159 164 169 178 183 188 197 202 207 216 225 234 239 244 253 258 263 272 277 282 291 300 309 314 319 328 333 338 347 352 357.
c [Main] Encoding and solving for graph: X-can__715.mtx.rnd.
c [Label = 76] Encoding duration: 412ms.
c [Label = 76] Number of clauses: 443229.
c [Label = 76] Number of variables: 107250.
c [Label = 76] Solving duration: 0 ms.
s [Label = 76] UNSAT (w = 58).
c [Main] Highest label UNSAT is set to 76
c [Label = 95] Encoding duration: 677ms.
c [Label = 95] Number of clauses: 737282.
c [Label = 95] Number of variables: 134420.
c [Label = 95] Solving duration: 0 ms.
s [Label = 95] UNSAT (w = 58).
c [Main] Highest label UNSAT is set to 95
c [Label = 114] Encoding duration: 916ms.
c [Label = 114] Number of clauses: 1031336.
c [Label = 114] Number of variables: 161590.
c [Label = 114] Solving duration: 0 ms.
s [Label = 114] UNSAT (w = 58).
c [Main] Highest label UNSAT is set to 114
c [Label = 133] Encoding duration: 1419ms.
c [Label = 133] Number of clauses: 1436584.
c [Label = 133] Number of variables: 228085.
c [Label = 133] Solving duration: 4372 ms.
s [Label = 133] UNSAT (w = 58).
c [Main] Highest label UNSAT is set to 133
c [Label = 151] Encoding duration: 1695ms.
c [Label = 151] Number of clauses: 1715161.
c [Label = 151] Number of variables: 253825.
c [Label = 151] Solving duration: 5022 ms.
s [Label = 151] UNSAT (w = 58).
c [Label = 170] Encoding duration: 2002ms.
c [Label = 170] Number of clauses: 2009215.
c [Label = 170] Number of variables: 280995.
c [Label = 170] Solving duration: 5549 ms.
s [Label = 170] UNSAT (w = 58).
c [Main] Highest label UNSAT is set to 151
c [Main] Highest label UNSAT is set to 170
c [Label = 208] Encoding duration: 2865ms.
c [Label = 208] Number of clauses: 2709232.
c [Label = 208] Number of variables: 374660.
c [Label = 208] Solving duration: 7872 ms.
s [Label = 208] UNSAT (w = 58).
c [Main] Highest label UNSAT is set to 208
c [Main] Kill lower label pid 189.
c [Label = 189] Encoding duration: 2663ms.
c [Label = 189] Number of clauses: 2415178.
c [Label = 189] Number of variables: 347490.
c [Signal] Signal interruption. Caught signal: SIGTERM (15).
c [Main] Child pid 189 - 861289 terminated by signal 15.
c [Label = 245] Encoding duration: 3915ms.
c [Label = 245] Number of clauses: 3394487.
c [Label = 245] Number of variables: 466895.
c [Label = 245] Solving duration: 10808 ms.
s [Label = 245] UNSAT (w = 58).
c [Main] Highest label UNSAT is set to 245
c [Main] Kill lower label pid 217.
c [Main] Kill lower label pid 226.
c [Label = 226] Encoding duration: 3298ms.
c [Label = 226] Number of clauses: 2987809.
c [Label = 226] Number of variables: 400400.
c [Signal] Signal interruption. Caught signal: SIGTERM (15).
c [Label = 217] Encoding duration: 3539ms.
c [Label = 217] Number of clauses: 2848520.
c [Label = 217] Number of variables: 387530.
c [Signal] Signal interruption. Caught signal: SIGTERM (15).
c [Main] Child pid 217 - 861298 terminated by signal 15.
c [Main] Child pid 226 - 861293 terminated by signal 15.
c [Label = 283] Encoding duration: 4523ms.
c [Label = 283] Number of clauses: 3982594.
c [Label = 283] Number of variables: 521235.
c [Label = 283] Solving duration: 12272 ms.
s [Label = 283] UNSAT (w = 58).
c [Main] Highest label UNSAT is set to 283
c [Main] Kill lower label pid 273.
c [Main] Kill lower label pid 254.
c [Main] Kill lower label pid 264.
c [Label = 264] Encoding duration: 4238ms.
c [Label = 264] Number of clauses: 3688541.
c [Label = 264] Number of variables: 494065.
c [Signal] Signal interruption. Caught signal: SIGTERM (15).
c [Signal] Signal interruption. Caught signal: SIGTERM (15).
c [Signal] Signal interruption. Caught signal: SIGTERM (15).
c [Main] Child pid 254 - 861299 terminated by signal 15.
c [Main] Child pid 273 - 861300 terminated by signal 15.
c [Main] Child pid 264 - 861294 terminated by signal 15.
c [Label = 287] Encoding duration: 5418ms.
c [Label = 287] Number of clauses: 4044500.
c [Label = 287] Number of variables: 526955.
c [Label = 287] Solving duration: 12273 ms.
s [Label = 287] UNSAT (w = 58).
c [Main] Highest label UNSAT is set to 287
c [Label = 348] Encoding duration: 7186ms.
c [Label = 348] Number of clauses: 5092267.
c [Label = 348] Number of variables: 653510.
c [Label = 348] Solving duration: 221721 ms.
s [Label = 348] SAT (w = 58).
Label assignment: 2 66 156 14 6 11 14 1 345 346 15 15 10 12 189 125 1 17 13 12 15 344 282 98 186 290 125 89 10 236 223 62 148 14 73 16 10 14 66 231 222 104 67 18 318 271 135 14 119 8 262 67 67 7 21 127 348 76 3 69 16 2 15 65 286 127 20 125 202 78 160 16 27 190 129 80 182 74 130 65 1 58 14 250 69 8 15 67 2 4 133 127 87 7 183 16 72 348 348 14 10 7 187 13 12 67 125 203 14 14 66 127 194 191 289 14 255 314 189 9 30 73 348 127 131 330 16 282 195 122 15 74 68 89 143 31 118 224 166 346 345 125 91 162 29 14 13 258 130 346 248 14 8 80 71 8 72 7 68 348 90 138 131 169 128 75 139 47 139 185 68 265 247 291 11 173 189 92 63 309 46 130 22 247 66 117 196 64 83 2 338 259 251 6 348 253 348 24 73 94 3 142 206 157 286 14 69 2 290 120 200 82 109 164 11 15 197 189 130 96 44 285 287 276 203 14 155 68 125 63 132 110 14 5 345 270 204 280 129 348 77 348 10 88 7 72 218 4 200 312 233 194 2 127 289 131 256 199 112 74 330 213 185 87 189 348 124 316 348 348 267 14 134 171 274 243 348 261 15 10 348 348 311 137 75 77 137 2 261 231 84 136 67 32 14 348 263 275 313 26 72 11 67 167 204 228 348 348 188 333 41 134 215 139 65 215 67 146 336 187 339 252 344 49 122 252 7 336 194 310 345 266 229 37 304 227 70 15 348 99 280 39 252 1 232 197 45 150 172 86 218 71 134 333 331 100 201 273 165 188 221 290 1 70 241 28 168 341 210 315 189 131 264 79 249 234 108 271 67 345 67 38 222 73 348 149 247 345 67 111 342 14 194 194 247 326 290 339 214 281 43 121 289 246 305 62 130 192 260 317 347 348 67 103 218 123 290 60 144 284 14 288 216 36 225 348 2 197 4 61 159 308 64 268 177 244 284 207 102 61 280 337 98 118 79 179 307 40 126 60 137 290 217 300 189 346 277 69 299 348 115 290 244 232 348 175 70 122 302 72 114 348 194 290 238 56 124 1 2 127 323 220 72 244 222 191 347 219 342 178 158 67 348 314 245 9 189 290 240 161 69 60 319 3 344 294 25 130 106 290 71 154 306 348 147 189 125 290 290 223 60 62 348 23 176 180 226 127 76 69 290 286 288 59 296 51 113 297 235 127 208 128 76 290 61 265 137 287 272 60 231 348 290 290 163 348 209 1 184 244 87 107 126 181 239 67 295 254 119 269 340 229 105 205 72 281 287 130 222 288 193 245 275 50 282 118 14 137 187 135 301 344 290 145 1 273 190 33 3 70 277 232 348 101 85 49 57 348 288 1 93 48 196 76 130 185 128 303 8 329 54 232 127 290 71 153 116 140 348 128 93 211 230 290 348 257 298 62 70 328 142 237 173 151 90 121 282 282 218 323 131 81 186 343 327 1 1 324 170 346 53 214 10 347 273 19 348 177 337 42 215 35 95 34 293 198 290 292 174 222 95 119 231 348 243 320 290 98 152 97 242 325 344 229 321 289 55 4 52 212 126 141 4 185 190 344 322 3 335 332 290 334 279 278 283 
c [Main] Lowest label SAT is set to 348.
c [Label = 320] Encoding duration: 5682ms.
c [Label = 320] Number of clauses: 4668565.
c [Label = 320] Number of variables: 613470.
c [Label = 320] Solving duration: 260253 ms.
s [Label = 320] SAT (w = 58).
Label assignment: 271 10 118 12 1 5 120 2 2 204 320 230 40 71 320 262 146 10 88 11 1 62 204 11 320 156 278 2 2 183 1 10 173 20 291 320 146 9 1 320 204 257 8 39 236 2 151 273 93 262 188 165 204 2 10 88 120 286 10 176 180 3 9 10 204 8 10 2 146 320 69 11 12 253 117 272 276 89 3 320 1 320 146 10 150 11 297 262 204 262 68 307 129 97 76 11 62 60 204 149 3 8 249 152 275 9 204 127 320 4 18 182 4 296 147 262 146 145 68 233 223 315 204 204 117 6 11 262 105 211 88 60 126 204 66 60 195 62 283 84 320 320 144 204 2 7 59 59 127 320 101 10 204 320 187 3 146 288 9 131 60 181 132 320 68 251 146 61 190 98 262 67 142 90 1 194 193 239 3 1 195 11 145 252 88 123 62 70 120 146 186 118 262 187 114 209 119 60 148 213 111 179 1 108 171 120 146 146 237 284 60 204 320 262 134 57 68 11 168 60 269 88 238 262 262 11 262 96 62 158 62 204 240 13 198 178 204 143 295 62 2 204 243 60 95 320 204 119 69 117 204 59 10 180 60 204 277 45 167 229 8 66 270 60 59 300 258 142 117 194 204 262 70 281 311 2 320 78 293 10 320 2 11 304 175 100 1 247 204 184 33 155 1 27 26 159 83 129 220 2 204 60 88 34 320 204 265 177 178 185 195 146 60 118 135 184 126 204 2 197 71 262 60 3 193 262 59 308 279 184 320 204 254 146 204 31 2 154 262 204 249 8 61 262 140 320 262 132 310 60 320 71 228 59 204 126 262 146 262 299 262 320 320 320 204 262 320 241 65 221 126 146 177 60 69 59 94 301 88 160 139 262 60 74 204 320 250 71 129 79 112 320 232 87 62 1 82 85 204 204 164 127 320 262 194 204 4 320 68 320 60 204 312 195 170 166 204 61 204 91 262 132 60 1 320 320 234 318 262 10 320 258 103 174 287 145 320 12 252 231 59 124 87 162 102 129 246 184 77 19 146 62 60 303 2 104 320 264 267 23 110 1 262 60 292 280 10 161 81 204 320 73 282 6 60 13 146 142 320 313 319 320 204 146 1 302 122 146 167 306 38 86 256 262 141 2 317 320 29 204 199 274 262 245 216 217 320 60 176 320 314 262 212 192 146 202 16 69 59 60 229 262 1 130 35 219 262 72 177 261 320 161 320 15 132 137 172 320 222 71 191 204 320 25 176 1 190 208 235 262 37 169 204 4 36 2 22 60 204 157 146 2 320 262 210 64 71 3 290 21 309 262 320 320 79 3 189 262 60 260 128 2 175 1 60 163 137 320 215 153 239 92 196 68 320 60 305 244 2 80 262 134 2 218 262 113 88 320 262 203 259 107 226 2 320 204 202 262 285 136 225 138 47 60 6 63 106 42 1 203 204 14 205 184 262 1 262 69 125 41 28 133 320 320 109 99 56 59 320 262 116 320 298 117 121 262 46 13 1 82 3 201 207 115 17 248 266 320 146 118 262 54 255 36 75 24 72 50 62 60 320 262 2 242 43 289 120 53 320 44 294 263 320 49 32 200 47 320 268 204 206 1 177 146 316 55 51 214 30 224 2 52 227 48 58 
c [Main] Lowest label SAT is set to 320.
c [Main] Kill higher label pid 339.
c [Main] Kill higher label pid 329.
c [Label = 339] Encoding duration: 6840ms.
c [Label = 339] Number of clauses: 4962618.
c [Label = 339] Number of variables: 640640.
c [Signal] Signal interruption. Caught signal: SIGTERM (15).
c [Label = 329] Encoding duration: 6850ms.
c [Label = 329] Number of clauses: 4807853.
c [Label = 329] Number of variables: 626340.
c [Signal] Signal interruption. Caught signal: SIGTERM (15).
c [Main] Child pid 339 - 861297 terminated by signal 15.
c [Main] Child pid 329 - 861303 terminated by signal 15.
c [Label = 289] Encoding duration: 4580ms.
c [Label = 289] Number of clauses: 4075453.
c [Label = 289] Number of variables: 529815.
c [Label = 289] Solving duration: 11605 ms.
s [Label = 289] UNSAT (w = 58).
c [Main] Highest label UNSAT is set to 289
c [Label = 310] Encoding duration: 6367ms.
c [Label = 310] Number of clauses: 4513800.
c [Label = 310] Number of variables: 599170.
c [Label = 310] Solving duration: 264668 ms.
s [Label = 310] SAT (w = 58).
Label assignment: 225 2 118 310 252 134 252 163 307 310 1 195 119 199 227 251 304 118 4 88 32 158 308 252 176 252 212 1 179 2 2 93 310 307 1 134 210 294 196 310 310 86 252 45 21 252 218 304 198 302 60 144 2 128 252 4 252 303 2 252 2 55 64 304 59 2 1 243 96 310 1 310 310 190 6 117 67 148 243 59 2 220 252 2 100 194 227 77 118 194 142 179 252 229 4 252 310 59 1 74 4 309 42 174 193 230 2 2 310 216 284 118 310 194 24 296 310 310 127 118 195 132 59 118 149 2 13 186 136 310 308 60 133 310 252 194 152 310 157 35 75 141 211 132 211 251 117 310 41 216 294 306 296 176 310 204 194 224 19 171 252 44 135 71 60 252 59 285 230 20 60 238 185 9 118 310 61 105 246 2 211 2 252 193 193 159 194 1 194 251 310 194 310 154 67 59 128 1 231 118 205 66 6 118 163 146 2 118 194 126 1 194 147 188 304 194 49 188 188 250 102 57 191 191 84 46 274 14 310 171 38 303 310 187 78 246 4 310 30 125 2 310 118 251 84 4 59 136 106 178 59 176 227 207 194 1 173 51 252 139 310 101 200 252 91 113 194 251 310 75 192 252 2 206 176 69 192 18 28 252 310 310 252 63 50 154 193 2 194 2 221 232 234 308 98 303 114 69 169 282 4 2 60 31 192 310 208 1 134 60 290 122 310 59 136 2 251 180 60 153 2 310 153 1 170 60 310 36 310 2 59 308 89 209 43 2 252 250 59 194 161 278 71 1 252 2 252 59 136 2 310 197 222 53 2 133 17 2 166 27 76 137 310 252 79 191 1 308 1 156 260 115 78 2 310 90 109 252 184 12 95 180 1 310 194 310 107 273 52 136 97 252 153 240 88 142 4 1 194 1 213 118 310 118 77 310 203 1 254 2 60 135 39 310 23 252 136 310 118 1 194 252 59 60 143 60 310 111 176 226 310 92 1 310 90 118 252 130 76 281 2 60 250 252 271 139 160 249 275 2 250 136 1 2 210 72 126 136 165 219 310 310 310 1 48 37 247 179 60 60 310 128 2 195 1 104 131 241 140 310 310 60 118 310 60 242 129 252 60 80 162 60 72 252 1 251 25 310 8 310 244 103 60 60 310 310 194 11 310 4 304 2 152 194 194 127 120 310 252 60 5 59 1 29 301 245 156 34 1 252 126 305 130 277 164 270 184 310 194 228 99 118 1 252 80 252 310 60 310 60 4 310 1 175 194 68 238 60 146 165 239 155 272 15 116 2 292 276 75 252 191 10 123 310 248 194 183 1 289 299 81 214 300 236 1 293 190 69 177 26 168 47 2 194 297 257 181 249 237 268 252 252 60 145 252 267 283 310 191 310 252 112 65 150 172 138 107 82 64 83 215 59 252 252 108 151 235 252 59 310 249 4 87 272 62 250 110 60 40 58 266 233 121 310 60 54 252 310 279 56 117 310 295 33 167 2 286 70 4 1 136 59 291 310 118 60 124 223 298 94 1 1 189 217 7 202 251 22 310 59 310 16 1 60 285 73 194 310 193 256 139 252 255 253 264 59 288 182 280 4 258 77 249 259 3 1 281 261 287 85 201 269 262 263 265 
c [Main] Lowest label SAT is set to 310.
c [Main] Kill higher label pid 315.
c [Label = 315] Encoding duration: 5900ms.
c [Label = 315] Number of clauses: 4591182.
c [Label = 315] Number of variables: 606320.
c [Signal] Signal interruption. Caught signal: SIGTERM (15).
c [Main] Child pid 315 - 861782 terminated by signal 15.
c [Label = 303] Encoding duration: 4881ms.
c [Label = 303] Number of clauses: 4405464.
c [Label = 303] Number of variables: 589160.
c [Label = 303] Solving duration: 1057949 ms.
s [Label = 303] SAT (w = 58).
Label assignment: 63 303 118 147 1 3 301 1 187 245 27 109 59 75 69 69 303 2 2 31 18 122 121 42 187 1 162 59 60 207 187 129 276 117 203 1 73 126 152 303 303 20 245 60 13 48 49 30 226 303 38 303 189 1 128 211 112 1 247 303 245 300 17 166 187 245 179 2 303 303 180 245 34 174 179 117 232 149 194 293 245 129 302 303 187 198 303 245 129 303 287 303 59 303 303 165 129 186 59 55 180 127 245 54 71 72 303 3 245 298 289 2 127 108 207 167 1 2 3 303 245 116 187 129 303 302 303 1 183 192 25 303 128 295 302 245 92 232 188 303 187 117 187 121 229 120 154 245 22 303 202 184 296 37 13 178 182 172 303 187 60 52 203 71 11 128 1 56 254 104 66 50 248 13 129 303 119 71 180 187 80 132 1 1 245 149 224 102 16 187 140 129 47 14 5 264 231 60 272 13 303 74 234 168 282 245 229 12 244 94 230 136 187 245 1 141 68 129 303 187 303 186 44 59 26 9 245 36 148 303 40 245 21 2 28 35 303 2 278 2 139 303 71 187 129 178 245 2 68 303 187 222 226 187 60 121 187 274 277 111 138 264 171 245 76 129 255 1 100 2 121 135 303 113 60 131 58 59 207 46 245 303 129 303 71 1 69 71 146 245 303 245 13 71 281 161 103 303 182 169 126 60 2 245 303 187 290 67 71 245 129 133 187 1 174 187 69 221 2 90 130 70 303 187 82 299 245 285 303 245 1 303 71 179 245 88 179 187 60 122 81 292 33 245 186 129 245 1 181 303 1 66 134 245 245 245 303 71 24 71 238 121 190 187 3 303 129 63 237 187 143 128 224 187 303 145 187 206 122 13 32 60 245 302 117 303 118 236 99 129 268 187 197 240 303 245 124 59 205 60 78 11 245 303 96 303 199 86 66 157 187 3 185 187 135 41 303 6 193 106 60 95 1 245 176 263 245 124 245 273 298 6 187 228 287 129 1 201 241 107 303 71 303 214 1 175 243 303 8 12 237 1 1 244 219 2 3 59 212 91 1 303 245 238 115 137 129 288 245 191 59 182 303 59 233 275 178 43 71 178 45 210 77 303 245 110 63 240 280 245 71 245 120 71 1 245 260 121 220 180 60 291 303 303 245 215 60 303 89 243 187 97 15 60 19 3 3 2 303 187 125 2 128 129 303 66 1 303 67 71 63 124 122 286 196 4 187 303 93 159 303 129 60 3 118 105 2 246 125 1 3 57 249 1 173 2 191 59 120 6 83 200 259 129 225 245 269 303 1 71 39 257 114 2 1 67 60 13 191 245 23 216 170 245 60 7 303 9 245 64 163 132 60 186 158 279 70 303 59 160 1 122 1 171 2 129 79 303 242 71 60 62 270 303 182 2 129 195 1 1 29 303 303 245 303 3 129 119 303 13 245 144 265 303 61 129 2 262 204 283 85 185 245 223 129 227 187 250 1 256 51 244 217 303 153 13 251 252 123 59 164 235 2 303 303 303 155 213 124 151 218 177 303 258 156 209 3 303 208 186 239 87 53 2 9 65 245 184 129 176 303 284 303 101 13 1 84 60 150 303 98 63 245 270 142 253 294 297 271 10 175 261 267 129 266 
c [Main] Lowest label SAT is set to 303.
c [Main] Kill higher label pid 307.
c [Main] Kill higher label pid 305.
c [Label = 305] Encoding duration: 5898ms.
c [Label = 305] Number of clauses: 4436417.
c [Label = 305] Number of variables: 592020.
c [Signal] Signal interruption. Caught signal: SIGTERM (15).
c [Label = 307] Encoding duration: 4949ms.
c [Label = 307] Number of clauses: 4467370.
c [Label = 307] Number of variables: 594880.
c [Signal] Signal interruption. Caught signal: SIGTERM (15).
c [Main] Child pid 307 - 861789 terminated by signal 15.
c [Main] Child pid 305 - 861351 terminated by signal 15.
c [Label = 290] Encoding duration: 4810ms.
c [Label = 290] Number of clauses: 4081290.
c [Label = 290] Number of variables: 531245.
c [Label = 290] Solving duration: 10578 ms.
s [Label = 290] UNSAT (w = 58).
c [Main] Highest label UNSAT is set to 290
c [Label = 297] Encoding duration: 4821ms.
c [Label = 297] Number of clauses: 4312605.
c [Label = 297] Number of variables: 580580.
c [Signal] Signal interruption. Caught signal: SIGTERM (15).
c [Label = 292] Encoding duration: 5099ms.
c [Label = 292] Number of clauses: 4235223.
c [Label = 292] Number of variables: 573430.
c [Signal] Signal interruption. Caught signal: SIGTERM (15).
c [Label = 294] Encoding duration: 5245ms.
c [Label = 294] Number of clauses: 4266176.
c [Label = 294] Number of variables: 576290.
c [Signal] Signal interruption. Caught signal: SIGTERM (15).
c [Label = 295] Encoding duration: 5105ms.
c [Label = 295] Number of clauses: 4281652.
c [Label = 295] Number of variables: 577720.
c [Signal] Signal interruption. Caught signal: SIGTERM (15).
c [Label = 296] Encoding duration: 5467ms.
c [Label = 296] Number of clauses: 4297129.
c [Label = 296] Number of variables: 579150.
c [Signal] Signal interruption. Caught signal: SIGTERM (15).
c [Label = 293] Encoding duration: 5365ms.
c [Label = 293] Number of clauses: 4250699.
c [Label = 293] Number of variables: 574860.
c [Signal] Signal interruption. Caught signal: SIGTERM (15).
c [Label = 301] Encoding duration: 5517ms.
c [Label = 301] Number of clauses: 4374511.
c [Label = 301] Number of variables: 586300.
c [Signal] Signal interruption. Caught signal: SIGTERM (15).
c [Main] Lim pid ends with result: 254.
c [Main] All children have completed.
r [Main] 
r [Main] Final results: 
r [Main] Lowest label SAT:  	303.
r [Main] Highest label UNSAT:	290.
r [Main] Total real time: 1812491 ms.
r [Main] Total memory consumed: 11552.2 MB.
r [Main] 
c [Label = 298] Encoding duration: 5010ms.
c [Label = 298] Number of clauses: 4328082.
c [Label = 298] Number of variables: 582010.
c [Signal] Signal interruption. Caught signal: SIGTERM (15).
