c [Version] Minimize Makespan Labeling Encoder version 1.0.0.
c [Param] LB is predefined as 114.
c [Param] UB is predefined as 494.
c [Param] Memory limit is set to 30000.
c [Param] Real time limit is set to 1800.
c [Param] Worker count is set to 8.
c [Main] Search strategy: Iterating Breadth First Search.
c [Main] Search order: 304 208 399 160 256 351 447 136 184 232 280 327 375 423 471 124 148 172 196 220 244 268 292 315 339 363 387 411 435 459 483 118 130 142 154 166 178 190 202 214 226 238 250 262 274 286 298 309 321 333 345 357 369 381 393 405 417 429 441 453 465 477 489 115 121 127 133 139 145 151 157 163 169 175 181 187 193 199 205 211 217 223 229 235 241 247 253 259 265 271 277 283 289 295 301 306 312 318 324 330 336 342 348 354 360 366 372 378 384 390 396 402 408 414 420 426 432 438 444 450 456 462 468 474 480 486 492 114 116 119 122 125 128 131 134 137 140 143 146 149 152 155 158 161 164 167 170 173 176 179 182 185 188 191 194 197 200 203 206 209 212 215 218 221 224 227 230 233 236 239 242 245 248 251 254 257 260 263 266 269 272 275 278 281 284 287 290 293 296 299 302 305 307 310 313 316 319 322 325 328 331 334 337 340 343 346 349 352 355 358 361 364 367 370 373 376 379 382 385 388 391 394 397 400 403 406 409 412 415 418 421 424 427 430 433 436 439 442 445 448 451 454 457 460 463 466 469 472 475 478 481 484 487 490 493 117 120 123 126 129 132 135 138 141 144 147 150 153 156 159 162 165 168 171 174 177 180 183 186 189 192 195 198 201 204 207 210 213 216 219 222 225 228 231 234 237 240 243 246 249 252 255 258 261 264 267 270 273 276 279 282 285 288 291 294 297 300 303 308 311 314 317 320 323 326 329 332 335 338 341 344 347 350 353 356 359 362 365 368 371 374 377 380 383 386 389 392 395 398 401 404 407 410 413 416 419 422 425 428 431 434 437 440 443 446 449 452 455 458 461 464 467 470 473 476 479 482 485 488 491 494.
c [Main] Encoding and solving for graph: Q-494_bus.mtx.rnd.
c [Label = 136] Encoding duration: 485ms.
c [Label = 136] Number of clauses: 331836.
c [Label = 136] Number of variables: 133380.
c [Label = 136] Solving duration: 0 ms.
s [Label = 136] UNSAT (w = 113).
c [Main] Highest label UNSAT is set to 136
c [Label = 160] Encoding duration: 543ms.
c [Label = 160] Number of clauses: 447408.
c [Label = 160] Number of variables: 157092.
c [Label = 160] Solving duration: 0 ms.
s [Label = 160] UNSAT (w = 113).
c [Main] Highest label UNSAT is set to 160
c [Label = 208] Encoding duration: 858ms.
c [Label = 208] Number of clauses: 678552.
c [Label = 208] Number of variables: 204516.
c [Label = 208] Solving duration: 0 ms.
s [Label = 208] UNSAT (w = 113).
c [Main] Highest label UNSAT is set to 208
c [Main] Kill lower label pid 184.
c [Signal] Signal interruption. Caught signal: SIGTERM (15).
c [Main] Child pid 184 - 713149 terminated by signal 15.
c [Label = 256] Encoding duration: 1350ms.
c [Label = 256] Number of clauses: 1072440.
c [Label = 256] Number of variables: 306280.
c [Label = 256] Solving duration: 135931 ms.
s [Label = 256] SAT (w = 113).
Label assignment: 3 83 80 83 83 83 83 83 82 30 83 112 256 83 256 226 30 143 83 3 110 83 83 125 143 1 3 83 83 83 83 4 256 81 256 83 142 160 83 83 3 203 161 85 143 79 49 116 115 217 83 256 30 16 155 52 123 83 80 48 182 119 83 30 83 83 148 83 63 83 20 83 83 103 256 30 196 83 83 152 256 83 83 143 252 256 99 227 256 252 256 256 30 14 83 83 256 78 256 256 234 83 139 117 256 256 83 83 256 239 83 83 143 216 256 143 83 250 227 219 64 226 256 143 256 256 58 7 18 256 83 83 5 10 256 114 77 30 196 90 171 3 143 114 83 176 83 144 166 75 89 83 143 168 256 196 149 83 256 83 1 15 202 170 23 61 156 256 83 120 143 30 147 256 256 223 143 238 253 256 73 30 114 6 83 88 183 42 83 235 256 167 83 196 83 163 98 249 83 83 143 143 135 208 83 143 145 83 256 141 143 256 151 157 255 30 19 41 196 143 83 240 172 204 220 118 44 245 150 83 30 227 83 143 132 27 30 143 6 143 83 83 143 188 43 237 1 256 2 143 214 143 1 256 14 15 248 213 143 83 224 184 256 70 256 131 87 133 21 30 83 74 30 250 119 27 196 195 256 131 256 83 83 218 256 238 69 229 228 83 256 47 253 11 251 62 181 17 129 126 30 256 124 164 239 57 83 177 71 196 256 207 251 3 185 143 5 83 34 256 203 256 33 256 9 196 255 221 214 215 1 256 159 241 256 83 84 196 122 153 256 91 226 15 36 174 256 96 1 238 238 256 143 32 162 30 31 256 107 196 100 143 230 196 196 206 154 72 196 256 65 197 214 132 165 197 93 76 256 250 256 3 30 97 256 86 143 136 242 205 92 187 4 30 130 40 111 19 106 134 233 108 143 194 201 59 178 244 199 60 256 104 39 141 59 236 1 210 94 200 30 190 105 22 35 1 212 95 193 128 102 138 186 256 13 50 24 109 256 101 256 121 189 29 26 45 66 143 68 227 243 3 179 209 8 225 198 246 211 158 222 169 127 146 37 143 55 140 137 46 173 53 256 256 56 191 51 54 38 175 254 1 25 192 231 67 247 28 256 12 180 256 232 113 
c [Label = 280] Encoding duration: 1390ms.
c [Label = 280] Number of clauses: 1188012.
c [Label = 280] Number of variables: 329992.
c [Signal] Signal interruption. Caught signal: SIGTERM (15).
c [Label = 351] Encoding duration: 2106ms.
c [Label = 351] Number of clauses: 1693150.
c [Label = 351] Number of variables: 454480.
c [Signal] Signal interruption. Caught signal: SIGTERM (15).
c [Main] Lowest label SAT is set to 256.
c [Main] Kill higher label pid 327.
c [Main] Kill higher label pid 280.
c [Main] Kill higher label pid 399.
c [Main] Kill higher label pid 351.
c [Main] Kill higher label pid 447.
c [Main] Kill higher label pid 304.
c [Label = 327] Encoding duration: 1701ms.
c [Label = 327] Number of clauses: 1414340.
c [Label = 327] Number of variables: 376428.
c [Signal] Signal interruption. Caught signal: SIGTERM (15).
c [Label = 447] Encoding duration: 2839ms.
c [Label = 447] Number of clauses: 2155438.
c [Label = 447] Number of variables: 549328.
c [Signal] Signal interruption. Caught signal: SIGTERM (15).
c [Label = 304] Encoding duration: 1579ms.
c [Label = 304] Number of clauses: 1303584.
c [Label = 304] Number of variables: 353704.
c [Signal] Signal interruption. Caught signal: SIGTERM (15).
c [Label = 399] Encoding duration: 2426ms.
c [Label = 399] Number of clauses: 1924294.
c [Label = 399] Number of variables: 501904.
c [Signal] Signal interruption. Caught signal: SIGTERM (15).
c [Main] Child pid 280 - 713151 terminated by signal 15.
c [Main] Child pid 304 - 713141 terminated by signal 15.
c [Main] Child pid 399 - 713143 terminated by signal 15.
c [Main] Child pid 327 - 713152 terminated by signal 15.
c [Main] Child pid 351 - 713146 terminated by signal 15.
c [Main] Child pid 447 - 713147 terminated by signal 15.
c [Label = 214] Encoding duration: 837ms.
c [Label = 214] Number of clauses: 707445.
c [Label = 214] Number of variables: 210444.
c [Label = 214] Solving duration: 0 ms.
s [Label = 214] UNSAT (w = 113).
c [Label = 220] Encoding duration: 918ms.
c [Label = 220] Number of clauses: 736338.
c [Label = 220] Number of variables: 216372.
c [Label = 220] Solving duration: 0 ms.
s [Label = 220] UNSAT (w = 113).
c [Label = 211] Encoding duration: 809ms.
c [Label = 211] Number of clauses: 692998.
c [Label = 211] Number of variables: 207480.
c [Label = 211] Solving duration: 0 ms.
s [Label = 211] UNSAT (w = 113).
c [Main] Highest label UNSAT is set to 214
c [Main] Kill lower label pid 211.
c [Main] Highest label UNSAT is set to 220
c [Main] Kill lower label pid 217.
c [Signal] Signal interruption. Caught signal: SIGTERM (15).
c [Main] Child pid 217 - 713182 terminated by signal 15.
c [Label = 226] Encoding duration: 906ms.
c [Label = 226] Number of clauses: 762979.
c [Label = 226] Number of variables: 222300.
c [Label = 226] Solving duration: 0 ms.
s [Label = 226] UNSAT (w = 113).
c [Main] Highest label UNSAT is set to 226
c [Main] Kill lower label pid 223.
c [Signal] Signal interruption. Caught signal: SIGTERM (15).
c [Main] Child pid 223 - 713183 terminated by signal 15.
c [Label = 247] Encoding duration: 1282ms.
c [Label = 247] Number of clauses: 1029100.
c [Label = 247] Number of variables: 297388.
c [Label = 247] Solving duration: 162612 ms.
s [Label = 247] SAT (w = 113).
Label assignment: 194 2 187 223 37 230 247 126 122 46 154 201 1 34 1 1 104 223 27 25 213 42 235 246 128 1 247 11 247 162 247 21 247 55 247 173 2 247 237 21 136 110 203 1 1 247 85 1 152 177 49 134 51 96 21 21 130 21 38 247 133 247 140 49 54 158 12 2 45 73 76 65 247 67 247 247 21 202 21 182 43 135 48 2 242 21 45 1 134 247 246 247 247 120 47 22 134 151 2 247 241 14 227 117 4 134 247 238 21 125 13 247 211 64 247 217 174 247 3 198 63 213 3 247 97 2 246 138 2 81 66 29 23 1 42 246 247 133 1 44 247 21 1 133 61 2 134 219 185 245 247 35 247 80 247 21 2 142 11 191 245 33 1 242 134 219 225 27 54 112 244 45 68 1 247 221 246 2 220 21 74 67 129 56 233 222 160 71 26 11 247 243 69 1 8 214 218 116 4 21 134 247 45 247 247 247 2 48 95 247 21 82 247 21 134 247 2 247 101 205 149 15 232 3 150 194 111 183 208 134 1 102 134 6 1 24 106 228 20 119 58 209 121 87 2 21 247 41 52 247 184 196 247 1 185 21 21 247 134 31 190 145 1 1 19 22 247 84 86 247 247 91 247 247 247 28 189 234 90 246 21 225 47 204 247 195 247 21 247 170 134 220 236 18 132 247 143 243 129 155 131 21 214 45 168 57 147 137 247 161 4 171 79 6 77 134 10 2 40 247 15 228 115 148 4 164 2 14 193 134 225 247 16 134 226 3 21 192 181 72 134 32 247 139 224 1 1 50 247 247 129 247 247 134 212 247 247 247 247 156 1 247 105 247 201 247 180 247 215 36 60 23 113 19 247 133 21 22 134 247 247 83 166 5 19 202 134 9 209 124 134 39 1 92 114 22 70 133 144 197 175 247 247 165 163 62 153 20 169 21 53 159 141 125 30 231 247 21 11 210 247 133 226 247 146 247 247 157 21 21 21 123 216 134 200 134 89 178 221 44 2 127 247 176 1 97 167 188 237 78 177 17 186 59 93 172 108 129 199 53 7 207 229 2 75 206 88 114 143 202 179 42 107 109 247 134 134 21 21 98 239 118 134 247 3 99 14 1 100 94 240 2 103 220 
c [Main] Lowest label SAT is set to 247.
c [Main] Kill higher label pid 250.
c [Label = 250] Encoding duration: 1349ms.
c [Label = 250] Number of clauses: 1043547.
c [Label = 250] Number of variables: 300352.
c [Signal] Signal interruption. Caught signal: SIGTERM (15).
c [Main] Child pid 250 - 713179 terminated by signal 15.
c [Label = 241] Encoding duration: 1228ms.
c [Label = 241] Number of clauses: 1000207.
c [Label = 241] Number of variables: 291460.
c [Label = 241] Solving duration: 164436 ms.
s [Label = 241] SAT (w = 113).
Label assignment: 192 53 123 61 29 241 153 29 105 6 155 68 195 239 15 239 5 146 15 68 25 238 81 232 128 1 128 1 113 2 2 238 241 5 13 241 15 221 150 71 2 239 1 120 128 15 241 15 241 130 11 15 4 222 219 17 15 117 68 22 220 128 8 241 39 128 75 235 120 108 68 64 68 2 241 125 9 15 1 23 218 33 43 125 166 241 222 13 2 240 194 1 241 128 1 93 212 66 2 240 186 44 23 1 241 5 226 84 128 15 65 31 128 14 241 154 33 137 179 112 187 193 241 127 37 241 52 1 15 1 85 241 15 6 1 1 171 241 201 67 151 10 128 128 241 241 2 190 165 9 74 241 3 241 241 177 73 41 241 9 128 236 237 132 1 10 128 1 224 1 241 109 62 3 241 159 4 181 2 241 168 15 15 2 72 54 160 1 4 240 237 241 68 181 5 128 1 49 241 79 123 123 78 207 121 241 69 30 199 1 241 3 6 80 4 14 15 228 170 241 60 128 55 2 181 138 40 128 206 241 241 167 35 124 241 103 128 128 1 197 76 241 233 104 1 241 156 241 11 1 231 128 128 24 241 241 3 128 115 39 183 184 15 2 15 90 140 1 68 15 59 232 18 241 128 19 204 129 15 2 58 118 77 92 241 205 3 5 215 128 241 32 226 83 98 148 139 241 101 241 128 8 50 100 201 39 36 141 227 234 128 178 15 212 169 128 1 127 144 241 2 239 47 241 119 147 241 174 191 241 128 238 217 45 241 241 34 203 127 241 241 48 88 157 111 145 173 35 241 196 128 15 125 208 239 241 213 91 241 223 241 222 201 181 219 198 96 218 143 5 99 2 241 241 51 181 158 3 241 126 241 14 15 176 1 94 208 40 184 241 15 3 224 7 15 62 87 6 123 131 128 21 122 127 142 216 225 200 241 2 241 97 185 128 86 172 241 149 38 152 28 241 214 241 102 115 209 128 42 241 132 241 26 116 114 27 210 20 182 241 241 15 110 241 11 95 163 203 162 189 46 15 202 230 241 107 3 5 188 134 133 229 241 241 89 128 106 124 70 56 211 14 136 241 63 180 164 175 82 241 126 2 1 241 135 16 236 57 161 1 137 241 14 12 
c [Main] Lowest label SAT is set to 241.
c [Main] Kill higher label pid 244.
c [Label = 244] Encoding duration: 1279ms.
c [Label = 244] Number of clauses: 1014654.
c [Label = 244] Number of variables: 294424.
c [Signal] Signal interruption. Caught signal: SIGTERM (15).
c [Main] Child pid 244 - 713175 terminated by signal 15.
c [Label = 232] Encoding duration: 1105ms.
c [Label = 232] Number of clauses: 956868.
c [Label = 232] Number of variables: 282568.
c [Label = 232] Solving duration: 426410 ms.
s [Label = 232] SAT (w = 113).
Label assignment: 232 2 11 40 30 30 232 85 66 6 38 27 2 42 230 229 181 3 52 176 192 37 151 6 115 2 232 231 117 51 49 2 27 118 197 21 14 28 224 13 219 22 226 20 116 6 140 118 122 222 1 89 119 14 2 6 119 232 137 180 67 18 118 2 36 19 231 2 232 232 114 16 8 32 14 228 132 3 194 119 30 14 119 117 70 178 31 93 1 231 232 232 1 1 164 76 15 1 228 136 21 38 226 50 232 1 100 38 134 231 167 118 63 121 4 13 37 230 115 27 210 144 232 232 231 119 232 221 232 232 229 33 60 232 139 2 219 3 231 99 183 119 5 211 171 186 21 16 232 38 114 138 228 14 232 173 133 24 232 16 35 24 146 177 232 125 155 229 22 214 232 12 206 6 119 154 21 232 226 3 5 169 231 193 19 35 115 22 132 232 26 232 203 231 231 19 35 195 4 26 6 119 12 220 31 118 129 185 142 115 115 119 92 232 2 232 6 73 32 149 29 118 17 145 36 23 41 5 232 31 228 163 174 6 6 35 232 119 232 119 14 1 118 119 141 172 230 119 17 157 6 119 3 170 2 232 232 200 39 29 226 114 231 14 6 31 198 117 97 2 119 179 20 26 232 227 114 231 197 202 96 232 34 147 232 228 124 232 119 232 5 159 5 188 232 232 115 2 37 5 232 229 6 187 232 95 87 130 218 68 2 152 102 89 135 119 1 107 84 6 14 19 232 118 232 44 232 201 80 227 4 182 123 232 1 6 13 37 75 15 1 208 232 22 128 6 231 37 232 46 232 6 6 108 160 119 65 231 83 74 81 232 165 45 153 216 232 223 9 166 88 232 162 94 213 145 103 55 227 119 232 161 230 89 232 47 209 232 232 231 21 156 168 7 118 43 25 232 90 48 204 1 114 205 118 131 126 77 232 119 119 54 105 117 111 184 2 56 61 150 78 127 62 57 10 58 148 119 217 118 204 114 118 231 230 6 59 113 150 91 115 158 64 229 77 6 104 53 79 143 71 119 120 232 232 207 110 119 82 109 232 196 6 116 6 228 69 190 215 72 225 63 86 3 232 5 98 231 191 101 232 119 119 112 232 106 212 232 175 232 219 232 189 199 
c [Main] Lowest label SAT is set to 232.
c [Main] Kill higher label pid 236.
c [Main] Kill higher label pid 233.
c [Main] Kill higher label pid 235.
c [Main] Kill higher label pid 238.
c [Label = 236] Encoding duration: 1204ms.
c [Label = 236] Number of clauses: 976130.
c [Label = 236] Number of variables: 286520.
c [Signal] Signal interruption. Caught signal: SIGTERM (15).
c [Label = 238] Encoding duration: 1185ms.
c [Label = 238] Number of clauses: 985761.
c [Label = 238] Number of variables: 288496.
c [Signal] Signal interruption. Caught signal: SIGTERM (15).
c [Label = 233] Encoding duration: 1188ms.
c [Label = 233] Number of clauses: 961683.
c [Label = 233] Number of variables: 283556.
c [Signal] Signal interruption. Caught signal: SIGTERM (15).
c [Label = 235] Encoding duration: 1179ms.
c [Label = 235] Number of clauses: 971314.
c [Label = 235] Number of variables: 285532.
c [Signal] Signal interruption. Caught signal: SIGTERM (15).
c [Main] Child pid 238 - 713178 terminated by signal 15.
c [Main] Child pid 235 - 713185 terminated by signal 15.
c [Main] Child pid 233 - 713222 terminated by signal 15.
c [Main] Child pid 236 - 713223 terminated by signal 15.
c [Label = 229] Encoding duration: 1151ms.
c [Label = 229] Number of clauses: 942421.
c [Label = 229] Number of variables: 279604.
c [Label = 229] Solving duration: 289166 ms.
s [Label = 229] SAT (w = 113).
Label assignment: 229 11 4 128 228 140 116 2 2 227 2 229 228 50 2 6 229 2 229 2 229 151 228 229 115 229 2 90 124 3 2 116 229 229 3 50 229 3 198 50 229 103 2 129 113 56 228 116 57 6 50 3 229 137 229 3 3 2 127 213 57 116 2 132 123 60 229 229 229 135 34 66 37 50 221 229 179 50 3 26 85 229 13 116 99 106 67 115 114 3 116 26 229 2 131 50 125 63 2 12 229 76 3 2 229 116 116 37 228 51 44 2 223 50 3 27 31 229 185 78 50 170 175 3 229 229 116 229 229 1 202 56 1 3 229 229 148 229 204 43 24 1 116 1 229 145 116 84 3 31 3 229 116 229 229 174 18 50 3 118 3 154 116 79 1 20 16 1 50 228 116 218 3 3 116 114 49 229 229 229 139 183 50 229 3 3 173 52 70 221 223 228 123 122 50 96 229 65 3 186 229 3 3 130 3 112 50 15 119 3 1 229 29 229 115 229 229 116 94 26 50 224 1 116 229 160 28 116 229 3 3 116 222 3 83 203 229 210 116 116 138 53 171 54 228 229 229 208 3 12 144 105 229 228 229 143 39 116 229 116 195 172 2 3 116 157 2 116 42 2 40 117 12 229 115 206 62 77 110 2 35 216 225 205 116 212 21 47 3 55 228 111 116 214 229 229 153 229 155 100 229 72 1 229 164 46 91 134 229 142 229 10 229 121 141 229 1 115 220 1 211 209 212 229 2 17 116 184 8 196 2 197 219 22 228 2 229 163 108 33 116 176 201 229 146 229 189 147 2 14 3 3 114 88 166 2 116 58 107 159 229 116 116 59 3 229 3 156 177 191 71 229 116 109 95 158 150 149 73 200 229 3 226 165 98 215 162 3 207 2 115 41 229 229 75 229 38 229 229 152 104 3 229 36 228 136 169 116 228 3 180 120 167 116 2 182 229 102 69 3 25 193 229 133 61 80 2 116 101 229 126 229 5 229 229 229 229 116 30 217 229 116 4 229 181 161 214 68 178 87 229 2 23 187 114 116 82 116 45 93 3 86 115 89 116 92 81 19 7 32 178 199 188 9 64 192 214 166 97 190 116 3 116 116 229 194 3 229 168 1 48 229 229 74 
c [Main] Lowest label SAT is set to 229.
c [Main] Kill higher label pid 231.
c [Main] Kill higher label pid 230.
c [Label = 230] Encoding duration: 1216ms.
c [Label = 230] Number of clauses: 947237.
c [Label = 230] Number of variables: 280592.
c [Signal] Signal interruption. Caught signal: SIGTERM (15).
c [Signal] Signal interruption. Caught signal: SIGTERM (15).
c [Main] Child pid 231 - 713674 terminated by signal 15.
c [Main] Child pid 230 - 713221 terminated by signal 15.
c [Label = 227] Encoding duration: 1120ms.
c [Label = 227] Number of clauses: 932790.
c [Label = 227] Number of variables: 277628.
c [Label = 227] Solving duration: 378488 ms.
s [Label = 227] SAT (w = 113).
Label assignment: 114 153 227 106 222 114 114 149 114 122 200 194 52 76 114 222 63 182 92 114 114 1 139 1 1 114 1 215 114 133 227 1 28 114 31 194 114 162 9 51 227 26 135 222 1 114 53 1 227 227 222 227 1 194 227 211 227 227 86 108 227 114 194 220 198 227 227 62 221 87 227 1 19 163 28 227 32 1 1 187 26 78 208 227 201 1 1 1 114 222 1 142 114 114 227 207 114 227 227 1 1 58 136 114 227 227 1 192 1 1 99 137 114 227 114 195 227 49 101 222 7 164 169 1 227 227 114 227 21 227 39 20 114 173 76 178 158 227 55 35 194 114 144 114 159 1 26 194 188 60 56 150 1 171 31 1 227 64 227 89 1 74 191 196 1 125 62 227 93 1 114 110 130 1 93 1 73 199 227 227 1 28 227 19 42 227 227 210 227 20 109 61 2 20 219 166 1 1 107 114 227 7 154 36 1 114 227 141 155 114 1 1 1 226 114 28 114 1 208 227 227 114 227 167 227 96 174 21 1 114 1 65 30 1 116 94 227 13 1 227 177 227 114 227 4 1 11 227 145 1 95 9 114 1 115 59 165 227 148 227 197 227 227 1 227 12 1 227 227 227 160 114 114 58 227 1 202 227 1 203 1 11 213 152 1 225 175 118 227 8 1 119 1 67 227 114 227 114 18 227 204 129 114 121 1 79 181 227 126 25 1 10 113 22 227 114 114 216 172 227 161 71 83 6 114 34 1 227 227 227 114 227 205 1 114 114 123 227 227 134 227 43 147 54 16 3 50 81 1 114 114 1 114 33 2 1 1 227 45 227 15 114 114 227 100 217 151 131 27 72 114 114 1 114 227 227 209 105 1 1 227 227 176 140 1 68 227 206 212 1 138 1 1 127 227 146 111 1 5 48 227 41 114 227 102 91 227 227 80 114 227 88 78 1 114 227 227 223 66 70 75 114 224 47 46 114 24 227 227 227 85 227 156 227 112 218 143 69 227 90 227 183 227 128 104 84 97 214 117 77 120 114 227 44 1 132 124 227 157 57 185 170 227 227 114 14 98 227 179 168 194 38 23 227 103 227 29 37 193 190 1 227 114 82 184 17 189 40 186 227 227 114 227 180 
c [Main] Lowest label SAT is set to 227.
c [Main] Kill higher label pid 228.
c [Label = 228] Encoding duration: 1144ms.
c [Label = 228] Number of clauses: 937606.
c [Label = 228] Number of variables: 278616.
c [Signal] Signal interruption. Caught signal: SIGTERM (15).
c [Main] Child pid 228 - 713673 terminated by signal 15.
c [Signal] Signal interruption. Caught signal: SIGTERM (15).
c [Main] All children have completed.
r [Main] 
r [Main] Final results: 
r [Main] Lowest label SAT:  	227.
r [Main] Highest label UNSAT:	226.
r [Main] Total real time: 683231 ms.
r [Main] Total memory consumed: 5168.5 MB.
r [Main] 
