c [Version] Minimize Makespan Labeling Encoder version 1.0.0.
c [Param] LB is predefined as 32.
c [Param] UB is predefined as 503.
c [Param] Memory limit is set to 30000.
c [Param] Real time limit is set to 1800.
c [Param] Worker count is set to 8.
c [Main] Search strategy: Iterating Breadth First Search.
c [Main] Search order: 267 149 385 90 208 326 444 60 119 178 237 296 355 414 474 45 75 104 134 163 193 222 252 281 311 340 370 399 429 459 489 38 52 67 82 97 111 126 141 156 170 185 200 215 229 244 259 274 288 303 318 333 347 362 377 392 406 421 436 451 466 481 496 34 41 48 56 63 71 78 86 93 100 107 115 122 130 137 145 152 159 166 174 181 189 196 204 211 218 225 233 240 248 255 263 270 277 284 292 299 307 314 322 329 336 343 351 358 366 373 381 388 395 402 410 417 425 432 440 447 455 462 470 477 485 492 500 32 36 39 43 46 50 54 58 61 65 69 73 76 80 84 88 91 95 98 102 105 109 113 117 120 124 128 132 135 139 143 147 150 154 157 161 164 168 172 176 179 183 187 191 194 198 202 206 209 213 216 220 223 227 231 235 238 242 246 250 253 257 261 265 268 272 275 279 282 286 290 294 297 301 305 309 312 316 320 324 327 331 334 338 341 345 349 353 356 360 364 368 371 375 379 383 386 390 393 397 400 404 408 412 415 419 423 427 430 434 438 442 445 449 453 457 460 464 468 472 475 479 483 487 490 494 498 502 33 35 37 40 42 44 47 49 51 53 55 57 59 62 64 66 68 70 72 74 77 79 81 83 85 87 89 92 94 96 99 101 103 106 108 110 112 114 116 118 121 123 125 127 129 131 133 136 138 140 142 144 146 148 151 153 155 158 160 162 165 167 169 171 173 175 177 180 182 184 186 188 190 192 195 197 199 201 203 205 207 210 212 214 217 219 221 224 226 228 230 232 234 236 239 241 243 245 247 249 251 254 256 258 260 262 264 266 269 271 273 276 278 280 283 285 287 289 291 293 295 298 300 302 304 306 308 310 313 315 317 319 321 323 325 328 330 332 335 337 339 342 344 346 348 350 352 354 357 359 361 363 365 367 369 372 374 376 378 380 382 384 387 389 391 394 396 398 401 403 405 407 409 411 413 416 418 420 422 424 426 428 431 433 435 437 439 441 443 446 448 450 452 454 456 458 461 463 465 467 469 471 473 476 478 480 482 484 486 488 491 493 495 497 499 501 503.
c [Main] Encoding and solving for graph: R-dwt__503.mtx.rnd.
c [Label = 60] Encoding duration: 420ms.
c [Label = 60] Number of clauses: 455533.
c [Label = 60] Number of variables: 59354.
c [Label = 60] Solving duration: 0 ms.
s [Label = 60] UNSAT (w = 31).
c [Main] Highest label UNSAT is set to 60
c [Label = 90] Encoding duration: 883ms.
c [Label = 90] Number of clauses: 897943.
c [Label = 90] Number of variables: 103618.
c [Label = 90] Solving duration: 2099 ms.
s [Label = 90] UNSAT (w = 31).
c [Main] Highest label UNSAT is set to 90
c [Label = 119] Encoding duration: 1291ms.
c [Label = 119] Number of clauses: 1327291.
c [Label = 119] Number of variables: 146876.
c [Label = 119] Solving duration: 3001 ms.
s [Label = 119] UNSAT (w = 31).
c [Main] Highest label UNSAT is set to 119
c [Label = 149] Encoding duration: 1905ms.
c [Label = 149] Number of clauses: 1770707.
c [Label = 149] Number of variables: 191140.
c [Label = 149] Solving duration: 4336 ms.
s [Label = 149] UNSAT (w = 31).
c [Main] Highest label UNSAT is set to 149
c [Label = 178] Encoding duration: 2333ms.
c [Label = 178] Number of clauses: 2201062.
c [Label = 178] Number of variables: 234398.
c [Label = 178] Solving duration: 6100 ms.
s [Label = 178] UNSAT (w = 31).
c [Main] Highest label UNSAT is set to 178
c [Label = 208] Encoding duration: 3040ms.
c [Label = 208] Number of clauses: 2645484.
c [Label = 208] Number of variables: 278662.
c [Label = 208] Solving duration: 14611 ms.
s [Label = 208] UNSAT (w = 31).
c [Main] Highest label UNSAT is set to 208
c [Label = 267] Encoding duration: 4202ms.
c [Label = 267] Number of clauses: 3522272.
c [Label = 267] Number of variables: 366184.
c [Label = 267] Solving duration: 135403 ms.
s [Label = 267] SAT (w = 31).
Label assignment: 67 94 94 152 172 64 56 32 156 146 267 32 169 120 243 153 118 63 232 212 23 267 205 63 236 189 123 97 63 151 267 136 125 228 59 25 23 154 1 1 101 156 17 184 1 206 203 110 7 65 121 17 205 168 169 111 18 126 157 32 2 22 194 32 240 95 247 205 106 22 95 86 28 38 68 1 63 94 1 1 105 254 129 110 14 94 49 187 88 8 23 13 200 205 182 95 169 250 53 19 225 41 32 70 236 76 110 138 24 90 91 155 99 174 162 32 109 67 205 22 73 97 111 218 108 26 107 174 238 267 63 73 267 32 104 55 267 63 51 96 15 1 63 32 174 193 174 178 200 267 249 267 267 22 229 138 129 145 265 136 205 236 267 180 183 22 210 138 116 94 94 101 182 130 104 137 205 23 64 16 140 204 63 107 1 97 40 80 77 252 195 168 70 99 94 93 162 82 160 188 22 236 23 221 32 29 32 143 58 158 73 33 165 169 63 137 32 65 168 267 143 267 244 48 257 63 122 205 236 102 72 94 1 205 168 117 267 33 137 11 227 1 67 3 113 94 137 107 80 69 124 138 84 52 172 205 161 174 223 147 62 94 106 236 42 104 236 131 205 32 44 44 174 34 169 208 36 219 143 110 78 190 127 85 200 97 63 114 266 47 132 104 209 258 66 236 159 196 27 54 267 1 236 103 267 163 173 32 74 33 57 1 3 267 267 157 134 20 31 174 236 81 235 267 141 45 99 112 192 92 39 207 236 139 167 267 166 43 242 220 94 42 236 215 186 218 1 1 2 119 187 259 202 144 50 267 241 175 224 83 198 135 191 185 1 214 205 35 205 230 131 236 73 179 127 40 94 205 97 251 104 237 46 1 149 231 236 199 159 236 133 94 112 143 71 236 218 132 96 128 205 111 4 94 255 201 115 98 171 181 263 216 63 30 12 211 253 37 63 164 121 138 218 169 135 73 63 213 4 5 70 94 4 197 1 177 10 1 218 138 89 68 174 148 87 116 11 198 35 9 61 75 187 236 233 239 66 205 64 256 174 246 236 43 65 34 245 32 21 32 226 267 236 100 217 236 95 150 176 6 1 4 236 234 169 264 60 248 262 218 32 174 142 222 170 101 261 260 267 267 267 166 79 
c [Main] Lowest label SAT is set to 267.
c [Main] Kill higher label pid 414.
c [Main] Kill higher label pid 355.
c [Main] Kill higher label pid 296.
c [Main] Kill higher label pid 444.
c [Main] Kill higher label pid 326.
c [Main] Kill higher label pid 385.
c [Label = 414] Encoding duration: 8516ms.
c [Label = 414] Number of clauses: 5716264.
c [Label = 414] Number of variables: 584486.
c [Signal] Signal interruption. Caught signal: SIGTERM (15).
c [Label = 444] Encoding duration: 7881ms.
c [Label = 444] Number of clauses: 6164710.
c [Label = 444] Number of variables: 628750.
c [Signal] Signal interruption. Caught signal: SIGTERM (15).
c [Label = 355] Encoding duration: 7135ms.
c [Label = 355] Number of clauses: 4834445.
c [Label = 355] Number of variables: 496964.
c [Signal] Signal interruption. Caught signal: SIGTERM (15).
c [Label = 296] Encoding duration: 5412ms.
c [Label = 296] Number of clauses: 3954639.
c [Label = 296] Number of variables: 409442.
c [Signal] Signal interruption. Caught signal: SIGTERM (15).
c [Label = 326] Encoding duration: 5260ms.
c [Label = 326] Number of clauses: 4401073.
c [Label = 326] Number of variables: 453706.
c [Signal] Signal interruption. Caught signal: SIGTERM (15).
c [Label = 385] Encoding duration: 6481ms.
c [Label = 385] Number of clauses: 5281885.
c [Label = 385] Number of variables: 541228.
c [Signal] Signal interruption. Caught signal: SIGTERM (15).
c [Main] Child pid 296 - 713738 terminated by signal 15.
c [Main] Child pid 385 - 713728 terminated by signal 15.
c [Main] Child pid 355 - 713739 terminated by signal 15.
c [Main] Child pid 326 - 713731 terminated by signal 15.
c [Main] Child pid 414 - 713741 terminated by signal 15.
c [Main] Child pid 444 - 713732 terminated by signal 15.
c [Label = 211] Encoding duration: 2932ms.
c [Label = 211] Number of clauses: 2686177.
c [Label = 211] Number of variables: 281680.
c [Label = 211] Solving duration: 16070 ms.
s [Label = 211] UNSAT (w = 31).
c [Main] Highest label UNSAT is set to 211
c [Label = 215] Encoding duration: 3068ms.
c [Label = 215] Number of clauses: 2740435.
c [Label = 215] Number of variables: 285704.
c [Label = 215] Solving duration: 17618 ms.
s [Label = 215] UNSAT (w = 31).
c [Main] Highest label UNSAT is set to 215
c [Label = 237] Encoding duration: 3579ms.
c [Label = 237] Number of clauses: 3076844.
c [Label = 237] Number of variables: 321920.
c [Label = 237] Solving duration: 154163 ms.
s [Label = 237] SAT (w = 31).
Label assignment: 135 3 233 237 5 237 237 8 5 35 77 206 135 237 1 221 206 237 5 237 237 82 175 237 32 144 185 206 237 3 144 51 39 165 210 206 8 237 53 33 224 168 63 62 237 202 144 204 138 144 61 206 237 175 206 67 151 235 172 237 134 223 214 152 165 32 206 237 32 80 32 175 192 33 175 206 1 174 65 5 237 162 145 55 144 175 175 215 165 237 24 144 206 113 175 144 206 21 175 140 191 203 36 175 32 134 182 237 54 237 178 177 5 194 237 213 211 166 98 135 144 219 206 109 63 229 8 206 29 72 171 165 6 32 232 142 82 88 4 175 201 237 124 16 144 137 144 198 237 72 161 103 175 155 18 41 42 234 108 198 113 103 72 155 136 160 135 175 125 2 222 46 1 206 163 237 64 22 36 82 104 196 63 206 9 7 103 144 186 156 63 82 154 1 166 159 32 44 183 177 112 199 167 146 187 60 166 144 38 237 164 175 92 122 100 113 134 103 141 1 206 72 81 144 205 181 93 1 82 91 181 106 116 132 135 121 47 103 206 237 7 144 189 63 237 98 186 5 206 120 237 237 54 10 134 98 208 206 109 195 48 139 237 1 103 113 206 210 119 237 237 94 1 237 237 217 113 113 1 206 14 237 4 81 51 167 175 110 36 113 144 15 230 190 17 144 173 35 212 78 70 134 206 118 144 175 237 220 175 68 143 1 144 67 71 236 177 155 123 206 32 237 5 72 128 237 32 175 107 13 206 157 32 113 97 36 67 149 131 45 52 206 206 75 113 226 33 103 237 231 218 78 169 54 184 63 85 188 127 12 237 175 59 103 150 73 1 101 1 200 113 32 175 115 2 206 237 237 105 117 72 59 175 36 83 35 64 144 71 5 175 144 96 98 132 197 11 179 87 208 237 67 68 207 92 134 114 95 36 90 206 176 76 69 237 206 216 237 99 134 193 206 50 36 103 144 103 180 129 58 79 228 1 196 113 148 130 165 8 166 57 101 237 43 74 26 39 49 31 237 19 35 158 237 206 130 8 1 102 89 237 53 36 67 20 206 30 25 111 41 153 225 2 178 177 206 227 213 126 101 237 39 34 37 170 27 56 86 215 84 147 237 206 2 206 133 209 23 1 66 70 40 28 
c [Main] Lowest label SAT is set to 237.
c [Main] Kill higher label pid 259.
c [Main] Kill higher label pid 244.
c [Main] Kill higher label pid 252.
c [Label = 259] Encoding duration: 4098ms.
c [Label = 259] Number of clauses: 3413756.
c [Label = 259] Number of variables: 358136.
c [Signal] Signal interruption. Caught signal: SIGTERM (15).
c [Label = 252] Encoding duration: 3823ms.
c [Label = 252] Number of clauses: 3318805.
c [Label = 252] Number of variables: 351094.
c [Signal] Signal interruption. Caught signal: SIGTERM (15).
c [Label = 244] Encoding duration: 3566ms.
c [Label = 244] Number of clauses: 3171796.
c [Label = 244] Number of variables: 328962.
c [Signal] Signal interruption. Caught signal: SIGTERM (15).
c [Main] Child pid 244 - 713767 terminated by signal 15.
c [Main] Child pid 252 - 713764 terminated by signal 15.
c [Main] Child pid 259 - 713768 terminated by signal 15.
c [Label = 216] Encoding duration: 3052ms.
c [Label = 216] Number of clauses: 2754000.
c [Label = 216] Number of variables: 286710.
c [Label = 216] Solving duration: 16052 ms.
s [Label = 216] UNSAT (w = 31).
c [Main] Highest label UNSAT is set to 216
c [Label = 225] Encoding duration: 3371ms.
c [Label = 225] Number of clauses: 2914070.
c [Label = 225] Number of variables: 309848.
c [Label = 225] Solving duration: 85081 ms.
s [Label = 225] SAT (w = 31).
Label assignment: 160 142 50 225 166 34 43 225 154 225 101 132 67 139 225 111 123 146 2 225 154 194 34 225 225 194 211 163 154 114 163 154 98 64 194 154 194 225 150 2 225 123 128 155 154 67 33 119 169 33 101 132 5 163 194 34 225 154 54 96 163 225 144 183 160 65 7 98 96 98 163 96 108 191 163 225 129 127 98 2 64 194 139 217 225 21 64 194 64 33 16 194 138 96 141 225 65 88 163 123 197 163 225 33 225 64 154 225 194 70 151 225 225 160 194 23 153 163 190 216 163 225 95 26 2 225 191 127 95 95 91 225 2 225 2 135 64 65 205 64 136 34 202 204 225 92 158 194 36 163 170 129 65 225 2 64 104 203 132 194 194 132 194 92 165 115 20 67 36 27 156 225 3 127 34 65 96 122 225 98 122 191 65 191 24 184 194 33 80 225 67 163 160 132 36 95 194 103 73 167 13 33 149 134 188 174 225 64 107 2 70 163 39 110 168 132 225 225 120 2 225 65 90 33 152 106 119 160 1 17 225 194 93 225 130 76 65 194 2 32 2 33 195 65 67 215 187 2 127 78 208 2 83 133 2 220 42 33 89 186 118 145 37 96 2 132 194 196 225 194 65 148 96 3 157 124 98 3 96 94 70 67 98 112 47 87 34 214 160 206 67 8 163 12 194 225 98 132 25 57 3 33 225 11 64 36 159 69 33 98 85 2 36 2 33 136 45 119 164 224 101 2 126 64 66 2 34 33 41 77 101 29 225 132 52 101 64 180 102 105 147 225 1 18 53 62 225 97 222 98 59 51 160 48 9 65 58 109 72 31 2 64 22 86 213 175 194 129 101 33 99 97 225 218 194 194 2 159 171 75 126 58 64 35 101 33 96 194 201 1 33 3 193 127 161 191 117 74 6 79 34 3 10 181 49 33 28 14 33 198 95 44 40 61 65 82 182 5 63 2 210 64 143 192 95 69 129 125 158 15 4 33 98 129 98 173 19 160 137 223 99 38 194 84 179 121 126 178 140 225 142 225 116 2 191 172 98 1 170 73 162 30 189 3 176 101 56 177 207 194 46 129 131 71 105 33 2 219 60 127 163 194 225 95 212 113 93 199 209 200 55 159 127 100 225 160 221 81 1 68 160 225 185 
c [Main] Lowest label SAT is set to 225.
c [Main] Kill higher label pid 227.
c [Main] Kill higher label pid 233.
c [Main] Kill higher label pid 229.
c [Label = 233] Encoding duration: 3404ms.
c [Label = 233] Number of clauses: 3022586.
c [Label = 233] Number of variables: 317896.
c [Signal] Signal interruption. Caught signal: SIGTERM (15).
c [Label = 229] Encoding duration: 3360ms.
c [Label = 229] Number of clauses: 2968328.
c [Label = 229] Number of variables: 313872.
c [Signal] Signal interruption. Caught signal: SIGTERM (15).
c [Label = 227] Encoding duration: 4224ms.
c [Label = 227] Number of clauses: 2941199.
c [Label = 227] Number of variables: 311860.
c [Signal] Signal interruption. Caught signal: SIGTERM (15).
c [Main] Child pid 233 - 713774 terminated by signal 15.
c [Main] Child pid 229 - 713766 terminated by signal 15.
c [Main] Child pid 227 - 713783 terminated by signal 15.
c [Label = 222] Encoding duration: 3254ms.
c [Label = 222] Number of clauses: 2873377.
c [Label = 222] Number of variables: 306830.
c [Label = 222] Solving duration: 126238 ms.
s [Label = 222] SAT (w = 31).
Label assignment: 98 24 222 7 219 188 91 1 92 222 222 33 94 11 68 191 134 222 1 148 222 219 95 222 33 95 57 98 127 85 222 169 158 33 196 182 191 173 222 157 61 1 220 27 56 191 188 1 64 220 160 182 189 94 127 95 143 222 160 2 222 127 201 204 32 64 149 160 64 20 33 159 170 2 222 180 1 216 95 1 191 71 140 111 222 1 188 50 33 64 69 129 191 126 95 95 64 96 1 1 82 187 126 33 189 32 40 64 195 214 163 160 222 33 95 191 23 144 126 191 95 217 2 65 179 222 222 127 166 160 141 32 222 157 1 155 32 64 160 189 222 95 160 205 95 135 222 150 34 95 97 160 190 89 2 95 123 47 157 43 126 126 157 168 193 160 222 191 129 136 129 157 21 2 64 191 127 173 126 2 30 63 160 222 113 108 126 95 160 125 191 95 63 64 221 63 2 222 87 54 44 125 133 88 192 109 222 95 10 188 132 33 81 79 191 157 94 126 78 157 33 191 107 127 98 160 37 126 1 164 130 104 129 96 98 93 191 64 126 32 189 222 59 191 162 212 218 1 2 146 51 94 116 112 189 127 173 191 53 99 172 222 188 2 1 222 127 115 160 158 33 126 64 2 191 198 167 22 158 177 34 32 1 119 48 76 222 202 95 157 64 77 6 124 165 67 1 64 213 86 222 222 127 123 95 33 64 171 33 129 145 157 33 191 95 90 114 206 80 64 126 127 127 32 211 64 52 222 18 174 219 15 33 64 131 221 189 161 156 83 122 190 1 154 38 45 32 158 64 126 75 120 95 100 5 33 103 181 19 14 64 33 102 74 73 137 126 160 126 32 158 2 33 183 1 2 62 189 210 16 157 39 33 191 36 222 127 64 139 178 126 33 126 158 96 127 138 215 28 196 31 33 49 55 46 64 29 152 191 35 222 106 58 118 189 176 121 96 17 126 194 95 12 222 158 63 63 4 95 153 117 95 2 157 1 84 151 222 105 63 197 101 64 26 25 184 126 147 222 64 13 1 175 33 222 128 129 1 64 42 64 9 64 33 209 157 186 185 8 2 66 200 2 3 109 191 95 207 110 158 95 2 96 2 127 187 167 203 142 60 199 64 64 208 158 65 72 41 222 189 32 188 70 
c [Main] Lowest label SAT is set to 222.
c [Main] Kill higher label pid 224.
c [Main] Kill higher label pid 223.
c [Label = 223] Encoding duration: 3211ms.
c [Label = 223] Number of clauses: 2886941.
c [Label = 223] Number of variables: 307836.
c [Signal] Signal interruption. Caught signal: SIGTERM (15).
c [Label = 224] Encoding duration: 3314ms.
c [Label = 224] Number of clauses: 2900506.
c [Label = 224] Number of variables: 308842.
c [Signal] Signal interruption. Caught signal: SIGTERM (15).
c [Main] Child pid 223 - 713777 terminated by signal 15.
c [Main] Child pid 224 - 713797 terminated by signal 15.
c [Label = 217] Encoding duration: 3478ms.
c [Label = 217] Number of clauses: 2758775.
c [Label = 217] Number of variables: 287716.
c [Label = 217] Solving duration: 15259 ms.
s [Label = 217] UNSAT (w = 31).
c [Main] Highest label UNSAT is set to 217
c [Label = 220] Encoding duration: 3141ms.
c [Label = 220] Number of clauses: 2846248.
c [Label = 220] Number of variables: 304818.
c [Label = 220] Solving duration: 127053 ms.
s [Label = 220] SAT (w = 31).
Label assignment: 34 149 183 3 158 32 220 63 73 181 1 35 220 220 2 192 15 220 63 93 147 1 32 71 187 1 42 94 195 80 126 191 158 32 189 37 163 220 135 187 33 131 220 117 171 87 127 1 220 219 156 187 189 126 94 125 143 212 40 1 126 75 220 189 33 125 127 158 189 3 125 181 189 1 126 180 96 106 189 65 96 158 167 138 102 158 156 39 32 156 220 38 124 220 216 125 94 130 142 74 145 189 158 158 32 33 208 96 99 121 70 10 220 125 84 168 179 165 63 133 125 58 94 98 65 207 189 63 63 220 131 189 189 63 158 196 220 220 173 32 200 125 202 175 187 100 32 150 125 125 144 2 219 176 211 158 152 51 220 11 156 94 63 66 217 178 4 158 18 156 49 189 95 94 32 156 94 162 64 1 78 64 64 65 201 90 220 125 16 166 188 125 127 63 127 127 95 220 25 141 197 158 122 79 12 220 127 158 158 189 178 156 7 86 164 63 33 1 127 1 32 32 137 125 220 73 9 32 1 159 158 68 28 94 67 158 94 95 94 94 193 220 170 220 119 203 220 65 94 133 96 95 47 151 189 63 74 94 123 85 140 127 32 1 1 189 63 148 59 63 125 1 94 1 32 204 1 31 1 189 41 158 1 77 120 214 218 129 32 14 220 155 21 154 174 32 65 94 205 43 1 220 1 24 220 158 32 12 127 220 64 63 220 32 220 62 66 57 107 96 1 63 96 127 220 156 50 189 110 113 1 131 189 156 23 189 127 185 115 76 20 32 94 64 108 96 188 1 158 1 46 72 127 89 182 125 54 48 104 45 1 32 220 158 213 44 220 63 1 158 157 189 158 116 157 1 189 32 92 109 1 6 32 189 88 60 189 220 26 4 156 125 63 157 125 96 64 34 105 215 101 188 66 199 53 127 220 146 189 209 94 29 17 5 220 13 160 32 8 63 184 96 118 189 1 157 1 56 220 103 112 32 220 158 1 69 55 220 153 127 134 132 125 95 177 210 64 61 198 158 139 1 27 188 96 19 220 220 94 111 94 128 156 189 136 63 36 172 114 94 52 63 63 30 43 158 189 81 83 63 187 189 32 63 65 97 169 91 194 186 161 189 94 82 63 189 206 22 220 189 32 189 190 
c [Main] Lowest label SAT is set to 220.
c [Main] Kill higher label pid 221.
c [Label = 221] Encoding duration: 3219ms.
c [Label = 221] Number of clauses: 2859812.
c [Label = 221] Number of variables: 305824.
c [Signal] Signal interruption. Caught signal: SIGTERM (15).
c [Main] Child pid 221 - 713796 terminated by signal 15.
c [Label = 218] Encoding duration: 3244ms.
c [Label = 218] Number of clauses: 2819119.
c [Label = 218] Number of variables: 302806.
c [Label = 218] Solving duration: 161865 ms.
s [Label = 218] SAT (w = 31).
Label assignment: 125 16 80 164 218 94 218 1 1 1 1 63 94 197 216 190 187 218 156 192 1 1 125 11 32 77 83 187 218 214 187 112 156 187 184 105 156 185 148 218 217 32 156 20 9 195 187 44 156 187 102 161 32 125 1 94 151 1 120 1 32 27 218 154 125 187 179 156 218 70 187 160 104 156 187 156 63 196 187 63 32 97 89 13 95 145 94 188 94 94 92 133 23 156 165 32 187 187 65 85 187 18 218 63 125 32 218 187 87 193 22 125 201 94 123 96 84 186 218 53 32 17 1 88 198 109 218 1 218 156 140 125 156 1 63 93 32 94 218 94 208 94 209 162 32 74 125 38 125 125 26 218 187 157 29 94 139 176 156 34 156 63 218 103 132 156 6 32 2 125 10 1 125 63 32 187 156 58 156 1 54 156 5 1 138 98 218 187 159 146 32 187 203 156 187 218 63 187 171 149 100 167 117 82 178 7 187 187 213 94 75 125 31 212 34 63 187 63 66 63 125 94 45 63 218 61 57 125 1 148 99 43 118 125 1 168 94 1 36 32 63 187 189 32 3 126 41 1 1 183 101 63 15 173 187 218 160 94 40 106 126 94 94 218 63 1 1 210 131 63 125 71 63 63 187 200 187 32 63 199 175 94 218 207 55 115 125 206 187 147 218 81 152 127 170 94 33 218 204 121 218 94 1 72 166 156 125 130 94 156 63 218 125 187 125 63 124 143 113 32 63 1 218 32 94 156 156 94 60 4 1 215 94 156 44 218 32 180 81 59 129 94 218 48 62 202 32 1 187 218 14 218 125 211 119 187 153 111 92 163 218 125 1 218 191 90 156 156 1 94 218 1 125 144 156 218 51 125 172 95 63 12 125 32 49 125 218 156 68 1 125 187 218 156 125 63 8 181 95 24 114 32 141 37 79 32 108 169 94 150 1 21 64 144 94 177 28 94 110 94 86 94 67 1 1 187 218 73 32 135 125 94 63 63 94 218 142 125 30 187 46 136 32 122 47 194 1 76 128 187 39 218 158 32 63 52 1 156 1 11 32 25 156 32 126 1 155 137 205 63 69 32 63 174 50 94 187 134 35 1 32 63 94 1 125 78 91 19 116 36 107 32 63 1 218 187 56 42 63 32 125 187 182 
c [Main] Lowest label SAT is set to 218.
c [Main] Kill higher label pid 219.
c [Label = 219] Encoding duration: 3196ms.
c [Label = 219] Number of clauses: 2832683.
c [Label = 219] Number of variables: 303812.
c [Signal] Signal interruption. Caught signal: SIGTERM (15).
c [Main] Child pid 219 - 713795 terminated by signal 15.
c [Signal] Signal interruption. Caught signal: SIGTERM (15).
c [Main] All children have completed.
r [Main] 
r [Main] Final results: 
r [Main] Lowest label SAT:  	218.
r [Main] Highest label UNSAT:	217.
r [Main] Total real time: 326836 ms.
r [Main] Total memory consumed: 10201.2 MB.
r [Main] 
