c [Version] Minimize Makespan Labeling Encoder version 1.0.0.
c [Param] LB is predefined as 57.
c [Param] UB is predefined as 592.
c [Param] Memory limit is set to 30000.
c [Param] Real time limit is set to 1800.
c [Param] Worker count is set to 8.
c [Main] Search strategy: Iterating Breadth First Search.
c [Main] Search order: 324 190 458 123 257 391 525 89 156 223 290 357 424 491 559 72 106 139 173 206 240 273 307 340 374 407 441 474 508 542 576 64 80 97 114 131 147 164 181 198 214 231 248 265 281 298 315 332 348 365 382 399 415 432 449 466 482 499 516 533 550 567 584 60 68 76 84 93 101 110 118 127 135 143 151 160 168 177 185 194 202 210 218 227 235 244 252 261 269 277 285 294 302 311 319 328 336 344 352 361 369 378 386 395 403 411 419 428 436 445 453 462 470 478 486 495 503 512 520 529 537 546 554 563 571 580 588 58 62 66 70 74 78 82 86 91 95 99 103 108 112 116 120 125 129 133 137 141 145 149 153 158 162 166 170 175 179 183 187 192 196 200 204 208 212 216 220 225 229 233 237 242 246 250 254 259 263 267 271 275 279 283 287 292 296 300 304 309 313 317 321 326 330 334 338 342 346 350 354 359 363 367 371 376 380 384 388 393 397 401 405 409 413 417 421 426 430 434 438 443 447 451 455 460 464 468 472 476 480 484 488 493 497 501 505 510 514 518 522 527 531 535 539 544 548 552 556 561 565 569 573 578 582 586 590 57 59 61 63 65 67 69 71 73 75 77 79 81 83 85 87 90 92 94 96 98 100 102 104 107 109 111 113 115 117 119 121 124 126 128 130 132 134 136 138 140 142 144 146 148 150 152 154 157 159 161 163 165 167 169 171 174 176 178 180 182 184 186 188 191 193 195 197 199 201 203 205 207 209 211 213 215 217 219 221 224 226 228 230 232 234 236 238 241 243 245 247 249 251 253 255 258 260 262 264 266 268 270 272 274 276 278 280 282 284 286 288 291 293 295 297 299 301 303 305 308 310 312 314 316 318 320 322 325 327 329 331 333 335 337 339 341 343 345 347 349 351 353 355 358 360 362 364 366 368 370 372 375 377 379 381 383 385 387 389 392 394 396 398 400 402 404 406 408 410 412 414 416 418 420 422 425 427 429 431 433 435 437 439 442 444 446 448 450 452 454 456 459 461 463 465 467 469 471 473 475 477 479 481 483 485 487 489 492 494 496 498 500 502 504 506 509 511 513 515 517 519 521 523 526 528 530 532 534 536 538 540 543 545 547 549 551 553 555 557 560 562 564 566 568 570 572 574 577 579 581 583 585 587 589 591 88 105 122 155 172 189 222 239 256 289 306 323 356 373 390 423 440 457 490 507 524 541 558 575 592.
c [Main] Encoding and solving for graph: T-dwt__592.mtx.rnd.
c [Label = 89] Encoding duration: 580ms.
c [Label = 89] Number of clauses: 526917.
c [Label = 89] Number of variables: 104192.
c [Label = 89] Solving duration: 0 ms.
s [Label = 89] UNSAT (w = 56).
c [Main] Highest label UNSAT is set to 89
c [Label = 123] Encoding duration: 1041ms.
c [Label = 123] Number of clauses: 1023560.
c [Label = 123] Number of variables: 175824.
c [Label = 123] Solving duration: 3452 ms.
s [Label = 123] UNSAT (w = 56).
c [Main] Highest label UNSAT is set to 123
c [Label = 156] Encoding duration: 1506ms.
c [Label = 156] Number of clauses: 1419082.
c [Label = 156] Number of variables: 214896.
c [Label = 156] Solving duration: 4480 ms.
s [Label = 156] UNSAT (w = 56).
c [Main] Highest label UNSAT is set to 156
c [Label = 190] Encoding duration: 2205ms.
c [Label = 190] Number of clauses: 1916317.
c [Label = 190] Number of variables: 286528.
c [Label = 190] Solving duration: 8294 ms.
s [Label = 190] UNSAT (w = 56).
c [Main] Highest label UNSAT is set to 190
c [Label = 223] Encoding duration: 2654ms.
c [Label = 223] Number of clauses: 2311838.
c [Label = 223] Number of variables: 325600.
c [Label = 223] Solving duration: 7725 ms.
s [Label = 223] UNSAT (w = 56).
c [Main] Highest label UNSAT is set to 223
c [Label = 324] Encoding duration: 5268ms.
c [Label = 324] Number of clauses: 3703606.
c [Label = 324] Number of variables: 507936.
c [Label = 324] Solving duration: 143671 ms.
s [Label = 324] SAT (w = 56).
Label assignment: 105 107 104 122 1 56 50 48 106 48 142 51 53 129 44 50 51 47 108 111 50 50 49 111 124 119 123 50 109 21 45 51 48 104 49 48 50 140 44 99 42 51 48 48 50 48 48 48 45 57 167 48 103 50 105 106 51 146 100 50 143 199 48 143 48 122 105 124 48 56 108 29 139 50 51 104 50 106 61 50 255 13 140 52 124 50 50 99 144 48 140 113 182 166 41 105 51 110 165 70 153 110 222 324 156 268 161 324 104 162 31 49 162 228 49 50 315 42 86 236 3 153 160 225 251 21 108 268 48 324 129 121 196 169 161 28 173 126 49 156 35 48 77 180 49 162 29 230 105 184 33 50 48 206 242 48 161 245 118 268 212 238 250 228 220 133 79 182 212 228 11 320 200 48 138 31 268 324 25 104 13 147 48 106 151 89 48 106 48 156 162 150 218 228 324 176 48 126 324 238 301 224 162 278 191 253 324 48 196 233 294 168 218 32 283 166 149 78 268 48 176 130 268 256 324 42 268 40 213 316 216 88 96 48 46 323 137 38 63 104 81 25 268 105 262 268 177 212 324 324 163 221 204 323 314 29 171 251 324 268 36 255 37 194 324 39 203 67 218 212 200 248 324 18 262 324 169 255 324 167 104 324 268 34 168 256 324 25 254 21 107 108 65 168 180 112 134 201 143 206 21 323 268 54 215 282 212 194 267 185 22 247 23 324 220 127 21 277 298 87 148 324 13 198 27 243 93 124 266 227 211 302 268 168 165 20 26 324 324 188 223 94 268 324 295 104 212 92 225 268 161 240 212 55 189 187 275 199 168 324 319 243 19 197 299 274 310 324 285 106 186 292 100 267 324 60 259 244 105 192 174 172 195 75 279 141 43 168 318 234 246 259 324 254 95 131 304 255 145 91 135 110 136 280 288 175 13 166 256 199 66 269 108 30 193 156 324 17 267 290 158 271 218 324 81 324 154 324 291 324 157 311 324 324 112 259 324 324 324 253 270 15 287 324 179 170 90 207 324 303 132 105 122 268 233 267 231 324 261 69 300 115 324 164 324 297 84 258 212 224 281 324 107 312 64 276 212 16 97 12 312 252 226 293 5 305 219 83 309 212 210 260 268 77 265 263 286 236 162 212 268 2 156 8 162 273 80 116 117 272 212 289 202 235 217 152 324 85 264 229 268 241 306 296 82 209 120 268 324 114 268 101 324 14 125 128 214 232 268 321 102 242 308 69 268 10 324 100 105 156 98 159 178 73 155 322 58 76 324 237 249 190 307 106 221 105 324 313 317 71 74 100 257 183 72 59 24 212 9 239 4 208 324 212 68 62 284 6 7 324 181 205 
c [Main] Lowest label SAT is set to 324.
c [Main] Kill higher label pid 424.
c [Main] Kill higher label pid 357.
c [Main] Kill higher label pid 525.
c [Main] Kill higher label pid 391.
c [Main] Kill higher label pid 458.
c [Label = 357] Encoding duration: 5011ms.
c [Label = 357] Number of clauses: 4190631.
c [Label = 357] Number of variables: 578384.
c [Signal] Signal interruption. Caught signal: SIGTERM (15).
c [Label = 424] Encoding duration: 7058ms.
c [Label = 424] Number of clauses: 5085756.
c [Label = 424] Number of variables: 689088.
c [Signal] Signal interruption. Caught signal: SIGTERM (15).
c [Label = 525] Encoding duration: 9337ms.
c [Label = 525] Number of clauses: 6482259.
c [Label = 525] Number of variables: 871424.
c [Signal] Signal interruption. Caught signal: SIGTERM (15).
c [Label = 391] Encoding duration: 6191ms.
c [Label = 391] Number of clauses: 4598138.
c [Label = 391] Number of variables: 618640.
c [Signal] Signal interruption. Caught signal: SIGTERM (15).
c [Label = 458] Encoding duration: 8404ms.
c [Label = 458] Number of clauses: 5585951.
c [Label = 458] Number of variables: 760720.
c [Signal] Signal interruption. Caught signal: SIGTERM (15).
c [Main] Child pid 357 - 714290 terminated by signal 15.
c [Main] Child pid 391 - 713965 terminated by signal 15.
c [Main] Child pid 424 - 714292 terminated by signal 15.
c [Main] Child pid 458 - 713962 terminated by signal 15.
c [Main] Child pid 525 - 713966 terminated by signal 15.
c [Label = 265] Encoding duration: 3049ms.
c [Label = 265] Number of clauses: 2905549.
c [Label = 265] Number of variables: 406704.
c [Label = 265] Solving duration: 143278 ms.
s [Label = 265] SAT (w = 56).
Label assignment: 164 76 5 128 209 153 245 41 17 57 207 22 255 57 11 97 265 204 123 247 41 1 12 97 209 147 62 11 22 75 173 211 244 153 265 3 75 209 12 265 74 46 97 248 265 167 84 12 170 265 265 153 148 1 232 149 1 8 187 149 3 93 265 153 265 57 23 114 265 115 224 208 171 69 153 154 261 209 97 44 57 40 265 18 265 81 59 5 141 61 265 12 153 183 145 241 209 209 187 166 60 88 61 153 97 1 57 57 223 153 264 265 173 217 1 1 265 43 113 59 153 168 153 1 17 75 209 265 257 4 160 41 36 68 1 5 265 253 79 117 23 97 19 209 265 265 92 209 108 2 265 1 209 105 2 59 55 265 104 213 235 97 265 265 172 153 1 186 250 167 112 249 209 78 153 115 37 260 57 154 74 41 78 177 146 238 153 209 206 135 209 153 265 74 22 203 153 18 251 242 262 97 18 265 265 97 209 167 3 209 100 206 97 92 209 265 80 209 11 88 237 153 152 131 265 150 187 77 146 265 265 58 109 209 113 153 184 64 181 153 113 265 37 23 265 191 252 209 265 209 207 81 190 156 134 52 265 209 265 265 71 265 165 212 97 61 97 56 221 265 59 1 111 28 265 135 183 70 1 39 265 1 102 106 262 153 1 265 1 151 153 139 3 54 3 209 131 57 1 145 209 59 209 38 141 153 265 265 185 98 19 41 97 209 176 75 16 153 239 12 265 148 42 97 97 209 153 265 134 97 2 209 220 265 131 57 209 208 209 94 153 209 265 35 256 3 208 148 229 113 34 201 204 12 265 91 214 265 209 18 103 110 209 25 265 132 153 45 188 83 204 233 131 182 16 3 171 222 118 97 162 265 240 1 18 201 50 33 57 1 153 265 153 13 47 97 86 153 138 136 216 153 265 210 67 215 1 3 1 57 254 22 140 24 265 179 157 209 265 218 14 68 76 265 209 137 6 61 192 1 9 10 2 93 180 32 265 195 227 59 226 4 1 12 208 155 31 68 117 209 193 153 108 191 130 265 219 12 265 97 163 63 127 7 169 197 65 209 205 206 234 209 161 265 196 116 153 30 209 68 265 92 95 228 133 231 82 209 122 265 265 126 5 200 49 189 259 111 17 194 265 178 79 78 29 158 66 142 90 209 243 265 72 265 265 265 199 84 265 99 265 190 48 143 153 225 125 89 8 87 209 15 265 101 76 174 265 68 79 4 1 175 230 163 144 198 85 67 111 68 121 107 168 41 79 1 209 153 21 1 2 265 97 5 74 119 97 265 236 159 265 265 1 263 96 27 111 2 51 53 258 202 1 123 124 246 120 73 129 20 206 26 
c [Main] Lowest label SAT is set to 265.
c [Main] Kill higher label pid 273.
c [Main] Kill higher label pid 307.
c [Main] Kill higher label pid 290.
c [Label = 273] Encoding duration: 3321ms.
c [Label = 273] Number of clauses: 3001433.
c [Label = 273] Number of variables: 416176.
c [Signal] Signal interruption. Caught signal: SIGTERM (15).
c [Label = 307] Encoding duration: 3867ms.
c [Label = 307] Number of clauses: 3499852.
c [Label = 307] Number of variables: 487808.
c [Signal] Signal interruption. Caught signal: SIGTERM (15).
c [Label = 290] Encoding duration: 3912ms.
c [Label = 290] Number of clauses: 3296099.
c [Label = 290] Number of variables: 467680.
c [Signal] Signal interruption. Caught signal: SIGTERM (15).
c [Main] Child pid 290 - 714289 terminated by signal 15.
c [Main] Child pid 273 - 714320 terminated by signal 15.
c [Main] Child pid 307 - 714321 terminated by signal 15.
c [Label = 257] Encoding duration: 3284ms.
c [Label = 257] Number of clauses: 2809665.
c [Label = 257] Number of variables: 397232.
c [Label = 257] Solving duration: 413081 ms.
s [Label = 257] SAT (w = 56).
Label assignment: 35 255 178 211 195 64 88 17 61 171 251 49 145 9 36 247 145 93 257 227 74 10 64 254 257 27 257 1 57 145 114 106 89 257 33 14 145 204 2 201 257 151 226 40 143 1 247 54 201 138 197 68 17 200 55 257 114 257 112 191 257 71 201 257 113 89 201 257 257 9 145 15 80 5 145 107 145 89 63 52 257 201 151 1 1 9 117 172 71 47 191 257 145 212 1 135 41 257 144 17 183 257 29 78 257 145 65 135 125 257 101 4 51 116 257 2 135 87 195 18 7 36 234 253 191 135 79 14 110 1 145 257 2 201 257 145 33 247 257 237 33 232 1 69 161 33 1 201 39 43 65 1 201 180 201 59 257 160 108 115 257 257 154 147 115 1 32 145 168 201 3 23 201 257 79 193 11 126 15 218 201 236 1 257 182 126 57 257 89 257 113 257 159 257 70 88 60 135 179 257 201 1 73 127 139 4 201 245 19 124 201 257 169 89 257 257 1 31 25 118 191 257 24 115 133 145 145 57 78 200 94 14 201 62 195 15 81 135 79 6 193 190 145 177 201 109 20 126 145 1 206 8 1 201 89 26 145 257 164 219 201 21 79 257 229 145 134 59 116 257 257 230 1 252 66 53 145 10 135 50 182 191 201 209 188 220 201 182 201 145 89 257 158 4 74 257 57 79 139 145 16 250 192 173 201 221 145 5 14 257 2 1 256 124 191 114 11 57 89 10 257 257 34 114 9 199 257 176 70 201 95 257 201 173 201 17 89 134 62 141 144 88 201 152 163 145 257 201 113 10 65 172 145 10 196 89 128 83 201 1 213 141 85 123 85 223 117 123 224 169 185 133 89 5 11 3 251 58 257 145 238 3 257 257 56 257 7 242 105 214 78 198 80 61 153 1 118 1 66 145 88 61 66 104 193 92 11 201 201 82 155 48 244 201 201 137 145 202 190 181 61 257 103 257 249 145 65 45 89 142 167 156 70 201 131 13 201 100 137 148 57 2 89 1 257 228 150 145 235 117 97 9 96 111 119 257 146 241 215 89 205 257 145 67 222 248 72 207 257 1 9 1 1 3 76 58 144 22 64 126 257 75 165 187 257 61 44 121 91 216 120 145 89 129 151 7 175 189 162 89 201 102 231 195 98 257 1 66 246 38 201 201 132 149 186 158 257 194 4 2 2 201 217 233 77 95 135 89 201 37 5 59 201 257 257 174 113 122 89 141 136 2 257 208 57 99 201 81 130 257 257 90 257 140 257 157 210 89 225 257 257 6 201 172 257 42 84 3 9 239 12 166 203 201 87 46 240 170 30 145 201 243 137 257 184 145 79 257 16 86 28 145 
c [Main] Lowest label SAT is set to 257.
c [Label = 225] Encoding duration: 2584ms.
c [Label = 225] Number of clauses: 2426129.
c [Label = 225] Number of variables: 359344.
c [Signal] Signal interruption. Caught signal: SIGTERM (15).
c [Label = 235] Encoding duration: 2852ms.
c [Label = 235] Number of clauses: 2545984.
c [Label = 235] Number of variables: 371184.
c [Signal] Signal interruption. Caught signal: SIGTERM (15).
c [Label = 248] Encoding duration: 2766ms.
c [Label = 248] Number of clauses: 2701796.
c [Label = 248] Number of variables: 386576.
c [Signal] Signal interruption. Caught signal: SIGTERM (15).
c [Label = 252] Encoding duration: 3072ms.
c [Label = 252] Number of clauses: 2749738.
c [Label = 252] Number of variables: 391312.
c [Signal] Signal interruption. Caught signal: SIGTERM (15).
c [Label = 244] Encoding duration: 2844ms.
c [Label = 244] Number of clauses: 2653854.
c [Label = 244] Number of variables: 381840.
c [Signal] Signal interruption. Caught signal: SIGTERM (15).
c [Label = 231] Encoding duration: 2868ms.
c [Label = 231] Number of clauses: 2498042.
c [Label = 231] Number of variables: 366448.
c [Signal] Signal interruption. Caught signal: SIGTERM (15).
c [Main] Lim pid ends with result: 254.
c [Main] All children have completed.
r [Main] 
r [Main] Final results: 
r [Main] Lowest label SAT:  	257.
r [Main] Highest label UNSAT:	223.
r [Main] Total real time: 1812481 ms.
r [Main] Total memory consumed: 10895.8 MB.
r [Main] 
c [Label = 227] Encoding duration: 2608ms.
c [Label = 227] Number of clauses: 2450100.
c [Label = 227] Number of variables: 361712.
c [Signal] Signal interruption. Caught signal: SIGTERM (15).
c [Label = 240] Encoding duration: 2678ms.
c [Label = 240] Number of clauses: 2605912.
c [Label = 240] Number of variables: 377104.
c [Signal] Signal interruption. Caught signal: SIGTERM (15).
