c [Version] Minimize Makespan Labeling Encoder version 1.0.0.
c [Param] LB is predefined as 69.
c [Param] UB is predefined as 685.
c [Param] Memory limit is set to 30000.
c [Param] Real time limit is set to 1800.
c [Param] Worker count is set to 8.
c [Main] Search strategy: Iterating Breadth First Search.
c [Main] Search order: 377 222 531 145 299 454 608 106 183 260 338 415 492 569 647 87 125 164 202 241 279 318 357 396 434 473 511 550 588 627 666 77 96 115 135 154 173 192 212 231 250 269 289 308 328 347 367 386 405 424 444 463 482 501 521 540 559 578 598 617 637 656 676 72 82 91 101 110 120 130 140 149 159 168 178 187 197 207 217 226 236 245 255 264 274 284 294 303 313 323 333 342 352 362 372 381 391 400 410 419 429 439 449 458 468 477 487 496 506 516 526 535 545 554 564 573 583 593 603 612 622 632 642 651 661 671 681 70 74 79 84 89 93 98 103 108 112 117 122 127 132 137 142 147 151 156 161 166 170 175 180 185 189 194 199 204 209 214 219 224 228 233 238 243 247 252 257 262 266 271 276 281 286 291 296 301 305 310 315 320 325 330 335 340 344 349 354 359 364 369 374 379 383 388 393 398 402 407 412 417 421 426 431 436 441 446 451 456 460 465 470 475 479 484 489 494 498 503 508 513 518 523 528 533 537 542 547 552 556 561 566 571 575 580 585 590 595 600 605 610 614 619 624 629 634 639 644 649 653 658 663 668 673 678 683 69 71 73 75 78 80 83 85 88 90 92 94 97 99 102 104 107 109 111 113 116 118 121 123 126 128 131 133 136 138 141 143 146 148 150 152 155 157 160 162 165 167 169 171 174 176 179 181 184 186 188 190 193 195 198 200 203 205 208 210 213 215 218 220 223 225 227 229 232 234 237 239 242 244 246 248 251 253 256 258 261 263 265 267 270 272 275 277 280 282 285 287 290 292 295 297 300 302 304 306 309 311 314 316 319 321 324 326 329 331 334 336 339 341 343 345 348 350 353 355 358 360 363 365 368 370 373 375 378 380 382 384 387 389 392 394 397 399 401 403 406 408 411 413 416 418 420 422 425 427 430 432 435 437 440 442 445 447 450 452 455 457 459 461 464 466 469 471 474 476 478 480 483 485 488 490 493 495 497 499 502 504 507 509 512 514 517 519 522 524 527 529 532 534 536 538 541 543 546 548 551 553 555 557 560 562 565 567 570 572 574 576 579 581 584 586 589 591 594 596 599 601 604 606 609 611 613 615 618 620 623 625 628 630 633 635 638 640 643 645 648 650 652 654 657 659 662 664 667 669 672 674 677 679 682 684 76 81 86 95 100 105 114 119 124 129 134 139 144 153 158 163 172 177 182 191 196 201 206 211 216 221 230 235 240 249 254 259 268 273 278 283 288 293 298 307 312 317 322 327 332 337 346 351 356 361 366 371 376 385 390 395 404 409 414 423 428 433 438 443 448 453 462 467 472 481 486 491 500 505 510 515 520 525 530 539 544 549 558 563 568 577 582 587 592 597 602 607 616 621 626 631 636 641 646 655 660 665 670 675 680 685.
c [Main] Encoding and solving for graph: W-685_bus.mtx.rnd.
c [Label = 106] Encoding duration: 527ms.
c [Label = 106] Number of clauses: 508665.
c [Label = 106] Number of variables: 143850.
c [Label = 106] Solving duration: 0 ms.
s [Label = 106] UNSAT (w = 68).
c [Main] Highest label UNSAT is set to 106
c [Label = 145] Encoding duration: 1086ms.
c [Label = 145] Number of clauses: 974074.
c [Label = 145] Number of variables: 241805.
c [Label = 145] Solving duration: 3916 ms.
s [Label = 145] UNSAT (w = 68).
c [Main] Highest label UNSAT is set to 145
c [Label = 183] Encoding duration: 1500ms.
c [Label = 183] Number of clauses: 1299145.
c [Label = 183] Number of variables: 293865.
c [Label = 183] Solving duration: 4736 ms.
s [Label = 183] UNSAT (w = 68).
c [Main] Highest label UNSAT is set to 183
c [Label = 222] Encoding duration: 2043ms.
c [Label = 222] Number of clauses: 1765240.
c [Label = 222] Number of variables: 391820.
c [Label = 222] Solving duration: 6931 ms.
s [Label = 222] UNSAT (w = 68).
c [Main] Highest label UNSAT is set to 222
c [Label = 608] Encoding duration: 7954ms.
c [Label = 608] Number of clauses: 5739897.
c [Label = 608] Number of variables: 1143265.
c [Label = 608] Solving duration: 1218 ms.
s [Label = 608] SAT (w = 68).
Label assignment: 1 69 4 2 205 3 5 6 7 8 9 10 11 12 13 14 15 16 17 83 18 19 20 21 22 23 24 80 74 25 26 27 28 29 30 85 31 32 96 33 34 35 36 37 38 39 40 41 42 43 106 44 45 46 47 92 94 48 49 50 105 51 52 118 53 54 99 55 183 70 121 88 73 56 57 58 59 60 61 62 63 64 65 84 107 66 67 68 101 89 189 71 72 103 142 75 123 76 77 78 79 81 82 130 86 87 90 91 125 148 93 152 119 95 97 98 100 102 104 172 108 109 110 164 111 112 113 114 115 170 116 143 137 138 141 175 117 120 139 182 198 122 210 124 174 186 140 126 127 128 129 131 132 160 133 134 135 136 144 145 171 146 310 229 147 149 167 150 151 153 168 223 154 196 227 155 156 157 158 159 187 161 162 163 165 166 169 173 253 176 177 178 228 179 180 181 184 185 314 251 188 190 191 192 208 193 194 195 217 197 218 299 199 200 201 263 202 203 225 237 278 204 206 207 209 279 211 212 213 214 215 264 216 265 219 220 221 222 258 224 226 68 230 231 232 233 246 234 235 296 300 236 238 239 240 303 241 242 243 261 244 245 309 247 311 248 249 297 250 411 252 254 255 256 257 259 260 262 266 385 358 267 393 268 284 269 275 270 271 272 343 319 301 389 274 316 327 285 276 336 294 320 302 277 280 281 282 283 286 349 287 288 289 334 323 338 290 291 292 298 293 359 355 295 304 305 321 353 306 307 308 330 312 402 313 328 373 315 317 318 322 324 325 326 391 329 331 332 333 356 403 335 337 339 417 360 341 340 375 374 342 344 345 455 346 347 348 350 418 439 351 352 354 404 357 361 362 363 376 429 364 428 365 366 431 367 368 369 370 371 493 372 441 377 432 434 430 397 425 378 379 380 433 381 382 383 514 435 384 386 390 387 419 388 405 392 394 395 436 438 458 396 398 399 522 454 401 400 406 407 408 410 478 409 413 412 414 415 416 420 422 471 474 423 421 424 426 472 427 483 437 538 482 440 443 442 445 447 444 512 446 488 448 449 450 451 452 459 456 457 453 484 460 521 462 505 463 461 464 491 465 466 467 480 528 468 469 470 511 473 475 477 476 485 487 508 479 481 523 498 525 486 497 489 517 490 492 513 494 562 499 495 496 519 500 501 585 502 503 504 197 506 507 509 510 552 569 582 533 587 515 516 518 527 532 524 520 526 535 529 530 531 536 534 101 540 541 537 545 601 539 542 543 544 68 546 584 547 548 549 550 551 553 554 555 589 606 583 556 576 578 557 586 558 559 195 560 570 561 563 564 590 40 1 565 566 567 568 571 572 573 574 575 594 604 183 219 577 86 579 68 580 581 588 593 591 68 592 68 236 595 596 597 598 599 600 602 603 605 607 608 134 13 235 7 133 83 81 26 68 68 68 561 68 16 96 213 68 291 109 68 16 68 304 30 68 68 68 68 136 68 62 48 136 244 25 77 157 67 68 273 478 9 11 67 67 67 67 255 6 67 67 265 150 603 67 153 302 114 220 67 75 67 411 191 
c [Main] Lowest label SAT is set to 608.
c [Label = 299] Encoding duration: 3169ms.
c [Label = 299] Number of clauses: 2557090.
c [Label = 299] Number of variables: 541835.
c [Label = 299] Solving duration: 10213 ms.
s [Label = 299] UNSAT (w = 68).
c [Main] Highest label UNSAT is set to 299
c [Main] Kill lower label pid 260.
c [Label = 260] Encoding duration: 2496ms.
c [Label = 260] Number of clauses: 2090311.
c [Label = 260] Number of variables: 443880.
c [Signal] Signal interruption. Caught signal: SIGTERM (15).
c [Main] Child pid 260 - 717054 terminated by signal 15.
c [Label = 338] Encoding duration: 3490ms.
c [Label = 338] Number of clauses: 2890716.
c [Label = 338] Number of variables: 595265.
c [Label = 338] Solving duration: 10752 ms.
s [Label = 338] UNSAT (w = 68).
c [Main] Highest label UNSAT is set to 338
c [Main] Kill lower label pid 318.
c [Label = 318] Encoding duration: 3390ms.
c [Label = 318] Number of clauses: 2719626.
c [Label = 318] Number of variables: 567865.
c [Signal] Signal interruption. Caught signal: SIGTERM (15).
c [Main] Child pid 318 - 717060 terminated by signal 15.
c [Label = 396] Encoding duration: 4399ms.
c [Label = 396] Number of clauses: 3520716.
c [Label = 396] Number of variables: 719250.
c [Label = 396] Solving duration: 306744 ms.
s [Label = 396] SAT (w = 68).
Label assignment: 1 18 3 277 16 8 76 227 9 6 76 7 129 16 268 76 16 6 76 87 9 18 34 11 19 33 9 204 133 88 16 25 4 18 17 283 1 16 81 76 7 98 73 17 23 16 8 10 8 16 108 54 13 179 17 112 342 18 27 76 314 10 39 189 16 16 306 341 167 93 88 110 144 6 16 16 10 7 13 7 19 18 16 145 348 16 16 76 8 90 192 141 6 337 298 8 1 16 289 17 81 71 10 225 32 21 79 327 84 16 1 8 149 113 87 329 72 21 80 209 16 330 16 186 16 17 14 7 19 94 84 18 89 331 19 280 16 7 16 81 12 8 105 9 274 18 210 328 10 26 16 76 91 16 343 10 76 9 16 158 91 12 76 155 16 29 29 16 8 115 160 101 107 139 87 31 104 363 378 9 24 17 30 8 302 117 16 76 84 8 8 347 224 2 17 145 75 156 231 311 16 107 83 137 76 9 118 107 103 79 326 184 375 93 122 208 20 109 121 106 16 313 125 199 76 198 6 6 107 11 123 211 4 39 102 173 11 76 185 308 187 94 84 87 230 195 142 99 16 40 184 84 16 345 214 281 107 8 355 79 144 76 176 84 258 9 85 292 107 396 76 8 17 8 78 352 107 87 16 175 52 304 285 201 147 271 5 86 28 242 126 8 316 8 229 77 162 255 42 377 11 164 114 191 286 38 8 218 13 107 87 11 344 177 178 155 127 17 238 132 88 202 8 222 142 195 278 76 16 8 217 284 384 260 8 18 307 16 388 189 118 46 56 215 37 18 369 8 356 180 259 134 55 367 391 159 164 188 370 264 8 180 78 349 6 224 51 206 361 87 79 368 68 8 340 126 16 198 382 85 86 77 100 36 292 196 16 191 108 8 184 131 169 137 4 293 35 110 261 309 383 84 130 100 244 16 239 86 8 76 50 213 286 237 247 88 41 44 88 181 119 107 168 75 159 8 252 364 152 16 6 236 45 273 43 287 294 393 263 394 92 6 79 277 47 87 11 49 111 135 155 140 219 9 376 48 79 136 299 170 171 70 76 95 154 15 107 180 290 16 381 155 60 241 295 226 64 84 16 69 254 63 120 380 362 365 186 53 87 155 386 220 183 116 59 184 234 18 84 151 92 351 84 232 174 173 101 180 282 163 85 182 188 128 8 203 246 16 200 67 315 83 251 20 8 79 107 395 332 266 333 324 82 8 86 205 161 233 61 373 6 8 86 7 147 5 276 168 89 155 193 372 161 235 245 74 148 191 157 8 145 389 280 390 138 310 317 248 89 65 86 274 9 84 107 191 270 80 374 366 72 228 312 256 297 87 161 387 385 154 86 95 180 12 197 323 300 371 346 6 325 212 267 221 8 86 360 22 358 391 240 141 81 301 212 281 148 277 84 392 156 334 272 146 76 89 215 156 83 322 166 96 336 320 9 76 262 151 223 250 265 335 156 207 253 288 86 66 155 291 194 143 152 319 124 104 303 379 359 153 318 321 150 279 354 338 62 275 216 339 353 58 249 243 165 57 190 172 97 296 257 350 305 357 269 
c [Main] Lowest label SAT is set to 396.
c [Main] Kill higher label pid 569.
c [Main] Kill higher label pid 415.
c [Main] Kill higher label pid 454.
c [Main] Kill higher label pid 492.
c [Main] Kill higher label pid 531.
c [Label = 454] Encoding duration: 5482ms.
c [Label = 454] Number of clauses: 4151401.
c [Label = 454] Number of variables: 843235.
c [Signal] Signal interruption. Caught signal: SIGTERM (15).
c [Label = 569] Encoding duration: 7203ms.
c [Label = 569] Number of clauses: 5406271.
c [Label = 569] Number of variables: 1089835.
c [Signal] Signal interruption. Caught signal: SIGTERM (15).
c [Label = 415] Encoding duration: 5005ms.
c [Label = 415] Number of clauses: 3817775.
c [Label = 415] Number of variables: 789805.
c [Signal] Signal interruption. Caught signal: SIGTERM (15).
c [Label = 492] Encoding duration: 6133ms.
c [Label = 492] Number of clauses: 4611681.
c [Label = 492] Number of variables: 939820.
c [Signal] Signal interruption. Caught signal: SIGTERM (15).
c [Label = 531] Encoding duration: 6762ms.
c [Label = 531] Number of clauses: 4945306.
c [Label = 531] Number of variables: 993250.
c [Signal] Signal interruption. Caught signal: SIGTERM (15).
c [Main] Child pid 454 - 717047 terminated by signal 15.
c [Main] Child pid 415 - 717057 terminated by signal 15.
c [Main] Child pid 492 - 717058 terminated by signal 15.
c [Main] Child pid 531 - 717044 terminated by signal 15.
c [Main] Child pid 569 - 717059 terminated by signal 15.
c [Label = 357] Encoding duration: 4069ms.
c [Label = 357] Number of clauses: 3187090.
c [Label = 357] Number of variables: 665820.
c [Label = 357] Solving duration: 321355 ms.
s [Label = 357] SAT (w = 68).
Label assignment: 1 37 166 357 229 152 48 124 176 48 48 53 9 48 5 175 48 64 357 116 351 48 48 48 48 48 48 116 41 116 4 48 325 357 48 112 66 48 116 357 48 116 341 35 48 357 48 48 357 29 312 54 48 42 357 333 334 48 48 48 116 259 48 116 48 289 134 2 116 220 116 116 116 48 48 48 153 67 28 48 12 48 48 146 119 311 48 48 116 116 32 48 357 357 184 158 70 48 69 5 84 322 38 357 48 329 48 357 116 345 48 71 116 81 231 346 43 35 37 115 44 69 48 186 108 48 22 342 256 116 118 109 116 106 48 187 105 48 15 91 48 1 354 15 173 48 116 48 48 357 48 73 116 50 136 48 48 48 318 116 120 139 247 184 317 357 344 14 48 98 177 289 242 70 136 48 116 357 79 357 20 48 8 48 83 10 330 332 114 164 78 314 184 133 48 116 41 182 147 229 168 223 289 198 48 172 357 357 205 39 120 155 357 335 153 175 48 184 252 122 60 357 116 1 124 161 48 48 349 48 154 2 48 15 116 152 130 315 48 48 357 144 288 84 357 184 244 85 321 7 13 95 106 286 319 252 299 161 140 65 327 309 9 136 184 48 305 252 116 178 68 48 48 142 116 116 143 105 35 222 49 184 250 170 116 110 249 116 52 117 99 161 137 184 184 116 184 116 116 48 264 116 88 246 150 48 48 48 48 208 116 149 116 125 116 184 307 68 357 48 96 66 184 283 69 357 252 184 51 258 266 173 263 193 343 48 221 58 48 172 116 160 37 180 48 202 116 184 116 219 30 254 48 48 31 56 184 212 116 169 2 252 116 326 26 184 260 116 184 116 188 48 21 167 48 116 21 77 116 192 283 357 210 93 165 270 204 357 180 48 153 48 357 116 77 252 218 116 228 84 48 306 156 116 184 48 8 90 331 48 261 116 339 138 262 116 357 184 181 274 116 116 188 184 184 252 155 21 116 28 159 123 48 355 357 112 148 259 116 62 116 357 252 357 48 116 48 337 116 191 94 24 216 138 340 101 116 157 252 38 102 161 116 357 57 310 116 116 357 19 356 357 17 288 183 15 45 116 48 137 18 48 116 184 85 357 184 116 252 184 200 116 91 98 168 6 357 48 320 349 241 59 116 252 145 308 276 91 271 89 289 141 357 215 46 243 289 10 93 74 221 253 184 203 33 116 173 289 86 81 151 48 184 75 272 211 217 36 56 8 40 184 304 184 121 16 213 285 184 265 225 184 350 47 154 162 127 267 187 236 126 347 251 184 34 201 92 76 129 116 224 269 25 348 184 152 289 175 284 352 254 97 252 257 214 136 184 232 275 172 226 206 227 353 197 55 184 61 179 184 240 168 63 184 163 116 80 268 104 323 131 196 107 255 205 111 234 252 207 103 11 27 239 233 87 116 230 135 192 128 199 184 3 185 23 245 190 235 221 169 189 303 302 113 237 248 298 205 297 72 100 132 301 294 291 280 328 277 316 195 300 293 194 295 296 82 292 273 290 244 336 282 313 324 209 281 279 17 174 278 287 286 238 338 171 
c [Label = 362] Encoding duration: 4826ms.
c [Label = 362] Number of clauses: 3229863.
c [Label = 362] Number of variables: 672670.
c [Signal] Signal interruption. Caught signal: SIGTERM (15).
c [Main] Lowest label SAT is set to 357.
c [Main] Kill higher label pid 362.
c [Main] Kill higher label pid 367.
c [Main] Kill higher label pid 386.
c [Main] Kill higher label pid 377.
c [Label = 367] Encoding duration: 4928ms.
c [Label = 367] Number of clauses: 3272635.
c [Label = 367] Number of variables: 679520.
c [Signal] Signal interruption. Caught signal: SIGTERM (15).
c [Label = 386] Encoding duration: 5171ms.
c [Label = 386] Number of clauses: 3435171.
c [Label = 386] Number of variables: 705550.
c [Signal] Signal interruption. Caught signal: SIGTERM (15).
c [Label = 377] Encoding duration: 4346ms.
c [Label = 377] Number of clauses: 3358180.
c [Label = 377] Number of variables: 693220.
c [Signal] Signal interruption. Caught signal: SIGTERM (15).
c [Main] Child pid 377 - 717042 terminated by signal 15.
c [Main] Child pid 386 - 717119 terminated by signal 15.
c [Main] Child pid 367 - 717118 terminated by signal 15.
c [Main] Child pid 362 - 717122 terminated by signal 15.
c [Label = 340] Encoding duration: 4211ms.
c [Label = 340] Number of clauses: 2903294.
c [Label = 340] Number of variables: 598005.
c [Label = 340] Solving duration: 14442 ms.
s [Label = 340] UNSAT (w = 68).
c [Main] Highest label UNSAT is set to 340
c [Main] Kill lower label pid 339.
c [Label = 339] Encoding duration: 4219ms.
c [Label = 339] Number of clauses: 2899270.
c [Label = 339] Number of variables: 596635.
c [Label = 339] Solving duration: 14391 ms.
s [Label = 339] UNSAT (w = 68).
c [Signal] Signal interruption. Caught signal: SIGTERM (15).
c [Main] Child pid 339 - 717129 terminated by signal 15.
c [Label = 343] Encoding duration: 4316ms.
c [Label = 343] Number of clauses: 3067327.
c [Label = 343] Number of variables: 646640.
c [Label = 343] Solving duration: 284897 ms.
s [Label = 343] SAT (w = 68).
Label assignment: 1 2 343 17 220 1 343 10 341 324 1 343 310 1 1 11 272 341 4 11 1 95 33 230 1 342 343 341 343 1 273 1 335 343 341 271 247 209 1 197 343 343 1 342 8 342 257 343 205 225 342 312 219 342 137 266 343 343 148 343 273 302 343 13 342 1 15 343 5 342 1 205 1 3 343 1 343 342 1 212 2 246 343 2 260 9 273 343 341 123 272 343 1 5 207 343 164 275 343 343 213 312 1 2 343 2 292 260 264 1 139 210 272 342 342 275 342 204 343 272 223 342 3 273 342 1 341 262 236 135 343 218 343 273 266 186 204 253 273 194 211 340 275 1 272 249 189 241 1 273 129 1 306 343 105 331 234 269 1 2 131 343 134 273 1 343 269 240 1 273 1 192 269 146 244 120 259 343 195 172 343 201 254 228 275 231 265 253 196 217 267 341 194 342 269 273 272 342 272 244 239 301 341 338 273 1 109 273 273 275 257 230 151 198 207 205 337 94 159 197 343 1 265 231 245 152 133 343 273 95 168 341 336 342 172 205 195 264 132 343 271 172 202 316 234 267 202 162 325 289 155 65 247 95 186 75 191 259 42 75 152 140 8 3 308 45 341 126 220 333 204 243 245 322 277 190 153 98 195 131 315 32 48 152 94 155 51 165 5 151 144 157 102 50 56 121 109 255 129 71 121 170 80 97 152 27 179 178 6 272 176 6 215 120 171 96 63 228 204 53 8 134 13 296 343 23 281 172 238 73 14 343 121 3 195 11 259 122 20 163 102 209 320 143 26 274 70 191 165 242 339 188 268 94 169 107 123 82 229 327 153 26 116 153 52 176 27 6 188 234 321 113 89 64 203 108 60 19 147 304 90 303 269 83 129 26 188 91 318 96 161 83 86 74 218 230 243 129 70 1 70 217 323 272 199 33 165 222 53 67 172 52 86 215 140 205 77 98 305 12 240 180 221 230 137 220 49 341 237 88 14 239 80 185 160 258 41 106 54 79 173 191 330 309 216 38 181 37 158 213 81 146 147 85 299 166 256 125 15 141 8 319 183 317 182 334 142 314 217 235 69 262 128 137 147 206 332 130 86 224 58 65 36 28 227 130 118 240 102 80 25 3 14 62 112 187 93 270 97 117 147 2 342 20 124 280 68 44 122 226 203 222 125 212 252 89 5 313 134 29 200 144 47 164 84 163 167 91 263 15 214 110 57 342 242 142 295 61 154 31 9 48 125 68 74 56 200 5 154 127 34 18 2 193 30 136 203 165 45 100 208 200 215 163 78 69 290 87 137 35 177 94 1 245 55 248 145 19 24 156 163 311 82 272 184 138 240 4 158 243 119 104 22 329 40 92 297 101 294 114 39 220 172 238 72 43 19 76 191 293 291 99 234 144 137 127 66 149 251 3 229 204 77 10 233 124 343 261 250 343 326 175 287 82 288 59 90 131 107 103 272 278 276 155 3 2 127 243 5 4 307 279 7 194 82 328 102 298 131 80 266 152 172 282 284 111 21 115 150 46 300 283 135 140 286 285 131 89 76 97 16 76 174 69 232 
c [Main] Lowest label SAT is set to 343.
c [Main] Kill higher label pid 354.
c [Main] Kill higher label pid 344.
c [Main] Kill higher label pid 349.
c [Main] Kill higher label pid 352.
c [Main] Kill higher label pid 347.
c [Label = 349] Encoding duration: 4562ms.
c [Label = 349] Number of clauses: 3118654.
c [Label = 349] Number of variables: 654860.
c [Signal] Signal interruption. Caught signal: SIGTERM (15).
c [Label = 354] Encoding duration: 4577ms.
c [Label = 354] Number of clauses: 3161427.
c [Label = 354] Number of variables: 661710.
c [Signal] Signal interruption. Caught signal: SIGTERM (15).
c [Label = 344] Encoding duration: 4497ms.
c [Label = 344] Number of clauses: 3075882.
c [Label = 344] Number of variables: 648010.
c [Signal] Signal interruption. Caught signal: SIGTERM (15).
c [Label = 347] Encoding duration: 4783ms.
c [Label = 347] Number of clauses: 3101545.
c [Label = 347] Number of variables: 652120.
c [Signal] Signal interruption. Caught signal: SIGTERM (15).
c [Label = 352] Encoding duration: 4744ms.
c [Label = 352] Number of clauses: 3144318.
c [Label = 352] Number of variables: 658970.
c [Signal] Signal interruption. Caught signal: SIGTERM (15).
c [Main] Child pid 347 - 717117 terminated by signal 15.
c [Main] Child pid 349 - 717127 terminated by signal 15.
c [Main] Child pid 354 - 717128 terminated by signal 15.
c [Main] Child pid 344 - 717126 terminated by signal 15.
c [Main] Child pid 352 - 717121 terminated by signal 15.
c [Label = 342] Encoding duration: 4597ms.
c [Label = 342] Number of clauses: 3058773.
c [Label = 342] Number of variables: 645270.
c [Label = 342] Solving duration: 378907 ms.
s [Label = 342] SAT (w = 68).
Label assignment: 163 197 18 23 17 21 16 22 165 18 73 17 318 16 21 23 18 197 293 86 128 14 14 155 21 22 20 95 142 86 10 20 18 307 22 86 6 18 86 16 22 306 17 19 156 16 29 23 17 19 259 18 18 93 275 165 159 30 323 243 187 86 121 130 16 22 240 118 92 138 222 83 91 17 16 17 1 30 23 11 86 84 21 98 204 117 174 17 84 232 308 14 22 3 272 79 14 17 95 21 157 16 19 213 21 16 84 14 84 312 204 193 311 203 89 326 172 17 23 196 202 84 25 155 197 87 14 14 195 86 83 15 127 1 23 136 303 20 70 86 291 298 87 48 86 231 342 28 14 18 144 22 155 325 83 190 22 10 27 153 99 340 21 196 17 1 20 86 18 86 267 92 262 86 187 22 108 80 86 31 12 14 22 14 16 155 30 207 189 154 71 252 256 50 18 342 289 98 320 20 16 191 195 192 227 20 284 301 342 342 342 275 188 93 261 226 19 256 342 129 19 188 249 95 14 155 196 22 16 20 261 272 17 22 204 342 47 86 21 233 159 136 94 130 272 166 43 69 18 14 17 86 87 278 342 253 49 221 342 196 191 21 260 81 168 155 91 97 281 163 16 317 17 20 86 92 35 84 30 84 22 210 113 149 85 250 274 296 45 248 342 214 23 16 191 16 191 86 22 220 342 279 17 231 286 15 188 16 226 92 40 52 95 101 151 192 158 14 287 22 17 89 124 215 95 193 85 197 23 44 92 192 89 254 188 14 342 19 16 125 89 36 33 161 324 314 17 37 310 236 244 239 34 20 19 196 88 258 252 261 184 218 342 22 182 264 118 264 86 329 342 338 14 84 21 217 23 192 255 92 204 15 5 19 275 261 56 331 172 71 42 27 88 90 315 249 20 194 266 1 23 313 116 93 19 15 201 92 82 21 17 93 341 86 4 219 226 309 17 245 190 211 188 342 87 195 24 193 150 14 17 92 316 131 26 16 230 336 148 16 103 16 277 139 22 16 342 16 84 267 230 18 305 20 330 23 109 242 275 198 76 89 146 333 297 230 342 110 241 17 274 267 143 206 16 300 187 91 22 299 22 22 84 224 41 92 88 247 92 223 188 270 86 322 23 267 18 100 276 170 85 321 334 267 140 173 275 104 261 107 89 112 260 208 16 328 69 162 267 77 265 85 235 58 74 339 249 272 188 54 342 19 92 17 17 342 84 82 17 39 23 225 295 267 179 14 294 288 57 275 160 256 62 337 275 59 178 187 51 155 89 267 200 229 20 63 292 269 72 335 319 332 16 177 209 251 86 61 64 111 272 164 134 342 285 106 86 257 199 212 271 114 238 14 97 263 87 60 38 16 53 176 304 228 183 180 290 204 22 342 129 92 115 262 231 196 237 96 105 87 55 302 267 123 9 90 175 169 283 102 97 32 342 18 30 89 268 135 181 120 342 342 122 66 78 230 133 7 119 67 282 138 152 46 230 327 141 68 185 126 75 258 264 342 145 246 132 171 216 65 205 280 238 147 342 13 167 137 8 273 27 234 2 27 186 
c [Main] Lowest label SAT is set to 342.
c [Label = 341] Encoding duration: 4265ms.
c [Label = 341] Number of clauses: 3050218.
c [Label = 341] Number of variables: 643900.
c [Label = 341] Solving duration: 384524 ms.
s [Label = 341] SAT (w = 68).
Label assignment: 6 243 49 73 56 53 49 49 123 49 62 49 204 55 55 137 341 48 58 193 208 38 53 89 71 80 42 124 192 164 54 40 233 126 58 177 126 191 55 137 13 6 317 49 44 140 29 138 41 83 268 55 92 75 124 272 188 123 49 56 150 57 10 161 65 97 58 37 166 273 341 331 142 49 138 330 69 64 56 58 323 54 55 137 122 54 49 63 53 230 259 326 157 125 260 312 341 149 218 123 123 1 185 167 125 49 314 59 55 35 52 69 124 183 159 56 47 57 49 126 43 39 33 188 305 78 333 300 49 126 259 55 154 54 57 254 76 21 205 180 61 48 55 70 113 53 102 56 49 297 69 49 205 68 315 125 137 322 14 54 238 124 137 261 152 35 139 126 137 121 229 127 56 38 191 59 304 341 117 55 193 332 58 12 57 125 151 57 55 42 241 248 173 49 88 131 225 125 319 234 135 123 24 125 33 313 1 191 184 94 205 191 193 194 27 55 52 193 244 52 124 55 55 193 54 136 122 2 124 138 121 204 137 49 131 1 126 126 49 198 235 136 185 260 206 341 93 137 341 339 49 110 55 187 74 227 316 3 55 165 206 212 187 85 36 123 153 341 341 341 53 325 57 58 109 132 123 209 143 197 7 307 262 132 249 101 98 204 96 126 1 54 311 181 186 55 231 57 147 208 55 57 125 232 149 49 5 60 135 127 237 123 170 55 262 273 168 267 97 49 55 236 103 20 218 341 274 139 92 16 46 277 124 211 127 52 205 123 55 120 124 205 56 246 55 245 90 158 125 55 191 54 250 257 59 192 223 258 84 205 55 264 123 55 186 199 190 204 54 107 25 54 55 126 105 55 18 205 117 117 72 321 255 310 99 55 49 189 196 14 140 55 137 177 239 66 126 116 1 69 11 204 55 145 118 169 341 91 131 15 50 126 275 183 276 171 194 81 299 55 123 191 119 124 56 163 55 30 148 57 55 240 55 1 252 55 55 201 136 55 31 123 216 230 79 127 6 123 123 272 253 327 228 308 298 55 205 125 278 137 115 123 303 23 140 53 176 125 266 4 341 133 28 137 112 56 58 121 67 150 309 58 263 178 213 199 251 256 193 272 214 203 125 77 129 55 106 306 262 196 72 9 1 54 341 202 128 34 246 341 320 20 262 189 108 183 137 257 117 55 206 256 55 55 51 55 256 273 123 341 125 55 160 130 52 194 58 217 100 123 60 206 55 195 341 59 55 221 341 23 273 200 123 329 267 56 165 211 190 32 87 165 192 207 45 211 111 271 141 124 124 279 242 205 134 193 58 55 264 58 55 182 273 55 318 337 193 341 125 22 193 166 124 55 196 125 24 99 4 147 280 340 283 247 155 240 292 324 200 133 126 222 123 224 82 253 124 263 175 189 56 124 336 31 114 126 95 220 265 54 259 219 281 226 219 55 123 146 210 55 138 341 58 201 156 144 54 127 162 19 59 335 174 338 215 341 179 334 282 8 302 172 86 301 218 104 294 17 270 26 261 212 284 285 293 295 291 290 328 288 296 287 289 286 269 
c [Main] Lowest label SAT is set to 341.
c [Signal] Signal interruption. Caught signal: SIGTERM (15).
c [Main] All children have completed.
r [Main] 
r [Main] Final results: 
r [Main] Lowest label SAT:  	341.
r [Main] Highest label UNSAT:	340.
r [Main] Total real time: 759689 ms.
r [Main] Total memory consumed: 11242.1 MB.
r [Main] 
