c [Version] Minimize Makespan Labeling Encoder version 1.0.0.
c [Param] LB is predefined as 59.
c [Param] UB is predefined as 357.
c [Param] Memory limit is set to 30000.
c [Param] Real time limit is set to 1800.
c [Param] Worker count is set to 8.
c [Param] Max CNF size is set to 10.
c [Main] Search strategy: Iterating Breadth First Search.
c [Main] Search order: 208 133 283 95 170 245 320 76 114 151 189 226 264 301 339 67 85 104 123 142 160 179 198 217 235 254 273 292 310 329 348 62 71 80 90 99 109 118 128 137 146 155 165 174 184 193 203 212 221 230 240 249 259 268 278 287 296 305 315 324 334 343 353 60 64 69 73 78 82 87 92 97 101 106 111 116 120 125 130 135 139 144 148 153 157 162 167 172 176 181 186 191 195 200 205 210 214 219 223 228 232 237 242 247 251 256 261 266 270 275 280 285 289 294 298 303 307 312 317 322 326 331 336 341 345 350 355 59 61 63 65 68 70 72 74 77 79 81 83 86 88 91 93 96 98 100 102 105 107 110 112 115 117 119 121 124 126 129 131 134 136 138 140 143 145 147 149 152 154 156 158 161 163 166 168 171 173 175 177 180 182 185 187 190 192 194 196 199 201 204 206 209 211 213 215 218 220 222 224 227 229 231 233 236 238 241 243 246 248 250 252 255 257 260 262 265 267 269 271 274 276 279 281 284 286 288 290 293 295 297 299 302 304 306 308 311 313 316 318 321 323 325 327 330 332 335 337 340 342 344 346 349 351 354 356 66 75 84 89 94 103 108 113 122 127 132 141 150 159 164 169 178 183 188 197 202 207 216 225 234 239 244 253 258 263 272 277 282 291 300 309 314 319 328 333 338 347 352 357.
c [Main] Encoding and solving for graph: X-can__715.mtx.rnd.
c [Label = 76] Encoding duration: 476ms.
c [Label = 76] Number of clauses: 449233.
c [Label = 76] Number of variables: 113254.
c [Label = 76] Solving duration: 0 ms.
s [Label = 76] UNSAT (w = 58).
c [Main] Highest label UNSAT is set to 76
c [Label = 95] Encoding duration: 771ms.
c [Label = 95] Number of clauses: 744787.
c [Label = 95] Number of variables: 141925.
c [Label = 95] Solving duration: 0 ms.
s [Label = 95] UNSAT (w = 58).
c [Main] Highest label UNSAT is set to 95
c [Label = 114] Encoding duration: 1014ms.
c [Label = 114] Number of clauses: 1040342.
c [Label = 114] Number of variables: 170596.
c [Label = 114] Solving duration: 0 ms.
s [Label = 114] UNSAT (w = 58).
c [Main] Highest label UNSAT is set to 114
c [Label = 133] Encoding duration: 1583ms.
c [Label = 133] Number of clauses: 1447091.
c [Label = 133] Number of variables: 238592.
c [Label = 133] Solving duration: 4651 ms.
s [Label = 133] UNSAT (w = 58).
c [Main] Highest label UNSAT is set to 133
c [Label = 151] Encoding duration: 1806ms.
c [Label = 151] Number of clauses: 1727090.
c [Label = 151] Number of variables: 265754.
c [Label = 151] Solving duration: 5143 ms.
s [Label = 151] UNSAT (w = 58).
c [Main] Highest label UNSAT is set to 151
c [Label = 170] Encoding duration: 2277ms.
c [Label = 170] Number of clauses: 2022645.
c [Label = 170] Number of variables: 294425.
c [Label = 170] Solving duration: 5850 ms.
s [Label = 170] UNSAT (w = 58).
c [Main] Highest label UNSAT is set to 170
c [Label = 208] Encoding duration: 3001ms.
c [Label = 208] Number of clauses: 2725664.
c [Label = 208] Number of variables: 391092.
c [Label = 208] Solving duration: 8108 ms.
s [Label = 208] UNSAT (w = 58).
c [Main] Highest label UNSAT is set to 208
c [Main] Kill lower label pid 189.
c [Label = 189] Encoding duration: 2678ms.
c [Label = 189] Number of clauses: 2430109.
c [Label = 189] Number of variables: 362421.
c [Label = 189] Solving duration: 7404 ms.
s [Label = 189] UNSAT (w = 58).
c [Signal] Signal interruption. Caught signal: SIGTERM (15).
c [Main] Child pid 189 - 1347043 terminated by signal 15.
c [Label = 245] Encoding duration: 3976ms.
c [Label = 245] Number of clauses: 3413842.
c [Label = 245] Number of variables: 486250.
c [Label = 245] Solving duration: 10773 ms.
s [Label = 245] UNSAT (w = 58).
c [Main] Highest label UNSAT is set to 245
c [Main] Kill lower label pid 217.
c [Main] Kill lower label pid 226.
c [Label = 217] Encoding duration: 3252ms.
c [Label = 217] Number of clauses: 2865663.
c [Label = 217] Number of variables: 404673.
c [Signal] Signal interruption. Caught signal: SIGTERM (15).
c [Label = 226] Encoding duration: 3374ms.
c [Label = 226] Number of clauses: 3005663.
c [Label = 226] Number of variables: 418254.
c [Signal] Signal interruption. Caught signal: SIGTERM (15).
c [Main] Child pid 217 - 1347052 terminated by signal 15.
c [Main] Child pid 226 - 1347048 terminated by signal 15.
c [Label = 283] Encoding duration: 4801ms.
c [Label = 283] Number of clauses: 4004951.
c [Label = 283] Number of variables: 543592.
c [Label = 283] Solving duration: 12149 ms.
s [Label = 283] UNSAT (w = 58).
c [Main] Highest label UNSAT is set to 283
c [Main] Kill lower label pid 273.
c [Main] Kill lower label pid 254.
c [Main] Kill lower label pid 264.
c [Label = 264] Encoding duration: 4462ms.
c [Label = 264] Number of clauses: 3709397.
c [Label = 264] Number of variables: 514921.
c [Signal] Signal interruption. Caught signal: SIGTERM (15).
c [Signal] Signal interruption. Caught signal: SIGTERM (15).
c [Signal] Signal interruption. Caught signal: SIGTERM (15).
c [Main] Child pid 273 - 1347055 terminated by signal 15.
c [Main] Child pid 254 - 1347054 terminated by signal 15.
c [Main] Child pid 264 - 1347049 terminated by signal 15.
c [Label = 287] Encoding duration: 5082ms.
c [Label = 287] Number of clauses: 4067173.
c [Label = 287] Number of variables: 549628.
c [Label = 287] Solving duration: 13028 ms.
s [Label = 287] UNSAT (w = 58).
c [Main] Highest label UNSAT is set to 287
c [Label = 339] Encoding duration: 5940ms.
c [Label = 339] Number of clauses: 4989399.
c [Label = 339] Number of variables: 667421.
c [Label = 339] Solving duration: 118068 ms.
s [Label = 339] SAT (w = 58).
Label assignment: 104 339 1 339 121 1 1 118 61 281 165 143 339 339 28 1 1 223 257 1 218 26 281 176 59 33 70 223 177 339 175 184 232 1 59 136 30 339 193 339 339 232 1 32 144 176 117 25 1 60 254 12 241 1 150 251 1 100 231 119 270 34 191 281 338 1 339 115 55 141 17 192 339 64 185 179 281 1 229 311 1 339 107 198 339 29 208 123 117 118 58 35 77 150 339 43 223 339 4 195 1 1 165 20 107 217 126 1 130 1 235 223 175 243 223 84 1 59 337 281 281 137 281 250 101 1 14 183 76 186 223 154 245 145 160 152 107 339 59 1 71 179 210 339 1 271 223 192 278 59 116 232 63 142 116 1 1 37 1 93 203 223 120 145 191 281 5 31 232 95 117 339 1 339 339 223 62 92 271 202 51 228 74 178 123 178 81 244 24 181 47 1 168 147 332 233 116 176 52 281 18 268 4 258 1 281 223 267 165 78 339 339 165 182 136 1 168 1 155 197 63 1 339 212 165 335 339 117 102 1 339 1 173 210 163 107 339 339 88 339 227 121 1 339 339 213 339 169 113 42 280 225 339 39 59 339 110 121 15 339 162 220 174 59 281 152 221 281 165 129 1 152 281 137 177 328 255 69 11 281 234 339 202 201 281 27 23 1 327 145 132 223 339 339 339 152 281 281 91 220 171 189 281 76 141 336 13 143 281 339 281 223 235 3 97 119 281 223 59 165 281 1 54 114 46 166 218 57 106 339 234 139 223 127 339 316 59 90 165 251 339 16 165 60 281 223 223 4 339 281 94 165 10 43 281 1 339 1 191 170 252 208 339 160 36 281 1 281 331 281 256 313 339 59 144 334 98 86 135 339 248 62 119 1 194 1 281 339 205 85 183 38 339 224 339 281 124 329 247 59 330 260 208 165 62 176 6 281 187 108 152 61 339 339 339 322 339 281 281 281 213 1 339 1 339 306 126 151 339 165 310 339 1 175 165 339 125 199 281 321 339 1 219 223 223 281 281 119 1 223 199 135 154 315 339 240 309 76 276 286 165 339 339 339 166 112 281 210 281 154 281 143 339 87 288 19 223 126 320 120 158 281 339 223 165 339 61 193 200 7 281 209 287 317 223 295 174 1 210 1 125 285 223 303 302 276 188 207 204 213 291 48 149 223 281 151 246 133 223 300 278 281 272 1 323 268 118 242 339 138 1 83 124 335 173 223 105 89 99 263 146 165 122 1 281 281 167 103 281 281 266 281 121 121 10 274 4 64 59 333 1 53 281 96 211 339 312 267 196 308 187 65 157 212 140 5 172 101 339 324 109 339 159 339 176 79 1 290 269 164 70 275 175 276 281 59 244 281 62 283 84 75 261 75 117 111 50 281 2 147 222 279 284 206 296 131 226 156 339 148 128 62 215 152 108 1 223 273 339 1 153 282 77 61 59 165 277 325 289 297 67 249 208 216 281 326 118 301 73 339 175 218 80 1 318 190 214 22 1 281 281 117 82 314 339 292 339 180 41 265 319 59 66 40 20 121 150 264 262 339 185 239 44 293 9 8 161 60 49 298 68 21 299 45 223 72 259 203 230 304 63 276 119 134 294 307 305 258 223 238 237 236 56 129 253 
c [Main] Lowest label SAT is set to 339.
c [Main] Kill higher label pid 348.
c [Label = 348] Encoding duration: 7039ms.
c [Label = 348] Number of clauses: 5119759.
c [Label = 348] Number of variables: 681002.
c [Signal] Signal interruption. Caught signal: SIGTERM (15).
c [Main] Child pid 348 - 1347059 terminated by signal 15.
c [Label = 320] Encoding duration: 5807ms.
c [Label = 320] Number of clauses: 4693845.
c [Label = 320] Number of variables: 638750.
c [Label = 320] Solving duration: 200084 ms.
s [Label = 320] SAT (w = 58).
Label assignment: 123 259 144 262 1 146 33 320 204 262 30 320 32 52 262 253 1 320 320 2 201 1 204 48 1 115 210 262 66 195 10 146 41 296 306 59 1 204 61 320 204 275 297 204 59 6 156 273 94 262 123 262 320 146 10 320 301 284 320 204 320 302 88 320 262 305 320 271 59 169 320 299 26 236 59 59 88 276 320 51 290 262 123 88 123 209 262 120 195 204 146 58 121 4 4 89 315 204 117 157 320 73 205 192 292 217 69 82 1 1 24 128 214 117 80 103 320 59 118 146 21 314 7 146 320 285 204 262 59 204 128 86 12 43 10 204 222 179 91 241 118 59 195 2 1 1 88 262 204 131 204 320 320 30 206 40 59 262 262 262 12 121 30 181 262 229 250 287 50 116 190 109 60 320 320 320 104 320 204 31 88 204 294 163 1 96 218 128 320 320 128 1 320 149 235 59 59 10 262 171 123 158 166 155 59 153 83 320 24 223 320 143 65 320 1 1 320 219 60 86 237 3 262 262 22 35 73 139 75 45 110 140 320 138 149 116 117 123 320 132 114 258 204 320 37 196 320 47 320 146 281 1 1 95 204 138 15 212 239 320 320 65 148 10 141 254 24 204 232 201 23 320 204 92 86 59 262 238 320 274 320 204 150 201 208 262 7 215 320 1 42 24 320 310 53 14 262 54 262 142 177 10 311 262 5 320 293 320 117 146 204 107 320 1 82 204 320 1 262 117 320 262 262 7 262 288 198 59 262 131 262 10 320 320 262 97 320 262 88 126 264 1 320 202 320 118 242 1 59 17 86 49 226 204 252 10 140 253 320 1 1 204 320 320 1 63 70 188 191 113 10 320 262 86 73 36 55 5 145 123 39 320 8 244 251 203 117 269 44 65 27 1 46 119 320 320 29 1 320 12 117 320 199 189 90 86 226 319 72 59 320 62 98 204 298 69 132 1 146 207 262 146 320 70 185 262 320 145 204 60 193 146 1 174 59 70 86 81 1 291 320 70 128 203 240 124 272 1 128 259 88 59 320 320 220 262 204 193 99 154 320 193 266 200 262 106 320 59 128 12 232 1 88 133 191 20 59 299 152 320 184 320 160 70 16 34 257 1 266 1 182 159 261 262 6 204 1 198 13 87 28 63 211 70 204 108 13 307 120 320 279 174 123 262 225 122 79 320 74 262 129 262 320 262 320 196 189 204 320 255 72 309 146 265 111 164 262 93 127 234 84 195 1 320 1 263 5 213 117 134 75 62 1 1 183 262 180 4 304 158 59 59 221 316 1 246 270 300 278 60 146 204 300 204 1 261 28 59 85 68 38 204 262 77 1 203 320 170 175 174 102 1 28 320 178 71 135 262 133 233 204 125 260 245 86 172 167 86 67 317 283 208 76 262 1 119 162 101 286 105 11 262 284 204 320 65 112 320 256 187 3 186 19 320 262 320 194 91 1 161 151 165 133 128 247 312 18 231 203 320 146 204 303 204 118 204 1 289 74 1 56 204 224 64 313 262 100 78 248 1 318 9 204 173 282 147 57 117 179 204 197 230 280 262 1 277 176 320 130 86 168 320 80 88 243 2 295 202 249 137 227 261 320 1 146 320 136 308 65 267 130 228 216 268 25 
c [Main] Lowest label SAT is set to 320.
c [Main] Kill higher label pid 329.
c [Label = 329] Encoding duration: 6577ms.
c [Label = 329] Number of clauses: 4833844.
c [Label = 329] Number of variables: 652331.
c [Signal] Signal interruption. Caught signal: SIGTERM (15).
c [Main] Child pid 329 - 1347058 terminated by signal 15.
c [Label = 289] Encoding duration: 5186ms.
c [Label = 289] Number of clauses: 4098284.
c [Label = 289] Number of variables: 552646.
c [Label = 289] Solving duration: 12449 ms.
s [Label = 289] UNSAT (w = 58).
c [Main] Highest label UNSAT is set to 289
c [Label = 310] Encoding duration: 5869ms.
c [Label = 310] Number of clauses: 4538290.
c [Label = 310] Number of variables: 623660.
c [Label = 310] Solving duration: 279642 ms.
s [Label = 310] SAT (w = 58).
Label assignment: 244 193 117 171 22 310 78 35 310 310 62 276 63 152 216 12 64 20 63 136 1 194 16 227 252 200 47 59 252 83 1 136 107 20 20 10 252 143 310 310 1 48 85 1 5 1 136 55 33 121 252 136 194 71 310 166 78 136 194 59 1 1 242 310 1 64 76 50 159 194 78 310 232 136 144 265 44 194 179 59 129 1 240 274 104 281 194 238 310 59 214 165 252 310 6 197 69 310 149 252 134 121 11 253 128 19 1 136 124 290 194 310 194 266 66 59 78 310 310 12 279 194 233 136 78 102 20 252 60 302 20 243 244 1 20 194 113 210 194 20 194 310 310 181 252 20 310 310 310 252 184 67 138 136 5 310 8 41 62 310 1 20 184 39 310 114 79 224 77 94 78 203 136 310 190 164 122 282 136 150 270 19 53 305 122 310 229 221 34 310 12 121 310 252 249 310 59 181 83 310 2 99 209 194 103 211 78 59 182 20 1 129 310 129 182 162 219 136 78 1 145 139 59 175 136 100 310 252 78 82 20 121 57 136 136 252 192 175 78 252 120 78 71 310 36 194 59 1 262 252 59 248 236 288 59 1 278 52 31 106 12 70 154 194 220 304 67 78 3 128 310 5 189 56 252 310 308 222 49 259 310 1 136 120 78 157 136 194 194 1 238 283 78 43 69 310 264 136 136 14 5 310 186 60 194 59 268 1 194 131 26 1 194 136 252 1 30 136 310 228 117 310 111 176 62 1 60 112 153 194 1 59 160 310 194 310 188 20 136 310 131 226 78 179 136 286 155 140 78 177 1 148 10 275 136 252 2 82 255 151 194 179 310 310 235 117 252 194 20 213 1 1 225 194 310 146 142 252 310 217 169 299 1 62 310 310 310 310 174 97 1 132 280 194 92 230 194 196 59 250 117 73 310 310 121 245 291 194 6 72 212 180 37 1 86 310 194 310 199 3 301 99 59 136 296 181 194 215 310 38 73 126 194 28 51 310 252 5 310 277 78 194 194 110 310 210 256 1 20 156 136 13 1 184 241 187 1 246 204 252 170 136 194 1 84 32 13 136 70 59 187 194 1 205 1 46 64 310 295 1 134 59 190 128 247 199 175 194 62 293 187 194 95 310 303 59 294 64 274 125 182 158 1 186 284 258 300 93 45 194 78 123 1 252 132 78 182 136 70 1 178 252 60 218 9 23 310 20 1 12 88 285 310 58 201 310 136 306 233 115 73 310 179 310 232 310 1 124 252 194 59 121 183 14 91 187 80 59 42 223 78 234 194 98 195 136 108 252 268 78 310 252 8 135 194 252 59 252 1 78 267 292 141 78 250 109 119 231 273 271 78 163 181 18 4 186 211 59 198 310 1 194 241 116 239 1 14 310 307 7 252 65 78 310 136 1 161 245 297 101 252 90 63 175 25 182 194 66 2 130 233 310 124 194 252 75 133 1 186 168 254 3 193 3 127 245 59 207 310 74 252 78 310 15 147 310 289 81 17 206 152 27 272 310 194 252 208 105 261 172 309 191 310 26 173 21 61 229 207 1 118 298 54 310 257 2 310 185 251 310 96 287 310 260 167 1 228 59 263 6 269 251 1 68 126 237 40 137 24 59 202 29 89 87 310 
c [Main] Lowest label SAT is set to 310.
c [Main] Kill higher label pid 315.
c [Label = 315] Encoding duration: 5930ms.
c [Label = 315] Number of clauses: 4616067.
c [Label = 315] Number of variables: 631205.
c [Signal] Signal interruption. Caught signal: SIGTERM (15).
c [Main] Child pid 315 - 1347087 terminated by signal 15.
c [Label = 305] Encoding duration: 5761ms.
c [Label = 305] Number of clauses: 4460512.
c [Label = 305] Number of variables: 616115.
c [Label = 305] Solving duration: 366452 ms.
s [Label = 305] SAT (w = 58).
Label assignment: 38 247 119 173 285 189 104 247 1 305 189 2 82 219 70 189 189 2 232 305 305 22 131 217 63 140 167 247 247 98 59 131 106 36 44 189 185 128 131 305 131 282 229 154 241 247 138 247 150 188 305 71 247 2 97 61 163 305 122 61 247 206 265 9 59 247 210 239 137 84 71 187 226 1 199 59 288 100 131 198 187 12 3 305 143 99 73 247 127 1 73 202 305 186 189 42 60 305 117 205 73 1 82 240 188 12 5 189 256 238 247 131 221 135 293 73 216 1 305 131 305 274 61 125 5 247 247 189 73 305 247 189 305 305 247 1 132 105 86 305 142 131 119 124 191 131 73 2 231 174 78 247 1 305 77 187 73 305 1 247 287 47 79 252 131 247 117 43 70 73 305 146 189 74 121 41 19 32 131 156 17 305 221 207 247 115 247 79 249 63 49 63 1 102 3 284 264 243 247 129 273 1 297 131 189 34 305 236 179 148 1 173 151 305 1 170 305 52 189 305 221 305 305 61 196 305 305 245 180 55 162 128 6 247 297 262 194 133 122 305 54 247 1 61 222 247 247 189 186 131 59 297 247 103 247 131 57 270 245 10 165 304 96 305 130 131 209 247 305 121 145 181 247 301 305 123 239 247 253 263 305 305 129 131 247 257 305 188 114 305 60 221 189 305 184 90 131 305 85 48 71 58 305 61 73 186 258 15 2 130 8 134 3 131 76 26 248 224 247 228 75 305 237 50 1 181 247 81 280 189 247 61 3 247 189 56 182 71 269 131 171 201 161 2 247 131 121 117 187 189 1 213 116 291 5 84 305 186 247 276 13 305 247 131 33 7 247 296 175 51 71 3 271 60 305 109 2 101 61 60 295 1 305 1 131 71 142 9 294 2 125 247 94 119 214 45 60 180 247 181 20 247 247 131 141 181 149 18 189 61 189 2 80 247 302 247 189 28 247 144 305 2 247 230 178 305 1 305 3 93 189 136 3 15 305 247 183 303 129 200 5 247 147 87 24 277 281 61 182 159 290 247 305 203 305 244 247 259 37 31 23 247 189 189 61 169 247 247 5 247 35 73 305 1 189 53 73 247 305 268 267 61 239 247 305 227 305 305 212 223 117 150 129 275 180 247 218 124 60 172 1 105 305 1 21 168 1 60 152 72 197 67 247 305 121 70 305 63 246 60 15 247 247 305 160 305 1 5 5 186 189 189 65 188 246 247 69 40 147 171 289 305 1 131 88 135 305 305 189 2 62 120 305 1 2 247 73 46 108 113 305 78 27 211 300 189 39 286 59 208 146 3 180 305 73 189 305 189 61 189 112 64 63 190 61 95 189 139 204 126 251 305 237 247 66 235 83 247 305 14 1 4 225 1 178 215 2 305 189 305 60 261 305 255 59 292 126 244 11 305 272 176 305 178 298 61 234 131 305 305 189 305 195 61 2 5 89 4 107 278 25 62 305 247 247 189 305 1 3 189 110 305 233 250 153 5 254 16 61 220 189 1 141 238 124 189 189 174 1 2 61 247 164 158 29 305 111 162 279 61 305 283 66 177 192 155 122 247 3 61 299 131 305 68 30 179 193 3 260 189 92 189 61 189 166 184 91 242 245 157 305 266 118 305 122 
c [Main] Lowest label SAT is set to 305.
c [Main] Kill higher label pid 307.
c [Label = 307] Encoding duration: 5420ms.
c [Label = 307] Number of clauses: 4491623.
c [Label = 307] Number of variables: 619133.
c [Signal] Signal interruption. Caught signal: SIGTERM (15).
c [Main] Child pid 307 - 1347118 terminated by signal 15.
c [Label = 290] Encoding duration: 6132ms.
c [Label = 290] Number of clauses: 4104200.
c [Label = 290] Number of variables: 554155.
c [Label = 290] Solving duration: 14786 ms.
s [Label = 290] UNSAT (w = 58).
c [Main] Highest label UNSAT is set to 290
c [Label = 301] Encoding duration: 5183ms.
c [Label = 301] Number of clauses: 4398290.
c [Label = 301] Number of variables: 610079.
c [Label = 301] Solving duration: 587554 ms.
s [Label = 301] SAT (w = 58).
Label assignment: 151 301 1 259 54 185 173 1 243 137 262 103 293 104 112 121 1 117 243 21 3 7 267 74 59 22 111 301 67 210 59 183 209 1 97 301 219 3 243 126 125 104 1 6 180 64 174 253 197 300 301 30 242 185 180 301 215 185 222 300 301 118 163 266 243 183 209 171 241 301 243 223 293 15 185 301 220 5 243 301 176 301 125 35 257 135 42 65 181 301 120 55 59 301 243 205 243 242 183 167 301 127 130 108 301 261 1 243 301 208 301 212 33 114 243 49 301 81 117 177 243 99 185 1 301 1 301 301 301 133 120 178 7 248 121 215 60 153 31 125 243 59 117 1 118 1 117 243 92 1 299 182 185 270 243 2 1 246 301 243 243 3 260 213 1 264 243 290 64 124 1 211 243 301 301 183 202 4 243 1 200 1 52 17 243 11 126 301 91 301 24 301 243 185 124 234 179 59 263 243 207 170 1 11 127 141 1 117 183 192 125 1 138 1 301 1 129 7 182 249 66 41 67 60 185 29 301 63 69 301 265 1 294 3 301 205 243 1 143 1 45 59 121 243 10 301 243 114 186 175 243 227 18 221 242 1 61 109 273 6 301 243 43 127 196 58 20 241 118 65 127 291 163 84 61 1 185 60 243 194 152 126 175 1 233 85 1 117 301 301 243 127 301 185 37 64 145 38 67 32 301 67 272 69 127 301 238 124 60 185 231 216 242 183 243 232 284 60 183 301 289 295 106 59 105 287 185 87 69 185 185 118 11 301 226 162 243 301 62 1 301 161 1 60 301 125 1 175 184 301 125 158 258 119 243 127 68 123 44 36 127 185 185 243 301 67 5 128 1 245 294 301 182 242 1 159 243 23 301 136 206 59 301 105 1 301 178 243 247 284 142 185 186 217 300 279 243 98 243 64 187 301 185 1 191 243 301 127 243 28 185 127 252 185 169 243 240 285 12 147 59 63 125 301 2 181 301 185 301 168 185 172 301 301 227 301 301 185 123 95 1 119 127 2 111 40 115 301 117 125 1 243 185 221 1 201 185 185 96 127 241 185 301 1 301 282 268 183 243 189 67 198 240 78 117 283 175 243 110 80 86 184 148 1 93 236 243 117 89 193 53 182 125 243 183 301 19 185 229 1 242 275 122 297 113 73 68 107 292 301 65 56 278 60 88 127 127 243 1 243 140 177 9 79 166 125 301 125 301 1 11 67 301 204 127 2 26 27 60 57 154 243 59 117 116 301 184 69 241 301 243 127 281 8 230 164 1 59 125 203 301 94 269 51 276 1 50 65 165 185 68 69 75 301 301 61 301 127 118 301 90 48 61 301 70 286 123 188 144 127 243 69 64 122 127 290 243 301 243 82 59 2 185 13 301 161 146 125 66 185 288 235 256 301 149 157 1 241 298 244 228 243 243 243 2 241 301 155 1 160 183 1 185 243 59 274 63 237 83 34 63 284 1 190 243 224 127 243 120 72 301 1 127 131 16 301 14 301 180 117 66 67 100 156 185 301 25 139 280 214 127 195 122 9 134 39 254 102 124 67 183 76 301 150 101 77 301 218 5 127 47 251 132 199 296 59 71 59 255 1 59 10 125 127 46 250 239 162 1 277 117 104 225 1 271 
c [Main] Lowest label SAT is set to 301.
c [Main] Kill higher label pid 303.
c [Label = 303] Encoding duration: 5197ms.
c [Label = 303] Number of clauses: 4429401.
c [Label = 303] Number of variables: 613097.
c [Signal] Signal interruption. Caught signal: SIGTERM (15).
c [Main] Child pid 303 - 1347117 terminated by signal 15.
c [Label = 298] Encoding duration: 5187ms.
c [Label = 298] Number of clauses: 4351624.
c [Label = 298] Number of variables: 605552.
c [Label = 298] Solving duration: 1420093 ms.
s [Label = 298] SAT (w = 58).
Label assignment: 148 8 64 117 70 298 152 1 5 182 298 282 278 217 298 298 240 96 298 298 298 40 151 298 182 33 48 238 298 64 240 124 285 213 83 182 240 182 182 180 240 228 124 182 2 124 171 32 101 124 298 6 298 114 182 124 198 240 240 6 124 38 206 238 240 108 277 16 84 117 298 244 212 240 152 258 39 64 181 156 124 205 252 8 199 204 11 272 66 6 21 36 240 66 66 6 60 2 199 168 182 240 296 221 155 22 66 60 118 8 124 66 25 215 124 10 267 298 120 59 6 54 122 59 41 2 182 122 190 258 1 240 45 150 240 298 144 6 160 1 64 13 240 65 209 182 117 240 1 182 286 178 138 160 34 298 298 37 298 240 125 283 91 116 124 240 6 97 66 180 6 94 240 269 66 8 159 86 298 167 154 142 79 32 66 95 3 199 237 182 76 123 240 236 239 290 156 1 110 66 240 175 140 90 223 298 93 266 122 98 68 73 105 1 121 19 8 8 240 157 139 145 182 298 298 189 298 124 257 129 298 240 15 202 66 169 60 298 182 182 240 1 66 181 298 62 242 124 250 175 240 240 74 100 298 75 240 172 109 135 298 225 239 298 182 247 298 6 1 298 182 298 290 110 240 182 1 66 240 103 182 182 124 1 35 233 184 2 180 123 240 298 124 298 298 298 230 178 2 251 62 3 1 8 219 4 64 69 240 124 107 8 124 129 182 298 298 174 182 240 124 8 183 2 87 52 64 270 240 3 182 235 182 182 124 164 124 200 85 124 134 207 173 298 240 64 297 127 298 298 180 198 57 298 240 6 240 124 8 26 124 124 81 182 42 262 124 8 65 46 289 298 298 273 298 231 95 59 123 178 111 298 124 298 5 182 47 120 146 58 66 124 271 124 240 158 182 194 253 240 165 240 133 63 161 240 119 124 240 298 298 3 279 124 268 64 59 297 240 218 238 64 182 240 120 182 243 124 298 227 66 226 66 274 5 66 124 240 124 216 298 1 8 131 89 137 92 123 298 8 59 298 214 5 210 59 62 63 50 182 124 66 288 71 295 51 240 126 124 2 88 261 61 194 69 23 176 240 291 220 118 298 182 240 2 99 17 240 276 76 24 124 66 4 263 122 14 124 56 182 240 123 122 248 293 170 298 298 112 180 232 6 113 240 240 298 240 66 240 298 132 182 182 28 18 6 66 66 69 7 298 130 124 117 124 203 177 124 229 294 192 66 6 240 179 1 182 240 249 298 298 182 240 60 238 65 77 4 205 222 298 298 20 166 77 124 298 106 280 123 186 1 49 124 298 65 240 298 124 298 193 298 240 298 240 195 240 284 153 182 224 281 240 260 240 123 211 128 187 1 3 3 6 48 122 232 163 180 298 246 122 1 4 188 182 62 80 147 256 147 29 141 62 298 31 59 124 240 1 298 122 72 298 240 1 240 185 66 8 44 2 66 182 149 240 68 123 12 182 64 143 118 82 1 287 242 9 276 298 196 122 259 78 180 115 2 298 162 298 53 208 6 55 30 292 67 298 275 1 6 124 104 191 182 298 265 182 2 66 122 241 64 201 1 43 1 264 298 255 298 1 298 124 254 27 122 245 136 240 102 197 234 1 124 298 
c [Main] Lowest label SAT is set to 298.
c [Main] Kill higher label pid 299.
c [Label = 299] Encoding duration: 5294ms.
c [Label = 299] Number of clauses: 4367179.
c [Label = 299] Number of variables: 607061.
c [Signal] Signal interruption. Caught signal: SIGTERM (15).
c [Main] Child pid 299 - 1347600 terminated by signal 15.
c [Label = 291] Encoding duration: 5384ms.
c [Label = 291] Number of clauses: 4242735.
c [Label = 291] Number of variables: 594989.
c [Signal] Signal interruption. Caught signal: SIGTERM (15).
c [Label = 297] Encoding duration: 5345ms.
c [Label = 297] Number of clauses: 4336068.
c [Label = 297] Number of variables: 604043.
c [Signal] Signal interruption. Caught signal: SIGTERM (15).
c [Label = 295] Encoding duration: 6679ms.
c [Label = 295] Number of clauses: 4304957.
c [Label = 295] Number of variables: 601025.
c [Signal] Signal interruption. Caught signal: SIGTERM (15).
c [Label = 296] Encoding duration: 5276ms.
c [Label = 296] Number of clauses: 4320513.
c [Label = 296] Number of variables: 602534.
c [Signal] Signal interruption. Caught signal: SIGTERM (15).
c [Label = 294] Encoding duration: 5558ms.
c [Label = 294] Number of clauses: 4289402.
c [Label = 294] Number of variables: 599516.
c [Signal] Signal interruption. Caught signal: SIGTERM (15).
c [Label = 292] Encoding duration: 5096ms.
c [Label = 292] Number of clauses: 4258291.
c [Label = 292] Number of variables: 596498.
c [Signal] Signal interruption. Caught signal: SIGTERM (15).
c [Main] Lim pid ends with result: 254.
c [Main] All children have completed.
r [Main] 
r [Main] Final results: 
r [Main] Lowest label SAT:  	298.
r [Main] Highest label UNSAT:	290.
r [Main] Total real time: 1812851 ms.
r [Main] Total memory consumed: 11246.3 MB.
r [Main] 
c [Label = 293] Encoding duration: 6529ms.
c [Label = 293] Number of clauses: 4273846.
c [Label = 293] Number of variables: 598007.
c [Signal] Signal interruption. Caught signal: SIGTERM (15).
