c [Version] Minimize Makespan Labeling Encoder version 1.0.0.
c [Param] Target value is set to 90.
c [Param] LB is predefined as 91.
c [Param] UB is predefined as 318.
c [Param] Target value is set to Antibandwidth.
c [Param] Vertices mode is set to Has hole.
c [Param] Result verification is ON.
c [Param] Memory limit is set to 30000.
c [Param] Real time limit is set to 1800.
c [Param] Max CNF size is set to 10.
c [Main] Search strategy: Incremental from upper bound.
c [Main] Encoding and solving for graph: O-impcol_d.mtx.rnd.
c [Incremental] Minimize Makespan Labeling problem (O-impcol_d.mtx.rnd):
c [Incremental] Encoding starts with target value = 90:
c [Incremental] Encoding duration: 2127ms.
c [Incremental] Number of clauses: 2009151.
c [Incremental] Number of variables: 343447.
c [Incremental] Solving for max label = 318:
c [Incremental] Solving duration: 7566 ms.
s [Incremental] SAT (label = 318).
c [Incremental] Label assignment: 1 1 1 1 1 1 1 1 1 1 1 1 1 91 1 1 1 1 1 91 1 1 1 138 1 1 91 91 1 1 91 91 318 1 91 1 1 1 91 1 1 1 1 1 91 1 1 91 1 181 1 1 1 91 1 318 91 91 91 1 181 1 1 91 1 91 228 181 181 91 1 91 1 1 1 1 1 318 1 1 228 138 1 228 1 91 1 1 1 138 1 91 91 1 181 1 91 91 1 1 91 138 91 181 91 91 183 181 181 181 181 271 228 181 91 1 1 1 1 271 1 1 1 1 91 271 91 1 181 91 1 138 1 91 271 91 271 271 318 228 91 318 138 91 1 1 1 91 273 91 271 271 91 1 181 1 1 91 91 1 1 181 181 91 91 181 138 1 181 91 91 91 181 1 271 318 181 91 181 91 91 91 1 1 228 91 318 318 138 318 228 181 318 91 271 271 271 91 91 271 318 91 91 181 318 91 318 181 271 1 318 228 1 181 1 91 91 271 181 181 181 318 282 181 1 1 1 181 181 91 1 91 181 318 1 1 1 1 318 1 228 228 91 1 1 1 91 1 91 1 1 282 91 181 1 91 181 228 181 271 91 191 91 1 93 181 181 1 1 93 318 91 91 228 91 138 138 318 318 98 181 271 181 271 91 181 91 92 228 318 271 138 91 91 1 271 181 181 318 91 271 91 228 1 91 91 1 1 91 181 1 1 318 91 228 1 1 138 228 271 271 271 318 1 228 181 181 228 1 318 228 271 271 1 91 191 91 271 181 181 181 318 228 228 1 97 1 1 91 91 138 91 192 272 91 282 91 318 1 1 318 318 271 1 318 181 1 91 318 91 91 138 318 48 181 228 1 318 181 1 91 181 181 318 182 191 318 1 318 1 181 91 228 91 271 182 271 181 318 228 318 181 181 318 181 271 91 138 181 91 1 318 271 93 318 228 228 1 181 93 228 271 228 1 1 
c [Incremental] Max used label: 318.
c [Incremental] Label 318 is removed from searching.
c [Incremental] Solving for max label = 317:
c [Incremental] Solving duration: 306 ms.
s [Incremental] SAT (label = 317).
c [Incremental] Label assignment: 1 1 1 1 1 1 1 1 1 1 1 1 1 91 1 1 1 1 1 91 1 1 1 137 1 1 91 91 1 1 91 91 317 1 91 1 1 1 91 1 1 1 1 1 91 1 1 91 1 181 1 1 1 91 1 317 91 91 91 1 181 1 1 91 1 91 227 181 181 91 1 91 1 1 1 1 1 317 1 1 227 137 1 227 1 91 1 1 1 137 1 91 91 1 181 1 91 91 1 1 91 137 91 181 91 91 183 181 181 181 181 271 227 181 91 1 1 1 1 271 1 1 1 1 91 271 91 1 181 91 1 137 1 91 271 91 271 271 317 227 91 317 137 91 1 1 1 91 273 91 271 271 91 1 181 1 1 91 91 1 1 181 181 91 91 181 137 1 181 91 91 91 181 1 271 317 181 91 181 91 91 91 1 1 227 91 317 317 137 317 227 181 317 91 271 271 271 91 91 271 317 91 91 181 317 91 317 181 271 1 317 227 1 181 1 91 91 271 181 181 181 317 282 181 1 1 1 181 181 91 1 91 181 317 1 1 1 1 317 1 227 227 91 1 1 1 91 1 91 1 1 282 91 181 1 91 181 227 181 271 91 191 91 1 93 181 181 1 1 93 317 91 91 227 91 137 137 317 317 98 181 271 181 271 91 181 91 92 227 317 271 137 91 91 1 271 181 181 317 91 271 91 227 1 91 91 1 1 91 181 1 1 317 91 227 1 1 137 227 271 271 271 317 1 227 181 181 227 1 317 227 271 271 1 91 191 91 271 181 181 181 317 227 227 1 97 1 1 91 91 137 91 192 272 91 282 91 317 1 1 317 317 271 1 317 181 1 91 317 91 91 137 317 47 181 227 1 317 181 1 91 181 181 317 182 191 317 1 317 1 181 91 227 91 271 182 271 181 317 227 317 181 181 317 181 271 91 137 181 91 1 317 271 93 317 228 227 1 181 93 227 271 227 1 1 
c [Incremental] Max used label: 317.
c [Incremental] Label 317 is removed from searching.
c [Incremental] Solving for max label = 316:
c [Incremental] Solving duration: 305 ms.
s [Incremental] SAT (label = 316).
c [Incremental] Label assignment: 1 1 1 1 1 1 1 1 1 1 1 1 1 91 1 1 1 1 1 91 1 1 1 136 1 1 91 91 1 1 91 91 316 1 91 1 1 1 91 1 1 1 1 1 91 1 1 91 1 181 1 1 1 91 1 316 91 91 91 1 181 1 1 91 1 91 226 181 181 91 1 91 1 1 1 1 1 316 1 1 226 136 1 226 1 91 1 1 1 136 1 91 91 1 181 1 91 91 1 1 91 136 91 181 91 91 183 181 181 181 181 271 226 181 91 1 1 1 1 271 1 1 1 1 91 271 91 1 181 91 1 136 1 91 271 91 271 271 316 226 91 316 136 91 1 1 1 91 273 91 271 271 91 1 181 1 1 91 91 1 1 181 181 91 91 181 136 1 181 91 91 91 181 1 271 316 181 91 181 91 91 91 1 1 226 91 316 316 136 316 226 181 316 91 271 271 271 91 91 271 316 91 91 181 316 91 316 181 271 1 316 226 1 181 1 91 91 271 181 181 181 316 282 181 1 1 1 181 181 91 1 91 181 316 1 1 1 1 316 1 226 226 91 1 1 1 91 1 91 1 1 282 91 181 1 91 181 226 181 271 91 191 91 1 93 181 181 1 1 93 316 91 91 226 91 136 136 316 316 98 181 271 181 271 91 181 91 92 226 316 271 136 91 91 1 271 181 181 316 91 271 91 226 1 91 91 1 1 91 181 1 1 316 91 226 1 1 136 226 271 271 271 316 1 226 181 181 226 1 316 226 271 271 1 91 191 91 271 181 181 181 316 226 226 1 97 1 1 91 91 136 91 192 272 91 282 91 316 1 1 316 316 271 1 316 181 1 91 316 91 91 136 316 46 181 226 1 316 181 1 91 181 181 316 182 191 316 1 316 1 181 91 226 91 271 182 271 181 316 226 316 181 181 316 181 271 91 136 181 91 1 316 271 93 316 228 226 1 181 93 226 271 226 1 1 
c [Incremental] Max used label: 316.
c [Incremental] Label 316 is removed from searching.
c [Incremental] Solving for max label = 315:
c [Incremental] Solving duration: 307 ms.
s [Incremental] SAT (label = 315).
c [Incremental] Label assignment: 1 1 1 1 1 1 1 1 1 1 1 1 1 91 1 1 1 1 1 91 1 1 1 135 1 1 91 91 1 1 91 91 315 1 91 1 1 1 91 1 1 1 1 1 91 1 1 91 1 181 1 1 1 91 1 315 91 91 91 1 181 1 1 91 1 91 225 181 181 91 1 91 1 1 1 1 1 315 1 1 225 135 1 225 1 91 1 1 1 135 1 91 91 1 181 1 91 91 1 1 91 135 91 181 91 91 183 181 181 181 181 271 225 181 91 1 1 1 1 271 1 1 1 1 91 271 91 1 181 91 1 135 1 91 271 91 271 271 315 225 91 315 135 91 1 1 1 91 273 91 271 271 91 1 181 1 1 91 91 1 1 181 181 91 91 181 135 1 181 91 91 91 181 1 271 315 181 91 181 91 91 91 1 1 225 91 315 315 135 315 225 181 315 91 271 271 271 91 91 271 315 91 91 181 315 91 315 181 271 1 315 225 1 181 1 91 91 271 181 181 181 315 282 181 1 1 1 181 181 91 1 91 181 315 1 1 1 1 315 1 225 225 91 1 1 1 91 1 91 1 1 282 91 181 1 91 181 225 181 271 91 191 91 1 93 181 181 1 1 93 315 91 91 225 91 135 135 315 315 98 181 271 181 271 91 181 91 92 225 315 271 135 91 91 1 271 181 181 315 91 271 91 225 1 91 91 1 1 91 181 1 1 315 91 225 1 1 135 225 271 271 271 315 1 225 181 181 225 1 315 225 271 271 1 91 191 91 271 181 181 181 315 225 225 1 97 1 1 91 91 135 91 192 272 91 282 91 315 1 1 315 315 271 1 315 181 1 91 315 91 91 135 315 45 181 225 1 315 181 1 91 181 181 315 182 191 315 1 315 1 181 91 225 91 271 182 271 181 315 225 315 181 181 315 181 271 91 135 181 91 1 315 271 93 315 228 225 1 181 93 225 271 225 1 1 
c [Incremental] Max used label: 315.
c [Incremental] Label 315 is removed from searching.
c [Incremental] Solving for max label = 314:
c [Incremental] Solving duration: 311 ms.
s [Incremental] SAT (label = 314).
c [Incremental] Label assignment: 1 1 1 1 1 1 1 1 1 1 1 1 1 91 1 1 1 1 1 91 1 1 1 134 1 1 91 91 1 1 91 91 314 1 91 1 1 1 91 1 1 1 1 1 91 1 1 91 1 181 1 1 1 91 1 314 91 91 91 1 181 1 1 91 1 91 224 181 181 91 1 91 1 1 1 1 1 314 1 1 224 134 1 224 1 91 1 1 1 134 1 91 91 1 181 1 91 91 1 1 91 134 91 181 91 91 183 181 181 181 181 271 224 181 91 1 1 1 1 271 1 1 1 1 91 271 91 1 181 91 1 134 1 91 271 91 271 271 314 224 91 314 134 91 1 1 1 91 273 91 271 271 91 1 181 1 1 91 91 1 1 181 181 91 91 181 134 1 181 91 91 91 181 1 271 314 181 91 181 91 91 91 1 1 224 91 314 314 134 314 224 181 314 91 271 271 271 91 91 271 314 91 91 181 314 91 314 181 271 1 314 224 1 181 1 91 91 271 181 181 181 314 282 181 1 1 1 181 181 91 1 91 181 314 1 1 1 1 314 1 224 224 91 1 1 1 91 1 91 1 1 282 91 181 1 91 181 224 181 271 91 191 91 1 93 181 181 1 1 93 314 91 91 224 91 134 134 314 314 98 181 271 181 271 91 181 91 92 224 314 271 134 91 91 1 271 181 181 314 91 271 91 224 1 91 91 1 1 91 181 1 1 314 91 224 1 1 134 224 271 271 271 314 1 224 181 181 224 1 314 224 271 271 1 91 191 91 271 181 181 181 314 224 224 1 97 1 1 91 91 134 91 192 272 91 282 91 314 1 1 314 314 271 1 314 181 1 91 314 91 91 134 314 44 181 224 1 314 181 1 91 181 181 314 182 191 314 1 314 1 181 91 224 91 271 182 271 181 314 224 314 181 181 314 181 271 91 134 181 91 1 314 271 93 314 228 224 1 181 93 224 271 224 1 1 
c [Incremental] Max used label: 314.
c [Incremental] Label 314 is removed from searching.
c [Incremental] Solving for max label = 313:
c [Incremental] Solving duration: 307 ms.
s [Incremental] SAT (label = 313).
c [Incremental] Label assignment: 1 1 1 1 1 1 1 1 1 1 1 1 1 91 1 1 1 1 1 91 1 1 1 133 1 1 91 91 1 1 91 91 313 1 91 1 1 1 91 1 1 1 1 1 91 1 1 91 1 181 1 1 1 91 1 313 91 91 91 1 181 1 1 91 1 91 223 181 181 91 1 91 1 1 1 1 1 313 1 1 223 133 1 223 1 91 1 1 1 133 1 91 91 1 181 1 91 91 1 1 91 133 91 181 91 91 183 181 181 181 181 271 223 181 91 1 1 1 1 271 1 1 1 1 91 271 91 1 181 91 1 133 1 91 271 91 271 271 313 223 91 313 133 91 1 1 1 91 273 91 271 271 91 1 181 1 1 91 91 1 1 181 181 91 91 181 133 1 181 91 91 91 181 1 271 313 181 91 181 91 91 91 1 1 223 91 313 313 133 313 223 181 313 91 271 271 271 91 91 271 313 91 91 181 313 91 313 181 271 1 313 223 1 181 1 91 91 271 181 181 181 313 282 181 1 1 1 181 181 91 1 91 181 313 1 1 1 1 313 1 223 223 91 1 1 1 91 1 91 1 1 282 91 181 1 91 181 223 181 271 91 191 91 1 93 181 181 1 1 93 313 91 91 223 91 133 133 313 313 98 181 271 181 271 91 181 91 92 223 313 271 133 91 91 1 271 181 181 313 91 271 91 223 1 91 91 1 1 91 181 1 1 313 91 223 1 1 133 223 271 271 271 313 1 223 181 181 223 1 313 223 271 271 1 91 191 91 271 181 181 181 313 223 223 1 97 1 1 91 91 133 91 192 272 91 282 91 313 1 1 313 313 271 1 313 181 1 91 313 91 91 133 313 43 181 223 1 313 181 1 91 181 181 313 182 191 313 1 313 1 181 91 223 91 271 182 271 181 313 223 313 181 181 313 181 271 91 133 181 91 1 313 271 93 313 228 223 1 181 93 223 271 223 1 1 
c [Incremental] Max used label: 313.
c [Incremental] Label 313 is removed from searching.
c [Incremental] Solving for max label = 312:
c [Incremental] Solving duration: 307 ms.
s [Incremental] SAT (label = 312).
c [Incremental] Label assignment: 1 1 1 1 1 1 1 1 1 1 1 1 1 91 1 1 1 1 1 91 1 1 1 132 1 1 91 91 1 1 91 91 312 1 91 1 1 1 91 1 1 1 1 1 91 1 1 91 1 181 1 1 1 91 1 312 91 91 91 1 181 1 1 91 1 91 222 181 181 91 1 91 1 1 1 1 1 312 1 1 222 132 1 222 1 91 1 1 1 132 1 91 91 1 181 1 91 91 1 1 91 132 91 181 91 91 183 181 181 181 181 271 222 181 91 1 1 1 1 271 1 1 1 1 91 271 91 1 181 91 1 132 1 91 271 91 271 271 312 222 91 312 132 91 1 1 1 91 273 91 271 271 91 1 181 1 1 91 91 1 1 181 181 91 91 181 132 1 181 91 91 91 181 1 271 312 181 91 181 91 91 91 1 1 222 91 312 312 132 312 222 181 312 91 271 271 271 91 91 271 312 91 91 181 312 91 312 181 271 1 312 222 1 181 1 91 91 271 181 181 181 312 282 181 1 1 1 181 181 91 1 91 181 312 1 1 1 1 312 1 222 222 91 1 1 1 91 1 91 1 1 282 91 181 1 91 181 222 181 271 91 191 91 1 93 181 181 1 1 93 312 91 91 222 91 132 132 312 312 98 181 271 181 271 91 181 91 92 222 312 271 132 91 91 1 271 181 181 312 91 271 91 222 1 91 91 1 1 91 181 1 1 312 91 222 1 1 132 222 271 271 271 312 1 222 181 181 222 1 312 222 271 271 1 91 191 91 271 181 181 181 312 222 222 1 97 1 1 91 91 132 91 192 272 91 282 91 312 1 1 312 312 271 1 312 181 1 91 312 91 91 132 312 42 181 222 1 312 181 1 91 181 181 312 182 191 312 1 312 1 181 91 222 91 271 182 271 181 312 222 312 181 181 312 181 271 91 132 181 91 1 312 271 93 312 228 222 1 181 93 222 271 222 1 1 
c [Incremental] Max used label: 312.
c [Incremental] Label 312 is removed from searching.
c [Incremental] Solving for max label = 311:
c [Incremental] Solving duration: 310 ms.
s [Incremental] SAT (label = 311).
c [Incremental] Label assignment: 1 1 1 1 1 1 1 1 1 1 1 1 1 91 1 1 1 1 1 91 1 1 1 131 1 1 91 91 1 1 91 91 311 1 91 1 1 1 91 1 1 1 1 1 91 1 1 91 1 181 1 1 1 91 1 311 91 91 91 1 181 1 1 91 1 91 221 181 181 91 1 91 1 1 1 1 1 311 1 1 221 131 1 221 1 91 1 1 1 131 1 91 91 1 181 1 91 91 1 1 91 131 91 181 91 91 183 181 181 181 181 271 221 181 91 1 1 1 1 271 1 1 1 1 91 271 91 1 181 91 1 131 1 91 271 91 271 271 311 221 91 311 131 91 1 1 1 91 273 91 271 271 91 1 181 1 1 91 91 1 1 181 181 91 91 181 131 1 181 91 91 91 181 1 271 311 181 91 181 91 91 91 1 1 221 91 311 311 131 311 221 181 311 91 271 271 271 91 91 271 311 91 91 181 311 91 311 181 271 1 311 221 1 181 1 91 91 271 181 181 181 311 282 181 1 1 1 181 181 91 1 91 181 311 1 1 1 1 311 1 221 221 91 1 1 1 91 1 91 1 1 282 91 181 1 91 181 221 181 271 91 191 91 1 93 181 181 1 1 93 311 91 91 221 91 131 131 311 311 98 181 271 181 271 91 181 91 92 221 311 271 131 91 91 1 271 181 181 311 91 271 91 221 1 91 91 1 1 91 181 1 1 311 91 221 1 1 131 221 271 271 271 311 1 221 181 181 221 1 311 221 271 271 1 91 191 91 271 181 181 181 311 221 221 1 97 1 1 91 91 131 91 192 272 91 282 91 311 1 1 311 311 271 1 311 181 1 91 311 91 91 131 311 41 181 221 1 311 181 1 91 181 181 311 182 191 311 1 311 1 181 91 221 91 271 182 271 181 311 221 311 181 181 311 181 271 91 131 181 91 1 311 271 93 311 228 221 1 181 93 221 271 221 1 1 
c [Incremental] Max used label: 311.
c [Incremental] Label 311 is removed from searching.
c [Incremental] Solving for max label = 310:
c [Incremental] Solving duration: 307 ms.
s [Incremental] SAT (label = 310).
c [Incremental] Label assignment: 1 1 1 1 1 1 1 1 1 1 1 1 1 91 1 1 1 1 1 91 1 1 1 130 1 1 91 91 1 1 91 91 310 1 91 1 1 1 91 1 1 1 1 1 91 1 1 91 1 181 1 1 1 91 1 310 91 91 91 1 181 1 1 91 1 91 220 181 181 91 1 91 1 1 1 1 1 310 1 1 220 130 1 220 1 91 1 1 1 130 1 91 91 1 181 1 91 91 1 1 91 130 91 181 91 91 183 181 181 181 181 271 220 181 91 1 1 1 1 271 1 1 1 1 91 271 91 1 181 91 1 130 1 91 271 91 271 271 310 220 91 310 130 91 1 1 1 91 273 91 271 271 91 1 181 1 1 91 91 1 1 181 181 91 91 181 130 1 181 91 91 91 181 1 271 310 181 91 181 91 91 91 1 1 220 91 310 310 130 310 220 181 310 91 271 271 271 91 91 271 310 91 91 181 310 91 310 181 271 1 310 220 1 181 1 91 91 271 181 181 181 310 282 181 1 1 1 181 181 91 1 91 181 310 1 1 1 1 310 1 220 220 91 1 1 1 91 1 91 1 1 282 91 181 1 91 181 220 181 271 91 191 91 1 93 181 181 1 1 93 310 91 91 220 91 130 130 310 310 98 181 271 181 271 91 181 91 92 220 310 271 130 91 91 1 271 181 181 310 91 271 91 220 1 91 91 1 1 91 181 1 1 310 91 220 1 1 130 220 271 271 271 310 1 220 181 181 220 1 310 220 271 271 1 91 191 91 271 181 181 181 310 220 220 1 97 1 1 91 91 130 91 192 272 91 282 91 310 1 1 310 310 271 1 310 181 1 91 310 91 91 130 310 40 181 220 1 310 181 1 91 181 181 310 182 191 310 1 310 1 181 91 220 91 271 182 271 181 310 220 310 181 181 310 181 271 91 130 181 91 1 310 271 93 310 228 220 1 181 93 220 271 220 1 1 
c [Incremental] Max used label: 310.
c [Incremental] Label 310 is removed from searching.
c [Incremental] Solving for max label = 309:
c [Incremental] Solving duration: 307 ms.
s [Incremental] SAT (label = 309).
c [Incremental] Label assignment: 1 1 1 1 1 1 1 1 1 1 1 1 1 91 1 1 1 1 1 91 1 1 1 129 1 1 91 91 1 1 91 91 309 1 91 1 1 1 91 1 1 1 1 1 91 1 1 91 1 181 1 1 1 91 1 309 91 91 91 1 181 1 1 91 1 91 219 181 181 91 1 91 1 1 1 1 1 309 1 1 219 129 1 219 1 91 1 1 1 129 1 91 91 1 181 1 91 91 1 1 91 129 91 181 91 91 183 181 181 181 181 271 219 181 91 1 1 1 1 271 1 1 1 1 91 271 91 1 181 91 1 129 1 91 271 91 271 271 309 219 91 309 129 91 1 1 1 91 273 91 271 271 91 1 181 1 1 91 91 1 1 181 181 91 91 181 129 1 181 91 91 91 181 1 271 309 181 91 181 91 91 91 1 1 219 91 309 309 129 309 219 181 309 91 271 271 271 91 91 271 309 91 91 181 309 91 309 181 271 1 309 219 1 181 1 91 91 271 181 181 181 309 282 181 1 1 1 181 181 91 1 91 181 309 1 1 1 1 309 1 219 219 91 1 1 1 91 1 91 1 1 282 91 181 1 91 181 219 181 271 91 191 91 1 93 181 181 1 1 93 309 91 91 219 91 129 129 309 309 98 181 271 181 271 91 181 91 92 219 309 271 129 91 91 1 271 181 181 309 91 271 91 219 1 91 91 1 1 91 181 1 1 309 91 219 1 1 129 219 271 271 271 309 1 219 181 181 219 1 309 219 271 271 1 91 191 91 271 181 181 181 309 219 219 1 97 1 1 91 91 129 91 192 272 91 282 91 309 1 1 309 309 271 1 309 181 1 91 309 91 91 129 309 39 181 219 1 309 181 1 91 181 181 309 182 191 309 1 309 1 181 91 219 91 271 182 271 181 309 219 309 181 181 309 181 271 91 129 181 91 1 309 271 93 309 228 219 1 181 93 219 271 219 1 1 
c [Incremental] Max used label: 309.
c [Incremental] Label 309 is removed from searching.
c [Incremental] Solving for max label = 308:
c [Incremental] Solving duration: 310 ms.
s [Incremental] SAT (label = 308).
c [Incremental] Label assignment: 1 1 1 1 1 1 1 1 1 1 1 1 1 91 1 1 1 1 1 91 1 1 1 128 1 1 91 91 1 1 91 91 308 1 91 1 1 1 91 1 1 1 1 1 91 1 1 91 1 181 1 1 1 91 1 308 91 91 91 1 181 1 1 91 1 91 218 181 181 91 1 91 1 1 1 1 1 308 1 1 218 128 1 218 1 91 1 1 1 128 1 91 91 1 181 1 91 91 1 1 91 128 91 181 91 91 183 181 181 181 181 271 218 181 91 1 1 1 1 271 1 1 1 1 91 271 91 1 181 91 1 128 1 91 271 91 271 271 308 218 91 308 128 91 1 1 1 91 273 91 271 271 91 1 181 1 1 91 91 1 1 181 181 91 91 181 128 1 181 91 91 91 181 1 271 308 181 91 181 91 91 91 1 1 218 91 308 308 128 308 218 181 308 91 271 271 271 91 91 271 308 91 91 181 308 91 308 181 271 1 308 218 1 181 1 91 91 271 181 181 181 308 282 181 1 1 1 181 181 91 1 91 181 308 1 1 1 1 308 1 218 218 91 1 1 1 91 1 91 1 1 282 91 181 1 91 181 218 181 271 91 191 91 1 93 181 181 1 1 93 308 91 91 218 91 128 128 308 308 98 181 271 181 271 91 181 91 92 218 308 271 128 91 91 1 271 181 181 308 91 271 91 218 1 91 91 1 1 91 181 1 1 308 91 218 1 1 128 218 271 271 271 308 1 218 181 181 218 1 308 218 271 271 1 91 191 91 271 181 181 181 308 218 218 1 97 1 1 91 91 128 91 192 272 91 282 91 308 1 1 308 308 271 1 308 181 1 91 308 91 91 128 308 38 181 218 1 308 181 1 91 181 181 308 182 191 308 1 308 1 181 91 218 91 271 182 271 181 308 218 308 181 181 308 181 271 91 128 181 91 1 308 271 93 308 228 218 1 181 93 218 271 218 1 1 
c [Incremental] Max used label: 308.
c [Incremental] Label 308 is removed from searching.
c [Incremental] Solving for max label = 307:
c [Incremental] Solving duration: 306 ms.
s [Incremental] SAT (label = 307).
c [Incremental] Label assignment: 1 1 1 1 1 1 1 1 1 1 1 1 1 91 1 1 1 1 1 91 1 1 1 127 1 1 91 91 1 1 91 91 307 1 91 1 1 1 91 1 1 1 1 1 91 1 1 91 1 181 1 1 1 91 1 307 91 91 91 1 181 1 1 91 1 91 217 181 181 91 1 91 1 1 1 1 1 307 1 1 217 127 1 217 1 91 1 1 1 127 1 91 91 1 181 1 91 91 1 1 91 127 91 181 91 91 183 181 181 181 181 271 217 181 91 1 1 1 1 271 1 1 1 1 91 271 91 1 181 91 1 127 1 91 271 91 271 271 307 217 91 307 127 91 1 1 1 91 273 91 271 271 91 1 181 1 1 91 91 1 1 181 181 91 91 181 127 1 181 91 91 91 181 1 271 307 181 91 181 91 91 91 1 1 217 91 307 307 127 307 217 181 307 91 271 271 271 91 91 271 307 91 91 181 307 91 307 181 271 1 307 217 1 181 1 91 91 271 181 181 181 307 282 181 1 1 1 181 181 91 1 91 181 307 1 1 1 1 307 1 217 217 91 1 1 1 91 1 91 1 1 282 91 181 1 91 181 217 181 271 91 191 91 1 93 181 181 1 1 93 307 91 91 217 91 127 127 307 307 98 181 271 181 271 91 181 91 92 217 307 271 127 91 91 1 271 181 181 307 91 271 91 217 1 91 91 1 1 91 181 1 1 307 91 217 1 1 127 217 271 271 271 307 1 217 181 181 217 1 307 217 271 271 1 91 191 91 271 181 181 181 307 217 217 1 97 1 1 91 91 127 91 192 272 91 282 91 307 1 1 307 307 271 1 307 181 1 91 307 91 91 127 307 37 181 217 1 307 181 1 91 181 181 307 182 191 307 1 307 1 181 91 217 91 271 182 271 181 307 217 307 181 181 307 181 271 91 127 181 91 1 307 271 93 307 228 217 1 181 93 217 271 217 1 1 
c [Incremental] Max used label: 307.
c [Incremental] Label 307 is removed from searching.
c [Incremental] Solving for max label = 306:
c [Incremental] Solving duration: 306 ms.
s [Incremental] SAT (label = 306).
c [Incremental] Label assignment: 1 1 1 1 1 1 1 1 1 1 1 1 1 91 1 1 1 1 1 91 1 1 1 126 1 1 91 91 1 1 91 91 306 1 91 1 1 1 91 1 1 1 1 1 91 1 1 91 1 181 1 1 1 91 1 306 91 91 91 1 181 1 1 91 1 91 216 181 181 91 1 91 1 1 1 1 1 306 1 1 216 126 1 216 1 91 1 1 1 126 1 91 91 1 181 1 91 91 1 1 91 126 91 181 91 91 183 181 181 181 181 271 216 181 91 1 1 1 1 271 1 1 1 1 91 271 91 1 181 91 1 126 1 91 271 91 271 271 306 216 91 306 126 91 1 1 1 91 273 91 271 271 91 1 181 1 1 91 91 1 1 181 181 91 91 181 126 1 181 91 91 91 181 1 271 306 181 91 181 91 91 91 1 1 216 91 306 306 126 306 216 181 306 91 271 271 271 91 91 271 306 91 91 181 306 91 306 181 271 1 306 216 1 181 1 91 91 271 181 181 181 306 282 181 1 1 1 181 181 91 1 91 181 306 1 1 1 1 306 1 216 216 91 1 1 1 91 1 91 1 1 282 91 181 1 91 181 216 181 271 91 191 91 1 93 181 181 1 1 93 306 91 91 216 91 126 126 306 306 98 181 271 181 271 91 181 91 92 216 306 271 126 91 91 1 271 181 181 306 91 271 91 216 1 91 91 1 1 91 181 1 1 306 91 216 1 1 126 216 271 271 271 306 1 216 181 181 216 1 306 216 271 271 1 91 191 91 271 181 181 181 306 216 216 1 97 1 1 91 91 126 91 192 272 91 282 91 306 1 1 306 306 271 1 306 181 1 91 306 91 91 126 306 36 181 216 1 306 181 1 91 181 181 306 182 191 306 1 306 1 181 91 216 91 271 182 271 181 306 216 306 181 181 306 181 271 91 126 181 91 1 306 271 93 306 228 216 1 181 93 216 271 216 1 1 
c [Incremental] Max used label: 306.
c [Incremental] Label 306 is removed from searching.
c [Incremental] Solving for max label = 305:
c [Incremental] Solving duration: 318 ms.
s [Incremental] SAT (label = 305).
c [Incremental] Label assignment: 1 1 1 1 1 1 1 1 1 1 1 1 1 91 1 1 1 1 1 91 1 1 1 125 1 1 91 91 1 1 91 91 305 1 91 1 1 1 91 1 1 1 1 1 91 1 1 91 1 181 1 1 1 91 1 305 91 91 91 1 181 1 1 91 1 91 215 181 181 91 1 91 1 1 1 1 1 305 1 1 215 125 1 215 1 91 1 1 1 125 1 91 91 1 181 1 91 91 1 1 91 125 91 181 91 91 183 181 181 181 181 271 215 181 91 1 1 1 1 271 1 1 1 1 91 271 91 1 181 91 1 125 1 91 271 91 271 271 305 215 91 305 125 91 1 1 1 91 273 91 271 271 91 1 181 1 1 91 91 1 1 181 181 91 91 181 125 1 181 91 91 91 181 1 271 305 181 91 181 91 91 91 1 1 215 91 305 305 125 305 215 181 305 91 271 271 271 91 91 271 305 91 91 181 305 91 305 181 271 1 305 215 1 181 1 91 91 271 181 181 181 305 282 181 1 1 1 181 181 91 1 91 181 305 1 1 1 1 305 1 215 215 91 1 1 1 91 1 91 1 1 282 91 181 1 91 181 215 181 271 91 191 91 1 93 181 181 1 1 93 305 91 91 215 91 125 125 305 305 98 181 271 181 271 91 181 91 92 215 305 271 125 91 91 1 271 181 181 305 91 271 91 215 1 91 91 1 1 91 181 1 1 305 91 215 1 1 125 215 271 271 271 305 1 215 181 181 215 1 305 215 271 271 1 91 191 91 271 181 181 181 305 215 215 1 97 1 1 91 91 125 91 192 272 91 282 91 305 1 1 305 305 271 1 305 181 1 91 305 91 91 125 305 35 181 215 1 305 181 1 91 181 181 305 182 191 305 1 305 1 181 91 215 91 271 182 271 181 305 215 305 181 181 305 181 271 91 125 181 91 1 305 271 93 305 228 215 1 181 93 215 271 215 1 1 
c [Incremental] Max used label: 305.
c [Incremental] Label 305 is removed from searching.
c [Incremental] Solving for max label = 304:
c [Incremental] Solving duration: 310 ms.
s [Incremental] SAT (label = 304).
c [Incremental] Label assignment: 1 1 1 1 1 1 1 1 1 1 1 1 1 91 1 1 1 1 1 91 1 1 1 124 1 1 91 91 1 1 91 91 304 1 91 1 1 1 91 1 1 1 1 1 91 1 1 91 1 181 1 1 1 91 1 304 91 91 91 1 181 1 1 91 1 91 214 181 181 91 1 91 1 1 1 1 1 304 1 1 214 124 1 214 1 91 1 1 1 124 1 91 91 1 181 1 91 91 1 1 91 124 91 181 91 91 183 181 181 181 181 271 214 181 91 1 1 1 1 271 1 1 1 1 91 271 91 1 181 91 1 124 1 91 271 91 271 271 304 214 91 304 124 91 1 1 1 91 273 91 271 271 91 1 181 1 1 91 91 1 1 181 181 91 91 181 124 1 181 91 91 91 181 1 271 304 181 91 181 91 91 91 1 1 214 91 304 304 124 304 214 181 304 91 271 271 271 91 91 271 304 91 91 181 304 91 304 181 271 1 304 214 1 181 1 91 91 271 181 181 181 304 282 181 1 1 1 181 181 91 1 91 181 304 1 1 1 1 304 1 214 214 91 1 1 1 91 1 91 1 1 282 91 181 1 91 181 214 181 271 91 191 91 1 93 181 181 1 1 93 304 91 91 214 91 124 124 304 304 98 181 271 181 271 91 181 91 92 214 304 271 124 91 91 1 271 181 181 304 91 271 91 214 1 91 91 1 1 91 181 1 1 304 91 214 1 1 124 214 271 271 271 304 1 214 181 181 214 1 304 214 271 271 1 91 191 91 271 181 181 181 304 214 214 1 97 1 1 91 91 124 91 192 272 91 282 91 304 1 1 304 304 271 1 304 181 1 91 304 91 91 124 304 34 181 214 1 304 181 1 91 181 181 304 182 191 304 1 304 1 181 91 214 91 271 182 271 181 304 214 304 181 181 304 181 271 91 124 181 91 1 304 271 93 304 228 214 1 181 93 214 271 214 1 1 
c [Incremental] Max used label: 304.
c [Incremental] Label 304 is removed from searching.
c [Incremental] Solving for max label = 303:
c [Incremental] Solving duration: 310 ms.
s [Incremental] SAT (label = 303).
c [Incremental] Label assignment: 1 1 1 1 1 1 1 1 1 1 1 1 1 91 1 1 1 1 1 91 1 1 1 123 1 1 91 91 1 1 91 91 303 1 91 1 1 1 91 1 1 1 1 1 91 1 1 91 1 181 1 1 1 91 1 303 91 91 91 1 181 1 1 91 1 91 213 181 181 91 1 91 1 1 1 1 1 303 1 1 213 123 1 213 1 91 1 1 1 123 1 91 91 1 181 1 91 91 1 1 91 123 91 181 91 91 183 181 181 181 181 271 213 181 91 1 1 1 1 271 1 1 1 1 91 271 91 1 181 91 1 123 1 91 271 91 271 271 303 213 91 303 123 91 1 1 1 91 273 91 271 271 91 1 181 1 1 91 91 1 1 181 181 91 91 181 123 1 181 91 91 91 181 1 271 303 181 91 181 91 91 91 1 1 213 91 303 303 123 303 213 181 303 91 271 271 271 91 91 271 303 91 91 181 303 91 303 181 271 1 303 213 1 181 1 91 91 271 181 181 181 303 282 181 1 1 1 181 181 91 1 91 181 303 1 1 1 1 303 1 213 213 91 1 1 1 91 1 91 1 1 282 91 181 1 91 181 213 181 271 91 191 91 1 93 181 181 1 1 93 303 91 91 213 91 123 123 303 303 98 181 271 181 271 91 181 91 92 213 303 271 123 91 91 1 271 181 181 303 91 271 91 213 1 91 91 1 1 91 181 1 1 303 91 213 1 1 123 213 271 271 271 303 1 213 181 181 213 1 303 213 271 271 1 91 191 91 271 181 181 181 303 213 213 1 97 1 1 91 91 123 91 192 272 91 282 91 303 1 1 303 303 271 1 303 181 1 91 303 91 91 123 303 33 181 213 1 303 181 1 91 181 181 303 182 191 303 1 303 1 181 91 213 91 271 182 271 181 303 213 303 181 181 303 181 271 91 123 181 91 1 303 271 93 303 228 213 1 181 93 213 271 213 1 1 
c [Incremental] Max used label: 303.
c [Incremental] Label 303 is removed from searching.
c [Incremental] Solving for max label = 302:
c [Incremental] Solving duration: 315 ms.
s [Incremental] SAT (label = 302).
c [Incremental] Label assignment: 1 1 1 1 1 1 1 1 1 1 1 1 1 91 1 1 1 1 1 91 1 1 1 122 1 1 91 91 1 1 91 91 302 1 91 1 1 1 91 1 1 1 1 1 91 1 1 91 1 181 1 1 1 91 1 302 91 91 91 1 181 1 1 91 1 91 212 181 181 91 1 91 1 1 1 1 1 302 1 1 212 122 1 212 1 91 1 1 1 122 1 91 91 1 181 1 91 91 1 1 91 122 91 181 91 91 183 181 181 181 181 271 212 181 91 1 1 1 1 271 1 1 1 1 91 271 91 1 181 91 1 122 1 91 271 91 271 271 302 212 91 302 122 91 1 1 1 91 273 91 271 271 91 1 181 1 1 91 91 1 1 181 181 91 91 181 122 1 181 91 91 91 181 1 271 302 181 91 181 91 91 91 1 1 212 91 302 302 122 302 212 181 302 91 271 271 271 91 91 271 302 91 91 181 302 91 302 181 271 1 302 212 1 181 1 91 91 271 181 181 181 302 282 181 1 1 1 181 181 91 1 91 181 302 1 1 1 1 302 1 212 212 91 1 1 1 91 1 91 1 1 282 91 181 1 91 181 212 181 271 91 191 91 1 93 181 181 1 1 93 302 91 91 212 91 122 122 302 302 98 181 271 181 271 91 181 91 92 212 302 271 122 91 91 1 271 181 181 302 91 271 91 212 1 91 91 1 1 91 181 1 1 302 91 212 1 1 122 212 271 271 271 302 1 212 181 181 212 1 302 212 271 271 1 91 191 91 271 181 181 181 302 212 212 1 97 1 1 91 91 122 91 192 272 91 282 91 302 1 1 302 302 271 1 302 181 1 91 302 91 91 122 302 32 181 212 1 302 181 1 91 181 181 302 182 191 302 1 302 1 181 91 212 91 271 182 271 181 302 212 302 181 181 302 181 271 91 122 181 91 1 302 271 93 302 228 212 1 181 93 212 271 212 1 1 
c [Incremental] Max used label: 302.
c [Incremental] Label 302 is removed from searching.
c [Incremental] Solving for max label = 301:
c [Incremental] Solving duration: 313 ms.
s [Incremental] SAT (label = 301).
c [Incremental] Label assignment: 1 1 1 1 1 1 1 1 1 1 1 1 1 91 1 1 1 1 1 91 1 1 1 121 1 1 91 91 1 1 91 91 301 1 91 1 1 1 91 1 1 1 1 1 91 1 1 91 1 181 1 1 1 91 1 301 91 91 91 1 181 1 1 91 1 91 211 181 181 91 1 91 1 1 1 1 1 301 1 1 211 121 1 211 1 91 1 1 1 121 1 91 91 1 181 1 91 91 1 1 91 121 91 181 91 91 183 181 181 181 181 271 211 181 91 1 1 1 1 271 1 1 1 1 91 271 91 1 181 91 1 121 1 91 271 91 271 271 301 211 91 301 121 91 1 1 1 91 273 91 271 271 91 1 181 1 1 91 91 1 1 181 181 91 91 181 121 1 181 91 91 91 181 1 271 301 181 91 181 91 91 91 1 1 211 91 301 301 121 301 211 181 301 91 271 271 271 91 91 271 301 91 91 181 301 91 301 181 271 1 301 211 1 181 1 91 91 271 181 181 181 301 282 181 1 1 1 181 181 91 1 91 181 301 1 1 1 1 301 1 211 211 91 1 1 1 91 1 91 1 1 282 91 181 1 91 181 211 181 271 91 191 91 1 93 181 181 1 1 93 301 91 91 211 91 121 121 301 301 98 181 271 181 271 91 181 91 92 211 301 271 121 91 91 1 271 181 181 301 91 271 91 211 1 91 91 1 1 91 181 1 1 301 91 211 1 1 121 211 271 271 271 301 1 211 181 181 211 1 301 211 271 271 1 91 191 91 271 181 181 181 301 211 211 1 97 1 1 91 91 121 91 192 272 91 282 91 301 1 1 301 301 271 1 301 181 1 91 301 91 91 121 301 31 181 211 1 301 181 1 91 181 181 301 182 191 301 1 301 1 181 91 211 91 271 182 271 181 301 211 301 181 181 301 181 271 91 121 181 91 1 301 271 93 301 228 211 1 181 93 211 271 211 1 1 
c [Incremental] Max used label: 301.
c [Incremental] Label 301 is removed from searching.
c [Incremental] Solving for max label = 300:
c [Incremental] Solving duration: 312 ms.
s [Incremental] SAT (label = 300).
c [Incremental] Label assignment: 1 1 1 1 1 1 1 1 1 1 1 1 1 91 1 1 1 1 1 91 1 1 1 120 1 1 91 91 1 1 91 91 300 1 91 1 1 1 91 1 1 1 1 1 91 1 1 91 1 181 1 1 1 91 1 300 91 91 91 1 181 1 1 91 1 91 210 181 181 91 1 91 1 1 1 1 1 300 1 1 210 120 1 210 1 91 1 1 1 120 1 91 91 1 181 1 91 91 1 1 91 120 91 181 91 91 183 181 181 181 181 271 210 181 91 1 1 1 1 271 1 1 1 1 91 271 91 1 181 91 1 120 1 91 271 91 271 271 300 210 91 300 120 91 1 1 1 91 273 91 271 271 91 1 181 1 1 91 91 1 1 181 181 91 91 181 120 1 181 91 91 91 181 1 271 300 181 91 181 91 91 91 1 1 210 91 300 300 120 300 210 181 300 91 271 271 271 91 91 271 300 91 91 181 300 91 300 181 271 1 300 210 1 181 1 91 91 271 181 181 181 300 282 181 1 1 1 181 181 91 1 91 181 300 1 1 1 1 300 1 210 210 91 1 1 1 91 1 91 1 1 282 91 181 1 91 181 210 181 271 91 191 91 1 93 181 181 1 1 93 300 91 91 210 91 120 120 300 300 98 181 271 181 271 91 181 91 92 210 300 271 120 91 91 1 271 181 181 300 91 271 91 210 1 91 91 1 1 91 181 1 1 300 91 210 1 1 120 210 271 271 271 300 1 210 181 181 210 1 300 210 271 271 1 91 191 91 271 181 181 181 300 210 210 1 97 1 1 91 91 120 91 192 272 91 282 91 300 1 1 300 300 271 1 300 181 1 91 300 91 91 120 300 30 181 210 1 300 181 1 91 181 181 300 182 191 300 1 300 1 181 91 210 91 271 182 271 181 300 210 300 181 181 300 181 271 91 120 181 91 1 300 271 93 300 228 210 1 181 93 210 271 210 1 1 
c [Incremental] Max used label: 300.
c [Incremental] Label 300 is removed from searching.
c [Incremental] Solving for max label = 299:
c [Incremental] Solving duration: 308 ms.
s [Incremental] SAT (label = 299).
c [Incremental] Label assignment: 1 1 1 1 1 1 1 1 1 1 1 1 1 91 1 1 1 1 1 91 1 1 1 119 1 1 91 91 1 1 91 91 299 1 91 1 1 1 91 1 1 1 1 1 91 1 1 91 1 181 1 1 1 91 1 299 91 91 91 1 181 1 1 91 1 91 209 181 181 91 1 91 1 1 1 1 1 299 1 1 209 119 1 209 1 91 1 1 1 119 1 91 91 1 181 1 91 91 1 1 91 119 91 181 91 91 183 181 181 181 181 271 209 181 91 1 1 1 1 271 1 1 1 1 91 271 91 1 181 91 1 119 1 91 271 91 271 271 299 209 91 299 119 91 1 1 1 91 273 91 271 271 91 1 181 1 1 91 91 1 1 181 181 91 91 181 119 1 181 91 91 91 181 1 271 299 181 91 181 91 91 91 1 1 209 91 299 299 119 299 209 181 299 91 271 271 271 91 91 271 299 91 91 181 299 91 299 181 271 1 299 209 1 181 1 91 91 271 181 181 181 299 282 181 1 1 1 181 181 91 1 91 181 299 1 1 1 1 299 1 209 209 91 1 1 1 91 1 91 1 1 282 91 181 1 91 181 209 181 271 91 191 91 1 93 181 181 1 1 93 299 91 91 209 91 119 119 299 299 98 181 271 181 271 91 181 91 92 209 299 271 119 91 91 1 271 181 181 299 91 271 91 209 1 91 91 1 1 91 181 1 1 299 91 209 1 1 119 209 271 271 271 299 1 209 181 181 209 1 299 209 271 271 1 91 191 91 271 181 181 181 299 209 209 1 97 1 1 91 91 119 91 192 272 91 282 91 299 1 1 299 299 271 1 299 181 1 91 299 91 91 119 299 29 181 209 1 299 181 1 91 181 181 299 182 191 299 1 299 1 181 91 209 91 271 182 271 181 299 209 299 181 181 299 181 271 91 119 181 91 1 299 271 93 299 228 209 1 181 93 209 271 209 1 1 
c [Incremental] Max used label: 299.
c [Incremental] Label 299 is removed from searching.
c [Incremental] Solving for max label = 298:
c [Incremental] Solving duration: 310 ms.
s [Incremental] SAT (label = 298).
c [Incremental] Label assignment: 1 1 1 1 1 1 1 1 1 1 1 1 1 91 1 1 1 1 1 91 1 1 1 118 1 1 91 91 1 1 91 91 298 1 91 1 1 1 91 1 1 1 1 1 91 1 1 91 1 181 1 1 1 91 1 298 91 91 91 1 181 1 1 91 1 91 208 181 181 91 1 91 1 1 1 1 1 298 1 1 208 118 1 208 1 91 1 1 1 118 1 91 91 1 181 1 91 91 1 1 91 118 91 181 91 91 183 181 181 181 181 271 208 181 91 1 1 1 1 271 1 1 1 1 91 271 91 1 181 91 1 118 1 91 271 91 271 271 298 208 91 298 118 91 1 1 1 91 273 91 271 271 91 1 181 1 1 91 91 1 1 181 181 91 91 181 118 1 181 91 91 91 181 1 271 298 181 91 181 91 91 91 1 1 208 91 298 298 118 298 208 181 298 91 271 271 271 91 91 271 298 91 91 181 298 91 298 181 271 1 298 208 1 181 1 91 91 271 181 181 181 298 282 181 1 1 1 181 181 91 1 91 181 298 1 1 1 1 298 1 208 208 91 1 1 1 91 1 91 1 1 282 91 181 1 91 181 208 181 271 91 191 91 1 93 181 181 1 1 93 298 91 91 208 91 118 118 298 298 98 181 271 181 271 91 181 91 92 208 298 271 118 91 91 1 271 181 181 298 91 271 91 208 1 91 91 1 1 91 181 1 1 298 91 208 1 1 118 208 271 271 271 298 1 208 181 181 208 1 298 208 271 271 1 91 191 91 271 181 181 181 298 208 208 1 97 1 1 91 91 118 91 192 272 91 282 91 298 1 1 298 298 271 1 298 181 1 91 298 91 91 118 298 28 181 208 1 298 181 1 91 181 181 298 182 191 298 1 298 1 181 91 208 91 271 182 271 181 298 208 298 181 181 298 181 271 91 118 181 91 1 298 271 93 298 228 208 1 181 93 208 271 208 1 1 
c [Incremental] Max used label: 298.
c [Incremental] Label 298 is removed from searching.
c [Incremental] Solving for max label = 297:
c [Incremental] Solving duration: 310 ms.
s [Incremental] SAT (label = 297).
c [Incremental] Label assignment: 1 1 1 1 1 1 1 1 1 1 1 1 1 91 1 1 1 1 1 91 1 1 1 117 1 1 91 91 1 1 91 91 297 1 91 1 1 1 91 1 1 1 1 1 91 1 1 91 1 181 1 1 1 91 1 297 91 91 91 1 181 1 1 91 1 91 207 181 181 91 1 91 1 1 1 1 1 297 1 1 207 117 1 207 1 91 1 1 1 117 1 91 91 1 181 1 91 91 1 1 91 117 91 181 91 91 183 181 181 181 181 271 207 181 91 1 1 1 1 271 1 1 1 1 91 271 91 1 181 91 1 117 1 91 271 91 271 271 297 207 91 297 117 91 1 1 1 91 273 91 271 271 91 1 181 1 1 91 91 1 1 181 181 91 91 181 117 1 181 91 91 91 181 1 271 297 181 91 181 91 91 91 1 1 207 91 297 297 117 297 207 181 297 91 271 271 271 91 91 271 297 91 91 181 297 91 297 181 271 1 297 207 1 181 1 91 91 271 181 181 181 297 282 181 1 1 1 181 181 91 1 91 181 297 1 1 1 1 297 1 207 207 91 1 1 1 91 1 91 1 1 282 91 181 1 91 181 207 181 271 91 191 91 1 93 181 181 1 1 93 297 91 91 207 91 117 117 297 297 98 181 271 181 271 91 181 91 92 207 297 271 117 91 91 1 271 181 181 297 91 271 91 207 1 91 91 1 1 91 181 1 1 297 91 207 1 1 117 207 271 271 271 297 1 207 181 181 207 1 297 207 271 271 1 91 191 91 271 181 181 181 297 207 207 1 97 1 1 91 91 117 91 192 272 91 282 91 297 1 1 297 297 271 1 297 181 1 91 297 91 91 117 297 27 181 207 1 297 181 1 91 181 181 297 182 191 297 1 297 1 181 91 207 91 271 182 271 181 297 207 297 181 181 297 181 271 91 117 181 91 1 297 271 93 297 228 207 1 181 93 207 271 207 1 1 
c [Incremental] Max used label: 297.
c [Incremental] Label 297 is removed from searching.
c [Incremental] Solving for max label = 296:
c [Incremental] Solving duration: 317 ms.
s [Incremental] SAT (label = 296).
c [Incremental] Label assignment: 1 1 1 1 1 1 1 1 1 1 1 1 1 91 1 1 1 1 1 91 1 1 1 116 1 1 91 91 1 1 91 91 296 1 91 1 1 1 91 1 1 1 1 1 91 1 1 91 1 181 1 1 1 91 1 296 91 91 91 1 181 1 1 91 1 91 206 181 181 91 1 91 1 1 1 1 1 296 1 1 206 116 1 206 1 91 1 1 1 116 1 91 91 1 181 1 91 91 1 1 91 116 91 181 91 91 183 181 181 181 181 271 206 181 91 1 1 1 1 271 1 1 1 1 91 271 91 1 181 91 1 116 1 91 271 91 271 271 296 206 91 296 116 91 1 1 1 91 273 91 271 271 91 1 181 1 1 91 91 1 1 181 181 91 91 181 116 1 181 91 91 91 181 1 271 296 181 91 181 91 91 91 1 1 206 91 296 296 116 296 206 181 296 91 271 271 271 91 91 271 296 91 91 181 296 91 296 181 271 1 296 206 1 181 1 91 91 271 181 181 181 296 282 181 1 1 1 181 181 91 1 91 181 296 1 1 1 1 296 1 206 206 91 1 1 1 91 1 91 1 1 282 91 181 1 91 181 206 181 271 91 191 91 1 93 181 181 1 1 93 296 91 91 206 91 116 116 296 296 98 181 271 181 271 91 181 91 92 206 296 271 116 91 91 1 271 181 181 296 91 271 91 206 1 91 91 1 1 91 181 1 1 296 91 206 1 1 116 206 271 271 271 296 1 206 181 181 206 1 296 206 271 271 1 91 191 91 271 181 181 181 296 206 206 1 97 1 1 91 91 116 91 192 272 91 282 91 296 1 1 296 296 271 1 296 181 1 91 296 91 91 116 296 26 181 206 1 296 181 1 91 181 181 296 182 191 296 1 296 1 181 91 206 91 271 182 271 181 296 206 296 181 181 296 181 271 91 116 181 91 1 296 271 93 296 228 206 1 181 93 206 271 206 1 1 
c [Incremental] Max used label: 296.
c [Incremental] Label 296 is removed from searching.
c [Incremental] Solving for max label = 295:
c [Incremental] Solving duration: 307 ms.
s [Incremental] SAT (label = 295).
c [Incremental] Label assignment: 1 1 1 1 1 1 1 1 1 1 1 1 1 91 1 1 1 1 1 91 1 1 1 115 1 1 91 91 1 1 91 91 295 1 91 1 1 1 91 1 1 1 1 1 91 1 1 91 1 181 1 1 1 91 1 295 91 91 91 1 181 1 1 91 1 91 205 181 181 91 1 91 1 1 1 1 1 295 1 1 205 115 1 205 1 91 1 1 1 115 1 91 91 1 181 1 91 91 1 1 91 115 91 181 91 91 183 181 181 181 181 271 205 181 91 1 1 1 1 271 1 1 1 1 91 271 91 1 181 91 1 115 1 91 271 91 271 271 295 205 91 295 115 91 1 1 1 91 273 91 271 271 91 1 181 1 1 91 91 1 1 181 181 91 91 181 115 1 181 91 91 91 181 1 271 295 181 91 181 91 91 91 1 1 205 91 295 295 115 295 205 181 295 91 271 271 271 91 91 271 295 91 91 181 295 91 295 181 271 1 295 205 1 181 1 91 91 271 181 181 181 295 282 181 1 1 1 181 181 91 1 91 181 295 1 1 1 1 295 1 205 205 91 1 1 1 91 1 91 1 1 282 91 181 1 91 181 205 181 271 91 191 91 1 93 181 181 1 1 93 295 91 91 205 91 115 115 295 295 98 181 271 181 271 91 181 91 92 205 295 271 115 91 91 1 271 181 181 295 91 271 91 205 1 91 91 1 1 91 181 1 1 295 91 205 1 1 115 205 271 271 271 295 1 205 181 181 205 1 295 205 271 271 1 91 191 91 271 181 181 181 295 205 205 1 97 1 1 91 91 115 91 192 272 91 282 91 295 1 1 295 295 271 1 295 181 1 91 295 91 91 115 295 25 181 205 1 295 181 1 91 181 181 295 182 191 295 1 295 1 181 91 205 91 271 182 271 181 295 205 295 181 181 295 181 271 91 115 181 91 1 295 271 93 295 228 205 1 181 93 205 271 205 1 1 
c [Incremental] Max used label: 295.
c [Incremental] Label 295 is removed from searching.
c [Incremental] Solving for max label = 294:
c [Incremental] Solving duration: 306 ms.
s [Incremental] SAT (label = 294).
c [Incremental] Label assignment: 1 1 1 1 1 1 1 1 1 1 1 1 1 91 1 1 1 1 1 91 1 1 1 114 1 1 91 91 1 1 91 91 294 1 91 1 1 1 91 1 1 1 1 1 91 1 1 91 1 181 1 1 1 91 1 294 91 91 91 1 181 1 1 91 1 91 204 181 181 91 1 91 1 1 1 1 1 294 1 1 204 114 1 204 1 91 1 1 1 114 1 91 91 1 181 1 91 91 1 1 91 114 91 181 91 91 183 181 181 181 181 271 204 181 91 1 1 1 1 271 1 1 1 1 91 271 91 1 181 91 1 114 1 91 271 91 271 271 294 204 91 294 114 91 1 1 1 91 273 91 271 271 91 1 181 1 1 91 91 1 1 181 181 91 91 181 114 1 181 91 91 91 181 1 271 294 181 91 181 91 91 91 1 1 204 91 294 294 114 294 204 181 294 91 271 271 271 91 91 271 294 91 91 181 294 91 294 181 271 1 294 204 1 181 1 91 91 271 181 181 181 294 282 181 1 1 1 181 181 91 1 91 181 294 1 1 1 1 294 1 204 204 91 1 1 1 91 1 91 1 1 282 91 181 1 91 181 204 181 271 91 191 91 1 93 181 181 1 1 93 294 91 91 204 91 114 114 294 294 98 181 271 181 271 91 181 91 92 204 294 271 114 91 91 1 271 181 181 294 91 271 91 204 1 91 91 1 1 91 181 1 1 294 91 204 1 1 114 204 271 271 271 294 1 204 181 181 204 1 294 204 271 271 1 91 191 91 271 181 181 181 294 204 204 1 97 1 1 91 91 114 91 192 272 91 282 91 294 1 1 294 294 271 1 294 181 1 91 294 91 91 114 294 24 181 204 1 294 181 1 91 181 181 294 182 191 294 1 294 1 181 91 204 91 271 182 271 181 294 204 294 181 181 294 181 271 91 114 181 91 1 294 271 93 294 228 204 1 181 93 204 271 204 1 1 
c [Incremental] Max used label: 294.
c [Incremental] Label 294 is removed from searching.
c [Incremental] Solving for max label = 293:
c [Incremental] Solving duration: 309 ms.
s [Incremental] SAT (label = 293).
c [Incremental] Label assignment: 1 1 1 1 1 1 1 1 1 1 1 1 1 91 1 1 1 1 1 91 1 1 1 113 1 1 91 91 1 1 91 91 293 1 91 1 1 1 91 1 1 1 1 1 91 1 1 91 1 181 1 1 1 91 1 293 91 91 91 1 181 1 1 91 1 91 203 181 181 91 1 91 1 1 1 1 1 293 1 1 203 113 1 203 1 91 1 1 1 113 1 91 91 1 181 1 91 91 1 1 91 113 91 181 91 91 183 181 181 181 181 271 203 181 91 1 1 1 1 271 1 1 1 1 91 271 91 1 181 91 1 113 1 91 271 91 271 271 293 203 91 293 113 91 1 1 1 91 273 91 271 271 91 1 181 1 1 91 91 1 1 181 181 91 91 181 113 1 181 91 91 91 181 1 271 293 181 91 181 91 91 91 1 1 203 91 293 293 113 293 203 181 293 91 271 271 271 91 91 271 293 91 91 181 293 91 293 181 271 1 293 203 1 181 1 91 91 271 181 181 181 293 282 181 1 1 1 181 181 91 1 91 181 293 1 1 1 1 293 1 203 203 91 1 1 1 91 1 91 1 1 282 91 181 1 91 181 203 181 271 91 191 91 1 93 181 181 1 1 93 293 91 91 203 91 113 113 293 293 98 181 271 181 271 91 181 91 92 203 293 271 113 91 91 1 271 181 181 293 91 271 91 203 1 91 91 1 1 91 181 1 1 293 91 203 1 1 113 203 271 271 271 293 1 203 181 181 203 1 293 203 271 271 1 91 191 91 271 181 181 181 293 203 203 1 97 1 1 91 91 113 91 192 272 91 282 91 293 1 1 293 293 271 1 293 181 1 91 293 91 91 113 293 23 181 203 1 293 181 1 91 181 181 293 182 191 293 1 293 1 181 91 203 91 271 182 271 181 293 203 293 181 181 293 181 271 91 113 181 91 1 293 271 93 293 228 203 1 181 93 203 271 203 1 1 
c [Incremental] Max used label: 293.
c [Incremental] Label 293 is removed from searching.
c [Incremental] Solving for max label = 292:
c [Incremental] Solving duration: 307 ms.
s [Incremental] SAT (label = 292).
c [Incremental] Label assignment: 1 1 1 1 1 1 1 1 1 1 1 1 1 91 1 1 1 1 1 91 1 1 1 112 1 1 91 91 1 1 91 91 292 1 91 1 1 1 91 1 1 1 1 1 91 1 1 91 1 181 1 1 1 91 1 292 91 91 91 1 181 1 1 91 1 91 202 181 181 91 1 91 1 1 1 1 1 292 1 1 202 112 1 202 1 91 1 1 1 112 1 91 91 1 181 1 91 91 1 1 91 112 91 181 91 91 183 181 181 181 181 271 202 181 91 1 1 1 1 271 1 1 1 1 91 271 91 1 181 91 1 112 1 91 271 91 271 271 292 202 91 292 112 91 1 1 1 91 273 91 271 271 91 1 181 1 1 91 91 1 1 181 181 91 91 181 112 1 181 91 91 91 181 1 271 292 181 91 181 91 91 91 1 1 202 91 292 292 112 292 202 181 292 91 271 271 271 91 91 271 292 91 91 181 292 91 292 181 271 1 292 202 1 181 1 91 91 271 181 181 181 292 282 181 1 1 1 181 181 91 1 91 181 292 1 1 1 1 292 1 202 202 91 1 1 1 91 1 91 1 1 282 91 181 1 91 181 202 181 271 91 191 91 1 93 181 181 1 1 93 292 91 91 202 91 112 112 292 292 98 181 271 181 271 91 181 91 92 202 292 271 112 91 91 1 271 181 181 292 91 271 91 202 1 91 91 1 1 91 181 1 1 292 91 202 1 1 112 202 271 271 271 292 1 202 181 181 202 1 292 202 271 271 1 91 191 91 271 181 181 181 292 202 202 1 97 1 1 91 91 112 91 192 272 91 282 91 292 1 1 292 292 271 1 292 181 1 91 292 91 91 112 292 22 181 202 1 292 181 1 91 181 181 292 182 191 292 1 292 1 181 91 202 91 271 182 271 181 292 202 292 181 181 292 181 271 91 112 181 91 1 292 271 93 292 228 202 1 181 93 202 271 202 1 1 
c [Incremental] Max used label: 292.
c [Incremental] Label 292 is removed from searching.
c [Incremental] Solving for max label = 291:
c [Incremental] Solving duration: 310 ms.
s [Incremental] SAT (label = 291).
c [Incremental] Label assignment: 1 1 1 1 1 1 1 1 1 1 1 1 1 91 1 1 1 1 1 91 1 1 1 111 1 1 91 91 1 1 91 91 291 1 91 1 1 1 91 1 1 1 1 1 91 1 1 91 1 181 1 1 1 91 1 291 91 91 91 1 181 1 1 91 1 91 201 181 181 91 1 91 1 1 1 1 1 291 1 1 201 111 1 201 1 91 1 1 1 111 1 91 91 1 181 1 91 91 1 1 91 111 91 181 91 91 183 181 181 181 181 271 201 181 91 1 1 1 1 271 1 1 1 1 91 271 91 1 181 91 1 111 1 91 271 91 271 271 291 201 91 291 111 91 1 1 1 91 273 91 271 271 91 1 181 1 1 91 91 1 1 181 181 91 91 181 111 1 181 91 91 91 181 1 271 291 181 91 181 91 91 91 1 1 201 91 291 291 111 291 201 181 291 91 271 271 271 91 91 271 291 91 91 181 291 91 291 181 271 1 291 201 1 181 1 91 91 271 181 181 181 291 282 181 1 1 1 181 181 91 1 91 181 291 1 1 1 1 291 1 201 201 91 1 1 1 91 1 91 1 1 282 91 181 1 91 181 201 181 271 91 191 91 1 93 181 181 1 1 93 291 91 91 201 91 111 111 291 291 98 181 271 181 271 91 181 91 92 201 291 271 111 91 91 1 271 181 181 291 91 271 91 201 1 91 91 1 1 91 181 1 1 291 91 201 1 1 111 201 271 271 271 291 1 201 181 181 201 1 291 201 271 271 1 91 191 91 271 181 181 181 291 201 201 1 97 1 1 91 91 111 91 192 272 91 282 91 291 1 1 291 291 271 1 291 181 1 91 291 91 91 111 291 21 181 201 1 291 181 1 91 181 181 291 182 191 291 1 291 1 181 91 201 91 271 182 271 181 291 201 291 181 181 291 181 271 91 111 181 91 1 291 271 93 291 228 201 1 181 93 201 271 201 1 1 
c [Incremental] Max used label: 291.
c [Incremental] Label 291 is removed from searching.
c [Incremental] Solving for max label = 290:
c [Incremental] Solving duration: 312 ms.
s [Incremental] SAT (label = 290).
c [Incremental] Label assignment: 1 1 1 1 1 1 1 1 1 1 1 1 1 91 1 1 1 1 1 91 1 1 1 110 1 1 91 91 1 1 91 91 290 1 91 1 1 1 91 1 1 1 1 1 91 1 1 91 1 181 1 1 1 91 1 290 91 91 91 1 181 1 1 91 1 91 200 181 181 91 1 91 1 1 1 1 1 290 1 1 200 110 1 200 1 91 1 1 1 110 1 91 91 1 181 1 91 91 1 1 91 110 91 181 91 91 183 181 181 181 181 271 200 181 91 1 1 1 1 271 1 1 1 1 91 271 91 1 181 91 1 110 1 91 271 91 271 271 290 200 91 290 110 91 1 1 1 91 273 91 271 271 91 1 181 1 1 91 91 1 1 181 181 91 91 181 110 1 181 91 91 91 181 1 271 290 181 91 181 91 91 91 1 1 200 91 290 290 110 290 200 181 290 91 271 271 271 91 91 271 290 91 91 181 290 91 290 181 271 1 290 200 1 181 1 91 91 271 181 181 181 290 282 181 1 1 1 181 181 91 1 91 181 290 1 1 1 1 290 1 200 200 91 1 1 1 91 1 91 1 1 282 91 181 1 91 181 200 181 271 91 191 91 1 93 181 181 1 1 93 290 91 91 200 91 110 110 290 290 98 181 271 181 271 91 181 91 92 200 290 271 110 91 91 1 271 181 181 290 91 271 91 200 1 91 91 1 1 91 181 1 1 290 91 200 1 1 110 200 271 271 271 290 1 200 181 181 200 1 290 200 271 271 1 91 191 91 271 181 181 181 290 200 200 1 97 1 1 91 91 110 91 192 272 91 282 91 290 1 1 290 290 271 1 290 181 1 91 290 91 91 110 290 20 181 200 1 290 181 1 91 181 181 290 182 191 290 1 290 1 181 91 200 91 271 182 271 181 290 200 290 181 181 290 181 271 91 110 181 91 1 290 271 93 290 228 200 1 181 93 200 271 200 1 1 
c [Incremental] Max used label: 290.
c [Incremental] Label 290 is removed from searching.
c [Incremental] Solving for max label = 289:
c [Incremental] Solving duration: 309 ms.
s [Incremental] SAT (label = 289).
c [Incremental] Label assignment: 1 1 1 1 1 1 1 1 1 1 1 1 1 91 1 1 1 1 1 91 1 1 1 109 1 1 91 91 1 1 91 91 289 1 91 1 1 1 91 1 1 1 1 1 91 1 1 91 1 181 1 1 1 91 1 289 91 91 91 1 181 1 1 91 1 91 199 181 181 91 1 91 1 1 1 1 1 289 1 1 199 109 1 199 1 91 1 1 1 109 1 91 91 1 181 1 91 91 1 1 91 109 91 181 91 91 183 181 181 181 181 271 199 181 91 1 1 1 1 271 1 1 1 1 91 271 91 1 181 91 1 109 1 91 271 91 271 271 289 199 91 289 109 91 1 1 1 91 273 91 271 271 91 1 181 1 1 91 91 1 1 181 181 91 91 181 109 1 181 91 91 91 181 1 271 289 181 91 181 91 91 91 1 1 199 91 289 289 109 289 199 181 289 91 271 271 271 91 91 271 289 91 91 181 289 91 289 181 271 1 289 199 1 181 1 91 91 271 181 181 181 289 282 181 1 1 1 181 181 91 1 91 181 289 1 1 1 1 289 1 199 199 91 1 1 1 91 1 91 1 1 282 91 181 1 91 181 199 181 271 91 191 91 1 93 181 181 1 1 93 289 91 91 199 91 109 109 289 289 98 181 271 181 271 91 181 91 92 199 289 271 109 91 91 1 271 181 181 289 91 271 91 199 1 91 91 1 1 91 181 1 1 289 91 199 1 1 109 199 271 271 271 289 1 199 181 181 199 1 289 199 271 271 1 91 191 91 271 181 181 181 289 199 199 1 97 1 1 91 91 109 91 192 272 91 282 91 289 1 1 289 289 271 1 289 181 1 91 289 91 91 109 289 19 181 199 1 289 181 1 91 181 181 289 182 191 289 1 289 1 181 91 199 91 271 182 271 181 289 199 289 181 181 289 181 271 91 109 181 91 1 289 271 93 289 228 199 1 181 93 199 271 199 1 1 
c [Incremental] Max used label: 289.
c [Incremental] Label 289 is removed from searching.
c [Incremental] Solving for max label = 288:
c [Incremental] Solving duration: 310 ms.
s [Incremental] SAT (label = 288).
c [Incremental] Label assignment: 1 1 1 1 1 1 1 1 1 1 1 1 1 91 1 1 1 1 1 91 1 1 1 108 1 1 91 91 1 1 91 91 288 1 91 1 1 1 91 1 1 1 1 1 91 1 1 91 1 181 1 1 1 91 1 288 91 91 91 1 181 1 1 91 1 91 198 181 181 91 1 91 1 1 1 1 1 288 1 1 198 108 1 198 1 91 1 1 1 108 1 91 91 1 181 1 91 91 1 1 91 108 91 181 91 91 183 181 181 181 181 271 198 181 91 1 1 1 1 271 1 1 1 1 91 271 91 1 181 91 1 108 1 91 271 91 271 271 288 198 91 288 108 91 1 1 1 91 273 91 271 271 91 1 181 1 1 91 91 1 1 181 181 91 91 181 108 1 181 91 91 91 181 1 271 288 181 91 181 91 91 91 1 1 198 91 288 288 108 288 198 181 288 91 271 271 271 91 91 271 288 91 91 181 288 91 288 181 271 1 288 198 1 181 1 91 91 271 181 181 181 288 282 181 1 1 1 181 181 91 1 91 181 288 1 1 1 1 288 1 198 198 91 1 1 1 91 1 91 1 1 282 91 181 1 91 181 198 181 271 91 191 91 1 93 181 181 1 1 93 288 91 91 198 91 108 108 288 288 98 181 271 181 271 91 181 91 92 198 288 271 108 91 91 1 271 181 181 288 91 271 91 198 1 91 91 1 1 91 181 1 1 288 91 198 1 1 108 198 271 271 271 288 1 198 181 181 198 1 288 198 271 271 1 91 191 91 271 181 181 181 288 198 198 1 97 1 1 91 91 108 91 192 272 91 282 91 288 1 1 288 288 271 1 288 181 1 91 288 91 91 108 288 18 181 198 1 288 181 1 91 181 181 288 182 191 288 1 288 1 181 91 198 91 271 182 271 181 288 198 288 181 181 288 181 271 91 108 181 91 1 288 271 93 288 228 198 1 181 93 198 271 198 1 1 
c [Incremental] Max used label: 288.
c [Incremental] Label 288 is removed from searching.
c [Incremental] Solving for max label = 287:
c [Incremental] Solving duration: 312 ms.
s [Incremental] SAT (label = 287).
c [Incremental] Label assignment: 1 1 1 1 1 1 1 1 1 1 1 1 1 91 1 1 1 1 1 91 1 1 1 107 1 1 91 91 1 1 91 91 287 1 91 1 1 1 91 1 1 1 1 1 91 1 1 91 1 181 1 1 1 91 1 287 91 91 91 1 181 1 1 91 1 91 197 181 181 91 1 91 1 1 1 1 1 287 1 1 197 107 1 197 1 91 1 1 1 107 1 91 91 1 181 1 91 91 1 1 91 107 91 181 91 91 183 181 181 181 181 271 197 181 91 1 1 1 1 271 1 1 1 1 91 271 91 1 181 91 1 107 1 91 271 91 271 271 287 197 91 287 107 91 1 1 1 91 273 91 271 271 91 1 181 1 1 91 91 1 1 181 181 91 91 181 107 1 181 91 91 91 181 1 271 287 181 91 181 91 91 91 1 1 197 91 287 287 107 287 197 181 287 91 271 271 271 91 91 271 287 91 91 181 287 91 287 181 271 1 287 197 1 181 1 91 91 271 181 181 181 287 282 181 1 1 1 181 181 91 1 91 181 287 1 1 1 1 287 1 197 197 91 1 1 1 91 1 91 1 1 282 91 181 1 91 181 197 181 271 91 191 91 1 93 181 181 1 1 93 287 91 91 197 91 107 107 287 287 98 181 271 181 271 91 181 91 92 197 287 271 107 91 91 1 271 181 181 287 91 271 91 197 1 91 91 1 1 91 181 1 1 287 91 197 1 1 107 197 271 271 271 287 1 197 181 181 197 1 287 197 271 271 1 91 191 91 271 181 181 181 287 197 197 1 97 1 1 91 91 107 91 192 272 91 282 91 287 1 1 287 287 271 1 287 181 1 91 287 91 91 107 287 17 181 197 1 287 181 1 91 181 181 287 182 191 287 1 287 1 181 91 197 91 271 182 271 181 287 197 287 181 181 287 181 271 91 107 181 91 1 287 271 93 287 228 197 1 181 93 197 271 197 1 1 
c [Incremental] Max used label: 287.
c [Incremental] Label 287 is removed from searching.
c [Incremental] Solving for max label = 286:
c [Incremental] Solving duration: 310 ms.
s [Incremental] SAT (label = 286).
c [Incremental] Label assignment: 1 1 1 1 1 1 1 1 1 1 1 1 1 91 1 1 1 1 1 91 1 1 1 106 1 1 91 91 1 1 91 91 286 1 91 1 1 1 91 1 1 1 1 1 91 1 1 91 1 181 1 1 1 91 1 286 91 91 91 1 181 1 1 91 1 91 196 181 181 91 1 91 1 1 1 1 1 286 1 1 196 106 1 196 1 91 1 1 1 106 1 91 91 1 181 1 91 91 1 1 91 106 91 181 91 91 183 181 181 181 181 271 196 181 91 1 1 1 1 271 1 1 1 1 91 271 91 1 181 91 1 106 1 91 271 91 271 271 286 196 91 286 106 91 1 1 1 91 273 91 271 271 91 1 181 1 1 91 91 1 1 181 181 91 91 181 106 1 181 91 91 91 181 1 271 286 181 91 181 91 91 91 1 1 196 91 286 286 106 286 196 181 286 91 271 271 271 91 91 271 286 91 91 181 286 91 286 181 271 1 286 196 1 181 1 91 91 271 181 181 181 286 282 181 1 1 1 181 181 91 1 91 181 286 1 1 1 1 286 1 196 196 91 1 1 1 91 1 91 1 1 282 91 181 1 91 181 196 181 271 91 191 91 1 93 181 181 1 1 93 286 91 91 196 91 106 106 286 286 98 181 271 181 271 91 181 91 92 196 286 271 106 91 91 1 271 181 181 286 91 271 91 196 1 91 91 1 1 91 181 1 1 286 91 196 1 1 106 196 271 271 271 286 1 196 181 181 196 1 286 196 271 271 1 91 191 91 271 181 181 181 286 196 196 1 97 1 1 91 91 106 91 192 272 91 282 91 286 1 1 286 286 271 1 286 181 1 91 286 91 91 106 286 16 181 196 1 286 181 1 91 181 181 286 182 191 286 1 286 1 181 91 196 91 271 182 271 181 286 196 286 181 181 286 181 271 91 106 181 91 1 286 271 93 286 228 196 1 181 93 196 271 196 1 1 
c [Incremental] Max used label: 286.
c [Incremental] Label 286 is removed from searching.
c [Incremental] Solving for max label = 285:
c [Incremental] Solving duration: 309 ms.
s [Incremental] SAT (label = 285).
c [Incremental] Label assignment: 1 1 1 1 1 1 1 1 1 1 1 1 1 91 1 1 1 1 1 91 1 1 1 105 1 1 91 91 1 1 91 91 285 1 91 1 1 1 91 1 1 1 1 1 91 1 1 91 1 181 1 1 1 91 1 285 91 91 91 1 181 1 1 91 1 91 195 181 181 91 1 91 1 1 1 1 1 285 1 1 195 105 1 195 1 91 1 1 1 105 1 91 91 1 181 1 91 91 1 1 91 105 91 181 91 91 183 181 181 181 181 271 195 181 91 1 1 1 1 271 1 1 1 1 91 271 91 1 181 91 1 105 1 91 271 91 271 271 285 195 91 285 105 91 1 1 1 91 273 91 271 271 91 1 181 1 1 91 91 1 1 181 181 91 91 181 105 1 181 91 91 91 181 1 271 285 181 91 181 91 91 91 1 1 195 91 285 285 105 285 195 181 285 91 271 271 271 91 91 271 285 91 91 181 285 91 285 181 271 1 285 195 1 181 1 91 91 271 181 181 181 285 282 181 1 1 1 181 181 91 1 91 181 285 1 1 1 1 285 1 195 195 91 1 1 1 91 1 91 1 1 282 91 181 1 91 181 195 181 271 91 191 91 1 93 181 181 1 1 93 285 91 91 195 91 105 105 285 285 98 181 271 181 271 91 181 91 92 195 285 271 105 91 91 1 271 181 181 285 91 271 91 195 1 91 91 1 1 91 181 1 1 285 91 195 1 1 105 195 271 271 271 285 1 195 181 181 195 1 285 195 271 271 1 91 191 91 271 181 181 181 285 195 195 1 97 1 1 91 91 105 91 192 272 91 282 91 285 1 1 285 285 271 1 285 181 1 91 285 91 91 105 285 15 181 195 1 285 181 1 91 181 181 285 182 191 285 1 285 1 181 91 195 91 271 182 271 181 285 195 285 181 181 285 181 271 91 105 181 91 1 285 271 93 285 228 195 1 181 93 195 271 195 1 1 
c [Incremental] Max used label: 285.
c [Incremental] Label 285 is removed from searching.
c [Incremental] Solving for max label = 284:
c [Incremental] Solving duration: 315 ms.
s [Incremental] SAT (label = 284).
c [Incremental] Label assignment: 1 1 1 1 1 1 1 1 1 1 1 1 1 91 1 1 1 1 1 91 1 1 1 104 1 1 91 91 1 1 91 91 284 1 91 1 1 1 91 1 1 1 1 1 91 1 1 91 1 181 1 1 1 91 1 284 91 91 91 1 181 1 1 91 1 91 194 181 181 91 1 91 1 1 1 1 1 284 1 1 194 104 1 194 1 91 1 1 1 104 1 91 91 1 181 1 91 91 1 1 91 104 91 181 91 91 183 181 181 181 181 271 194 181 91 1 1 1 1 271 1 1 1 1 91 271 91 1 181 91 1 104 1 91 271 91 271 271 284 194 91 284 104 91 1 1 1 91 273 91 271 271 91 1 181 1 1 91 91 1 1 181 181 91 91 181 104 1 181 91 91 91 181 1 271 284 181 91 181 91 91 91 1 1 194 91 284 284 104 284 194 181 284 91 271 271 271 91 91 271 284 91 91 181 284 91 284 181 271 1 284 194 1 181 1 91 91 271 181 181 181 284 282 181 1 1 1 181 181 91 1 91 181 284 1 1 1 1 284 1 194 194 91 1 1 1 91 1 91 1 1 282 91 181 1 91 181 194 181 271 91 191 91 1 93 181 181 1 1 93 284 91 91 194 91 104 104 284 284 98 181 271 181 271 91 181 91 92 194 284 271 104 91 91 1 271 181 181 284 91 271 91 194 1 91 91 1 1 91 181 1 1 284 91 194 1 1 104 194 271 271 271 284 1 194 181 181 194 1 284 194 271 271 1 91 191 91 271 181 181 181 284 194 194 1 97 1 1 91 91 104 91 192 272 91 282 91 284 1 1 284 284 271 1 284 181 1 91 284 91 91 104 284 14 181 194 1 284 181 1 91 181 181 284 182 191 284 1 284 1 181 91 194 91 271 182 271 181 284 194 284 181 181 284 181 271 91 104 181 91 1 284 271 93 284 228 194 1 181 93 194 271 194 1 1 
c [Incremental] Max used label: 284.
c [Incremental] Label 284 is removed from searching.
c [Incremental] Solving for max label = 283:
c [Incremental] Solving duration: 313 ms.
s [Incremental] SAT (label = 283).
c [Incremental] Label assignment: 1 1 1 1 1 1 1 1 1 1 1 1 1 91 1 1 1 1 1 91 1 1 1 103 1 1 91 91 1 1 91 91 283 1 91 1 1 1 91 1 1 1 1 1 91 1 1 91 1 181 1 1 1 91 1 283 91 91 91 1 181 1 1 91 1 91 193 181 181 91 1 91 1 1 1 1 1 283 1 1 193 103 1 193 1 91 1 1 1 103 1 91 91 1 181 1 91 91 1 1 91 103 91 181 91 91 183 181 181 181 181 271 193 181 91 1 1 1 1 271 1 1 1 1 91 271 91 1 181 91 1 103 1 91 271 91 271 271 283 193 91 283 103 91 1 1 1 91 273 91 271 271 91 1 181 1 1 91 91 1 1 181 181 91 91 181 103 1 181 91 91 91 181 1 271 283 181 91 181 91 91 91 1 1 193 91 283 283 103 283 193 181 283 91 271 271 271 91 91 271 283 91 91 181 283 91 283 181 271 1 283 193 1 181 1 91 91 271 181 181 181 283 282 181 1 1 1 181 181 91 1 91 181 283 1 1 1 1 283 1 193 193 91 1 1 1 91 1 91 1 1 282 91 181 1 91 181 193 181 271 91 191 91 1 93 181 181 1 1 93 283 91 91 193 91 103 103 283 283 98 181 271 181 271 91 181 91 92 193 283 271 103 91 91 1 271 181 181 283 91 271 91 193 1 91 91 1 1 91 181 1 1 283 91 193 1 1 103 193 271 271 271 283 1 193 181 181 193 1 283 193 271 271 1 91 191 91 271 181 181 181 283 193 193 1 97 1 1 91 91 103 91 192 272 91 282 91 283 1 1 283 283 271 1 283 181 1 91 283 91 91 103 283 13 181 193 1 283 181 1 91 181 181 283 182 191 283 1 283 1 181 91 193 91 271 182 271 181 283 193 283 181 181 283 181 271 91 103 181 91 1 283 271 93 283 228 193 1 181 93 193 271 193 1 1 
c [Incremental] Max used label: 283.
c [Incremental] Label 283 is removed from searching.
c [Incremental] Solving for max label = 282:
c [Incremental] Solving duration: 316 ms.
s [Incremental] SAT (label = 282).
c [Incremental] Label assignment: 1 1 1 1 1 1 1 1 1 1 1 1 1 91 1 1 1 1 1 91 1 1 1 102 1 1 91 91 1 1 91 91 282 1 91 1 1 1 91 1 1 1 1 1 91 1 1 91 1 181 1 1 1 91 1 282 91 91 91 1 181 1 1 91 1 91 192 181 181 91 1 91 1 1 1 1 1 282 1 1 192 102 1 192 1 91 1 1 1 102 1 91 91 1 181 1 91 91 1 1 91 102 91 181 91 91 183 181 181 181 181 271 192 181 91 1 1 1 1 271 1 1 1 1 91 271 91 1 181 91 1 102 1 91 271 91 271 271 282 192 91 282 102 91 1 1 1 91 273 91 271 271 91 1 181 1 1 91 91 1 1 181 181 91 91 181 102 1 181 91 91 91 181 1 271 282 181 91 181 91 91 91 1 1 192 91 282 282 102 282 192 181 282 91 271 271 271 91 91 271 282 91 91 181 282 91 282 181 271 1 282 192 1 181 1 91 91 271 181 181 181 282 282 181 1 1 1 181 181 91 1 91 181 282 1 1 1 1 282 1 192 192 91 1 1 1 91 1 91 1 1 282 91 181 1 91 181 192 181 271 91 191 91 1 93 181 181 1 1 93 282 91 91 192 91 102 102 282 282 98 181 271 181 271 91 181 91 92 192 282 271 102 91 91 1 271 181 181 282 91 271 91 192 1 91 91 1 1 91 181 1 1 282 91 192 1 1 102 192 271 271 271 282 1 192 181 181 192 1 282 192 271 271 1 91 191 91 271 181 181 181 282 192 192 1 97 1 1 91 91 102 91 192 272 91 282 91 282 1 1 282 282 271 1 282 181 1 91 282 91 91 102 282 12 181 192 1 282 181 1 91 181 181 282 182 191 282 1 282 1 181 91 192 91 271 182 271 181 282 192 282 181 181 282 181 271 91 102 181 91 1 282 271 93 282 228 192 1 181 93 192 271 192 1 1 
c [Incremental] Max used label: 282.
c [Incremental] Label 282 is removed from searching.
c [Incremental] Solving for max label = 281:
c [Incremental] Solving duration: 315 ms.
s [Incremental] SAT (label = 281).
c [Incremental] Label assignment: 1 1 1 1 1 1 1 1 1 1 1 1 1 91 1 1 1 1 1 91 1 1 1 101 1 1 91 91 1 1 91 91 281 1 91 1 1 1 91 1 1 1 1 1 91 1 1 91 1 181 1 1 1 91 1 281 91 91 91 1 181 1 1 91 1 91 191 181 181 91 1 91 1 1 1 1 1 281 1 1 191 101 1 191 1 91 1 1 1 101 1 91 91 1 181 1 91 91 1 1 91 101 91 181 91 91 183 181 181 181 181 271 191 181 91 1 1 1 1 271 1 1 1 1 91 271 91 1 181 91 1 101 1 91 271 91 271 271 281 191 91 281 101 91 1 1 1 91 273 91 271 271 91 1 181 1 1 91 91 1 1 181 181 91 91 181 101 1 181 91 91 91 181 1 271 281 181 91 181 91 91 91 1 1 191 91 281 281 101 281 191 181 281 91 271 271 271 91 91 271 281 91 91 181 281 91 281 181 271 1 281 191 1 181 1 91 91 271 181 181 181 281 281 181 1 1 1 181 181 91 1 91 181 281 1 1 1 1 281 1 191 191 91 1 1 1 91 1 91 1 1 281 91 181 1 91 181 191 181 271 91 191 91 1 93 181 181 1 1 93 281 91 91 191 91 101 101 281 281 98 181 271 181 271 91 181 91 92 191 281 271 101 91 91 1 271 181 181 281 91 271 91 191 1 91 91 1 1 91 181 1 1 281 91 191 1 1 101 191 271 271 271 281 1 191 181 181 191 1 281 191 271 271 1 91 191 91 271 181 181 181 281 191 191 1 97 1 1 91 91 101 91 191 272 91 281 91 281 1 1 281 281 271 1 281 181 1 91 281 91 91 101 281 11 181 191 1 281 181 1 91 181 181 281 182 191 281 1 281 1 181 91 191 91 271 182 271 181 281 191 281 181 181 281 181 271 91 101 181 91 1 281 271 93 281 228 191 1 181 93 191 271 191 1 1 
c [Incremental] Max used label: 281.
c [Incremental] Label 281 is removed from searching.
c [Incremental] Solving for max label = 280:
c [Incremental] Solving duration: 316 ms.
s [Incremental] SAT (label = 280).
c [Incremental] Label assignment: 1 1 1 1 1 1 1 1 1 1 1 1 1 91 1 1 1 1 1 91 1 1 1 100 1 1 91 91 1 1 91 91 280 1 91 1 1 1 91 1 1 1 1 1 91 1 1 91 1 181 1 1 1 91 1 280 91 91 91 1 181 1 1 91 1 91 190 181 181 91 1 91 1 1 1 1 1 280 1 1 190 100 1 190 1 91 1 1 1 100 1 91 91 1 181 1 91 91 1 1 91 100 91 181 91 91 183 181 181 181 181 271 190 181 91 1 1 1 1 271 1 1 1 1 91 271 91 1 181 91 1 100 1 91 271 91 271 271 280 190 91 280 100 91 1 1 1 91 273 91 271 271 91 1 181 1 1 91 91 1 1 181 181 91 91 181 100 1 181 91 91 91 181 1 271 280 181 91 181 91 91 91 1 1 190 91 280 280 100 280 190 181 280 91 271 271 271 91 91 271 280 91 91 181 280 91 280 181 271 1 280 190 1 181 1 91 91 271 181 181 181 280 280 181 1 1 1 181 181 91 1 91 181 280 1 1 1 1 280 1 190 190 91 1 1 1 91 1 91 1 1 280 91 181 1 91 181 190 181 271 91 190 91 1 93 181 181 1 1 93 280 91 91 190 91 100 100 280 280 98 181 271 181 271 91 181 91 92 190 280 271 100 91 91 1 271 181 181 280 91 271 91 190 1 91 91 1 1 91 181 1 1 280 91 190 1 1 100 190 271 271 271 280 1 190 181 181 190 1 280 190 271 271 1 91 190 91 271 181 181 181 280 190 190 1 97 1 1 91 91 100 91 190 272 91 280 91 280 1 1 280 280 271 1 280 181 1 91 280 91 91 100 280 10 181 190 1 280 181 1 91 181 181 280 182 190 280 1 280 1 181 91 190 91 271 182 271 181 280 190 280 181 181 280 181 271 91 100 181 91 1 280 271 93 280 228 190 1 181 93 190 271 190 1 1 
c [Incremental] Max used label: 280.
c [Incremental] Label 280 is removed from searching.
c [Incremental] Solving for max label = 279:
c [Incremental] Solving duration: 319 ms.
s [Incremental] SAT (label = 279).
c [Incremental] Label assignment: 1 1 1 1 1 1 1 1 1 1 1 1 1 91 1 1 1 1 1 91 1 1 1 99 1 1 91 91 1 1 91 91 279 1 91 1 1 1 91 1 1 1 1 1 91 1 1 91 1 181 1 1 1 91 1 279 91 91 91 1 181 1 1 91 1 91 189 181 181 91 1 91 1 1 1 1 1 279 1 1 189 99 1 189 1 91 1 1 1 99 1 91 91 1 181 1 91 91 1 1 91 99 91 181 91 91 183 181 181 181 181 271 189 181 91 1 1 1 1 271 1 1 1 1 91 271 91 1 181 91 1 99 1 91 271 91 271 271 279 189 91 279 99 91 1 1 1 91 273 91 271 271 91 1 181 1 1 91 91 1 1 181 181 91 91 181 99 1 181 91 91 91 181 1 271 279 181 91 181 91 91 91 1 1 189 91 279 279 99 279 189 181 279 91 271 271 271 91 91 271 279 91 91 181 279 91 279 181 271 1 279 189 1 181 1 91 91 271 181 181 181 279 279 181 1 1 1 181 181 91 1 91 181 279 1 1 1 1 279 1 189 189 91 1 1 1 91 1 91 1 1 279 91 181 1 91 181 189 181 271 91 189 91 1 93 181 181 1 1 93 279 91 91 189 91 99 99 279 279 98 181 271 181 271 91 181 91 92 189 279 271 99 91 91 1 271 181 181 279 91 271 91 189 1 91 91 1 1 91 181 1 1 279 91 189 1 1 99 189 271 271 271 279 1 189 181 181 189 1 279 189 271 271 1 91 189 91 271 181 181 181 279 189 189 1 97 1 1 91 91 99 91 189 272 91 279 91 279 1 1 279 279 271 1 279 181 1 91 279 91 91 99 279 9 181 189 1 279 181 1 91 181 181 279 182 189 279 1 279 1 181 91 189 91 271 182 271 181 279 189 279 181 181 279 181 271 91 99 181 91 1 279 271 93 279 228 189 1 181 93 189 271 189 1 1 
c [Incremental] Max used label: 279.
c [Incremental] Label 279 is removed from searching.
c [Incremental] Solving for max label = 278:
c [Incremental] Solving duration: 322 ms.
s [Incremental] SAT (label = 278).
c [Incremental] Label assignment: 1 1 1 1 1 1 1 1 1 1 1 1 1 91 1 1 1 1 1 91 1 1 1 98 1 1 91 91 1 1 91 91 278 1 91 1 1 1 91 1 1 1 1 1 91 1 1 91 1 181 1 1 1 91 1 278 91 91 91 1 181 1 1 91 1 91 188 181 181 91 1 91 1 1 1 1 1 278 1 1 188 98 1 188 1 91 1 1 1 98 1 91 91 1 181 1 91 91 1 1 91 98 91 181 91 91 183 181 181 181 181 271 188 181 91 1 1 1 1 271 1 1 1 1 91 271 91 1 181 91 1 98 1 91 271 91 271 271 278 188 91 278 98 91 1 1 1 91 273 91 271 271 91 1 181 1 1 91 91 1 1 181 181 91 91 181 98 1 181 91 91 91 181 1 271 278 181 91 181 91 91 91 1 1 188 91 278 278 98 278 188 181 278 91 271 271 271 91 91 271 278 91 91 181 278 91 278 181 271 1 278 188 1 181 1 91 91 271 181 181 181 278 278 181 1 1 1 181 181 91 1 91 181 278 1 1 1 1 278 1 188 188 91 1 1 1 91 1 91 1 1 278 91 181 1 91 181 188 181 271 91 188 91 1 93 181 181 1 1 93 278 91 91 188 91 98 98 278 278 98 181 271 181 271 91 181 91 92 188 278 271 98 91 91 1 271 181 181 278 91 271 91 188 1 91 91 1 1 91 181 1 1 278 91 188 1 1 98 188 271 271 271 278 1 188 181 181 188 1 278 188 271 271 1 91 188 91 271 181 181 181 278 188 188 1 97 1 1 91 91 98 91 188 272 91 278 91 278 1 1 278 278 271 1 278 181 1 91 278 91 91 98 278 8 181 188 1 278 181 1 91 181 181 278 182 188 278 1 278 1 181 91 188 91 271 182 271 181 278 188 278 181 181 278 181 271 91 98 181 91 1 278 271 93 278 228 188 1 181 93 188 271 188 1 1 
c [Incremental] Max used label: 278.
c [Incremental] Label 278 is removed from searching.
c [Incremental] Solving for max label = 277:
c [Incremental] Solving duration: 319 ms.
s [Incremental] SAT (label = 277).
c [Incremental] Label assignment: 1 1 1 1 1 1 1 1 1 1 1 1 1 91 1 1 1 1 1 91 1 1 1 97 1 1 91 91 1 1 91 91 277 1 91 1 1 1 91 1 1 1 1 1 91 1 1 91 1 181 1 1 1 91 1 277 91 91 91 1 181 1 1 91 1 91 187 181 181 91 1 91 1 1 1 1 1 277 1 1 187 97 1 187 1 91 1 1 1 97 1 91 91 1 181 1 91 91 1 1 91 97 91 181 91 91 183 181 181 181 181 271 187 181 91 1 1 1 1 271 1 1 1 1 91 271 91 1 181 91 1 97 1 91 271 91 271 271 277 187 91 277 97 91 1 1 1 91 273 91 271 271 91 1 181 1 1 91 91 1 1 181 181 91 91 181 97 1 181 91 91 91 181 1 271 277 181 91 181 91 91 91 1 1 187 91 277 277 97 277 187 181 277 91 271 271 271 91 91 271 277 91 91 181 277 91 277 181 271 1 277 187 1 181 1 91 91 271 181 181 181 277 277 181 1 1 1 181 181 91 1 91 181 277 1 1 1 1 277 1 187 187 91 1 1 1 91 1 91 1 1 277 91 181 1 91 181 187 181 271 91 187 91 1 93 181 181 1 1 93 277 91 91 187 91 97 97 277 277 97 181 271 181 271 91 181 91 92 187 277 271 97 91 91 1 271 181 181 277 91 271 91 187 1 91 91 1 1 91 181 1 1 277 91 187 1 1 97 187 271 271 271 277 1 187 181 181 187 1 277 187 271 271 1 91 187 91 271 181 181 181 277 187 187 1 97 1 1 91 91 97 91 187 272 91 277 91 277 1 1 277 277 271 1 277 181 1 91 277 91 91 97 277 7 181 187 1 277 181 1 91 181 181 277 182 187 277 1 277 1 181 91 187 91 271 182 271 181 277 187 277 181 181 277 181 271 91 97 181 91 1 277 271 93 277 228 187 1 181 93 187 271 187 1 1 
c [Incremental] Max used label: 277.
c [Incremental] Label 277 is removed from searching.
c [Incremental] Solving for max label = 276:
c [Incremental] Solving duration: 323 ms.
s [Incremental] SAT (label = 276).
c [Incremental] Label assignment: 1 1 1 1 1 1 1 1 1 1 1 1 1 91 1 1 1 1 1 91 1 1 1 96 1 1 91 91 1 1 91 91 276 1 91 1 1 1 91 1 1 1 1 1 91 1 1 91 1 181 1 1 1 91 1 276 91 91 91 1 181 1 1 91 1 91 186 181 181 91 1 91 1 1 1 1 1 276 1 1 186 96 1 186 1 91 1 1 1 96 1 91 91 1 181 1 91 91 1 1 91 96 91 181 91 91 183 181 181 181 181 271 186 181 91 1 1 1 1 271 1 1 1 1 91 271 91 1 181 91 1 96 1 91 271 91 271 271 276 186 91 276 96 91 1 1 1 91 273 91 271 271 91 1 181 1 1 91 91 1 1 181 181 91 91 181 96 1 181 91 91 91 181 1 271 276 181 91 181 91 91 91 1 1 186 91 276 276 96 276 186 181 276 91 271 271 271 91 91 271 276 91 91 181 276 91 276 181 271 1 276 186 1 181 1 91 91 271 181 181 181 276 276 181 1 1 1 181 181 91 1 91 181 276 1 1 1 1 276 1 186 186 91 1 1 1 91 1 91 1 1 276 91 181 1 91 181 186 181 271 91 186 91 1 93 181 181 1 1 93 276 91 91 186 91 96 96 276 276 96 181 271 181 271 91 181 91 92 186 276 271 96 91 91 1 271 181 181 276 91 271 91 186 1 91 91 1 1 91 181 1 1 276 91 186 1 1 96 186 271 271 271 276 1 186 181 181 186 1 276 186 271 271 1 91 186 91 271 181 181 181 276 186 186 1 96 1 1 91 91 96 91 186 272 91 276 91 276 1 1 276 276 271 1 276 181 1 91 276 91 91 96 276 6 181 186 1 276 181 1 91 181 181 276 182 186 276 1 276 1 181 91 186 91 271 182 271 181 276 186 276 181 181 276 181 271 91 96 181 91 1 276 271 93 276 228 186 1 181 93 186 271 186 1 1 
c [Incremental] Max used label: 276.
c [Incremental] Label 276 is removed from searching.
c [Incremental] Solving for max label = 275:
c [Incremental] Solving duration: 320 ms.
s [Incremental] SAT (label = 275).
c [Incremental] Label assignment: 1 1 1 1 1 1 1 1 1 1 1 1 1 91 1 1 1 1 1 91 1 1 1 95 1 1 91 91 1 1 91 91 275 1 91 1 1 1 91 1 1 1 1 1 91 1 1 91 1 181 1 1 1 91 1 275 91 91 91 1 181 1 1 91 1 91 185 181 181 91 1 91 1 1 1 1 1 275 1 1 185 95 1 185 1 91 1 1 1 95 1 91 91 1 181 1 91 91 1 1 91 95 91 181 91 91 183 181 181 181 181 271 185 181 91 1 1 1 1 271 1 1 1 1 91 271 91 1 181 91 1 95 1 91 271 91 271 271 275 185 91 275 95 91 1 1 1 91 273 91 271 271 91 1 181 1 1 91 91 1 1 181 181 91 91 181 95 1 181 91 91 91 181 1 271 275 181 91 181 91 91 91 1 1 185 91 275 275 95 275 185 181 275 91 271 271 271 91 91 271 275 91 91 181 275 91 275 181 271 1 275 185 1 181 1 91 91 271 181 181 181 275 275 181 1 1 1 181 181 91 1 91 181 275 1 1 1 1 275 1 185 185 91 1 1 1 91 1 91 1 1 275 91 181 1 91 181 185 181 271 91 185 91 1 93 181 181 1 1 93 275 91 91 185 91 95 95 275 275 95 181 271 181 271 91 181 91 92 185 275 271 95 91 91 1 271 181 181 275 91 271 91 185 1 91 91 1 1 91 181 1 1 275 91 185 1 1 95 185 271 271 271 275 1 185 181 181 185 1 275 185 271 271 1 91 185 91 271 181 181 181 275 185 185 1 95 1 1 91 91 95 91 185 272 91 275 91 275 1 1 275 275 271 1 275 181 1 91 275 91 91 95 275 5 181 185 1 275 181 1 91 181 181 275 182 185 275 1 275 1 181 91 185 91 271 182 271 181 275 185 275 181 181 275 181 271 91 95 181 91 1 275 271 93 275 228 185 1 181 93 185 271 185 1 1 
c [Incremental] Max used label: 275.
c [Incremental] Label 275 is removed from searching.
c [Incremental] Solving for max label = 274:
c [Incremental] Solving duration: 324 ms.
s [Incremental] SAT (label = 274).
c [Incremental] Label assignment: 1 1 1 1 1 1 1 1 1 1 1 1 1 91 1 1 1 1 1 91 1 1 1 94 1 1 91 91 1 1 91 91 274 1 91 1 1 1 91 1 1 1 1 1 91 1 1 91 1 181 1 1 1 91 1 274 91 91 91 1 181 1 1 91 1 91 184 181 181 91 1 91 1 1 1 1 1 274 1 1 184 94 1 184 1 91 1 1 1 94 1 91 91 1 181 1 91 91 1 1 91 94 91 181 91 91 183 181 181 181 181 271 184 181 91 1 1 1 1 271 1 1 1 1 91 271 91 1 181 91 1 94 1 91 271 91 271 271 274 184 91 274 94 91 1 1 1 91 273 91 271 271 91 1 181 1 1 91 91 1 1 181 181 91 91 181 94 1 181 91 91 91 181 1 271 274 181 91 181 91 91 91 1 1 184 91 274 274 94 274 184 181 274 91 271 271 271 91 91 271 274 91 91 181 274 91 274 181 271 1 274 184 1 181 1 91 91 271 181 181 181 274 274 181 1 1 1 181 181 91 1 91 181 274 1 1 1 1 274 1 184 184 91 1 1 1 91 1 91 1 1 274 91 181 1 91 181 184 181 271 91 184 91 1 93 181 181 1 1 93 274 91 91 184 91 94 94 274 274 94 181 271 181 271 91 181 91 92 184 274 271 94 91 91 1 271 181 181 274 91 271 91 184 1 91 91 1 1 91 181 1 1 274 91 184 1 1 94 184 271 271 271 274 1 184 181 181 184 1 274 184 271 271 1 91 184 91 271 181 181 181 274 184 184 1 94 1 1 91 91 94 91 184 272 91 274 91 274 1 1 274 274 271 1 274 181 1 91 274 91 91 94 274 4 181 184 1 274 181 1 91 181 181 274 182 184 274 1 274 1 181 91 184 91 271 182 271 181 274 184 274 181 181 274 181 271 91 94 181 91 1 274 271 93 274 228 184 1 181 93 184 271 184 1 1 
c [Incremental] Max used label: 274.
c [Incremental] Label 274 is removed from searching.
c [Incremental] Solving for max label = 273:
c [Incremental] Solving duration: 328 ms.
s [Incremental] SAT (label = 273).
c [Incremental] Label assignment: 1 1 1 1 1 1 1 1 1 1 1 1 1 91 1 1 1 1 1 91 1 1 1 93 1 1 91 91 1 1 91 91 273 1 91 1 1 1 91 1 1 1 1 1 91 1 1 91 1 181 1 1 1 91 1 273 91 91 91 1 181 1 1 91 1 91 183 181 181 91 1 91 1 1 1 1 1 273 1 1 183 93 1 183 1 91 1 1 1 93 1 91 91 1 181 1 91 91 1 1 91 93 91 181 91 91 183 181 181 181 181 271 183 181 91 1 1 1 1 271 1 1 1 1 91 271 91 1 181 91 1 93 1 91 271 91 271 271 273 183 91 273 93 91 1 1 1 91 273 91 271 271 91 1 181 1 1 91 91 1 1 181 181 91 91 181 93 1 181 91 91 91 181 1 271 273 181 91 181 91 91 91 1 1 183 91 273 273 93 273 183 181 273 91 271 271 271 91 91 271 273 91 91 181 273 91 273 181 271 1 273 183 1 181 1 91 91 271 181 181 181 273 273 181 1 1 1 181 181 91 1 91 181 273 1 1 1 1 273 1 183 183 91 1 1 1 91 1 91 1 1 273 91 181 1 91 181 183 181 271 91 183 91 1 93 181 181 1 1 93 273 91 91 183 91 93 93 273 273 93 181 271 181 271 91 181 91 92 183 273 271 93 91 91 1 271 181 181 273 91 271 91 183 1 91 91 1 1 91 181 1 1 273 91 183 1 1 93 183 271 271 271 273 1 183 181 181 183 1 273 183 271 271 1 91 183 91 271 181 181 181 273 183 183 1 93 1 1 91 91 93 91 183 272 91 273 91 273 1 1 273 273 271 1 273 181 1 91 273 91 91 93 273 3 181 183 1 273 181 1 91 181 181 273 182 183 273 1 273 1 181 91 183 91 271 182 271 181 273 183 273 181 181 273 181 271 91 93 181 91 1 273 271 93 273 228 183 1 181 93 183 271 183 1 1 
c [Incremental] Max used label: 273.
c [Incremental] Label 273 is removed from searching.
c [Incremental] Solving for max label = 272:
c [Incremental] Solving duration: 325 ms.
s [Incremental] SAT (label = 272).
c [Incremental] Label assignment: 1 1 1 1 1 1 1 1 1 1 1 1 1 91 1 1 1 1 1 91 1 1 1 92 1 1 91 91 1 1 91 91 272 1 91 1 1 1 91 1 1 1 1 1 91 1 1 91 1 181 1 1 1 91 1 272 91 91 91 1 181 1 1 91 1 91 182 181 181 91 1 91 1 1 1 1 1 272 1 1 182 92 1 182 1 91 1 1 1 92 1 91 91 1 181 1 91 91 1 1 91 92 91 181 91 91 182 181 181 181 181 271 182 181 91 1 1 1 1 271 1 1 1 1 91 271 91 1 181 91 1 92 1 91 271 91 271 271 272 182 91 272 92 91 1 1 1 91 272 91 271 271 91 1 181 1 1 91 91 1 1 181 181 91 91 181 92 1 181 91 91 91 181 1 271 272 181 91 181 91 91 91 1 1 182 91 272 272 92 272 182 181 272 91 271 271 271 91 91 271 272 91 91 181 272 91 272 181 271 1 272 182 1 181 1 91 91 271 181 181 181 272 272 181 1 1 1 181 181 91 1 91 181 272 1 1 1 1 272 1 182 182 91 1 1 1 91 1 91 1 1 272 91 181 1 91 181 182 181 271 91 182 91 1 92 181 181 1 1 92 272 91 91 182 91 92 92 272 272 92 181 271 181 271 91 181 91 92 182 272 271 92 91 91 1 271 181 181 272 91 271 91 182 1 91 91 1 1 91 181 1 1 272 91 182 1 1 92 182 271 271 271 272 1 182 181 181 182 1 272 182 271 271 1 91 182 91 271 181 181 181 272 182 182 1 92 1 1 91 91 92 91 182 272 91 272 91 272 1 1 272 272 271 1 272 181 1 91 272 91 91 92 272 2 181 182 1 272 181 1 91 181 181 272 182 182 272 1 272 1 181 91 182 91 271 182 271 181 272 182 272 181 181 272 181 271 91 92 181 91 1 272 271 92 272 228 182 1 181 92 182 271 182 1 1 
c [Incremental] Max used label: 272.
c [Incremental] Label 272 is removed from searching.
c [Incremental] Solving for max label = 271:
c [Incremental] Solving duration: 306 ms.
s [Incremental] SAT (label = 271).
c [Incremental] Label assignment: 1 1 1 1 1 1 1 1 1 1 1 1 1 91 1 1 1 1 1 91 1 1 1 91 1 1 91 91 1 1 91 91 271 1 91 1 1 1 91 1 1 1 1 1 91 1 1 91 1 181 1 1 1 91 1 271 91 91 91 1 181 1 1 91 1 91 271 181 181 91 1 91 1 1 1 1 1 271 1 1 181 91 1 181 1 91 1 1 1 91 1 91 91 1 181 1 91 91 1 1 91 91 91 181 91 91 181 181 181 181 181 271 181 181 91 1 1 1 1 271 1 1 1 1 91 271 91 1 181 91 1 91 1 91 271 91 271 271 271 181 91 271 91 91 1 1 1 91 271 91 271 271 91 1 181 1 1 91 91 1 1 181 181 91 91 181 90 1 181 91 91 91 181 1 271 271 181 91 181 91 91 91 1 1 181 91 271 271 91 271 181 181 271 91 271 271 271 91 91 271 271 91 91 181 271 91 271 181 271 1 271 181 1 181 1 91 91 271 181 181 181 271 271 181 1 1 1 181 181 91 1 91 181 271 1 1 1 1 271 1 181 181 91 1 1 1 91 1 91 1 1 271 91 181 1 91 181 181 181 271 91 181 91 1 91 181 181 1 1 91 271 91 91 181 91 91 91 271 271 91 181 271 181 271 91 181 91 91 181 271 271 91 91 91 1 271 181 181 271 91 271 91 181 1 91 91 1 1 91 181 1 1 271 91 181 1 1 91 181 271 271 271 271 1 181 181 181 181 1 271 181 271 271 1 91 181 91 271 181 181 181 271 181 181 1 91 1 1 91 91 91 91 181 271 91 271 91 271 1 1 271 271 271 1 271 181 1 91 271 91 91 91 271 1 181 181 1 271 181 1 91 181 181 271 181 181 271 1 271 1 181 91 181 91 271 181 271 181 271 181 91 181 181 271 181 271 91 91 181 91 1 271 271 91 271 271 181 1 181 91 181 271 181 1 1 
c [Incremental] Max used label: 271.
c [Incremental] Label 271 is removed from searching.
c [Incremental] Solving for max label = 270:
c [Incremental] Solving duration: 41 ms.
s [Incremental] UNSAT (label = 270).
c [Signal] Signal interruption. Caught signal: SIGTERM (15).
c [Main] Work pid ends with result: 0.
r [Main] 
r [Main] Final results: 
r [Main] Total real time: 25878 ms.
r [Main] Total memory consumed: 686.4 MB.
r [Main] 
