c [Version] Minimize Makespan Labeling Encoder version 1.0.0.
c [Param] Target value is set to 130.
c [Param] LB is predefined as 131.
c [Param] UB is predefined as 273.
c [Param] Target value is set to Antibandwidth.
c [Param] Vertices mode is set to No hole.
c [Param] Result verification is ON.
c [Param] Memory limit is set to 30000.
c [Param] Real time limit is set to 1800.
c [Param] Max CNF size is set to 10.
c [Main] Search strategy: Incremental from upper bound.
c [Main] Encoding and solving for graph: S-sherman4.mtx.rnd.
c [Incremental] Minimize Makespan Labeling problem (S-sherman4.mtx.rnd):
c [Incremental] Encoding starts with target value = 130:
c [Incremental] Encoding duration: 1412ms.
c [Incremental] Number of clauses: 1811187.
c [Incremental] Number of variables: 383019.
c [Incremental] Solving for max label = 273:
c [Incremental] Solving duration: 124406 ms.
s [Incremental] SAT (label = 273).
c [Incremental] Label assignment: 82 265 27 1 243 223 143 38 1 142 102 130 113 269 135 176 221 265 273 230 143 95 96 33 198 273 61 187 264 5 197 13 151 239 264 262 132 143 1 150 80 5 81 8 10 3 7 273 140 273 273 271 137 193 260 273 65 247 273 18 191 10 273 234 14 109 219 263 143 11 261 261 143 233 37 143 217 79 37 268 14 257 267 142 6 266 143 149 271 263 143 242 273 129 245 90 152 4 192 5 174 145 273 1 119 213 218 184 2 38 13 182 272 34 123 185 31 1 1 132 35 48 259 273 5 125 8 131 3 273 160 126 195 8 267 240 78 10 273 5 188 12 180 143 98 166 114 273 4 265 273 273 38 238 273 244 5 273 173 39 193 6 13 1 6 273 183 261 47 224 273 178 133 273 225 267 228 12 16 137 168 201 171 118 270 2 37 36 265 1 21 38 167 273 13 16 120 273 273 202 41 226 1 17 19 273 27 10 264 121 143 132 273 142 86 6 16 136 273 273 26 273 273 99 115 112 30 34 267 56 266 12 273 11 255 84 22 20 138 132 273 8 143 28 128 273 6 144 76 175 57 10 8 42 127 4 14 7 8 14 227 34 53 48 87 205 273 13 273 75 273 273 23 124 143 143 5 273 273 25 239 74 2 273 273 199 1 132 60 170 116 273 16 132 140 24 68 273 222 21 3 181 73 209 2 32 138 262 177 273 264 132 262 1 2 273 254 252 18 138 211 1 62 241 251 261 266 3 93 59 3 143 204 134 270 6 203 196 29 6 131 200 1 273 155 103 273 143 273 261 264 141 143 186 273 273 273 88 267 26 5 143 273 273 190 189 249 143 9 270 273 2 253 122 232 272 179 110 210 214 60 72 13 273 15 45 14 215 273 143 8 13 143 111 273 105 165 77 273 12 85 212 273 220 71 108 5 1 89 273 143 8 266 10 229 26 100 1 273 70 207 258 237 273 143 143 42 273 235 147 13 2 143 1 256 4 266 273 7 261 143 154 14 273 194 67 273 59 261 60 12 19 267 208 248 143 10 264 143 266 91 7 172 1 4 1 45 83 273 50 273 44 43 1 62 52 2 157 169 236 273 143 66 269 143 148 273 162 273 104 143 146 97 273 2 40 106 265 12 161 3 54 143 51 131 39 4 11 58 250 206 273 46 92 94 139 117 1 273 107 159 158 101 273 231 273 164 64 246 153 273 163 269 273 273 69 222 5 49 216 143 137 55 156 63 273 
c [Incremental] Max used label: 273.
c [Incremental] Label 273 is removed from searching.
c [Incremental] Solving for max label = 272:
c [Incremental] Solving duration: 234 ms.
s [Incremental] SAT (label = 272).
c [Incremental] Label assignment: 82 265 27 1 243 223 142 38 1 142 102 130 113 269 135 176 221 265 272 230 142 95 96 33 198 272 61 187 264 5 197 13 151 239 264 262 132 142 1 150 80 5 81 8 10 3 7 272 140 272 272 271 137 193 260 272 65 247 272 18 191 10 272 234 14 109 219 263 142 11 261 261 142 233 37 142 217 79 37 268 14 257 267 142 6 266 142 149 271 263 142 242 272 129 245 90 152 4 192 5 174 145 272 1 119 213 218 184 2 38 12 182 272 34 123 185 31 1 1 132 35 48 259 272 5 125 8 131 3 272 160 126 195 8 267 240 78 10 272 5 188 12 180 142 98 166 114 272 4 265 272 272 38 238 272 244 5 272 173 39 193 6 12 1 6 272 183 261 47 224 272 178 133 272 225 267 228 12 16 137 168 201 171 118 270 2 37 36 265 1 21 38 167 272 13 16 120 272 272 202 41 226 1 17 19 272 27 10 264 121 142 132 272 142 86 6 16 136 272 272 26 272 272 99 115 112 30 34 267 56 266 12 272 11 255 84 22 20 138 132 272 8 142 28 128 272 6 144 76 175 57 10 8 42 127 4 14 7 8 14 227 34 53 48 87 205 272 13 272 75 272 272 23 124 142 142 5 272 272 25 239 74 2 272 272 199 1 132 60 170 116 272 16 132 140 24 68 272 222 21 3 181 73 209 2 32 138 262 177 272 264 132 262 1 2 272 254 252 18 138 211 1 62 241 251 261 266 3 93 59 3 142 204 134 270 6 203 196 29 6 131 200 1 272 155 103 272 142 7 261 264 141 142 186 272 272 272 88 267 26 5 142 272 272 190 189 249 142 9 270 272 2 253 122 232 272 179 110 210 214 60 72 13 272 15 45 14 215 272 142 8 13 142 111 272 105 165 77 272 12 85 212 272 220 71 108 5 1 89 272 142 8 266 10 229 26 100 1 272 70 207 258 237 272 142 142 42 272 235 147 12 2 142 1 256 4 266 272 7 261 142 154 14 272 194 67 272 59 261 60 12 19 267 208 248 143 10 264 142 266 91 7 172 1 4 1 45 83 272 50 272 44 43 1 62 52 2 157 169 236 272 142 66 269 142 148 272 162 272 104 142 146 97 272 2 40 106 265 12 161 3 54 142 51 131 39 4 11 58 250 206 272 46 92 94 139 117 1 272 107 159 158 101 272 231 272 164 64 246 153 272 163 269 272 272 69 222 5 49 216 142 137 55 156 63 272 
c [Incremental] Max used label: 272.
c [Incremental] Label 272 is removed from searching.
c [Incremental] Solving for max label = 271:
c [Incremental] Solving duration: 237 ms.
s [Incremental] SAT (label = 271).
c [Incremental] Label assignment: 82 265 27 1 243 223 141 38 1 141 102 130 113 269 135 176 221 265 271 230 141 95 96 33 198 271 61 187 264 5 197 13 151 239 264 262 132 141 1 150 80 5 81 8 10 3 7 271 140 271 271 271 137 193 260 271 65 247 271 18 191 10 271 234 14 109 219 263 141 11 261 261 141 233 37 141 217 79 37 268 14 257 267 141 6 266 141 149 271 263 141 242 271 129 245 90 152 4 192 5 174 145 271 1 119 213 218 184 2 38 11 182 271 34 123 185 31 1 1 132 35 48 259 271 5 125 8 131 3 271 160 126 195 8 267 240 78 10 271 5 188 12 180 141 98 166 114 271 4 265 271 271 38 238 271 244 5 271 173 39 193 6 11 1 6 271 183 261 47 224 271 178 133 271 225 267 228 11 16 137 168 201 171 118 270 2 37 36 265 1 21 38 167 271 13 16 120 271 271 202 41 226 1 17 19 271 27 10 264 121 141 132 271 141 86 6 16 136 271 271 26 271 271 99 115 112 30 34 267 56 266 11 271 11 255 84 13 20 138 132 271 8 141 28 128 271 6 144 76 175 57 10 8 13 127 4 14 7 8 14 227 34 53 48 87 205 271 13 271 75 271 271 23 124 141 141 5 271 271 25 239 74 2 271 271 199 1 132 60 170 116 271 16 132 140 24 68 271 222 21 3 181 73 209 2 32 138 262 177 271 264 132 262 1 2 271 254 252 18 138 211 1 62 241 251 261 266 3 93 59 3 141 204 134 270 6 203 196 29 6 131 200 1 271 155 103 271 141 7 261 264 141 141 186 271 271 271 88 267 26 5 141 271 271 190 189 249 141 9 270 271 2 253 122 232 271 179 110 210 214 60 72 12 271 15 45 14 215 271 141 8 13 141 111 271 105 165 77 271 12 85 212 271 220 71 108 5 1 89 271 141 8 266 10 229 26 100 1 271 70 207 258 237 271 141 141 42 271 235 147 11 2 141 1 256 4 266 271 7 261 141 154 14 271 194 67 271 59 143 60 12 19 267 208 248 142 10 264 141 266 91 7 172 1 4 1 22 83 271 50 271 44 43 1 62 52 2 157 169 236 271 141 66 269 141 148 271 162 271 104 141 146 97 271 2 40 106 265 11 161 3 54 141 51 131 39 4 11 58 250 206 271 46 92 94 139 117 1 271 107 159 158 101 271 231 271 164 64 246 153 271 163 269 271 271 69 222 5 49 216 141 137 55 156 63 271 
c [Incremental] Max used label: 271.
c [Incremental] Label 271 is removed from searching.
c [Incremental] Solving for max label = 270:
c [Incremental] Solving duration: 246 ms.
s [Incremental] SAT (label = 270).
c [Incremental] Label assignment: 82 265 27 1 243 223 140 38 1 140 102 130 113 269 135 176 221 265 270 230 140 95 96 33 198 270 61 187 264 5 197 13 151 239 264 262 132 140 1 150 80 5 81 8 10 3 7 270 140 270 270 270 137 193 260 270 65 247 270 18 191 10 270 234 14 109 219 263 140 11 261 261 140 233 37 140 217 79 37 268 14 257 267 140 6 266 140 149 270 263 140 242 270 129 245 90 152 4 192 5 174 145 270 1 119 213 218 184 2 38 10 182 270 34 123 185 31 1 1 132 35 48 259 270 5 125 8 131 3 270 160 126 195 8 267 240 78 10 270 5 188 12 180 140 98 166 114 270 4 265 270 270 38 238 270 244 5 270 173 39 193 6 10 1 6 270 183 261 47 224 270 178 133 270 225 267 228 10 16 137 168 201 171 118 270 2 37 36 265 1 21 38 167 270 13 16 120 270 270 202 41 226 1 17 19 270 27 10 264 121 140 132 270 140 86 6 16 136 270 270 26 270 270 99 115 112 30 34 267 56 266 10 270 11 255 84 13 20 138 132 270 8 140 28 128 270 6 144 76 175 57 10 8 13 127 4 14 7 8 14 227 34 53 48 87 205 270 13 270 75 270 270 23 124 140 140 5 270 270 25 239 74 2 270 270 199 1 132 60 170 116 270 16 132 140 24 68 270 222 21 3 181 73 209 2 32 138 262 177 270 264 132 262 1 2 270 254 252 18 138 211 1 62 241 251 261 266 3 93 59 3 140 204 134 212 6 203 196 29 6 131 200 1 270 141 103 270 140 7 261 264 140 140 186 270 270 270 88 267 26 5 140 270 270 190 189 249 140 9 270 270 2 253 122 232 270 179 110 210 214 60 72 12 270 15 45 14 215 270 140 8 13 140 111 270 105 155 77 270 12 85 207 270 220 71 108 5 1 89 270 140 8 266 10 229 26 100 1 270 70 172 258 237 270 140 140 42 270 235 147 10 2 140 1 256 4 266 270 7 261 140 154 14 270 194 67 270 59 143 60 12 19 267 208 248 142 10 264 140 266 91 7 165 1 4 1 22 83 270 50 270 44 43 1 62 52 2 157 169 236 270 140 66 269 140 148 270 162 270 104 140 146 97 270 2 40 106 265 10 161 3 54 140 51 131 39 4 10 58 250 206 270 46 92 94 139 117 1 270 107 159 158 101 270 231 270 164 64 246 153 270 163 269 270 270 69 222 5 49 216 140 137 55 156 63 270 
c [Incremental] Max used label: 270.
c [Incremental] Label 270 is removed from searching.
c [Incremental] Solving for max label = 269:
c [Incremental] Solving duration: 47008 ms.
s [Incremental] SAT (label = 269).
c [Incremental] Label assignment: 6 265 27 1 265 223 6 30 1 269 102 4 113 269 135 263 221 172 257 230 269 95 96 83 208 136 69 187 269 139 218 115 151 239 264 262 132 124 1 150 125 5 130 8 10 3 7 136 74 119 137 269 269 199 260 268 2 160 226 18 191 10 269 184 14 111 136 263 134 11 261 261 9 233 116 269 259 14 2 268 14 257 267 139 6 266 139 198 269 245 1 242 143 112 235 94 152 4 192 5 174 145 269 1 67 215 176 213 139 4 29 182 269 34 71 185 31 1 1 132 35 48 259 265 5 91 8 266 114 264 162 126 195 8 133 269 78 66 269 5 181 12 180 154 98 208 4 222 138 265 269 139 38 238 139 244 132 139 173 39 193 6 13 1 6 138 183 261 68 224 269 262 133 261 225 267 219 86 11 259 165 218 269 118 269 2 37 36 139 1 21 38 169 1 13 16 120 269 265 153 3 188 1 17 19 269 27 1 201 269 4 132 268 138 266 6 16 8 139 179 26 269 269 11 6 1 30 34 139 3 266 7 269 11 157 84 22 20 264 85 254 132 269 28 128 266 6 166 48 175 28 10 65 38 127 4 14 132 8 14 228 42 4 23 129 167 269 51 269 75 2 269 29 72 261 264 50 269 269 25 217 73 269 269 140 216 1 132 60 170 79 136 16 132 133 19 10 269 222 21 3 178 1 171 2 32 269 262 177 269 264 132 262 64 2 264 148 252 18 269 260 1 37 259 205 261 266 3 89 59 3 1 204 134 202 6 269 197 62 3 131 200 1 141 155 7 136 5 13 261 264 269 139 186 269 260 269 2 267 54 5 9 269 134 190 189 249 139 9 269 269 2 253 122 229 269 211 110 256 214 63 5 13 136 15 53 56 232 259 2 8 13 269 121 266 105 147 269 269 12 97 203 262 246 87 108 5 1 6 267 6 52 266 10 233 77 100 1 267 70 194 258 237 99 146 137 44 269 227 210 134 2 269 1 260 4 266 269 24 139 2 149 14 269 236 76 255 58 261 18 12 47 267 207 248 144 61 264 2 142 88 80 168 1 4 1 45 92 266 55 267 43 12 1 109 82 2 209 220 240 134 269 269 134 269 196 269 163 269 13 269 231 103 264 2 40 81 265 4 264 3 57 138 41 131 90 4 33 3 250 212 123 49 117 101 131 107 136 251 104 159 158 106 269 234 260 164 93 241 156 269 206 269 269 269 9 247 5 18 243 269 266 46 161 139 138 
c [Incremental] Max used label: 269.
c [Incremental] Label 269 is removed from searching.
c [Incremental] Solving for max label = 268:
c [Incremental] Solving duration: 266 ms.
s [Incremental] SAT (label = 268).
c [Incremental] Label assignment: 6 265 27 1 265 223 6 30 1 268 102 4 113 268 135 263 221 172 257 230 268 95 96 83 208 136 69 187 268 138 218 115 151 239 264 262 132 124 1 150 125 5 130 8 10 3 7 136 74 119 137 268 268 199 260 268 2 160 226 18 191 10 268 184 14 111 136 263 134 11 261 261 8 233 116 268 259 14 2 268 14 257 267 138 6 266 138 198 268 245 1 242 139 112 235 94 152 4 192 5 174 145 268 1 67 215 176 213 138 4 29 182 268 34 71 185 31 1 1 132 35 48 259 265 5 91 8 266 114 264 162 126 195 8 133 268 78 66 268 5 181 12 180 154 98 208 4 222 138 265 268 138 38 238 138 244 132 138 173 39 193 6 13 1 6 138 183 261 68 224 268 262 133 261 225 267 219 86 11 259 165 218 268 118 268 2 37 36 138 1 21 38 169 1 13 16 120 268 265 153 3 188 1 17 19 268 27 1 201 268 4 132 268 138 266 6 16 8 138 179 26 268 268 9 6 1 30 34 138 3 266 7 268 11 157 84 13 20 264 85 254 132 268 28 128 266 6 166 48 175 28 10 65 13 127 4 14 132 8 14 228 42 4 23 129 167 268 51 268 75 2 268 29 72 261 264 50 268 268 25 217 73 268 268 140 216 1 132 60 170 79 136 16 132 133 19 10 268 222 21 3 178 1 171 2 32 268 262 177 268 264 132 262 64 2 264 148 252 18 268 260 1 37 259 205 261 266 3 89 59 3 1 204 134 202 6 268 197 62 3 131 200 1 141 155 7 136 5 13 261 264 268 138 186 268 260 268 2 267 54 5 8 268 134 190 189 249 138 9 268 268 2 253 122 229 268 211 110 256 214 63 5 13 136 15 53 56 232 259 2 8 13 268 121 266 105 147 268 268 12 97 203 262 246 87 108 5 1 6 267 6 52 266 10 233 77 100 1 267 70 194 258 237 99 146 137 44 268 227 210 134 2 268 1 260 33 266 268 24 138 2 149 14 268 236 76 255 58 143 18 12 47 267 207 248 144 61 264 2 142 88 80 168 1 4 1 45 92 266 55 267 43 12 1 109 82 2 209 220 240 134 268 268 134 268 196 268 163 268 9 268 231 103 264 2 40 81 265 4 264 3 57 138 41 131 90 4 22 3 250 212 123 49 117 101 131 107 136 251 104 159 158 106 268 234 260 164 93 241 156 268 206 268 268 268 8 247 5 18 243 268 266 46 161 138 138 
c [Incremental] Max used label: 268.
c [Incremental] Label 268 is removed from searching.
c [Incremental] Solving for max label = 267:
c [Incremental] Solving duration: 265 ms.
s [Incremental] SAT (label = 267).
c [Incremental] Label assignment: 6 265 11 1 265 223 6 30 1 267 102 4 113 267 135 263 221 172 257 230 267 95 96 83 208 136 69 184 267 137 218 115 151 199 264 262 132 124 1 150 125 5 130 8 10 3 7 136 74 119 137 267 267 198 260 267 2 160 226 18 191 10 267 182 14 111 136 263 134 11 261 261 7 233 116 267 259 14 2 267 14 257 267 137 6 266 137 138 267 245 1 242 143 112 235 94 152 4 192 5 174 145 267 1 67 215 176 213 137 4 29 165 267 34 71 185 31 1 1 132 35 48 259 265 5 91 8 266 114 264 162 126 195 8 133 267 78 66 267 5 181 12 180 154 98 201 4 222 137 265 267 137 38 238 137 244 132 137 173 55 193 6 13 1 6 137 183 261 68 224 267 262 133 261 225 239 219 86 9 259 141 218 267 118 267 2 60 36 137 1 21 38 169 1 8 16 120 267 265 153 3 187 1 17 19 267 27 1 188 267 4 132 267 137 266 6 16 7 137 179 26 267 267 9 6 1 30 11 137 3 266 7 267 11 157 84 22 20 264 85 254 132 267 28 128 266 51 166 48 175 28 10 65 38 127 4 14 132 42 14 228 41 4 23 129 167 267 8 267 75 2 267 25 72 261 264 50 267 267 11 217 73 267 267 140 216 1 132 59 170 79 136 40 132 133 19 10 267 222 21 3 178 1 171 2 32 267 262 177 267 264 132 262 64 2 264 148 252 18 267 260 1 37 259 205 261 266 3 89 58 3 1 204 134 202 6 267 197 62 3 131 200 1 139 155 7 136 5 13 261 264 267 137 186 267 260 267 2 267 52 5 7 267 134 190 189 249 137 9 267 267 2 253 122 229 267 211 110 256 214 63 5 13 136 15 52 56 232 259 2 7 13 267 121 266 105 147 267 267 12 97 203 262 246 87 108 5 1 6 267 6 8 266 10 233 77 100 1 267 70 194 258 237 99 146 137 44 267 227 210 134 2 267 1 260 4 266 267 24 137 2 149 14 267 236 76 255 57 261 18 12 47 267 207 248 144 61 264 2 142 88 80 168 1 4 1 45 92 266 54 267 43 12 1 109 82 2 209 220 240 134 267 267 134 267 196 267 163 267 13 267 231 103 264 2 39 81 265 4 264 3 53 137 35 131 90 4 33 3 250 212 123 49 117 101 131 107 136 251 104 159 158 106 267 234 260 164 93 241 156 267 206 267 267 267 7 247 5 18 243 267 266 46 161 137 137 
c [Incremental] Max used label: 267.
c [Incremental] Label 267 is removed from searching.
c [Incremental] Solving for max label = 266:
c [Incremental] Solving duration: 84736 ms.
s [Incremental] SAT (label = 266).
c [Incremental] Label assignment: 6 265 27 1 265 223 6 30 1 136 102 4 113 263 136 263 221 172 261 200 136 95 96 72 205 263 69 187 264 2 207 4 150 239 264 262 132 124 1 154 125 5 116 8 10 3 7 266 15 266 266 261 262 199 260 266 2 160 219 18 191 10 2 184 14 136 145 263 134 11 261 261 70 233 111 136 260 1 131 264 14 263 261 136 6 266 136 198 261 243 71 213 266 112 140 18 152 4 193 5 174 144 238 1 118 246 218 189 266 4 5 182 210 99 13 185 6 1 1 132 63 131 259 265 5 91 8 131 6 264 155 126 169 8 266 136 115 8 265 5 181 7 180 132 12 212 4 222 2 265 264 266 77 204 266 228 6 266 173 114 193 6 2 1 6 266 183 236 129 209 263 132 133 261 203 266 225 1 11 134 165 216 133 131 135 2 37 36 265 1 20 1 176 266 13 16 119 266 265 215 3 266 1 17 19 266 94 1 240 4 136 132 254 134 2 6 16 104 215 266 26 266 266 11 101 107 30 11 215 3 263 4 266 11 157 100 22 20 134 13 260 266 136 46 130 266 266 166 49 175 28 10 64 38 127 4 43 6 41 14 227 42 4 51 123 167 266 30 263 84 266 266 3 108 136 135 53 266 265 25 260 83 266 263 266 211 1 131 57 170 109 266 40 132 131 19 58 266 229 21 5 178 59 171 2 33 136 262 177 266 264 131 262 32 2 264 146 266 34 56 260 1 35 259 202 261 260 24 79 62 3 136 226 68 214 6 266 197 39 3 131 260 1 142 153 81 266 136 2 261 264 136 135 186 266 260 266 2 252 47 5 11 266 266 190 218 249 136 6 260 266 1 251 121 208 266 161 110 261 237 89 66 13 266 14 54 55 234 250 136 8 22 136 120 266 105 147 82 253 12 97 201 262 148 86 128 4 1 6 266 136 9 143 10 260 1 87 1 255 67 194 266 235 266 136 133 44 266 232 265 266 2 136 1 266 4 266 266 23 139 136 149 14 266 224 75 258 60 195 16 12 48 266 206 248 151 61 264 136 138 78 73 168 1 4 1 45 98 266 52 266 2 8 1 106 18 1 192 230 220 265 136 135 266 136 196 256 163 266 76 136 188 103 266 2 2 80 265 6 137 3 13 134 29 131 90 2 6 50 245 179 1 31 117 5 131 74 266 231 65 159 158 93 266 162 257 217 92 242 156 266 136 141 241 266 85 247 3 16 244 136 136 88 164 122 266 
c [Incremental] Max used label: 266.
c [Incremental] Label 266 is removed from searching.
c [Incremental] Solving for max label = 265:
c [Incremental] Solving duration: 250 ms.
s [Incremental] SAT (label = 265).
c [Incremental] Label assignment: 6 265 27 1 265 223 6 30 1 135 102 4 113 263 135 263 221 172 261 200 135 95 96 72 205 263 69 187 264 2 207 4 150 239 264 262 132 124 1 154 125 5 116 8 10 3 7 265 15 265 265 261 262 199 260 265 2 160 219 18 191 10 2 184 14 135 145 263 134 11 261 261 70 233 111 135 260 1 131 264 14 263 261 135 6 265 135 198 261 243 71 213 265 112 140 18 152 4 193 5 174 144 238 1 118 246 218 189 265 4 5 182 210 99 13 185 5 1 1 132 63 131 259 265 5 91 8 131 5 264 155 126 169 8 265 135 115 8 265 5 181 7 180 132 12 212 4 222 2 265 264 265 77 204 265 228 5 265 173 114 193 6 2 1 6 265 183 236 129 209 263 132 133 261 203 265 225 1 11 134 165 216 133 131 136 2 37 36 265 1 20 1 176 265 13 16 119 265 265 215 3 265 1 17 19 265 94 1 240 4 135 132 254 134 2 6 16 104 215 265 26 265 265 11 101 107 30 11 215 3 263 4 265 11 157 100 22 20 134 13 260 265 135 46 130 265 265 166 49 175 28 10 64 38 127 4 43 5 41 14 227 42 4 51 123 167 265 30 263 84 265 265 3 108 135 135 53 265 265 25 260 83 265 263 265 211 1 131 57 170 109 265 40 132 131 19 58 265 229 21 5 178 59 171 2 33 135 262 177 265 264 131 262 32 2 264 146 265 34 56 260 1 35 259 202 261 260 24 79 62 3 135 226 68 214 6 265 197 39 3 131 260 1 142 153 81 265 135 2 261 264 135 135 186 265 260 265 2 252 47 5 11 265 265 190 218 249 135 5 260 265 1 251 121 208 265 161 110 261 237 89 66 13 265 14 54 55 234 250 135 8 22 135 120 265 105 147 82 253 12 97 201 262 148 86 128 4 1 6 265 135 9 143 10 260 1 87 1 255 67 194 265 235 265 135 133 44 265 232 265 265 2 135 1 265 4 265 265 23 139 135 149 14 265 224 75 258 60 195 16 12 48 265 206 248 151 61 264 135 138 78 73 168 1 4 1 45 98 265 52 265 2 8 1 106 18 1 192 230 220 265 135 135 265 135 196 256 163 265 76 135 188 103 265 2 2 80 265 5 137 3 13 134 29 131 90 2 5 50 245 179 1 31 117 5 131 74 265 231 65 159 158 93 265 162 257 217 92 242 156 265 135 141 241 265 85 247 3 16 244 135 135 88 164 122 265 
c [Incremental] Max used label: 265.
c [Incremental] Label 265 is removed from searching.
c [Incremental] Solving for max label = 264:
c [Incremental] Solving duration: 306 ms.
s [Incremental] SAT (label = 264).
c [Incremental] Label assignment: 6 264 27 1 264 223 6 30 1 134 102 4 113 263 134 263 221 172 261 200 134 95 96 72 205 263 69 187 264 2 207 4 150 239 264 262 132 124 1 154 125 5 116 8 10 3 7 264 15 264 264 261 262 199 260 264 2 160 219 18 191 10 264 184 14 70 145 263 134 11 261 261 71 233 111 134 260 1 131 264 14 263 261 134 6 264 134 198 261 243 134 213 264 112 140 18 152 4 193 5 174 144 238 1 118 246 218 189 264 4 4 182 210 99 13 185 4 1 1 132 63 131 259 264 5 91 8 131 4 264 155 126 169 8 264 134 115 8 264 4 181 7 180 132 12 212 4 222 2 264 264 264 77 204 264 228 4 264 173 114 193 6 2 1 6 264 183 236 129 209 263 136 133 261 203 264 225 1 11 134 165 216 133 131 135 2 37 36 264 1 20 1 176 264 13 16 119 264 264 215 3 264 1 17 19 264 94 1 240 4 134 132 254 134 2 6 16 104 215 264 26 264 264 11 101 107 30 11 215 3 263 4 264 11 157 100 22 20 134 13 260 4 134 46 130 264 264 166 49 175 28 10 64 38 127 4 43 4 41 14 227 42 4 51 123 167 264 30 263 84 264 264 3 108 134 134 53 264 264 25 260 83 264 263 264 211 1 131 57 170 109 264 40 132 131 19 58 264 229 21 5 178 59 171 2 33 134 262 177 264 264 131 262 32 2 264 146 264 34 56 260 1 35 259 202 261 260 24 79 62 3 134 226 68 214 6 264 197 39 3 131 260 1 142 153 81 264 134 2 261 264 134 134 186 264 260 264 2 252 47 4 11 264 264 190 218 249 134 4 260 264 1 251 121 208 264 161 110 261 237 89 66 13 264 14 54 55 234 250 134 8 22 134 120 264 105 147 82 253 12 97 201 262 148 86 128 4 1 6 264 134 9 143 10 260 1 87 1 255 67 194 264 235 264 134 133 44 264 232 264 264 2 134 1 264 4 264 264 23 139 134 149 14 264 224 75 258 60 195 16 12 48 264 206 248 151 61 264 134 138 78 73 168 1 4 1 45 98 264 52 264 2 8 1 106 18 1 192 230 220 264 134 134 264 134 196 256 163 264 76 134 188 103 264 2 2 80 264 4 137 3 13 134 29 131 90 2 4 50 245 179 1 31 117 5 131 74 264 231 65 159 158 93 264 162 257 217 92 242 156 264 134 141 241 264 85 247 3 16 244 134 134 88 164 122 264 
c [Incremental] Max used label: 264.
c [Incremental] Label 264 is removed from searching.
c [Incremental] Solving for max label = 263:
c [Incremental] Solving duration: 238 ms.
s [Incremental] SAT (label = 263).
c [Incremental] Label assignment: 6 263 27 1 263 223 133 30 1 133 102 4 113 263 133 263 221 172 261 200 133 95 96 72 205 263 69 187 263 2 207 4 150 239 263 262 132 124 1 154 125 5 116 8 10 3 7 263 15 263 263 261 262 199 260 263 2 160 263 18 191 10 263 184 14 1 145 263 133 11 261 261 70 233 111 133 260 1 131 263 14 263 261 133 6 263 133 198 261 243 71 213 263 112 140 18 152 3 193 5 174 144 238 1 118 246 219 189 263 4 3 182 210 99 13 185 6 1 1 132 63 131 259 263 5 91 8 131 3 263 155 126 169 8 263 133 115 8 263 3 181 7 180 132 12 212 4 222 2 263 263 263 77 204 263 228 3 263 173 114 193 6 2 1 6 263 183 236 129 209 263 132 133 261 203 263 225 1 11 133 165 216 134 131 135 2 37 36 263 1 20 1 176 263 13 16 119 263 263 215 3 263 1 17 19 263 94 1 240 4 22 132 254 133 2 6 16 104 263 263 26 226 263 11 101 107 57 11 215 3 263 3 263 11 157 100 22 59 133 13 260 263 133 46 130 263 3 166 49 175 28 10 64 38 127 3 43 3 41 14 227 42 4 51 123 167 263 30 263 84 263 263 3 108 133 133 53 263 263 25 260 83 263 263 263 211 1 131 58 170 109 263 40 132 131 19 62 263 229 21 5 178 133 171 2 33 136 262 177 263 263 131 262 32 2 263 146 263 34 133 260 1 35 259 202 261 260 24 79 60 3 133 263 68 214 6 263 197 39 3 131 260 1 142 153 81 263 133 2 261 263 133 133 186 263 260 263 2 252 47 3 11 263 263 190 218 249 133 3 260 263 1 251 121 208 263 161 110 261 237 89 66 13 263 14 54 55 234 250 133 8 22 133 120 263 105 147 82 253 12 97 201 262 148 86 128 3 1 6 263 133 9 143 10 260 1 87 1 255 67 194 263 235 263 133 133 44 263 232 263 263 2 133 1 263 3 263 263 23 139 133 149 14 263 224 75 258 56 195 16 12 48 263 206 248 151 61 263 133 138 78 73 168 1 3 1 45 98 263 52 263 2 8 1 106 18 1 192 230 220 263 133 133 1 133 196 256 163 263 76 133 188 103 263 2 2 80 263 3 137 3 13 133 29 131 90 2 3 50 245 179 1 31 117 5 131 74 1 231 65 159 158 93 263 162 257 217 92 242 156 263 136 141 241 263 85 247 3 16 244 133 133 88 164 122 263 
c [Incremental] Max used label: 263.
c [Incremental] Label 263 is removed from searching.
c [Incremental] Solving for max label = 262:
c [Incremental] Solving duration: 21339 ms.
s [Incremental] SAT (label = 262).
c [Incremental] Label assignment: 6 262 27 1 261 223 6 30 1 131 102 4 113 262 131 183 221 133 261 198 131 95 96 72 205 261 69 187 262 1 207 4 145 239 261 262 132 124 1 150 125 5 116 8 10 3 7 261 64 262 261 261 262 199 260 262 2 160 219 18 191 2 2 184 11 132 154 262 131 44 261 261 131 233 111 131 260 1 131 261 14 261 261 131 6 262 132 210 261 243 71 213 262 112 140 18 152 1 189 5 195 144 218 1 118 246 173 180 1 4 2 165 182 99 13 185 1 1 1 132 43 85 259 262 5 91 8 131 1 262 155 126 169 25 262 132 115 8 262 1 181 7 172 132 11 212 4 222 1 262 262 262 77 204 261 228 2 262 146 114 193 6 2 1 6 261 136 236 129 209 262 132 132 261 203 171 225 1 11 132 158 216 131 131 135 2 37 36 261 1 15 1 176 262 12 16 119 261 261 215 3 260 1 33 19 262 94 1 200 4 132 132 254 131 2 6 16 104 215 262 46 262 262 11 101 107 53 11 215 3 262 1 261 11 157 100 22 20 131 13 260 262 132 7 130 1 262 166 49 164 28 10 63 38 127 1 57 1 42 14 227 35 4 51 123 167 261 30 262 84 261 262 1 108 132 132 26 262 262 25 260 88 262 262 261 211 1 131 58 170 109 261 40 132 131 17 79 262 229 21 5 178 62 175 2 33 131 262 177 261 261 131 262 32 2 261 194 262 34 56 260 1 3 259 197 261 260 24 70 59 1 134 226 68 214 6 261 174 39 1 131 260 1 142 153 81 262 131 1 261 261 131 132 186 262 260 261 23 252 47 1 11 262 262 190 218 249 131 1 260 262 1 251 121 208 262 161 110 261 237 89 66 13 262 14 54 55 234 250 132 8 22 131 120 261 105 147 82 253 6 97 201 262 148 86 128 1 1 6 248 131 9 143 10 260 1 87 1 255 67 194 261 235 262 131 132 52 262 232 230 262 1 131 1 261 1 262 261 24 139 132 149 14 261 224 75 258 60 195 44 12 48 240 206 245 151 61 262 131 138 78 73 168 1 1 1 23 98 261 45 261 2 8 1 106 18 1 192 220 217 262 132 131 261 131 196 256 163 261 76 132 188 103 262 2 2 80 261 1 137 1 13 131 29 131 90 2 1 50 244 179 1 31 117 5 131 74 262 231 65 159 163 93 261 162 257 202 92 242 156 141 131 141 241 262 83 247 1 3 238 131 131 41 164 122 261 
c [Incremental] Max used label: 262.
c [Incremental] Label 262 is removed from searching.
c [Incremental] Solving for max label = 261:
c [Incremental] Solving duration: 249 ms.
s [Incremental] SAT (label = 261).
c [Incremental] Label assignment: 6 261 27 1 261 223 6 30 1 131 102 4 113 261 131 183 221 133 261 198 131 95 96 72 205 261 69 187 261 1 207 4 145 239 261 261 131 124 1 150 125 5 116 8 10 3 7 261 64 261 261 261 261 199 260 261 2 160 219 18 191 2 1 184 11 131 154 261 131 44 261 261 131 233 111 131 260 1 131 261 14 261 261 131 6 261 131 210 261 243 71 213 261 112 140 18 152 1 189 5 195 144 218 1 118 246 173 180 1 4 1 165 182 99 6 185 1 1 1 131 43 85 259 261 5 91 8 131 1 261 155 126 169 25 261 131 115 8 261 1 181 7 172 131 6 212 4 222 1 261 261 261 77 204 261 228 1 261 146 114 193 6 1 1 6 261 132 236 129 209 261 131 131 261 203 171 225 1 11 131 158 216 131 131 135 1 37 36 261 1 15 1 176 261 12 16 119 261 261 215 3 260 1 33 19 261 94 1 200 4 131 131 254 131 2 6 16 104 215 261 46 261 261 11 101 107 53 11 215 3 261 1 261 11 157 100 22 20 131 6 260 261 131 7 130 1 261 166 49 164 28 10 63 38 127 1 57 1 42 14 227 35 4 51 123 167 261 30 261 84 261 261 1 108 131 131 26 261 261 25 260 88 261 261 261 211 1 131 58 170 109 261 40 131 131 17 79 261 229 21 5 178 62 175 1 33 131 261 177 261 261 131 261 32 1 261 194 261 34 56 260 1 3 259 197 261 260 24 70 59 1 134 226 68 214 2 261 174 39 1 131 260 1 142 153 81 261 131 1 261 261 131 131 186 261 260 261 23 252 47 1 11 261 261 190 218 249 131 1 260 261 1 251 121 208 261 161 110 261 237 89 66 13 261 14 54 55 234 250 131 8 22 131 120 261 105 147 82 253 2 97 201 261 148 86 128 1 1 6 248 131 9 136 10 260 1 87 1 255 67 194 261 235 261 131 131 52 261 232 230 261 1 131 1 261 1 261 261 24 139 131 149 14 261 224 75 258 60 195 44 12 48 240 206 245 151 61 261 131 138 78 73 168 1 1 1 23 98 261 45 261 1 8 1 106 18 1 192 220 217 261 131 131 261 131 196 256 163 261 76 131 188 103 261 1 1 80 261 1 137 1 6 131 29 131 90 1 1 50 244 179 1 31 117 5 131 74 261 231 65 159 163 93 261 162 257 202 92 242 156 143 131 141 241 261 83 247 1 3 238 131 131 41 164 122 261 
c [Incremental] Max used label: 261.
c [Incremental] Label 261 is removed from searching.
c [Incremental] Solving for max label = 260:
c [Incremental] Solving duration: 41275 ms.
s [Incremental] SAT (label = 260).
c [Incremental] Label assignment: 6 1 260 247 260 8 6 30 1 97 256 4 125 246 72 1 8 237 258 233 5 260 258 27 199 172 88 78 25 167 219 248 145 256 1 1 184 124 259 2 129 183 13 251 148 213 260 251 198 229 240 248 65 1 260 1 2 160 219 150 191 207 210 253 171 4 154 74 244 44 260 82 13 6 120 96 1 239 6 10 258 254 1 169 6 11 146 1 1 5 69 2 243 251 90 205 7 257 189 253 195 2 1 248 187 221 173 15 204 4 236 4 12 30 67 210 258 218 139 152 18 203 250 260 255 186 175 2 246 257 113 222 205 259 189 1 18 258 1 251 208 223 37 2 2 84 4 2 260 2 1 258 21 1 260 228 185 254 6 119 2 6 132 1 209 242 36 254 27 2 2 85 216 253 2 135 260 254 11 2 3 1 10 13 10 260 180 212 225 1 2 141 102 255 193 137 127 2 8 215 3 17 1 206 133 260 94 1 200 4 74 233 68 235 16 6 252 104 230 248 134 255 38 11 87 259 53 134 251 3 260 19 57 141 211 242 181 20 25 66 260 255 43 7 132 258 249 166 101 115 40 10 229 155 194 246 28 188 191 14 3 227 22 77 259 172 255 259 260 206 1 260 244 114 42 2 176 1 256 195 260 51 244 81 254 176 1 180 213 49 128 136 177 132 131 188 79 26 182 212 5 32 4 1 2 137 55 33 4 10 197 134 89 234 86 258 2 35 142 4 260 186 3 64 253 5 8 190 255 24 1 4 226 196 214 252 153 174 39 1 239 260 1 147 250 70 242 92 151 46 56 52 132 1 260 54 93 23 118 34 1 11 1 251 1 157 249 131 240 62 260 1 3 4 7 260 8 126 260 21 122 3 243 257 158 73 201 5 1 59 8 217 58 208 260 220 2 99 75 178 195 237 18 11 161 121 140 107 6 258 3 144 197 250 162 1 108 83 260 100 45 1 48 249 131 206 52 1 50 63 240 1 91 189 143 243 247 1 260 139 29 44 134 1 4 23 260 8 9 143 12 170 260 206 260 6 61 1 47 109 138 195 1 1 164 1 252 184 253 244 2 260 248 1 123 184 1 192 103 245 143 111 95 224 110 31 12 7 256 106 112 3 28 260 2 255 130 260 1 1 260 13 149 168 163 238 165 232 3 260 231 260 259 205 241 213 98 257 1 188 41 76 117 260 1 1 202 179 260 1 159 105 116 260 260 80 1 71 208 60 1 5 1 1 156 225 
c [Incremental] Max used label: 260.
c [Incremental] Label 260 is removed from searching.
c [Incremental] Solving for max label = 259:
c [Incremental] Solving duration: 809 ms.
s [Incremental] UNSAT (label = 259).
c [Main] Work pid ends with result: 0.
r [Main] 
r [Main] Final results: 
r [Main] Total real time: 323572 ms.
r [Main] Total memory consumed: 764.9 MB.
r [Main] 
c [Signal] Signal interruption. Caught signal: SIGTERM (15).
