c [Version] Minimize Makespan Labeling Encoder version 1.0.0.
c [Param] LB is predefined as 61.
c [Param] UB is predefined as 212.
c [Param] Memory limit is set to 30000.
c [Param] Real time limit is set to 1800.
c [Param] Worker count is set to 8.
c [Param] Max CNF size is set to 10.
c [Main] Search strategy: Iterating from upper bound.
c [Main] Search order: 212 211 210 209 208 207 206 205 204 203 202 201 200 199 198 197 196 195 194 193 192 191 190 189 188 187 186 185 184 183 182 181 180 179 178 177 176 175 174 173 172 171 170 169 168 167 166 165 164 163 162 161 160 159 158 157 156 155 154 153 152 151 150 149 148 147 146 145 144 143 142 141 140 139 138 137 136 135 134 133 132 131 130 129 128 127 126 125 124 123 122 121 120 119 118 117 116 115 114 113 112 111 110 109 108 107 106 105 104 103 102 101 100 99 98 97 96 95 94 93 92 91 90 89 88 87 86 85 84 83 82 81 80 79 78 77 76 75 74 73 72 71 70 69 68 67 66 65 64 63 62 61.
c [Main] Encoding and solving for graph: O-impcol_d.mtx.rnd.
c [Label = 210] Encoding duration: 1849ms.
c [Label = 210] Number of clauses: 1330575.
c [Label = 210] Number of variables: 235970.
c [Label = 210] Solving duration: 65955 ms.
s [Label = 210] SAT (w = 60).
Label assignment: 89 144 127 199 210 62 111 210 31 4 96 83 165 210 202 75 124 90 200 123 177 150 101 148 11 39 51 150 131 1 61 95 80 5 155 1 75 175 13 79 1 30 187 110 64 8 106 195 76 61 87 21 18 65 61 2 69 90 201 9 29 204 116 73 65 67 95 58 1 117 11 210 1 175 167 94 61 1 10 44 38 210 3 210 3 20 132 193 35 1 57 120 129 146 87 209 139 66 3 2 150 208 176 144 15 70 34 33 2 86 208 23 25 158 163 182 154 204 113 133 73 22 206 4 170 3 209 150 19 13 77 107 207 180 128 210 5 155 146 145 54 158 97 70 84 4 99 151 155 165 149 2 1 27 136 114 148 77 64 103 53 159 135 81 189 158 86 74 42 60 1 184 130 134 71 11 1 43 63 149 105 47 28 161 88 205 90 62 91 26 208 3 84 90 2 201 7 1 156 137 183 80 154 6 82 92 147 40 80 70 210 98 88 87 155 145 104 1 144 181 186 210 2 179 150 79 172 32 208 210 200 61 1 138 4 10 146 140 100 75 178 84 77 150 210 93 166 162 168 141 118 1 173 198 14 48 138 72 150 10 200 210 210 3 145 162 2 78 36 61 101 174 80 16 202 145 85 138 61 62 1 142 45 210 150 80 157 109 5 49 190 206 68 115 9 93 15 188 150 150 198 96 76 15 210 210 171 125 142 17 208 191 73 24 208 90 203 156 37 10 158 56 11 67 15 12 50 122 103 210 1 158 198 9 152 210 70 206 143 15 15 158 150 2 92 61 108 61 95 198 145 59 209 69 156 1 210 15 150 121 126 209 172 119 15 210 209 183 55 163 156 15 208 160 1 97 75 52 78 150 16 150 153 210 210 207 210 102 112 206 61 164 147 110 194 7 1 61 85 1 192 144 185 86 174 139 83 169 89 196 203 167 158 95 172 41 163 138 197 148 76 135 46 148 89 
c [Main] Lowest label SAT is set to 210.
c [Main] Kill higher label pid 211.
c [Main] Kill higher label pid 212.
c [Label = 211] Encoding duration: 1854ms.
c [Label = 211] Number of clauses: 1337816.
c [Label = 211] Number of variables: 236867.
c [Signal] Signal interruption. Caught signal: SIGTERM (15).
c [Label = 212] Encoding duration: 1840ms.
c [Label = 212] Number of clauses: 1345058.
c [Label = 212] Number of variables: 237764.
c [Signal] Signal interruption. Caught signal: SIGTERM (15).
c [Main] Child pid 211 - 1372350 terminated by signal 15.
c [Main] Child pid 212 - 1372349 terminated by signal 15.
c [Label = 209] Encoding duration: 1810ms.
c [Label = 209] Number of clauses: 1323333.
c [Label = 209] Number of variables: 235073.
c [Label = 209] Solving duration: 71535 ms.
s [Label = 209] SAT (w = 60).
Label assignment: 209 10 148 18 24 91 149 49 124 101 209 17 149 15 18 209 33 47 29 149 187 75 169 198 203 55 209 149 10 149 117 89 209 149 17 209 209 149 209 209 6 179 16 167 89 52 209 85 209 109 65 178 149 18 89 149 209 88 209 209 89 5 50 47 209 83 154 149 106 127 196 89 19 108 22 165 88 149 161 156 188 25 113 10 11 149 209 46 202 183 114 17 209 166 23 18 176 82 89 142 22 22 9 87 131 29 104 94 22 209 93 149 15 159 119 149 129 155 149 209 18 79 209 29 41 149 161 89 120 209 22 15 209 5 209 149 149 172 89 122 191 149 89 209 149 5 149 31 38 51 85 149 209 192 89 22 64 79 73 203 84 149 130 96 40 209 193 209 13 180 209 133 90 73 64 149 22 77 89 146 209 170 78 185 138 205 149 88 209 78 12 89 62 28 149 209 145 1 29 29 126 209 45 209 97 88 149 61 209 164 149 2 149 22 123 195 28 28 209 137 107 89 204 1 209 74 160 9 99 105 125 88 89 143 21 118 10 206 36 149 123 209 98 209 209 209 47 158 29 34 43 207 54 201 28 164 19 82 149 190 1 136 1 189 29 102 209 92 62 76 121 20 87 5 30 124 209 149 63 81 100 149 81 58 83 65 175 186 209 209 1 22 28 209 208 171 68 56 148 19 209 209 63 26 27 19 57 209 149 152 4 140 70 2 19 149 21 22 209 149 157 149 81 149 177 209 35 173 184 88 149 149 209 89 42 134 163 209 83 72 209 128 149 209 39 71 209 209 69 112 153 150 141 170 170 209 199 149 110 197 209 111 19 162 168 60 149 12 135 37 44 182 18 123 145 209 144 209 89 16 115 209 59 1 95 132 89 22 103 2 67 35 174 147 133 89 147 66 62 11 1 80 209 209 84 1 3 14 48 116 7 122 149 194 8 53 121 139 89 200 86 209 181 32 151 
c [Main] Lowest label SAT is set to 209.
c [Label = 207] Encoding duration: 1805ms.
c [Label = 207] Number of clauses: 1308850.
c [Label = 207] Number of variables: 233279.
c [Label = 207] Solving duration: 74592 ms.
s [Label = 207] SAT (w = 60).
Label assignment: 9 1 207 1 129 158 207 7 1 207 145 4 207 69 4 7 82 207 27 65 147 162 109 147 11 31 7 61 147 50 147 143 134 207 86 14 7 207 1 6 20 58 125 14 97 207 9 176 7 147 168 1 124 4 100 207 123 207 3 1 207 4 87 207 1 147 199 147 207 207 161 75 57 171 27 90 147 207 147 87 1 87 157 87 147 105 136 56 207 13 189 147 207 192 7 60 95 124 6 188 147 87 169 99 69 87 3 177 14 128 207 207 5 30 207 147 207 17 207 187 1 9 9 1 120 207 147 9 207 3 45 87 119 147 207 207 207 87 87 207 130 87 207 9 3 32 147 118 153 107 207 207 39 205 87 9 110 207 83 138 41 207 65 87 102 207 181 1 87 207 87 9 1 206 147 202 38 36 207 159 59 104 27 40 207 163 147 87 65 48 147 207 73 114 174 207 68 78 46 160 193 154 42 207 91 117 207 207 178 126 147 87 1 145 49 87 147 207 64 198 53 87 143 136 1 204 44 14 125 207 113 61 146 207 1 172 207 87 89 180 87 147 207 97 147 147 96 170 61 147 9 137 55 83 1 155 175 1 164 185 1 1 61 167 183 186 4 207 3 62 108 69 64 1 66 207 207 122 147 203 150 182 147 1 68 179 93 147 207 147 66 76 22 17 47 116 77 147 144 87 207 82 79 1 34 72 43 1 87 147 7 173 207 133 69 27 1 112 1 195 147 196 131 1 1 207 5 82 193 87 27 207 207 1 70 1 101 27 106 78 207 201 194 54 33 147 1 28 88 67 1 156 1 126 141 87 115 8 191 7 207 142 74 190 127 67 51 1 24 29 135 10 87 207 147 72 166 37 184 149 200 94 80 139 207 15 125 18 84 147 140 92 65 197 26 207 165 111 71 19 121 103 81 132 85 98 35 110 52 207 25 148 207 152 63 151 87 23 78 147 207 16 21 2 12 
c [Main] Lowest label SAT is set to 207.
c [Main] Kill higher label pid 208.
c [Label = 208] Encoding duration: 1802ms.
c [Label = 208] Number of clauses: 1316092.
c [Label = 208] Number of variables: 234176.
c [Signal] Signal interruption. Caught signal: SIGTERM (15).
c [Main] Child pid 208 - 1372353 terminated by signal 15.
c [Label = 205] Encoding duration: 1773ms.
c [Label = 205] Number of clauses: 1294367.
c [Label = 205] Number of variables: 231485.
c [Label = 205] Solving duration: 80109 ms.
s [Label = 205] SAT (w = 60).
Label assignment: 63 28 13 62 77 5 186 205 6 168 205 8 55 3 205 205 66 184 85 92 150 84 5 121 205 173 126 2 3 99 155 204 127 142 1 179 205 205 205 65 122 168 32 58 79 18 205 155 197 148 63 164 196 205 193 145 143 84 145 166 142 205 109 64 191 167 177 170 205 6 145 8 61 135 163 145 182 131 101 27 135 7 205 205 184 64 10 107 39 9 143 13 34 139 205 86 112 169 183 6 67 37 159 70 131 25 47 147 205 154 183 205 65 147 2 100 5 151 35 13 157 85 129 64 51 145 156 157 205 72 62 66 128 88 2 123 145 33 205 205 154 4 191 205 205 176 113 71 205 53 2 145 117 145 2 145 205 1 203 64 118 1 75 61 41 36 5 26 66 168 85 2 167 6 145 145 92 145 15 102 137 40 1 153 61 136 82 190 145 205 104 3 65 98 10 1 4 145 108 5 1 1 50 144 6 182 145 154 145 2 97 69 191 68 205 38 71 17 82 3 124 7 1 205 205 71 145 95 73 76 131 158 205 43 205 145 66 83 205 165 140 205 71 2 79 204 1 30 1 9 56 205 205 85 128 49 145 205 145 188 85 126 54 145 115 85 183 11 135 4 73 13 8 175 90 5 5 120 205 64 172 68 204 6 8 4 23 67 143 105 91 70 94 145 145 44 21 59 1 204 205 61 205 149 205 16 171 2 114 161 83 52 14 126 22 205 205 71 126 145 85 178 125 205 131 131 152 205 6 4 83 57 35 67 5 133 19 201 61 3 131 146 205 85 96 4 205 4 155 85 89 93 143 24 145 205 1 81 160 205 64 1 87 145 177 42 78 134 205 3 48 5 194 130 205 29 181 198 45 199 106 71 60 145 162 141 2 20 119 145 185 116 192 46 205 205 3 189 58 200 103 74 75 145 85 5 1 68 31 124 187 195 25 111 12 174 180 167 80 132 7 63 138 110 202 
c [Main] Lowest label SAT is set to 205.
c [Main] Kill higher label pid 206.
c [Label = 206] Encoding duration: 1778ms.
c [Label = 206] Number of clauses: 1301609.
c [Label = 206] Number of variables: 232382.
c [Signal] Signal interruption. Caught signal: SIGTERM (15).
c [Main] Child pid 206 - 1372355 terminated by signal 15.
c [Label = 203] Encoding duration: 1786ms.
c [Label = 203] Number of clauses: 1279884.
c [Label = 203] Number of variables: 229691.
c [Label = 203] Solving duration: 67529 ms.
s [Label = 203] SAT (w = 60).
Label assignment: 197 13 123 77 1 5 199 70 152 1 203 19 203 74 190 3 1 139 53 108 90 171 121 83 123 203 1 50 120 141 104 39 201 203 61 199 3 203 2 203 45 159 1 96 66 186 1 181 1 121 117 26 23 11 58 203 71 1 61 121 137 202 127 182 21 81 48 137 121 150 203 63 1 154 160 115 3 203 23 113 1 77 176 6 155 82 1 1 103 111 149 31 62 164 143 21 74 97 27 203 79 83 61 101 75 93 188 131 203 1 9 203 3 203 61 142 203 161 165 128 35 1 203 131 73 187 61 203 14 139 1 69 81 173 200 203 203 193 1 2 61 200 70 38 1 1 2 61 55 61 197 203 74 2 121 51 119 95 21 1 99 162 143 61 61 203 63 21 23 43 63 61 203 194 34 203 168 102 8 71 61 77 203 144 143 185 8 44 142 203 183 100 62 85 203 203 82 90 76 151 203 56 110 203 61 61 203 143 1 57 33 18 1 142 174 105 59 143 89 167 23 143 83 146 203 143 122 1 88 46 47 49 121 37 1 203 143 82 68 32 179 3 61 117 2 1 61 8 61 1 12 83 72 203 1 52 203 143 137 203 40 203 132 163 63 203 193 140 79 19 61 172 117 178 81 122 83 81 14 8 166 20 169 1 74 142 203 87 203 90 117 83 61 85 190 203 98 136 61 106 203 1 203 153 36 61 175 1 72 170 203 132 83 2 143 1 177 83 130 191 203 203 14 1 203 203 195 180 189 143 143 203 203 1 107 203 84 202 111 143 203 198 137 2 60 17 28 22 109 91 79 88 203 141 61 80 65 143 4 30 115 61 196 148 15 131 54 203 42 114 112 129 7 2 135 94 203 62 141 124 118 134 120 62 203 203 64 29 117 203 138 126 1 16 133 203 203 1 156 203 113 125 92 203 116 1 41 83 147 86 203 192 158 78 10 157 25 1 91 67 139 24 184 145 1 
c [Main] Lowest label SAT is set to 203.
c [Main] Kill higher label pid 204.
c [Label = 204] Encoding duration: 1788ms.
c [Label = 204] Number of clauses: 1287126.
c [Label = 204] Number of variables: 230588.
c [Signal] Signal interruption. Caught signal: SIGTERM (15).
c [Main] Child pid 204 - 1372369 terminated by signal 15.
c [Label = 199] Encoding duration: 1604ms.
c [Label = 199] Number of clauses: 1250918.
c [Label = 199] Number of variables: 226103.
c [Label = 199] Solving duration: 117568 ms.
s [Label = 199] SAT (w = 60).
Label assignment: 2 172 48 111 77 49 76 75 29 1 135 6 69 62 195 199 79 199 84 15 79 171 99 135 59 199 199 113 79 198 19 21 199 199 133 61 134 62 12 2 174 152 79 116 32 176 37 175 139 15 19 185 168 10 50 199 1 58 139 199 199 199 199 1 120 61 5 19 12 139 199 1 199 61 141 105 28 196 192 147 199 66 36 79 13 123 2 199 139 5 169 7 89 190 76 139 109 5 4 161 139 8 165 76 10 128 31 1 197 94 34 139 199 167 22 1 91 138 14 132 1 1 199 199 139 199 199 35 125 199 178 139 61 85 199 199 136 199 139 79 188 10 78 5 19 145 67 139 189 129 79 73 199 164 13 2 139 138 11 95 51 88 76 19 121 112 33 121 1 16 108 3 1 88 199 195 139 1 75 1 139 107 73 159 13 180 1 110 2 73 199 199 139 90 199 138 41 196 199 199 79 139 52 199 19 16 199 162 19 160 199 139 5 102 161 114 139 156 79 191 139 79 199 65 139 53 157 78 72 11 1 6 9 139 64 155 79 3 135 186 199 87 93 119 139 126 127 5 103 27 199 19 121 88 144 133 61 70 139 139 75 139 124 199 174 38 199 42 199 199 39 65 54 199 61 6 15 83 139 1 56 121 199 76 13 63 114 120 199 150 78 130 136 151 194 61 25 196 118 92 133 82 77 193 16 75 23 70 135 45 79 81 139 2 77 15 198 1 199 158 97 187 199 5 199 199 184 80 140 78 75 139 117 2 139 139 154 3 98 199 199 79 137 2 177 19 19 120 199 1 115 100 139 139 96 199 183 199 24 131 79 10 199 142 104 139 5 20 46 182 139 11 199 199 4 166 122 106 1 79 181 136 43 153 47 139 139 18 44 199 17 60 79 83 149 30 146 57 148 143 173 86 74 197 62 68 16 10 100 163 199 22 170 101 139 55 71 26 79 139 1 40 199 179 139 
c [Main] Lowest label SAT is set to 199.
c [Main] Kill higher label pid 200.
c [Main] Kill higher label pid 201.
c [Main] Kill higher label pid 202.
c [Label = 200] Encoding duration: 1624ms.
c [Label = 200] Number of clauses: 1258160.
c [Label = 200] Number of variables: 227000.
c [Signal] Signal interruption. Caught signal: SIGTERM (15).
c [Label = 201] Encoding duration: 1656ms.
c [Label = 201] Number of clauses: 1265401.
c [Label = 201] Number of variables: 227897.
c [Signal] Signal interruption. Caught signal: SIGTERM (15).
c [Label = 202] Encoding duration: 1821ms.
c [Label = 202] Number of clauses: 1272643.
c [Label = 202] Number of variables: 228794.
c [Signal] Signal interruption. Caught signal: SIGTERM (15).
c [Main] Child pid 202 - 1372371 terminated by signal 15.
c [Main] Child pid 200 - 1372377 terminated by signal 15.
c [Main] Child pid 201 - 1372376 terminated by signal 15.
c [Label = 198] Encoding duration: 1473ms.
c [Label = 198] Number of clauses: 1243677.
c [Label = 198] Number of variables: 225206.
c [Label = 198] Solving duration: 246040 ms.
s [Label = 198] SAT (w = 60).
Label assignment: 189 165 180 138 138 198 134 121 2 3 155 4 155 128 192 155 80 75 128 64 43 74 82 130 183 155 7 155 65 198 18 138 198 188 80 1 123 83 135 196 198 25 155 155 1 184 123 177 136 3 95 61 24 4 23 194 4 155 178 31 1 138 129 159 114 5 169 5 1 115 198 2 198 61 39 173 5 198 61 146 2 145 2 11 190 64 126 156 77 134 158 50 96 64 133 71 56 59 1 144 136 4 143 64 62 141 2 140 126 84 6 198 1 35 28 190 47 137 108 61 137 68 10 149 153 68 20 5 33 34 196 198 135 86 198 69 198 71 69 70 126 161 89 4 69 103 160 152 88 150 133 62 168 198 198 116 9 128 138 198 26 125 195 172 152 104 151 190 198 105 74 65 1 138 7 189 97 90 3 3 78 152 1 32 198 148 61 70 186 38 4 71 198 154 198 138 13 85 147 68 64 126 55 6 181 37 63 138 127 142 81 197 69 130 51 111 120 183 91 21 12 198 10 198 1 95 44 198 198 151 156 54 2 119 138 196 78 113 138 4 196 138 175 91 73 117 138 14 163 110 137 138 123 78 22 33 63 64 6 64 11 198 174 166 134 1 5 2 3 16 157 164 132 27 126 138 136 99 70 75 19 69 198 76 2 3 167 139 1 198 64 4 131 2 30 63 198 2 91 129 16 198 198 94 4 138 169 128 65 11 198 65 73 4 1 76 198 2 4 198 11 188 68 76 29 9 170 198 123 198 198 97 198 68 1 198 78 198 9 76 9 46 8 187 107 138 40 138 77 1 122 92 198 66 101 15 138 198 6 185 77 137 68 98 87 100 73 138 171 42 109 137 62 45 8 182 176 198 198 112 193 138 53 48 1 198 72 1 93 2 36 57 3 66 78 6 198 41 179 2 106 67 130 191 52 79 124 4 138 102 137 118 138 162 198 60 58 17 130 138 198 9 49 78 198 
c [Main] Lowest label SAT is set to 198.
c [Label = 197] Encoding duration: 1417ms.
c [Label = 197] Number of clauses: 1236435.
c [Label = 197] Number of variables: 224309.
c [Label = 197] Solving duration: 265893 ms.
s [Label = 197] SAT (w = 60).
Label assignment: 65 176 65 31 1 197 18 9 105 61 77 63 80 5 137 197 137 11 197 4 98 134 24 17 100 101 186 153 4 62 197 155 69 113 4 43 197 8 74 65 76 13 92 23 197 197 145 141 65 69 85 159 137 197 186 61 197 197 9 13 127 175 72 188 140 197 53 197 69 16 137 2 50 135 55 167 197 1 197 56 137 63 110 197 135 52 122 4 40 47 131 197 150 2 77 1 5 197 118 1 190 64 197 1 5 1 102 77 93 146 139 137 75 10 173 154 57 137 137 29 137 197 16 66 151 134 197 106 143 152 9 72 196 136 129 178 137 137 137 137 197 137 6 137 2 42 137 158 42 151 137 63 77 168 3 197 17 151 137 109 54 137 136 137 149 137 15 26 197 16 1 170 120 59 197 136 51 169 75 134 142 19 137 115 77 138 197 129 194 148 197 197 76 171 77 137 1 17 165 197 6 166 45 68 89 197 137 7 197 180 179 183 10 77 107 14 197 137 2 48 128 130 76 197 70 4 22 30 137 73 172 20 192 40 197 197 2 5 1 103 123 197 84 137 162 182 156 137 32 6 77 68 4 77 197 12 137 197 125 197 137 197 1 77 197 96 161 94 76 137 197 83 77 11 185 136 1 197 197 136 87 17 81 46 2 112 8 25 70 77 58 62 3 108 21 191 5 77 88 1 77 181 197 28 197 2 117 163 1 91 76 15 14 138 132 1 197 124 197 197 77 184 197 2 147 70 111 16 78 130 77 137 114 193 131 197 36 177 37 197 70 6 133 189 174 137 121 61 197 5 27 41 197 1 197 72 4 62 97 137 15 76 1 63 34 49 197 44 74 38 157 14 197 137 69 75 99 39 68 60 3 137 35 1 116 197 126 69 135 197 16 144 6 3 119 86 61 1 1 75 197 1 2 69 1 187 197 71 37 195 128 1 90 33 82 95 160 17 3 1 104 39 164 79 67 
c [Main] Lowest label SAT is set to 197.
c [Label = 195] Encoding duration: 1479ms.
c [Label = 195] Number of clauses: 1221952.
c [Label = 195] Number of variables: 222515.
c [Label = 195] Solving duration: 283985 ms.
s [Label = 195] SAT (w = 60).
Label assignment: 194 16 62 153 184 149 63 116 191 195 74 1 195 126 10 75 64 122 69 104 65 49 62 3 63 195 195 1 121 75 195 135 192 194 83 5 75 10 122 187 2 102 195 27 191 67 64 134 69 181 176 38 43 7 195 190 75 183 128 93 8 12 135 160 119 173 195 195 4 132 195 2 15 55 105 37 195 195 148 1 61 121 4 109 11 81 10 135 195 195 67 14 4 74 65 82 72 75 65 195 72 7 2 67 195 3 162 152 11 64 143 74 115 58 167 103 56 166 168 131 99 61 63 195 135 131 174 195 36 135 86 135 194 135 20 137 195 3 122 128 126 12 135 5 195 51 84 69 97 66 22 194 39 195 9 135 48 165 195 86 34 117 188 1 91 135 50 59 195 170 122 195 74 15 127 194 60 25 178 172 80 135 125 57 195 135 195 124 180 78 2 9 2 19 195 135 195 21 78 133 8 72 42 2 195 195 161 26 158 12 77 135 195 98 107 63 67 135 134 159 62 135 62 155 2 163 52 74 157 195 71 46 22 145 76 194 135 94 135 164 54 101 193 32 130 114 100 195 186 74 1 195 132 1 72 74 135 70 1 61 135 15 135 67 66 147 11 151 72 75 185 135 195 93 135 189 182 195 128 129 148 106 169 29 1 154 156 5 4 177 142 135 120 95 123 69 9 4 33 121 150 173 62 118 7 121 171 28 74 4 15 132 2 195 122 195 11 130 195 132 179 194 63 195 61 7 23 195 44 135 1 113 135 61 53 2 13 8 35 7 3 40 1 195 64 75 61 30 14 195 5 134 2 1 195 195 18 195 195 85 139 1 87 96 17 1 108 192 141 24 92 195 65 132 195 135 140 71 134 136 111 89 45 2 88 2 1 47 191 62 195 90 79 110 135 138 195 195 4 6 1 72 71 187 8 68 134 2 31 146 9 1 12 5 1 144 112 66 193 3 175 73 74 41 183 
c [Main] Lowest label SAT is set to 195.
c [Main] Kill higher label pid 196.
c [Label = 196] Encoding duration: 1593ms.
c [Label = 196] Number of clauses: 1229194.
c [Label = 196] Number of variables: 223412.
c [Signal] Signal interruption. Caught signal: SIGTERM (15).
c [Main] Child pid 196 - 1372391 terminated by signal 15.
c [Label = 192] Encoding duration: 1438ms.
c [Label = 192] Number of clauses: 1200228.
c [Label = 192] Number of variables: 219824.
c [Label = 192] Solving duration: 1532831 ms.
s [Label = 192] SAT (w = 60).
Label assignment: 70 119 86 190 70 12 2 189 137 192 134 7 97 192 99 132 122 177 170 190 6 62 40 66 136 85 148 75 72 149 20 71 121 66 172 132 132 72 132 61 152 132 1 52 184 83 6 132 132 62 135 67 120 6 50 70 192 192 182 12 10 87 140 132 8 67 110 67 62 66 71 4 162 92 60 80 2 68 108 128 1 139 54 2 98 192 130 138 145 130 72 6 78 67 132 167 161 14 192 67 1 146 105 188 3 1 142 18 72 132 192 80 1 45 22 132 39 124 126 10 4 69 11 132 7 109 62 192 1 190 168 132 130 68 1 3 119 94 65 192 163 116 34 2 69 124 192 1 17 192 2 192 66 64 71 12 130 47 3 192 21 64 68 120 2 82 158 128 176 67 182 41 192 116 6 72 150 71 27 192 157 1 192 25 132 93 72 192 151 192 2 64 132 42 68 89 31 104 57 69 61 122 192 132 130 4 192 101 28 114 67 143 69 127 164 84 23 69 192 131 36 192 192 117 8 15 32 192 190 192 130 190 37 76 72 62 70 192 30 74 56 72 95 91 192 8 192 90 169 35 192 192 11 131 192 26 68 7 9 112 4 132 1 123 1 192 100 178 1 10 166 192 33 1 68 72 192 192 192 10 102 192 16 6 4 19 133 77 132 132 53 192 154 1 12 78 7 181 72 5 11 144 192 13 7 187 111 132 160 107 132 165 192 192 1 72 99 132 192 93 173 43 130 65 155 132 103 132 44 192 125 159 128 61 185 132 12 79 171 72 129 48 1 132 2 10 1 8 29 192 113 59 132 132 2 192 51 192 192 4 192 72 156 106 118 132 191 4 147 88 192 72 6 58 66 3 12 186 24 192 192 132 179 6 192 132 72 46 183 5 5 132 12 10 55 192 72 1 132 70 49 153 180 129 192 122 6 141 4 38 96 63 115 73 95 175 192 192 174 72 192 192 4 132 81 
c [Main] Lowest label SAT is set to 192.
c [Main] Kill higher label pid 193.
c [Main] Kill higher label pid 194.
c [Label = 194] Encoding duration: 1463ms.
c [Label = 194] Number of clauses: 1214711.
c [Label = 194] Number of variables: 221618.
c [Signal] Signal interruption. Caught signal: SIGTERM (15).
c [Label = 193] Encoding duration: 1479ms.
c [Label = 193] Number of clauses: 1207469.
c [Label = 193] Number of variables: 220721.
c [Signal] Signal interruption. Caught signal: SIGTERM (15).
c [Main] Child pid 193 - 1372403 terminated by signal 15.
c [Main] Child pid 194 - 1372402 terminated by signal 15.
c [Label = 186] Encoding duration: 1427ms.
c [Label = 186] Number of clauses: 1156779.
c [Label = 186] Number of variables: 214442.
c [Signal] Signal interruption. Caught signal: SIGTERM (15).
c [Label = 185] Encoding duration: 1463ms.
c [Label = 185] Number of clauses: 1149537.
c [Label = 185] Number of variables: 213545.
c [Signal] Signal interruption. Caught signal: SIGTERM (15).
c [Label = 187] Encoding duration: 1487ms.
c [Label = 187] Number of clauses: 1164020.
c [Label = 187] Number of variables: 215339.
c [Signal] Signal interruption. Caught signal: SIGTERM (15).
c [Label = 188] Encoding duration: 1490ms.
c [Label = 188] Number of clauses: 1171262.
c [Label = 188] Number of variables: 216236.
c [Signal] Signal interruption. Caught signal: SIGTERM (15).
c [Label = 191] Encoding duration: 1476ms.
c [Label = 191] Number of clauses: 1192986.
c [Label = 191] Number of variables: 218927.
c [Signal] Signal interruption. Caught signal: SIGTERM (15).
c [Label = 189] Encoding duration: 1760ms.
c [Label = 189] Number of clauses: 1178503.
c [Label = 189] Number of variables: 217133.
c [Signal] Signal interruption. Caught signal: SIGTERM (15).
c [Label = 190] Encoding duration: 1842ms.
c [Label = 190] Number of clauses: 1185745.
c [Label = 190] Number of variables: 218030.
c [Signal] Signal interruption. Caught signal: SIGTERM (15).
c [Main] Lim pid ends with result: 254.
c [Main] All children have completed.
r [Main] 
r [Main] Final results: 
r [Main] Lowest label SAT:  	192.
r [Main] Highest label UNSAT:	-.
r [Main] Total real time: 1813067 ms.
r [Main] Total memory consumed: 4778 MB.
r [Main] 
c [Label = 184] Encoding duration: 1401ms.
c [Label = 184] Number of clauses: 1142296.
c [Label = 184] Number of variables: 212648.
c [Signal] Signal interruption. Caught signal: SIGTERM (15).
