c [Version] Minimize Makespan Labeling Encoder version 1.0.0.
c [Param] LB is predefined as 48.
c [Param] UB is predefined as 377.
c [Param] Memory limit is set to 30000.
c [Param] Real time limit is set to 1800.
c [Param] Worker count is set to 8.
c [Param] Max CNF size is set to 10.
c [Main] Search strategy: Iterating from upper bound.
c [Main] Search order: 377 376 375 374 373 372 371 370 369 368 367 366 365 364 363 362 361 360 359 358 357 356 355 354 353 352 351 350 349 348 347 346 345 344 343 342 341 340 339 338 337 336 335 334 333 332 331 330 329 328 327 326 325 324 323 322 321 320 319 318 317 316 315 314 313 312 311 310 309 308 307 306 305 304 303 302 301 300 299 298 297 296 295 294 293 292 291 290 289 288 287 286 285 284 283 282 281 280 279 278 277 276 275 274 273 272 271 270 269 268 267 266 265 264 263 262 261 260 259 258 257 256 255 254 253 252 251 250 249 248 247 246 245 244 243 242 241 240 239 238 237 236 235 234 233 232 231 230 229 228 227 226 225 224 223 222 221 220 219 218 217 216 215 214 213 212 211 210 209 208 207 206 205 204 203 202 201 200 199 198 197 196 195 194 193 192 191 190 189 188 187 186 185 184 183 182 181 180 179 178 177 176 175 174 173 172 171 170 169 168 167 166 165 164 163 162 161 160 159 158 157 156 155 154 153 152 151 150 149 148 147 146 145 144 143 142 141 140 139 138 137 136 135 134 133 132 131 130 129 128 127 126 125 124 123 122 121 120 119 118 117 116 115 114 113 112 111 110 109 108 107 106 105 104 103 102 101 100 99 98 97 96 95 94 93 92 91 90 89 88 87 86 85 84 83 82 81 80 79 78 77 76 75 74 73 72 71 70 69 68 67 66 65 64 63 62 61 60 59 58 57 56 55 54 53 52 51 50 49 48.
c [Main] Encoding and solving for graph: R-dwt__503.mtx.rnd.
c [Label = 370] Encoding duration: 7179ms.
c [Label = 370] Number of clauses: 4861321.
c [Label = 370] Number of variables: 524356.
c [Label = 370] Solving duration: 280104 ms.
s [Label = 370] SAT (w = 47).
Label assignment: 370 297 228 272 354 95 130 323 173 33 311 58 370 207 370 344 325 277 1 132 89 192 370 117 48 115 346 261 349 118 175 323 54 265 276 323 22 85 190 1 174 227 218 128 43 353 115 235 319 151 214 295 6 95 322 270 199 357 229 317 159 366 27 181 1 243 323 317 222 83 270 302 305 2 370 251 63 298 156 158 267 224 321 140 370 266 267 35 264 256 332 102 15 314 47 265 48 292 197 36 326 350 317 255 49 370 251 64 304 149 222 236 285 261 185 300 91 370 1 163 114 284 152 137 4 169 323 57 369 211 202 65 162 52 3 280 252 168 248 253 234 270 348 339 48 276 369 288 60 365 258 323 164 287 4 364 345 296 162 343 99 1 161 269 30 182 204 109 230 82 38 307 322 145 370 104 323 299 317 103 126 121 369 164 289 323 209 361 242 12 276 114 205 223 263 301 323 306 195 135 40 144 183 184 246 337 57 267 370 1 338 366 25 283 352 196 370 48 207 314 51 149 141 154 328 86 105 61 318 110 259 113 93 52 232 240 187 112 66 48 1 153 342 275 286 238 147 1 97 26 247 61 189 166 1 50 193 67 172 233 336 319 363 317 17 310 56 333 359 198 2 272 322 8 263 282 133 221 212 324 41 120 54 241 330 335 364 74 170 13 356 276 131 239 334 355 178 316 160 249 1 370 75 220 367 84 96 368 100 219 179 1 176 369 364 48 257 212 327 362 1 226 317 169 303 321 28 155 77 191 309 180 55 317 165 1 270 341 79 347 253 365 1 298 177 46 48 80 116 317 194 88 270 237 53 370 113 293 244 148 312 360 323 254 146 138 143 210 102 107 128 171 370 164 206 2 278 49 29 134 313 370 209 268 119 123 315 161 76 340 215 270 1 108 258 216 10 231 279 73 9 1 150 142 188 113 18 351 68 136 162 24 87 245 275 39 90 20 99 127 186 64 106 3 218 262 122 290 274 78 260 370 157 217 11 358 71 270 331 59 329 139 124 281 34 291 162 370 72 256 129 225 294 1 167 94 156 208 7 69 98 37 322 3 368 95 42 19 70 200 31 203 145 92 21 111 170 201 125 211 5 308 273 16 266 250 14 101 32 44 23 370 213 320 52 370 271 62 151 81 169 48 45 
c [Main] Lowest label SAT is set to 370.
c [Main] Kill higher label pid 371.
c [Main] Kill higher label pid 372.
c [Main] Kill higher label pid 373.
c [Main] Kill higher label pid 374.
c [Main] Kill higher label pid 375.
c [Main] Kill higher label pid 376.
c [Main] Kill higher label pid 377.
c [Label = 371] Encoding duration: 7201ms.
c [Label = 371] Number of clauses: 4874940.
c [Label = 371] Number of variables: 525417.
c [Signal] Signal interruption. Caught signal: SIGTERM (15).
c [Label = 374] Encoding duration: 7106ms.
c [Label = 374] Number of clauses: 4915799.
c [Label = 374] Number of variables: 528600.
c [Signal] Signal interruption. Caught signal: SIGTERM (15).
c [Label = 376] Encoding duration: 7077ms.
c [Label = 376] Number of clauses: 4934249.
c [Label = 376] Number of variables: 530722.
c [Signal] Signal interruption. Caught signal: SIGTERM (15).
c [Label = 373] Encoding duration: 7144ms.
c [Label = 373] Number of clauses: 4902179.
c [Label = 373] Number of variables: 527539.
c [Signal] Signal interruption. Caught signal: SIGTERM (15).
c [Label = 377] Encoding duration: 7300ms.
c [Label = 377] Number of clauses: 5019294.
c [Label = 377] Number of variables: 553915.
c [Signal] Signal interruption. Caught signal: SIGTERM (15).
c [Label = 372] Encoding duration: 7082ms.
c [Label = 372] Number of clauses: 4888560.
c [Label = 372] Number of variables: 526478.
c [Signal] Signal interruption. Caught signal: SIGTERM (15).
c [Label = 375] Encoding duration: 7088ms.
c [Label = 375] Number of clauses: 4929418.
c [Label = 375] Number of variables: 529661.
c [Signal] Signal interruption. Caught signal: SIGTERM (15).
c [Main] Child pid 376 - 1391983 terminated by signal 15.
c [Main] Child pid 371 - 1391988 terminated by signal 15.
c [Main] Child pid 377 - 1391982 terminated by signal 15.
c [Main] Child pid 372 - 1391987 terminated by signal 15.
c [Main] Child pid 374 - 1391985 terminated by signal 15.
c [Main] Child pid 373 - 1391986 terminated by signal 15.
c [Main] Child pid 375 - 1391984 terminated by signal 15.
c [Label = 366] Encoding duration: 5862ms.
c [Label = 366] Number of clauses: 4806843.
c [Label = 366] Number of variables: 520112.
c [Label = 366] Solving duration: 230994 ms.
s [Label = 366] SAT (w = 47).
Label assignment: 311 267 73 259 158 319 234 166 125 243 196 266 318 76 47 127 291 280 201 141 139 204 102 44 145 6 130 174 259 348 318 228 223 319 319 325 113 229 116 49 237 272 49 182 338 316 2 320 223 286 41 324 115 98 55 319 129 195 38 193 96 170 60 39 317 98 212 218 142 48 288 310 299 366 307 223 270 92 220 358 101 37 233 347 366 331 96 298 295 1 185 180 79 265 22 150 98 205 34 94 329 306 160 168 2 104 230 4 288 108 46 366 25 319 256 318 27 118 217 74 95 278 264 40 215 326 366 236 315 211 191 154 257 147 254 154 103 99 366 97 15 366 30 318 145 225 2 179 105 2 211 51 98 29 270 106 89 343 53 210 241 192 48 65 112 63 11 319 167 49 126 215 247 49 128 175 272 323 154 184 59 207 189 48 12 341 360 319 273 138 5 2 293 253 366 9 153 319 329 272 302 1 20 221 249 33 171 169 32 366 66 2 274 67 64 244 2 145 110 366 2 97 45 337 329 49 366 312 197 133 256 303 28 2 10 232 131 248 262 150 275 334 69 150 353 35 235 366 272 84 162 342 36 304 366 225 14 1 333 314 77 359 1 194 260 197 196 321 198 339 2 156 271 366 309 292 183 4 49 322 227 2 201 78 296 335 2 75 301 283 2 340 31 299 327 2 114 192 26 255 366 107 52 186 109 365 2 164 119 198 366 366 104 366 1 51 23 88 93 2 250 209 366 102 62 366 124 96 213 58 242 187 2 239 276 51 1 87 209 73 268 1 50 240 85 162 145 145 1 350 349 59 308 181 82 161 83 17 345 356 344 305 141 86 208 226 366 222 192 3 200 263 159 366 49 366 330 318 281 173 48 177 362 101 231 317 271 100 21 199 313 352 216 49 319 270 279 24 332 188 2 319 51 357 190 1 202 336 151 252 258 172 328 290 366 238 136 354 282 366 289 111 19 245 49 297 54 246 319 351 316 2 272 49 49 214 178 319 122 148 90 18 363 219 13 361 56 155 132 146 80 149 251 287 261 294 57 355 134 135 157 123 163 2 285 239 277 42 16 144 43 121 366 165 61 151 364 72 140 224 300 269 152 206 176 117 91 284 120 346 137 319 49 203 50 7 81 70 68 8 2 143 71 
c [Main] Lowest label SAT is set to 366.
c [Main] Kill higher label pid 367.
c [Main] Kill higher label pid 368.
c [Main] Kill higher label pid 369.
c [Label = 368] Encoding duration: 6029ms.
c [Label = 368] Number of clauses: 4834082.
c [Label = 368] Number of variables: 522234.
c [Signal] Signal interruption. Caught signal: SIGTERM (15).
c [Label = 367] Encoding duration: 6060ms.
c [Label = 367] Number of clauses: 4820462.
c [Label = 367] Number of variables: 521173.
c [Signal] Signal interruption. Caught signal: SIGTERM (15).
c [Label = 369] Encoding duration: 6126ms.
c [Label = 369] Number of clauses: 4847701.
c [Label = 369] Number of variables: 523295.
c [Signal] Signal interruption. Caught signal: SIGTERM (15).
c [Main] Child pid 369 - 1392461 terminated by signal 15.
c [Main] Child pid 368 - 1392462 terminated by signal 15.
c [Main] Child pid 367 - 1392463 terminated by signal 15.
c [Label = 365] Encoding duration: 6005ms.
c [Label = 365] Number of clauses: 4793223.
c [Label = 365] Number of variables: 519051.
c [Label = 365] Solving duration: 384024 ms.
s [Label = 365] SAT (w = 47).
Label assignment: 365 176 45 30 329 2 312 59 201 81 159 65 12 244 1 76 64 79 54 125 23 57 318 337 1 365 246 222 321 258 365 239 164 303 147 181 68 89 178 270 280 246 52 218 15 231 125 70 269 364 290 78 365 9 151 364 219 322 250 263 365 46 100 22 365 318 69 169 162 20 214 135 295 271 292 33 54 115 166 63 317 172 103 177 346 95 364 87 205 365 293 95 145 104 35 365 318 182 279 75 133 227 269 3 365 4 242 365 213 240 354 136 72 7 225 302 188 330 149 243 1 139 259 263 287 28 175 88 152 98 335 3 48 143 58 291 13 318 204 205 340 359 352 299 365 132 310 201 1 1 1 167 200 14 358 205 122 226 185 230 96 109 56 258 285 336 17 317 248 220 283 281 238 264 365 198 262 27 54 256 128 158 39 158 41 210 158 212 124 356 355 230 232 245 318 365 149 254 171 94 66 365 92 301 82 180 365 5 40 205 284 215 360 38 31 62 10 144 304 102 3 317 208 158 73 349 32 53 271 345 42 84 121 318 134 202 154 158 56 318 93 300 90 198 237 196 333 60 55 334 353 60 351 160 318 106 47 365 142 339 249 228 212 247 51 103 50 83 162 59 313 67 266 104 318 241 275 34 261 148 199 11 255 324 309 251 2 179 365 211 331 105 19 85 282 365 130 97 36 26 55 205 102 127 364 53 311 236 318 269 229 151 198 362 3 294 146 297 282 217 150 48 269 221 117 102 155 209 223 184 157 343 1 106 174 159 317 241 274 296 253 207 265 234 344 361 317 50 363 256 272 192 222 189 138 314 342 91 21 126 156 205 194 140 114 173 111 102 153 16 55 165 222 77 252 148 61 365 286 137 101 328 1 318 332 195 148 365 98 112 18 364 268 97 318 110 276 224 233 235 315 2 25 170 338 365 23 326 316 341 257 289 71 141 1 37 357 7 86 191 269 1 129 110 108 365 269 43 1 29 5 4 269 107 183 327 278 365 298 219 113 306 117 120 187 118 271 307 285 318 123 144 325 350 119 99 269 260 365 190 317 74 153 197 161 50 80 305 319 252 288 101 163 131 323 318 6 348 116 101 200 149 365 271 320 180 44 186 168 24 273 203 49 193 58 206 347 277 54 8 216 308 267 
c [Main] Lowest label SAT is set to 365.
c [Label = 364] Encoding duration: 5900ms.
c [Label = 364] Number of clauses: 4779604.
c [Label = 364] Number of variables: 517990.
c [Label = 364] Solving duration: 455030 ms.
s [Label = 364] SAT (w = 47).
Label assignment: 363 118 76 165 364 1 178 316 136 132 206 364 364 177 137 262 284 266 223 63 254 95 359 272 1 70 341 265 59 64 48 320 209 364 346 323 10 75 238 317 135 90 189 53 198 218 65 322 221 309 33 282 257 49 208 292 344 72 122 196 1 288 167 24 270 146 229 270 95 98 307 163 342 313 51 199 317 19 205 194 1 275 86 330 44 134 364 54 317 162 22 89 8 193 364 250 364 12 169 237 317 224 127 364 1 363 364 48 343 337 69 228 140 261 318 301 80 84 236 305 1 43 283 117 156 132 195 106 197 95 184 1 144 201 127 270 1 108 216 1 66 1 349 317 354 32 48 179 363 49 40 316 362 147 289 142 324 345 293 180 99 262 310 115 176 187 273 48 83 112 20 317 358 295 360 48 313 317 317 270 182 222 152 207 336 317 95 48 215 267 4 100 364 100 11 352 311 276 78 94 104 50 303 30 356 351 317 364 364 270 188 48 225 350 141 96 317 210 34 95 1 1 151 107 364 355 173 96 154 47 251 93 88 1 279 167 4 129 246 357 161 260 310 311 348 339 326 213 142 287 364 200 126 280 57 95 274 263 308 319 7 14 146 296 316 149 306 60 297 101 241 103 98 264 48 285 311 226 189 29 171 158 223 321 170 58 52 286 317 302 2 92 236 329 120 1 17 317 335 25 312 364 212 56 211 97 142 139 48 95 340 245 364 1 49 153 31 38 82 252 102 145 269 364 45 95 114 48 125 91 97 62 1 155 225 203 74 185 234 278 41 256 253 128 333 136 361 239 142 270 217 364 1 232 35 294 277 15 183 87 204 48 37 364 124 168 304 96 202 242 161 315 1 21 157 243 18 1 327 300 317 271 6 1 123 364 143 53 111 298 5 364 142 192 143 160 235 231 172 73 240 248 175 325 27 364 16 79 48 85 270 281 71 290 259 181 331 264 68 110 299 244 28 147 174 2 113 334 353 347 364 269 255 176 150 23 328 1 233 48 317 42 268 130 39 119 148 67 3 364 81 145 77 364 269 291 164 209 270 227 258 138 306 1 332 109 9 314 186 105 166 49 146 338 36 247 26 46 13 190 249 214 1 191 61 121 116 220 59 261 230 142 146 55 317 159 133 131 95 317 58 364 219 
c [Main] Lowest label SAT is set to 364.
c [Label = 361] Encoding duration: 5939ms.
c [Label = 361] Number of clauses: 4738745.
c [Label = 361] Number of variables: 514807.
c [Label = 361] Solving duration: 291175 ms.
s [Label = 361] SAT (w = 47).
Label assignment: 266 273 120 15 361 173 271 55 269 213 361 145 113 245 121 135 17 328 195 76 234 220 107 33 61 361 83 255 349 16 361 268 267 97 314 344 289 133 276 314 228 221 212 229 251 355 244 294 1 49 272 305 314 51 304 108 193 351 129 260 147 93 203 231 149 118 219 267 60 68 159 184 36 1 358 211 49 288 322 313 115 222 125 74 350 82 109 22 52 52 128 223 85 3 234 78 126 224 29 46 233 285 202 248 105 265 279 149 321 102 361 42 43 56 127 326 277 35 314 13 147 335 361 174 1 114 1 239 1 359 235 148 194 48 314 332 102 361 187 361 59 112 255 191 53 169 361 286 113 102 300 361 159 280 31 101 230 348 197 331 1 314 1 139 270 281 205 160 19 153 157 310 113 361 107 154 309 232 48 72 106 1 325 1 275 37 1 267 25 81 311 361 360 5 161 357 207 346 175 242 172 220 284 91 130 293 62 50 250 314 345 267 352 237 297 4 149 215 179 2 162 112 79 141 329 227 50 152 361 63 247 116 77 258 170 140 140 1 51 145 40 158 20 154 317 44 204 314 256 27 333 149 353 188 151 209 232 51 199 178 146 301 99 255 312 314 1 241 287 253 111 217 261 207 48 23 334 290 6 295 92 124 204 226 319 89 361 315 49 310 103 123 341 218 189 58 67 48 283 132 354 96 60 87 97 150 164 14 259 218 12 314 113 314 361 69 181 323 176 104 361 314 196 361 55 207 11 159 26 34 361 235 54 2 210 314 361 225 186 216 166 98 314 73 168 131 149 1 149 309 336 136 102 4 262 57 80 88 74 84 217 243 361 183 279 185 220 207 206 167 254 314 142 21 264 3 45 155 64 342 338 28 145 171 18 134 306 192 198 31 246 302 361 214 254 3 278 94 180 10 122 303 75 339 236 243 235 90 52 117 290 24 39 41 160 340 292 160 11 144 238 95 32 6 249 267 220 296 361 182 263 314 6 252 1 8 337 102 86 66 30 190 50 110 219 78 196 163 138 98 70 54 137 314 5 240 307 196 38 47 50 143 56 308 330 1 347 274 316 55 324 200 361 7 177 55 299 343 71 206 159 9 65 291 173 298 119 320 327 318 165 156 208 3 254 257 201 237 356 160 361 100 282 
c [Main] Lowest label SAT is set to 361.
c [Main] Kill higher label pid 362.
c [Main] Kill higher label pid 363.
c [Label = 363] Encoding duration: 5912ms.
c [Label = 363] Number of clauses: 4765984.
c [Label = 363] Number of variables: 516929.
c [Signal] Signal interruption. Caught signal: SIGTERM (15).
c [Label = 362] Encoding duration: 5880ms.
c [Label = 362] Number of clauses: 4752365.
c [Label = 362] Number of variables: 515868.
c [Signal] Signal interruption. Caught signal: SIGTERM (15).
c [Main] Child pid 363 - 1392467 terminated by signal 15.
c [Main] Child pid 362 - 1392468 terminated by signal 15.
c [Label = 356] Encoding duration: 6389ms.
c [Label = 356] Number of clauses: 4670648.
c [Label = 356] Number of variables: 509502.
c [Label = 356] Solving duration: 185785 ms.
s [Label = 356] SAT (w = 47).
Label assignment: 148 343 23 264 342 111 267 356 280 18 356 112 215 333 326 295 35 324 291 238 330 356 194 222 168 207 83 107 270 274 147 269 7 251 234 268 223 181 265 211 168 187 356 80 232 356 62 136 197 199 163 340 166 103 2 120 266 321 320 60 150 180 128 329 150 210 309 356 354 226 252 272 246 4 259 74 309 309 94 195 97 213 238 244 167 175 111 338 244 150 281 79 45 17 31 309 158 221 292 89 277 311 7 262 200 148 356 242 309 278 328 176 341 260 52 325 91 262 309 219 244 76 51 34 4 353 195 356 356 344 221 149 196 309 299 273 114 160 235 246 347 166 263 284 158 140 262 186 154 105 36 356 215 239 355 196 335 296 160 301 11 309 356 97 33 188 319 262 127 154 135 189 194 64 155 108 309 63 302 348 121 356 44 297 215 323 351 262 197 351 211 305 356 49 116 336 309 337 224 26 14 287 204 286 92 240 168 98 132 203 183 259 32 251 30 56 201 298 345 4 164 109 245 199 276 217 87 142 205 86 233 46 171 307 215 182 139 352 113 150 309 199 90 100 118 315 312 3 356 356 122 236 43 282 195 58 332 147 42 283 191 229 207 58 54 1 294 225 169 356 200 115 350 309 101 314 20 73 10 206 82 215 55 237 41 272 205 331 244 162 309 216 65 131 155 309 67 56 93 138 356 197 1 144 356 249 215 189 261 50 262 309 110 106 103 300 85 169 310 309 197 303 7 148 209 57 100 153 177 193 1 346 256 56 317 356 102 220 218 28 169 306 308 173 29 293 152 8 198 53 190 124 101 318 172 104 334 21 37 130 56 99 137 64 25 275 4 59 9 309 356 51 148 178 356 2 230 145 322 87 52 316 257 101 165 150 213 65 95 1 258 253 214 49 208 309 119 227 72 89 161 117 126 313 125 243 143 185 250 88 5 13 24 170 241 78 129 157 22 151 123 290 143 3 54 254 54 271 247 75 67 262 309 1 15 288 84 101 134 262 81 279 309 71 179 231 6 192 66 304 184 2 228 152 309 248 12 48 204 94 309 16 309 96 285 1 46 19 70 349 27 356 64 327 141 289 255 133 174 51 156 202 212 1 356 69 77 47 339 39 40 146 356 63 301 107 61 38 356 159 262 197 68 
c [Main] Lowest label SAT is set to 356.
c [Main] Kill higher label pid 357.
c [Main] Kill higher label pid 358.
c [Main] Kill higher label pid 359.
c [Main] Kill higher label pid 360.
c [Label = 360] Encoding duration: 6060ms.
c [Label = 360] Number of clauses: 4725126.
c [Label = 360] Number of variables: 513746.
c [Signal] Signal interruption. Caught signal: SIGTERM (15).
c [Label = 357] Encoding duration: 6060ms.
c [Label = 357] Number of clauses: 4684267.
c [Label = 357] Number of variables: 510563.
c [Signal] Signal interruption. Caught signal: SIGTERM (15).
c [Label = 359] Encoding duration: 5635ms.
c [Label = 359] Number of clauses: 4711506.
c [Label = 359] Number of variables: 512685.
c [Signal] Signal interruption. Caught signal: SIGTERM (15).
c [Label = 358] Encoding duration: 5488ms.
c [Label = 358] Number of clauses: 4697887.
c [Label = 358] Number of variables: 511624.
c [Signal] Signal interruption. Caught signal: SIGTERM (15).
c [Main] Child pid 360 - 1392506 terminated by signal 15.
c [Main] Child pid 359 - 1392507 terminated by signal 15.
c [Main] Child pid 358 - 1392508 terminated by signal 15.
c [Main] Child pid 357 - 1392536 terminated by signal 15.
c [Label = 353] Encoding duration: 5801ms.
c [Label = 353] Number of clauses: 4629789.
c [Label = 353] Number of variables: 506319.
c [Label = 353] Solving duration: 296215 ms.
s [Label = 353] SAT (w = 47).
Label assignment: 1 88 254 270 153 239 270 115 260 323 142 243 306 8 186 14 221 18 353 230 313 95 259 93 299 1 43 157 285 330 1 224 68 353 74 314 3 275 240 190 31 121 347 62 353 176 46 215 211 48 1 68 353 48 163 50 201 326 135 353 304 353 289 39 353 288 226 353 150 353 48 79 333 99 258 59 159 12 205 111 165 94 170 239 266 271 48 311 257 287 319 223 301 353 315 1 142 332 130 28 67 46 60 353 50 1 133 48 169 349 267 50 164 2 317 316 47 78 97 225 236 217 148 97 286 334 353 146 141 212 139 306 353 51 353 37 212 48 266 1 87 300 234 76 1 73 252 199 56 251 124 212 3 30 302 259 227 282 200 1 196 189 95 26 108 336 127 259 235 309 137 306 269 192 259 51 98 322 63 144 238 206 327 353 126 27 189 1 340 69 15 188 11 210 257 29 163 342 131 172 80 58 55 219 19 324 257 1 77 256 262 48 294 266 228 353 1 203 122 195 143 303 257 241 119 53 183 158 95 102 89 335 317 150 263 20 35 207 353 243 306 345 13 54 7 273 83 110 144 344 277 259 120 155 10 97 331 142 220 191 213 125 244 149 95 297 48 232 117 353 1 237 101 353 1 280 96 219 193 40 144 306 160 129 118 71 255 281 61 353 253 57 246 24 104 9 167 48 179 272 353 254 66 166 1 353 248 22 247 353 128 145 306 339 1 92 85 293 318 48 189 353 156 259 1 346 173 245 307 90 142 72 306 194 341 290 9 32 38 343 100 142 95 325 152 229 305 180 306 160 308 276 259 274 84 3 265 337 132 178 352 1 312 174 264 223 189 103 147 64 116 95 142 36 95 150 105 148 278 261 95 249 250 52 202 348 306 42 70 136 353 351 295 198 4 162 350 140 107 218 1 353 138 81 177 48 182 33 48 91 142 322 86 119 353 41 266 353 284 279 175 259 219 306 109 1 209 82 292 328 154 353 212 113 106 222 310 306 214 259 171 283 48 184 112 114 306 134 338 48 123 151 181 298 161 222 306 353 208 168 242 269 50 306 34 142 21 75 45 48 268 49 291 185 271 165 301 23 233 197 1 204 6 306 17 16 329 320 187 321 44 296 98 96 97 306 231 216 353 65 5 48 25 
c [Main] Lowest label SAT is set to 353.
c [Main] Kill higher label pid 354.
c [Main] Kill higher label pid 355.
c [Label = 354] Encoding duration: 5896ms.
c [Label = 354] Number of clauses: 4643409.
c [Label = 354] Number of variables: 507380.
c [Signal] Signal interruption. Caught signal: SIGTERM (15).
c [Label = 355] Encoding duration: 5876ms.
c [Label = 355] Number of clauses: 4657028.
c [Label = 355] Number of variables: 508441.
c [Signal] Signal interruption. Caught signal: SIGTERM (15).
c [Main] Child pid 355 - 1392563 terminated by signal 15.
c [Main] Child pid 354 - 1392564 terminated by signal 15.
c [Label = 350] Encoding duration: 5799ms.
c [Label = 350] Number of clauses: 4588931.
c [Label = 350] Number of variables: 503136.
c [Label = 350] Solving duration: 278175 ms.
s [Label = 350] SAT (w = 47).
Label assignment: 145 127 324 40 144 96 331 350 85 309 303 155 157 225 234 283 183 169 303 273 350 202 160 181 350 199 66 143 116 182 209 321 62 97 312 340 22 71 29 255 350 123 205 80 320 288 201 20 115 144 241 223 109 52 303 105 88 306 265 301 144 13 232 287 256 49 222 48 303 44 142 259 70 348 209 280 62 328 43 252 303 341 161 75 57 133 153 177 97 151 235 193 308 1 58 48 302 318 68 119 291 167 350 103 350 50 346 301 300 87 63 228 326 97 3 305 332 38 303 78 48 26 3 170 254 261 350 200 347 1 180 156 1 350 48 141 96 202 303 191 212 247 65 77 350 281 200 64 96 97 22 205 153 337 327 350 263 315 23 27 1 245 1 267 316 72 314 48 218 192 137 350 3 301 148 48 301 276 350 350 163 1 238 303 219 5 251 98 25 256 256 2 144 1 256 28 303 129 45 236 264 246 257 59 303 313 95 102 186 238 168 143 343 76 147 193 350 336 74 253 51 95 90 238 268 224 164 150 349 210 146 139 299 301 94 233 120 1 300 298 122 239 221 350 176 310 82 256 53 60 269 303 128 31 160 344 319 298 69 295 35 275 99 296 204 250 350 92 194 289 203 145 303 256 56 279 39 10 6 285 118 48 303 317 126 134 189 335 350 350 292 260 14 266 311 290 333 289 47 166 243 109 350 220 206 96 50 284 55 1 190 249 159 250 191 350 185 9 307 301 345 256 256 209 197 254 140 156 339 217 294 84 101 48 86 251 209 282 93 231 18 99 240 216 91 172 350 3 350 256 187 181 100 89 41 207 173 274 272 121 293 97 12 342 67 330 1 1 1 51 53 350 154 46 50 1 73 152 11 83 204 227 97 350 230 1 1 203 178 345 108 237 4 54 350 1 21 323 177 184 153 104 42 304 211 107 350 248 157 215 1 24 229 34 256 258 278 111 244 144 226 302 131 350 303 146 303 329 106 61 171 256 196 48 49 8 277 110 130 98 135 17 2 334 19 32 254 36 125 150 117 7 322 144 303 79 195 198 350 132 303 124 297 113 262 3 214 114 165 338 188 242 350 270 30 147 162 174 33 207 142 350 350 350 15 175 136 213 37 138 271 158 48 325 286 149 81 16 254 112 208 350 179 
c [Main] Lowest label SAT is set to 350.
c [Main] Kill higher label pid 351.
c [Main] Kill higher label pid 352.
c [Label = 352] Encoding duration: 6028ms.
c [Label = 352] Number of clauses: 4616170.
c [Label = 352] Number of variables: 505258.
c [Signal] Signal interruption. Caught signal: SIGTERM (15).
c [Label = 351] Encoding duration: 5987ms.
c [Label = 351] Number of clauses: 4602550.
c [Label = 351] Number of variables: 504197.
c [Signal] Signal interruption. Caught signal: SIGTERM (15).
c [Main] Child pid 351 - 1393015 terminated by signal 15.
c [Main] Child pid 352 - 1393014 terminated by signal 15.
c [Label = 349] Encoding duration: 5815ms.
c [Label = 349] Number of clauses: 4575311.
c [Label = 349] Number of variables: 502075.
c [Label = 349] Solving duration: 467958 ms.
s [Label = 349] SAT (w = 47).
Label assignment: 48 227 328 212 349 295 305 191 34 66 5 99 285 113 65 279 178 349 1 79 330 147 293 187 194 274 92 56 25 80 142 261 349 102 332 14 311 323 233 198 76 161 146 228 327 162 255 140 283 154 46 258 50 302 95 302 39 26 211 96 302 10 224 27 302 349 156 349 236 302 49 167 317 142 291 183 199 17 302 207 1 47 166 32 49 88 294 120 157 302 30 260 218 245 91 5 342 280 307 125 223 316 1 48 194 349 11 302 188 333 169 167 210 1 231 158 313 22 95 90 349 85 1 75 338 214 109 275 349 254 213 302 107 1 1 41 160 270 281 54 339 302 232 63 198 309 48 134 347 302 266 144 143 71 272 204 118 286 60 37 255 7 251 69 43 125 72 298 78 189 21 207 284 99 299 346 147 224 3 195 185 246 137 1 138 318 252 48 326 129 144 255 349 244 97 255 191 234 265 186 64 255 133 110 18 12 48 297 89 153 29 52 128 181 112 101 191 206 163 247 1 148 117 289 349 315 116 95 243 86 59 209 219 48 139 42 139 255 107 6 191 101 325 191 119 292 121 97 1 304 93 302 184 217 300 237 271 299 73 180 308 144 54 208 157 204 189 126 208 101 296 99 241 1 349 77 56 349 349 61 11 301 208 269 229 19 302 23 198 84 349 28 222 176 33 8 230 4 58 214 150 50 1 170 146 302 349 74 48 254 115 1 48 95 55 2 127 124 257 1 105 95 97 144 240 241 95 142 175 38 105 62 48 349 310 196 151 135 164 81 108 53 248 165 141 114 201 239 205 104 177 120 50 182 303 288 111 334 168 216 107 57 273 276 36 24 149 250 2 301 340 193 1 130 349 1 132 344 278 174 155 256 155 191 268 45 192 302 171 349 52 51 99 343 200 1 227 324 173 82 1 96 290 262 170 48 319 314 301 83 106 220 312 221 48 306 287 97 172 161 67 302 335 97 349 349 238 70 48 123 159 97 1 349 1 20 94 50 264 348 15 263 282 179 226 277 207 66 331 9 225 1 235 148 1 44 203 152 259 321 341 136 190 95 87 253 320 31 68 195 40 255 99 215 214 3 100 337 124 95 98 103 197 202 16 35 186 322 131 122 336 345 349 329 242 48 13 267 249 145 144 204 171 
c [Main] Lowest label SAT is set to 349.
c [Label = 347] Encoding duration: 6177ms.
c [Label = 347] Number of clauses: 4548072.
c [Label = 347] Number of variables: 499953.
c [Label = 347] Solving duration: 651033 ms.
s [Label = 347] SAT (w = 47).
Label assignment: 347 177 12 27 253 300 81 1 218 193 108 206 51 250 164 296 131 39 142 89 260 2 339 176 49 277 32 246 266 284 243 322 192 300 114 19 8 269 258 158 141 230 195 166 78 262 300 15 101 300 125 306 245 298 143 298 216 233 215 145 253 43 57 82 347 347 232 1 95 165 347 102 334 2 49 128 199 69 116 206 64 87 174 249 298 45 253 38 347 347 320 212 283 110 121 253 347 136 5 16 319 226 102 234 299 253 267 300 73 75 268 214 127 335 142 134 120 240 2 46 244 94 148 63 130 180 206 347 9 152 216 347 97 193 96 218 159 7 67 253 221 300 329 48 253 332 347 90 341 347 198 1 251 217 253 48 113 173 2 129 98 1 197 226 37 208 184 49 133 241 68 6 149 157 49 241 147 317 154 182 66 151 327 100 290 235 197 300 118 181 248 253 300 96 347 274 149 126 286 238 175 253 179 287 71 213 347 242 167 347 188 50 259 80 74 3 49 1 160 96 49 300 227 328 10 85 42 187 204 256 183 40 314 288 26 224 309 95 56 56 98 300 72 49 325 135 315 206 153 210 333 206 236 122 300 203 91 291 137 31 122 222 345 146 1 103 1 33 11 104 344 206 144 196 300 263 138 55 96 310 326 59 206 241 237 257 51 240 300 347 288 139 22 34 229 293 282 206 279 302 191 253 196 28 281 340 347 88 49 159 251 204 295 297 48 2 293 272 115 336 1 96 200 253 61 201 308 49 170 261 99 255 290 4 92 108 48 254 25 275 276 347 204 185 161 83 52 112 53 190 307 305 347 303 324 347 47 13 316 287 206 48 280 172 35 270 155 96 156 253 1 1 347 119 159 1 203 289 278 311 1 117 202 253 273 347 147 300 41 347 54 252 148 196 337 98 219 21 169 132 149 49 123 168 30 253 18 239 300 65 95 93 17 304 48 323 14 343 264 347 29 50 20 112 1 251 145 76 250 77 231 51 1 1 107 265 321 347 220 300 225 24 331 285 288 79 105 178 189 338 163 97 266 55 106 36 143 150 140 186 347 211 2 292 318 102 313 86 62 205 228 60 205 301 271 58 300 44 312 194 347 1 247 144 330 207 84 223 162 171 209 346 2 111 109 294 23 124 99 342 300 300 70 
c [Main] Lowest label SAT is set to 347.
c [Main] Kill higher label pid 348.
c [Label = 348] Encoding duration: 5770ms.
c [Label = 348] Number of clauses: 4561692.
c [Label = 348] Number of variables: 501014.
c [Signal] Signal interruption. Caught signal: SIGTERM (15).
c [Main] Child pid 348 - 1393018 terminated by signal 15.
c [Label = 341] Encoding duration: 6212ms.
c [Label = 341] Number of clauses: 4466355.
c [Label = 341] Number of variables: 493587.
c [Signal] Signal interruption. Caught signal: SIGTERM (15).
c [Label = 340] Encoding duration: 5579ms.
c [Label = 340] Number of clauses: 4452736.
c [Label = 340] Number of variables: 492526.
c [Signal] Signal interruption. Caught signal: SIGTERM (15).
c [Label = 343] Encoding duration: 5393ms.
c [Label = 343] Number of clauses: 4493594.
c [Label = 343] Number of variables: 495709.
c [Signal] Signal interruption. Caught signal: SIGTERM (15).
c [Label = 342] Encoding duration: 5463ms.
c [Label = 342] Number of clauses: 4479975.
c [Label = 342] Number of variables: 494648.
c [Signal] Signal interruption. Caught signal: SIGTERM (15).
c [Label = 345] Encoding duration: 6226ms.
c [Label = 345] Number of clauses: 4520833.
c [Label = 345] Number of variables: 497831.
c [Signal] Signal interruption. Caught signal: SIGTERM (15).
c [Label = 344] Encoding duration: 5292ms.
c [Label = 344] Number of clauses: 4507214.
c [Label = 344] Number of variables: 496770.
c [Signal] Signal interruption. Caught signal: SIGTERM (15).
c [Label = 346] Encoding duration: 5873ms.
c [Label = 346] Number of clauses: 4534453.
c [Label = 346] Number of variables: 498892.
c [Signal] Signal interruption. Caught signal: SIGTERM (15).
c [Main] Lim pid ends with result: 254.
c [Main] All children have completed.
r [Main] 
r [Main] Final results: 
r [Main] Lowest label SAT:  	347.
r [Main] Highest label UNSAT:	-.
r [Main] Total real time: 1812955 ms.
r [Main] Total memory consumed: 11439.4 MB.
r [Main] 
c [Label = 339] Encoding duration: 5444ms.
c [Label = 339] Number of clauses: 4439116.
c [Label = 339] Number of variables: 491465.
c [Signal] Signal interruption. Caught signal: SIGTERM (15).
