c [Version] Minimize Makespan Labeling Encoder version 1.0.0.
c [Param] Target value is set to 170.
c [Param] LB is predefined as 171.
c [Param] UB is predefined as 370.
c [Param] Target value is set to Antibandwidth.
c [Param] Vertices mode is set to Has hole.
c [Param] Result verification is ON.
c [Param] Memory limit is set to 30000.
c [Param] Real time limit is set to 1800.
c [Param] Max CNF size is set to 10.
c [Main] Search strategy: Incremental from upper bound.
c [Main] Encoding and solving for graph: Q-494_bus.mtx.rnd.
c [Incremental] Minimize Makespan Labeling problem (Q-494_bus.mtx.rnd):
c [Incremental] Encoding starts with target value = 170:
c [Incremental] Encoding duration: 1918ms.
c [Incremental] Number of clauses: 1543800.
c [Incremental] Number of variables: 447124.
c [Incremental] Solving for max label = 370:
c [Incremental] Solving duration: 62 ms.
s [Incremental] SAT (label = 370).
c [Incremental] Label assignment: 370 370 370 370 370 370 370 370 370 370 370 370 370 370 370 200 370 200 370 370 370 370 370 200 370 200 370 370 370 370 370 370 370 370 370 370 200 370 370 370 370 200 200 370 370 370 370 200 370 30 370 200 370 370 370 370 370 370 370 370 200 370 370 370 370 370 370 370 370 370 370 370 370 370 370 370 200 370 370 370 200 370 370 370 370 370 370 200 200 370 30 200 200 370 370 370 200 370 200 30 200 370 370 370 200 370 200 370 30 370 370 370 200 370 30 200 370 200 200 200 370 200 200 200 370 200 370 370 370 370 370 370 370 370 30 200 370 200 200 370 370 370 30 370 370 370 370 200 200 370 370 370 200 200 200 200 370 370 30 370 370 370 200 370 370 370 200 370 370 200 370 370 370 200 200 200 370 200 200 370 370 370 370 370 370 370 370 370 370 200 370 30 370 200 370 200 370 370 370 370 200 30 370 200 370 200 370 370 200 200 30 30 370 370 30 370 370 200 200 200 370 200 200 200 200 200 370 30 200 370 200 30 370 370 370 370 30 200 370 30 370 370 370 370 30 200 200 370 370 30 200 30 30 30 200 30 200 200 200 370 200 370 30 370 370 200 370 370 370 30 370 370 370 370 200 370 200 200 370 200 200 370 370 200 30 200 370 200 370 200 30 370 200 370 370 370 370 30 200 30 200 200 200 370 200 370 370 370 370 200 30 200 370 30 200 200 30 370 200 30 200 200 200 200 370 200 200 200 200 200 30 200 370 370 200 370 370 200 30 370 200 370 200 370 200 30 30 370 30 30 370 200 30 30 200 200 200 200 200 200 370 30 200 200 200 200 370 370 200 200 370 30 200 30 370 200 200 370 200 200 200 30 30 200 370 370 30 30 200 200 370 370 30 370 200 370 370 200 370 370 200 370 30 30 200 370 370 30 200 370 370 370 200 200 370 200 30 200 370 200 370 200 200 370 30 370 200 370 370 200 370 370 200 30 200 30 370 370 30 370 30 30 200 200 370 200 200 30 200 200 30 370 370 200 370 200 30 30 200 370 200 370 200 370 30 200 370 30 200 200 200 200 200 30 200 30 30 370 370 200 200 200 30 30 200 370 200 370 200 370 30 200 1 370 
c [Incremental] Max used label: 370.
c [Incremental] Label 370 is removed from searching.
c [Incremental] Solving for max label = 369:
c [Incremental] Solving duration: 35 ms.
s [Incremental] SAT (label = 369).
c [Incremental] Label assignment: 369 369 369 369 369 369 369 369 369 369 369 369 369 369 369 199 369 199 369 369 369 369 369 199 369 199 369 369 369 369 369 369 369 369 369 369 199 369 369 369 369 199 199 369 369 369 369 199 369 29 369 199 369 369 369 369 369 369 369 369 199 369 369 369 369 369 369 369 369 369 369 369 369 369 369 369 199 369 369 369 199 369 369 369 369 369 369 199 199 369 29 199 199 369 369 369 199 369 199 29 199 369 369 369 199 369 199 369 29 369 369 369 199 369 29 199 369 199 199 199 369 199 199 199 369 199 369 369 369 369 369 369 369 369 29 199 369 199 199 369 369 369 29 369 369 369 369 199 199 369 369 369 199 199 199 199 369 369 29 369 369 369 199 369 369 369 199 369 369 199 369 369 369 199 199 199 369 199 199 369 369 369 369 369 369 369 369 369 369 199 369 29 369 199 369 199 369 369 369 369 199 29 369 199 369 199 369 369 199 199 29 29 369 369 29 369 369 199 199 199 369 199 199 199 199 199 369 29 199 369 199 29 369 369 369 369 29 199 369 29 369 369 369 369 29 199 199 369 369 29 199 29 29 29 199 29 199 199 199 369 199 369 29 369 369 199 369 369 369 29 369 369 369 369 199 369 199 199 369 199 199 369 369 199 29 199 369 199 369 199 29 369 199 369 369 369 369 29 199 29 199 199 199 369 199 369 369 369 369 199 29 199 369 29 199 199 29 369 199 29 199 199 199 199 369 199 199 199 199 199 29 199 369 369 199 369 369 199 29 369 199 369 199 369 199 29 29 369 29 29 369 199 29 29 199 199 199 199 199 199 369 29 199 199 199 199 369 369 199 199 369 29 199 29 369 199 199 369 199 199 199 29 29 199 369 369 29 29 199 199 369 369 29 369 199 369 369 199 369 369 199 369 29 29 199 369 369 29 199 369 369 369 199 199 369 199 29 199 369 199 369 199 199 369 29 369 199 369 369 199 369 369 199 29 199 29 369 369 29 369 29 29 199 199 369 199 199 29 199 199 29 369 369 199 369 199 29 29 199 369 199 369 199 369 29 199 369 29 199 199 199 199 199 29 199 29 29 369 369 199 199 199 29 29 199 369 199 369 199 369 29 199 1 369 
c [Incremental] Max used label: 369.
c [Incremental] Label 369 is removed from searching.
c [Incremental] Solving for max label = 368:
c [Incremental] Solving duration: 34 ms.
s [Incremental] SAT (label = 368).
c [Incremental] Label assignment: 368 368 368 368 368 368 368 368 368 368 368 368 368 368 368 198 368 198 368 368 368 368 368 198 368 198 368 368 368 368 368 368 368 368 368 368 198 368 368 368 368 198 198 368 368 368 368 198 368 28 368 198 368 368 368 368 368 368 368 368 198 368 368 368 368 368 368 368 368 368 368 368 368 368 368 368 198 368 368 368 198 368 368 368 368 368 368 198 198 368 28 198 198 368 368 368 198 368 198 28 198 368 368 368 198 368 198 368 28 368 368 368 198 368 28 198 368 198 198 198 368 198 198 198 368 198 368 368 368 368 368 368 368 368 28 198 368 198 198 368 368 368 28 368 368 368 368 198 198 368 368 368 198 198 198 198 368 368 28 368 368 368 198 368 368 368 198 368 368 198 368 368 368 198 198 198 368 198 198 368 368 368 368 368 368 368 368 368 368 198 368 28 368 198 368 198 368 368 368 368 198 28 368 198 368 198 368 368 198 198 28 28 368 368 28 368 368 198 198 198 368 198 198 198 198 198 368 28 198 368 198 28 368 368 368 368 28 198 368 28 368 368 368 368 28 198 198 368 368 28 198 28 28 28 198 28 198 198 198 368 198 368 28 368 368 198 368 368 368 28 368 368 368 368 198 368 198 198 368 198 198 368 368 198 28 198 368 198 368 198 28 368 198 368 368 368 368 28 198 28 198 198 198 368 198 368 368 368 368 198 28 198 368 28 198 198 28 368 198 28 198 198 198 198 368 198 198 198 198 198 28 198 368 368 198 368 368 198 28 368 198 368 198 368 198 28 28 368 28 28 368 198 28 28 198 198 198 198 198 198 368 28 198 198 198 198 368 368 198 198 368 28 198 28 368 198 198 368 198 198 198 28 28 198 368 368 28 28 198 198 368 368 28 368 198 368 368 198 368 368 198 368 28 28 198 368 368 28 198 368 368 368 198 198 368 198 28 198 368 198 368 198 198 368 28 368 198 368 368 198 368 368 198 28 198 28 368 368 28 368 28 28 198 198 368 198 198 28 198 198 28 368 368 198 368 198 28 28 198 368 198 368 198 368 28 198 368 28 198 198 198 198 198 28 198 28 28 368 368 198 198 198 28 28 198 368 198 368 198 368 28 198 1 368 
c [Incremental] Max used label: 368.
c [Incremental] Label 368 is removed from searching.
c [Incremental] Solving for max label = 367:
c [Incremental] Solving duration: 34 ms.
s [Incremental] SAT (label = 367).
c [Incremental] Label assignment: 367 367 367 367 367 367 367 367 367 367 367 367 367 367 367 197 367 197 367 367 367 367 367 197 367 197 367 367 367 367 367 367 367 367 367 367 197 367 367 367 367 197 197 367 367 367 367 197 367 27 367 197 367 367 367 367 367 367 367 367 197 367 367 367 367 367 367 367 367 367 367 367 367 367 367 367 197 367 367 367 197 367 367 367 367 367 367 197 197 367 27 197 197 367 367 367 197 367 197 27 197 367 367 367 197 367 197 367 27 367 367 367 197 367 27 197 367 197 197 197 367 197 197 197 367 197 367 367 367 367 367 367 367 367 27 197 367 197 197 367 367 367 27 367 367 367 367 197 197 367 367 367 197 197 197 197 367 367 27 367 367 367 197 367 367 367 197 367 367 197 367 367 367 197 197 197 367 197 197 367 367 367 367 367 367 367 367 367 367 197 367 27 367 197 367 197 367 367 367 367 197 27 367 197 367 197 367 367 197 197 27 27 367 367 27 367 367 197 197 197 367 197 197 197 197 197 367 27 197 367 197 27 367 367 367 367 27 197 367 27 367 367 367 367 27 197 197 367 367 27 197 27 27 27 197 27 197 197 197 367 197 367 27 367 367 197 367 367 367 27 367 367 367 367 197 367 197 197 367 197 197 367 367 197 27 197 367 197 367 197 27 367 197 367 367 367 367 27 197 27 197 197 197 367 197 367 367 367 367 197 27 197 367 27 197 197 27 367 197 27 197 197 197 197 367 197 197 197 197 197 27 197 367 367 197 367 367 197 27 367 197 367 197 367 197 27 27 367 27 27 367 197 27 27 197 197 197 197 197 197 367 27 197 197 197 197 367 367 197 197 367 27 197 27 367 197 197 367 197 197 197 27 27 197 367 367 27 27 197 197 367 367 27 367 197 367 367 197 367 367 197 367 27 27 197 367 367 27 197 367 367 367 197 197 367 197 27 197 367 197 367 197 197 367 27 367 197 367 367 197 367 367 197 27 197 27 367 367 27 367 27 27 197 197 367 197 197 27 197 197 27 367 367 197 367 197 27 27 197 367 197 367 197 367 27 197 367 27 197 197 197 197 197 27 197 27 27 367 367 197 197 197 27 27 197 367 197 367 197 367 27 197 1 367 
c [Incremental] Max used label: 367.
c [Incremental] Label 367 is removed from searching.
c [Incremental] Solving for max label = 366:
c [Incremental] Solving duration: 35 ms.
s [Incremental] SAT (label = 366).
c [Incremental] Label assignment: 366 366 366 366 366 366 366 366 366 366 366 366 366 366 366 196 366 196 366 366 366 366 366 196 366 196 366 366 366 366 366 366 366 366 366 366 196 366 366 366 366 196 196 366 366 366 366 196 366 26 366 196 366 366 366 366 366 366 366 366 196 366 366 366 366 366 366 366 366 366 366 366 366 366 366 366 196 366 366 366 196 366 366 366 366 366 366 196 196 366 26 196 196 366 366 366 196 366 196 26 196 366 366 366 196 366 196 366 26 366 366 366 196 366 26 196 366 196 196 196 366 196 196 196 366 196 366 366 366 366 366 366 366 366 26 196 366 196 196 366 366 366 26 366 366 366 366 196 196 366 366 366 196 196 196 196 366 366 26 366 366 366 196 366 366 366 196 366 366 196 366 366 366 196 196 196 366 196 196 366 366 366 366 366 366 366 366 366 366 196 366 26 366 196 366 196 366 366 366 366 196 26 366 196 366 196 366 366 196 196 26 26 366 366 26 366 366 196 196 196 366 196 196 196 196 196 366 26 196 366 196 26 366 366 366 366 26 196 366 26 366 366 366 366 26 196 196 366 366 26 196 26 26 26 196 26 196 196 196 366 196 366 26 366 366 196 366 366 366 26 366 366 366 366 196 366 196 196 366 196 196 366 366 196 26 196 366 196 366 196 26 366 196 366 366 366 366 26 196 26 196 196 196 366 196 366 366 366 366 196 26 196 366 26 196 196 26 366 196 26 196 196 196 196 366 196 196 196 196 196 26 196 366 366 196 366 366 196 26 366 196 366 196 366 196 26 26 366 26 26 366 196 26 26 196 196 196 196 196 196 366 26 196 196 196 196 366 366 196 196 366 26 196 26 366 196 196 366 196 196 196 26 26 196 366 366 26 26 196 196 366 366 26 366 196 366 366 196 366 366 196 366 26 26 196 366 366 26 196 366 366 366 196 196 366 196 26 196 366 196 366 196 196 366 26 366 196 366 366 196 366 366 196 26 196 26 366 366 26 366 26 26 196 196 366 196 196 26 196 196 26 366 366 196 366 196 26 26 196 366 196 366 196 366 26 196 366 26 196 196 196 196 196 26 196 26 26 366 366 196 196 196 26 26 196 366 196 366 196 366 26 196 1 366 
c [Incremental] Max used label: 366.
c [Incremental] Label 366 is removed from searching.
c [Incremental] Solving for max label = 365:
c [Incremental] Solving duration: 35 ms.
s [Incremental] SAT (label = 365).
c [Incremental] Label assignment: 365 365 365 365 365 365 365 365 365 365 365 365 365 365 365 195 365 195 365 365 365 365 365 195 365 195 365 365 365 365 365 365 365 365 365 365 195 365 365 365 365 195 195 365 365 365 365 195 365 25 365 195 365 365 365 365 365 365 365 365 195 365 365 365 365 365 365 365 365 365 365 365 365 365 365 365 195 365 365 365 195 365 365 365 365 365 365 195 195 365 25 195 195 365 365 365 195 365 195 25 195 365 365 365 195 365 195 365 25 365 365 365 195 365 25 195 365 195 195 195 365 195 195 195 365 195 365 365 365 365 365 365 365 365 25 195 365 195 195 365 365 365 25 365 365 365 365 195 195 365 365 365 195 195 195 195 365 365 25 365 365 365 195 365 365 365 195 365 365 195 365 365 365 195 195 195 365 195 195 365 365 365 365 365 365 365 365 365 365 195 365 25 365 195 365 195 365 365 365 365 195 25 365 195 365 195 365 365 195 195 25 25 365 365 25 365 365 195 195 195 365 195 195 195 195 195 365 25 195 365 195 25 365 365 365 365 25 195 365 25 365 365 365 365 25 195 195 365 365 25 195 25 25 25 195 25 195 195 195 365 195 365 25 365 365 195 365 365 365 25 365 365 365 365 195 365 195 195 365 195 195 365 365 195 25 195 365 195 365 195 25 365 195 365 365 365 365 25 195 25 195 195 195 365 195 365 365 365 365 195 25 195 365 25 195 195 25 365 195 25 195 195 195 195 365 195 195 195 195 195 25 195 365 365 195 365 365 195 25 365 195 365 195 365 195 25 25 365 25 25 365 195 25 25 195 195 195 195 195 195 365 25 195 195 195 195 365 365 195 195 365 25 195 25 365 195 195 365 195 195 195 25 25 195 365 365 25 25 195 195 365 365 25 365 195 365 365 195 365 365 195 365 25 25 195 365 365 25 195 365 365 365 195 195 365 195 25 195 365 195 365 195 195 365 25 365 195 365 365 195 365 365 195 25 195 25 365 365 25 365 25 25 195 195 365 195 195 25 195 195 25 365 365 195 365 195 25 25 195 365 195 365 195 365 25 195 365 25 195 195 195 195 195 25 195 25 25 365 365 195 195 195 25 25 195 365 195 365 195 365 25 195 1 365 
c [Incremental] Max used label: 365.
c [Incremental] Label 365 is removed from searching.
c [Incremental] Solving for max label = 364:
c [Incremental] Solving duration: 35 ms.
s [Incremental] SAT (label = 364).
c [Incremental] Label assignment: 364 364 364 364 364 364 364 364 364 364 364 364 364 364 364 194 364 194 364 364 364 364 364 194 364 194 364 364 364 364 364 364 364 364 364 364 194 364 364 364 364 194 194 364 364 364 364 194 364 24 364 194 364 364 364 364 364 364 364 364 194 364 364 364 364 364 364 364 364 364 364 364 364 364 364 364 194 364 364 364 194 364 364 364 364 364 364 194 194 364 24 194 194 364 364 364 194 364 194 24 194 364 364 364 194 364 194 364 24 364 364 364 194 364 24 194 364 194 194 194 364 194 194 194 364 194 364 364 364 364 364 364 364 364 24 194 364 194 194 364 364 364 24 364 364 364 364 194 194 364 364 364 194 194 194 194 364 364 24 364 364 364 194 364 364 364 194 364 364 194 364 364 364 194 194 194 364 194 194 364 364 364 364 364 364 364 364 364 364 194 364 24 364 194 364 194 364 364 364 364 194 24 364 194 364 194 364 364 194 194 24 24 364 364 24 364 364 194 194 194 364 194 194 194 194 194 364 24 194 364 194 24 364 364 364 364 24 194 364 24 364 364 364 364 24 194 194 364 364 24 194 24 24 24 194 24 194 194 194 364 194 364 24 364 364 194 364 364 364 24 364 364 364 364 194 364 194 194 364 194 194 364 364 194 24 194 364 194 364 194 24 364 194 364 364 364 364 24 194 24 194 194 194 364 194 364 364 364 364 194 24 194 364 24 194 194 24 364 194 24 194 194 194 194 364 194 194 194 194 194 24 194 364 364 194 364 364 194 24 364 194 364 194 364 194 24 24 364 24 24 364 194 24 24 194 194 194 194 194 194 364 24 194 194 194 194 364 364 194 194 364 24 194 24 364 194 194 364 194 194 194 24 24 194 364 364 24 24 194 194 364 364 24 364 194 364 364 194 364 364 194 364 24 24 194 364 364 24 194 364 364 364 194 194 364 194 24 194 364 194 364 194 194 364 24 364 194 364 364 194 364 364 194 24 194 24 364 364 24 364 24 24 194 194 364 194 194 24 194 194 24 364 364 194 364 194 24 24 194 364 194 364 194 364 24 194 364 24 194 194 194 194 194 24 194 24 24 364 364 194 194 194 24 24 194 364 194 364 194 364 24 194 1 364 
c [Incremental] Max used label: 364.
c [Incremental] Label 364 is removed from searching.
c [Incremental] Solving for max label = 363:
c [Incremental] Solving duration: 35 ms.
s [Incremental] SAT (label = 363).
c [Incremental] Label assignment: 363 363 363 363 363 363 363 363 363 363 363 363 363 363 363 193 363 193 363 363 363 363 363 193 363 193 363 363 363 363 363 363 363 363 363 363 193 363 363 363 363 193 193 363 363 363 363 193 363 23 363 193 363 363 363 363 363 363 363 363 193 363 363 363 363 363 363 363 363 363 363 363 363 363 363 363 193 363 363 363 193 363 363 363 363 363 363 193 193 363 23 193 193 363 363 363 193 363 193 23 193 363 363 363 193 363 193 363 23 363 363 363 193 363 23 193 363 193 193 193 363 193 193 193 363 193 363 363 363 363 363 363 363 363 23 193 363 193 193 363 363 363 23 363 363 363 363 193 193 363 363 363 193 193 193 193 363 363 23 363 363 363 193 363 363 363 193 363 363 193 363 363 363 193 193 193 363 193 193 363 363 363 363 363 363 363 363 363 363 193 363 23 363 193 363 193 363 363 363 363 193 23 363 193 363 193 363 363 193 193 23 23 363 363 23 363 363 193 193 193 363 193 193 193 193 193 363 23 193 363 193 23 363 363 363 363 23 193 363 23 363 363 363 363 23 193 193 363 363 23 193 23 23 23 193 23 193 193 193 363 193 363 23 363 363 193 363 363 363 23 363 363 363 363 193 363 193 193 363 193 193 363 363 193 23 193 363 193 363 193 23 363 193 363 363 363 363 23 193 23 193 193 193 363 193 363 363 363 363 193 23 193 363 23 193 193 23 363 193 23 193 193 193 193 363 193 193 193 193 193 23 193 363 363 193 363 363 193 23 363 193 363 193 363 193 23 23 363 23 23 363 193 23 23 193 193 193 193 193 193 363 23 193 193 193 193 363 363 193 193 363 23 193 23 363 193 193 363 193 193 193 23 23 193 363 363 23 23 193 193 363 363 23 363 193 363 363 193 363 363 193 363 23 23 193 363 363 23 193 363 363 363 193 193 363 193 23 193 363 193 363 193 193 363 23 363 193 363 363 193 363 363 193 23 193 23 363 363 23 363 23 23 193 193 363 193 193 23 193 193 23 363 363 193 363 193 23 23 193 363 193 363 193 363 23 193 363 23 193 193 193 193 193 23 193 23 23 363 363 193 193 193 23 23 193 363 193 363 193 363 23 193 1 363 
c [Incremental] Max used label: 363.
c [Incremental] Label 363 is removed from searching.
c [Incremental] Solving for max label = 362:
c [Incremental] Solving duration: 35 ms.
s [Incremental] SAT (label = 362).
c [Incremental] Label assignment: 362 362 362 362 362 362 362 362 362 362 362 362 362 362 362 192 362 192 362 362 362 362 362 192 362 192 362 362 362 362 362 362 362 362 362 362 192 362 362 362 362 192 192 362 362 362 362 192 362 22 362 192 362 362 362 362 362 362 362 362 192 362 362 362 362 362 362 362 362 362 362 362 362 362 362 362 192 362 362 362 192 362 362 362 362 362 362 192 192 362 22 192 192 362 362 362 192 362 192 22 192 362 362 362 192 362 192 362 22 362 362 362 192 362 22 192 362 192 192 192 362 192 192 192 362 192 362 362 362 362 362 362 362 362 22 192 362 192 192 362 362 362 22 362 362 362 362 192 192 362 362 362 192 192 192 192 362 362 22 362 362 362 192 362 362 362 192 362 362 192 362 362 362 192 192 192 362 192 192 362 362 362 362 362 362 362 362 362 362 192 362 22 362 192 362 192 362 362 362 362 192 22 362 192 362 192 362 362 192 192 22 22 362 362 22 362 362 192 192 192 362 192 192 192 192 192 362 22 192 362 192 22 362 362 362 362 22 192 362 22 362 362 362 362 22 192 192 362 362 22 192 22 22 22 192 22 192 192 192 362 192 362 22 362 362 192 362 362 362 22 362 362 362 362 192 362 192 192 362 192 192 362 362 192 22 192 362 192 362 192 22 362 192 362 362 362 362 22 192 22 192 192 192 362 192 362 362 362 362 192 22 192 362 22 192 192 22 362 192 22 192 192 192 192 362 192 192 192 192 192 22 192 362 362 192 362 362 192 22 362 192 362 192 362 192 22 22 362 22 22 362 192 22 22 192 192 192 192 192 192 362 22 192 192 192 192 362 362 192 192 362 22 192 22 362 192 192 362 192 192 192 22 22 192 362 362 22 22 192 192 362 362 22 362 192 362 362 192 362 362 192 362 22 22 192 362 362 22 192 362 362 362 192 192 362 192 22 192 362 192 362 192 192 362 22 362 192 362 362 192 362 362 192 22 192 22 362 362 22 362 22 22 192 192 362 192 192 22 192 192 22 362 362 192 362 192 22 22 192 362 192 362 192 362 22 192 362 22 192 192 192 192 192 22 192 22 22 362 362 192 192 192 22 22 192 362 192 362 192 362 22 192 1 362 
c [Incremental] Max used label: 362.
c [Incremental] Label 362 is removed from searching.
c [Incremental] Solving for max label = 361:
c [Incremental] Solving duration: 36 ms.
s [Incremental] SAT (label = 361).
c [Incremental] Label assignment: 361 361 361 361 361 361 361 361 361 361 361 361 361 361 361 191 361 191 361 361 361 361 361 191 361 191 361 361 361 361 361 361 361 361 361 361 191 361 361 361 361 191 191 361 361 361 361 191 361 21 361 191 361 361 361 361 361 361 361 361 191 361 361 361 361 361 361 361 361 361 361 361 361 361 361 361 191 361 361 361 191 361 361 361 361 361 361 191 191 361 21 191 191 361 361 361 191 361 191 21 191 361 361 361 191 361 191 361 21 361 361 361 191 361 21 191 361 191 191 191 361 191 191 191 361 191 361 361 361 361 361 361 361 361 21 191 361 191 191 361 361 361 21 361 361 361 361 191 191 361 361 361 191 191 191 191 361 361 21 361 361 361 191 361 361 361 191 361 361 191 361 361 361 191 191 191 361 191 191 361 361 361 361 361 361 361 361 361 361 191 361 21 361 191 361 191 361 361 361 361 191 21 361 191 361 191 361 361 191 191 21 21 361 361 21 361 361 191 191 191 361 191 191 191 191 191 361 21 191 361 191 21 361 361 361 361 21 191 361 21 361 361 361 361 21 191 191 361 361 21 191 21 21 21 191 21 191 191 191 361 191 361 21 361 361 191 361 361 361 21 361 361 361 361 191 361 191 191 361 191 191 361 361 191 21 191 361 191 361 191 21 361 191 361 361 361 361 21 191 21 191 191 191 361 191 361 361 361 361 191 21 191 361 21 191 191 21 361 191 21 191 191 191 191 361 191 191 191 191 191 21 191 361 361 191 361 361 191 21 361 191 361 191 361 191 21 21 361 21 21 361 191 21 21 191 191 191 191 191 191 361 21 191 191 191 191 361 361 191 191 361 21 191 21 361 191 191 361 191 191 191 21 21 191 361 361 21 21 191 191 361 361 21 361 191 361 361 191 361 361 191 361 21 21 191 361 361 21 191 361 361 361 191 191 361 191 21 191 361 191 361 191 191 361 21 361 191 361 361 191 361 361 191 21 191 21 361 361 21 361 21 21 191 191 361 191 191 21 191 191 21 361 361 191 361 191 21 21 191 361 191 361 191 361 21 191 361 21 191 191 191 191 191 21 191 21 21 361 361 191 191 191 21 21 191 361 191 361 191 361 21 191 1 361 
c [Incremental] Max used label: 361.
c [Incremental] Label 361 is removed from searching.
c [Incremental] Solving for max label = 360:
c [Incremental] Solving duration: 37 ms.
s [Incremental] SAT (label = 360).
c [Incremental] Label assignment: 360 360 360 360 360 360 360 360 360 360 360 360 360 360 360 190 360 190 360 360 360 360 360 190 360 190 360 360 360 360 360 360 360 360 360 360 190 360 360 360 360 190 190 360 360 360 360 190 360 20 360 190 360 360 360 360 360 360 360 360 190 360 360 360 360 360 360 360 360 360 360 360 360 360 360 360 190 360 360 360 190 360 360 360 360 360 360 190 190 360 20 190 190 360 360 360 190 360 190 20 190 360 360 360 190 360 190 360 20 360 360 360 190 360 20 190 360 190 190 190 360 190 190 190 360 190 360 360 360 360 360 360 360 360 20 190 360 190 190 360 360 360 20 360 360 360 360 190 190 360 360 360 190 190 190 190 360 360 20 360 360 360 190 360 360 360 190 360 360 190 360 360 360 190 190 190 360 190 190 360 360 360 360 360 360 360 360 360 360 190 360 20 360 190 360 190 360 360 360 360 190 20 360 190 360 190 360 360 190 190 20 20 360 360 20 360 360 190 190 190 360 190 190 190 190 190 360 20 190 360 190 20 360 360 360 360 20 190 360 20 360 360 360 360 20 190 190 360 360 20 190 20 20 20 190 20 190 190 190 360 190 360 20 360 360 190 360 360 360 20 360 360 360 360 190 360 190 190 360 190 190 360 360 190 20 190 360 190 360 190 20 360 190 360 360 360 360 20 190 20 190 190 190 360 190 360 360 360 360 190 20 190 360 20 190 190 20 360 190 20 190 190 190 190 360 190 190 190 190 190 20 190 360 360 190 360 360 190 20 360 190 360 190 360 190 20 20 360 20 20 360 190 20 20 190 190 190 190 190 190 360 20 190 190 190 190 360 360 190 190 360 20 190 20 360 190 190 360 190 190 190 20 20 190 360 360 20 20 190 190 360 360 20 360 190 360 360 190 360 360 190 360 20 20 190 360 360 20 190 360 360 360 190 190 360 190 20 190 360 190 360 190 190 360 20 360 190 360 360 190 360 360 190 20 190 20 360 360 20 360 20 20 190 190 360 190 190 20 190 190 20 360 360 190 360 190 20 20 190 360 190 360 190 360 20 190 360 20 190 190 190 190 190 20 190 20 20 360 360 190 190 190 20 20 190 360 190 360 190 360 20 190 1 360 
c [Incremental] Max used label: 360.
c [Incremental] Label 360 is removed from searching.
c [Incremental] Solving for max label = 359:
c [Incremental] Solving duration: 36 ms.
s [Incremental] SAT (label = 359).
c [Incremental] Label assignment: 359 359 359 359 359 359 359 359 359 359 359 359 359 359 359 189 359 189 359 359 359 359 359 189 359 189 359 359 359 359 359 359 359 359 359 359 189 359 359 359 359 189 189 359 359 359 359 189 359 19 359 189 359 359 359 359 359 359 359 359 189 359 359 359 359 359 359 359 359 359 359 359 359 359 359 359 189 359 359 359 189 359 359 359 359 359 359 189 189 359 19 189 189 359 359 359 189 359 189 19 189 359 359 359 189 359 189 359 19 359 359 359 189 359 19 189 359 189 189 189 359 189 189 189 359 189 359 359 359 359 359 359 359 359 19 189 359 189 189 359 359 359 19 359 359 359 359 189 189 359 359 359 189 189 189 189 359 359 19 359 359 359 189 359 359 359 189 359 359 189 359 359 359 189 189 189 359 189 189 359 359 359 359 359 359 359 359 359 359 189 359 19 359 189 359 189 359 359 359 359 189 19 359 189 359 189 359 359 189 189 19 19 359 359 19 359 359 189 189 189 359 189 189 189 189 189 359 19 189 359 189 19 359 359 359 359 19 189 359 19 359 359 359 359 19 189 189 359 359 19 189 19 19 19 189 19 189 189 189 359 189 359 19 359 359 189 359 359 359 19 359 359 359 359 189 359 189 189 359 189 189 359 359 189 19 189 359 189 359 189 19 359 189 359 359 359 359 19 189 19 189 189 189 359 189 359 359 359 359 189 19 189 359 19 189 189 19 359 189 19 189 189 189 189 359 189 189 189 189 189 19 189 359 359 189 359 359 189 19 359 189 359 189 359 189 19 19 359 19 19 359 189 19 19 189 189 189 189 189 189 359 19 189 189 189 189 359 359 189 189 359 19 189 19 359 189 189 359 189 189 189 19 19 189 359 359 19 19 189 189 359 359 19 359 189 359 359 189 359 359 189 359 19 19 189 359 359 19 189 359 359 359 189 189 359 189 19 189 359 189 359 189 189 359 19 359 189 359 359 189 359 359 189 19 189 19 359 359 19 359 19 19 189 189 359 189 189 19 189 189 19 359 359 189 359 189 19 19 189 359 189 359 189 359 19 189 359 19 189 189 189 189 189 19 189 19 19 359 359 189 189 189 19 19 189 359 189 359 189 359 19 189 1 359 
c [Incremental] Max used label: 359.
c [Incremental] Label 359 is removed from searching.
c [Incremental] Solving for max label = 358:
c [Incremental] Solving duration: 35 ms.
s [Incremental] SAT (label = 358).
c [Incremental] Label assignment: 358 358 358 358 358 358 358 358 358 358 358 358 358 358 358 188 358 188 358 358 358 358 358 188 358 188 358 358 358 358 358 358 358 358 358 358 188 358 358 358 358 188 188 358 358 358 358 188 358 18 358 188 358 358 358 358 358 358 358 358 188 358 358 358 358 358 358 358 358 358 358 358 358 358 358 358 188 358 358 358 188 358 358 358 358 358 358 188 188 358 18 188 188 358 358 358 188 358 188 18 188 358 358 358 188 358 188 358 18 358 358 358 188 358 18 188 358 188 188 188 358 188 188 188 358 188 358 358 358 358 358 358 358 358 18 188 358 188 188 358 358 358 18 358 358 358 358 188 188 358 358 358 188 188 188 188 358 358 18 358 358 358 188 358 358 358 188 358 358 188 358 358 358 188 188 188 358 188 188 358 358 358 358 358 358 358 358 358 358 188 358 18 358 188 358 188 358 358 358 358 188 18 358 188 358 188 358 358 188 188 18 18 358 358 18 358 358 188 188 188 358 188 188 188 188 188 358 18 188 358 188 18 358 358 358 358 18 188 358 18 358 358 358 358 18 188 188 358 358 18 188 18 18 18 188 18 188 188 188 358 188 358 18 358 358 188 358 358 358 18 358 358 358 358 188 358 188 188 358 188 188 358 358 188 18 188 358 188 358 188 18 358 188 358 358 358 358 18 188 18 188 188 188 358 188 358 358 358 358 188 18 188 358 18 188 188 18 358 188 18 188 188 188 188 358 188 188 188 188 188 18 188 358 358 188 358 358 188 18 358 188 358 188 358 188 18 18 358 18 18 358 188 18 18 188 188 188 188 188 188 358 18 188 188 188 188 358 358 188 188 358 18 188 18 358 188 188 358 188 188 188 18 18 188 358 358 18 18 188 188 358 358 18 358 188 358 358 188 358 358 188 358 18 18 188 358 358 18 188 358 358 358 188 188 358 188 18 188 358 188 358 188 188 358 18 358 188 358 358 188 358 358 188 18 188 18 358 358 18 358 18 18 188 188 358 188 188 18 188 188 18 358 358 188 358 188 18 18 188 358 188 358 188 358 18 188 358 18 188 188 188 188 188 18 188 18 18 358 358 188 188 188 18 18 188 358 188 358 188 358 18 188 1 358 
c [Incremental] Max used label: 358.
c [Incremental] Label 358 is removed from searching.
c [Incremental] Solving for max label = 357:
c [Incremental] Solving duration: 35 ms.
s [Incremental] SAT (label = 357).
c [Incremental] Label assignment: 357 357 357 357 357 357 357 357 357 357 357 357 357 357 357 187 357 187 357 357 357 357 357 187 357 187 357 357 357 357 357 357 357 357 357 357 187 357 357 357 357 187 187 357 357 357 357 187 357 17 357 187 357 357 357 357 357 357 357 357 187 357 357 357 357 357 357 357 357 357 357 357 357 357 357 357 187 357 357 357 187 357 357 357 357 357 357 187 187 357 17 187 187 357 357 357 187 357 187 17 187 357 357 357 187 357 187 357 17 357 357 357 187 357 17 187 357 187 187 187 357 187 187 187 357 187 357 357 357 357 357 357 357 357 17 187 357 187 187 357 357 357 17 357 357 357 357 187 187 357 357 357 187 187 187 187 357 357 17 357 357 357 187 357 357 357 187 357 357 187 357 357 357 187 187 187 357 187 187 357 357 357 357 357 357 357 357 357 357 187 357 17 357 187 357 187 357 357 357 357 187 17 357 187 357 187 357 357 187 187 17 17 357 357 17 357 357 187 187 187 357 187 187 187 187 187 357 17 187 357 187 17 357 357 357 357 17 187 357 17 357 357 357 357 17 187 187 357 357 17 187 17 17 17 187 17 187 187 187 357 187 357 17 357 357 187 357 357 357 17 357 357 357 357 187 357 187 187 357 187 187 357 357 187 17 187 357 187 357 187 17 357 187 357 357 357 357 17 187 17 187 187 187 357 187 357 357 357 357 187 17 187 357 17 187 187 17 357 187 17 187 187 187 187 357 187 187 187 187 187 17 187 357 357 187 357 357 187 17 357 187 357 187 357 187 17 17 357 17 17 357 187 17 17 187 187 187 187 187 187 357 17 187 187 187 187 357 357 187 187 357 17 187 17 357 187 187 357 187 187 187 17 17 187 357 357 17 17 187 187 357 357 17 357 187 357 357 187 357 357 187 357 17 17 187 357 357 17 187 357 357 357 187 187 357 187 17 187 357 187 357 187 187 357 17 357 187 357 357 187 357 357 187 17 187 17 357 357 17 357 17 17 187 187 357 187 187 17 187 187 17 357 357 187 357 187 17 17 187 357 187 357 187 357 17 187 357 17 187 187 187 187 187 17 187 17 17 357 357 187 187 187 17 17 187 357 187 357 187 357 17 187 1 357 
c [Incremental] Max used label: 357.
c [Incremental] Label 357 is removed from searching.
c [Incremental] Solving for max label = 356:
c [Incremental] Solving duration: 35 ms.
s [Incremental] SAT (label = 356).
c [Incremental] Label assignment: 356 356 356 356 356 356 356 356 356 356 356 356 356 356 356 186 356 186 356 356 356 356 356 186 356 186 356 356 356 356 356 356 356 356 356 356 186 356 356 356 356 186 186 356 356 356 356 186 356 16 356 186 356 356 356 356 356 356 356 356 186 356 356 356 356 356 356 356 356 356 356 356 356 356 356 356 186 356 356 356 186 356 356 356 356 356 356 186 186 356 16 186 186 356 356 356 186 356 186 16 186 356 356 356 186 356 186 356 16 356 356 356 186 356 16 186 356 186 186 186 356 186 186 186 356 186 356 356 356 356 356 356 356 356 16 186 356 186 186 356 356 356 16 356 356 356 356 186 186 356 356 356 186 186 186 186 356 356 16 356 356 356 186 356 356 356 186 356 356 186 356 356 356 186 186 186 356 186 186 356 356 356 356 356 356 356 356 356 356 186 356 16 356 186 356 186 356 356 356 356 186 16 356 186 356 186 356 356 186 186 16 16 356 356 16 356 356 186 186 186 356 186 186 186 186 186 356 16 186 356 186 16 356 356 356 356 16 186 356 16 356 356 356 356 16 186 186 356 356 16 186 16 16 16 186 16 186 186 186 356 186 356 16 356 356 186 356 356 356 16 356 356 356 356 186 356 186 186 356 186 186 356 356 186 16 186 356 186 356 186 16 356 186 356 356 356 356 16 186 16 186 186 186 356 186 356 356 356 356 186 16 186 356 16 186 186 16 356 186 16 186 186 186 186 356 186 186 186 186 186 16 186 356 356 186 356 356 186 16 356 186 356 186 356 186 16 16 356 16 16 356 186 16 16 186 186 186 186 186 186 356 16 186 186 186 186 356 356 186 186 356 16 186 16 356 186 186 356 186 186 186 16 16 186 356 356 16 16 186 186 356 356 16 356 186 356 356 186 356 356 186 356 16 16 186 356 356 16 186 356 356 356 186 186 356 186 16 186 356 186 356 186 186 356 16 356 186 356 356 186 356 356 186 16 186 16 356 356 16 356 16 16 186 186 356 186 186 16 186 186 16 356 356 186 356 186 16 16 186 356 186 356 186 356 16 186 356 16 186 186 186 186 186 16 186 16 16 356 356 186 186 186 16 16 186 356 186 356 186 356 16 186 1 356 
c [Incremental] Max used label: 356.
c [Incremental] Label 356 is removed from searching.
c [Incremental] Solving for max label = 355:
c [Incremental] Solving duration: 36 ms.
s [Incremental] SAT (label = 355).
c [Incremental] Label assignment: 355 355 355 355 355 355 355 355 355 355 355 355 355 355 355 185 355 185 355 355 355 355 355 185 355 185 355 355 355 355 355 355 355 355 355 355 185 355 355 355 355 185 185 355 355 355 355 185 355 15 355 185 355 355 355 355 355 355 355 355 185 355 355 355 355 355 355 355 355 355 355 355 355 355 355 355 185 355 355 355 185 355 355 355 355 355 355 185 185 355 15 185 185 355 355 355 185 355 185 15 185 355 355 355 185 355 185 355 15 355 355 355 185 355 15 185 355 185 185 185 355 185 185 185 355 185 355 355 355 355 355 355 355 355 15 185 355 185 185 355 355 355 15 355 355 355 355 185 185 355 355 355 185 185 185 185 355 355 15 355 355 355 185 355 355 355 185 355 355 185 355 355 355 185 185 185 355 185 185 355 355 355 355 355 355 355 355 355 355 185 355 15 355 185 355 185 355 355 355 355 185 15 355 185 355 185 355 355 185 185 15 15 355 355 15 355 355 185 185 185 355 185 185 185 185 185 355 15 185 355 185 15 355 355 355 355 15 185 355 15 355 355 355 355 15 185 185 355 355 15 185 15 15 15 185 15 185 185 185 355 185 355 15 355 355 185 355 355 355 15 355 355 355 355 185 355 185 185 355 185 185 355 355 185 15 185 355 185 355 185 15 355 185 355 355 355 355 15 185 15 185 185 185 355 185 355 355 355 355 185 15 185 355 15 185 185 15 355 185 15 185 185 185 185 355 185 185 185 185 185 15 185 355 355 185 355 355 185 15 355 185 355 185 355 185 15 15 355 15 15 355 185 15 15 185 185 185 185 185 185 355 15 185 185 185 185 355 355 185 185 355 15 185 15 355 185 185 355 185 185 185 15 15 185 355 355 15 15 185 185 355 355 15 355 185 355 355 185 355 355 185 355 15 15 185 355 355 15 185 355 355 355 185 185 355 185 15 185 355 185 355 185 185 355 15 355 185 355 355 185 355 355 185 15 185 15 355 355 15 355 15 15 185 185 355 185 185 15 185 185 15 355 355 185 355 185 15 15 185 355 185 355 185 355 15 185 355 15 185 185 185 185 185 15 185 15 15 355 355 185 185 185 15 15 185 355 185 355 185 355 15 185 1 355 
c [Incremental] Max used label: 355.
c [Incremental] Label 355 is removed from searching.
c [Incremental] Solving for max label = 354:
c [Incremental] Solving duration: 36 ms.
s [Incremental] SAT (label = 354).
c [Incremental] Label assignment: 354 354 354 354 354 354 354 354 354 354 354 354 354 354 354 184 354 184 354 354 354 354 354 184 354 184 354 354 354 354 354 354 354 354 354 354 184 354 354 354 354 184 184 354 354 354 354 184 354 14 354 184 354 354 354 354 354 354 354 354 184 354 354 354 354 354 354 354 354 354 354 354 354 354 354 354 184 354 354 354 184 354 354 354 354 354 354 184 184 354 14 184 184 354 354 354 184 354 184 14 184 354 354 354 184 354 184 354 14 354 354 354 184 354 14 184 354 184 184 184 354 184 184 184 354 184 354 354 354 354 354 354 354 354 14 184 354 184 184 354 354 354 14 354 354 354 354 184 184 354 354 354 184 184 184 184 354 354 14 354 354 354 184 354 354 354 184 354 354 184 354 354 354 184 184 184 354 184 184 354 354 354 354 354 354 354 354 354 354 184 354 14 354 184 354 184 354 354 354 354 184 14 354 184 354 184 354 354 184 184 14 14 354 354 14 354 354 184 184 184 354 184 184 184 184 184 354 14 184 354 184 14 354 354 354 354 14 184 354 14 354 354 354 354 14 184 184 354 354 14 184 14 14 14 184 14 184 184 184 354 184 354 14 354 354 184 354 354 354 14 354 354 354 354 184 354 184 184 354 184 184 354 354 184 14 184 354 184 354 184 14 354 184 354 354 354 354 14 184 14 184 184 184 354 184 354 354 354 354 184 14 184 354 14 184 184 14 354 184 14 184 184 184 184 354 184 184 184 184 184 14 184 354 354 184 354 354 184 14 354 184 354 184 354 184 14 14 354 14 14 354 184 14 14 184 184 184 184 184 184 354 14 184 184 184 184 354 354 184 184 354 14 184 14 354 184 184 354 184 184 184 14 14 184 354 354 14 14 184 184 354 354 14 354 184 354 354 184 354 354 184 354 14 14 184 354 354 14 184 354 354 354 184 184 354 184 14 184 354 184 354 184 184 354 14 354 184 354 354 184 354 354 184 14 184 14 354 354 14 354 14 14 184 184 354 184 184 14 184 184 14 354 354 184 354 184 14 14 184 354 184 354 184 354 14 184 354 14 184 184 184 184 184 14 184 14 14 354 354 184 184 184 14 14 184 354 184 354 184 354 14 184 1 354 
c [Incremental] Max used label: 354.
c [Incremental] Label 354 is removed from searching.
c [Incremental] Solving for max label = 353:
c [Incremental] Solving duration: 36 ms.
s [Incremental] SAT (label = 353).
c [Incremental] Label assignment: 353 353 353 353 353 353 353 353 353 353 353 353 353 353 353 183 353 183 353 353 353 353 353 183 353 183 353 353 353 353 353 353 353 353 353 353 183 353 353 353 353 183 183 353 353 353 353 183 353 13 353 183 353 353 353 353 353 353 353 353 183 353 353 353 353 353 353 353 353 353 353 353 353 353 353 353 183 353 353 353 183 353 353 353 353 353 353 183 183 353 13 183 183 353 353 353 183 353 183 13 183 353 353 353 183 353 183 353 13 353 353 353 183 353 13 183 353 183 183 183 353 183 183 183 353 183 353 353 353 353 353 353 353 353 13 183 353 183 183 353 353 353 13 353 353 353 353 183 183 353 353 353 183 183 183 183 353 353 13 353 353 353 183 353 353 353 183 353 353 183 353 353 353 183 183 183 353 183 183 353 353 353 353 353 353 353 353 353 353 183 353 13 353 183 353 183 353 353 353 353 183 13 353 183 353 183 353 353 183 183 13 13 353 353 13 353 353 183 183 183 353 183 183 183 183 183 353 13 183 353 183 13 353 353 353 353 13 183 353 13 353 353 353 353 13 183 183 353 353 13 183 13 13 13 183 13 183 183 183 353 183 353 13 353 353 183 353 353 353 13 353 353 353 353 183 353 183 183 353 183 183 353 353 183 13 183 353 183 353 183 13 353 183 353 353 353 353 13 183 13 183 183 183 353 183 353 353 353 353 183 13 183 353 13 183 183 13 353 183 13 183 183 183 183 353 183 183 183 183 183 13 183 353 353 183 353 353 183 13 353 183 353 183 353 183 13 13 353 13 13 353 183 13 13 183 183 183 183 183 183 353 13 183 183 183 183 353 353 183 183 353 13 183 13 353 183 183 353 183 183 183 13 13 183 353 353 13 13 183 183 353 353 13 353 183 353 353 183 353 353 183 353 13 13 183 353 353 13 183 353 353 353 183 183 353 183 13 183 353 183 353 183 183 353 13 353 183 353 353 183 353 353 183 13 183 13 353 353 13 353 13 13 183 183 353 183 183 13 183 183 13 353 353 183 353 183 13 13 183 353 183 353 183 353 13 183 353 13 183 183 183 183 183 13 183 13 13 353 353 183 183 183 13 13 183 353 183 353 183 353 13 183 1 353 
c [Incremental] Max used label: 353.
c [Incremental] Label 353 is removed from searching.
c [Incremental] Solving for max label = 352:
c [Incremental] Solving duration: 35 ms.
s [Incremental] SAT (label = 352).
c [Incremental] Label assignment: 352 352 352 352 352 352 352 352 352 352 352 352 352 352 352 182 352 182 352 352 352 352 352 182 352 182 352 352 352 352 352 352 352 352 352 352 182 352 352 352 352 182 182 352 352 352 352 182 352 12 352 182 352 352 352 352 352 352 352 352 182 352 352 352 352 352 352 352 352 352 352 352 352 352 352 352 182 352 352 352 182 352 352 352 352 352 352 182 182 352 12 182 182 352 352 352 182 352 182 12 182 352 352 352 182 352 182 352 12 352 352 352 182 352 12 182 352 182 182 182 352 182 182 182 352 182 352 352 352 352 352 352 352 352 12 182 352 182 182 352 352 352 12 352 352 352 352 182 182 352 352 352 182 182 182 182 352 352 12 352 352 352 182 352 352 352 182 352 352 182 352 352 352 182 182 182 352 182 182 352 352 352 352 352 352 352 352 352 352 182 352 12 352 182 352 182 352 352 352 352 182 12 352 182 352 182 352 352 182 182 12 12 352 352 12 352 352 182 182 182 352 182 182 182 182 182 352 12 182 352 182 12 352 352 352 352 12 182 352 12 352 352 352 352 12 182 182 352 352 12 182 12 12 12 182 12 182 182 182 352 182 352 12 352 352 182 352 352 352 12 352 352 352 352 182 352 182 182 352 182 182 352 352 182 12 182 352 182 352 182 12 352 182 352 352 352 352 12 182 12 182 182 182 352 182 352 352 352 352 182 12 182 352 12 182 182 12 352 182 12 182 182 182 182 352 182 182 182 182 182 12 182 352 352 182 352 352 182 12 352 182 352 182 352 182 12 12 352 12 12 352 182 12 12 182 182 182 182 182 182 352 12 182 182 182 182 352 352 182 182 352 12 182 12 352 182 182 352 182 182 182 12 12 182 352 352 12 12 182 182 352 352 12 352 182 352 352 182 352 352 182 352 12 12 182 352 352 12 182 352 352 352 182 182 352 182 12 182 352 182 352 182 182 352 12 352 182 352 352 182 352 352 182 12 182 12 352 352 12 352 12 12 182 182 352 182 182 12 182 182 12 352 352 182 352 182 12 12 182 352 182 352 182 352 12 182 352 12 182 182 182 182 182 12 182 12 12 352 352 182 182 182 12 12 182 352 182 352 182 352 12 182 1 352 
c [Incremental] Max used label: 352.
c [Incremental] Label 352 is removed from searching.
c [Incremental] Solving for max label = 351:
c [Incremental] Solving duration: 35 ms.
s [Incremental] SAT (label = 351).
c [Incremental] Label assignment: 351 351 351 351 351 351 351 351 351 351 351 351 351 351 351 181 351 181 351 351 351 351 351 181 351 181 351 351 351 351 351 351 351 351 351 351 181 351 351 351 351 181 181 351 351 351 351 181 351 11 351 181 351 351 351 351 351 351 351 351 181 351 351 351 351 351 351 351 351 351 351 351 351 351 351 351 181 351 351 351 181 351 351 351 351 351 351 181 181 351 11 181 181 351 351 351 181 351 181 11 181 351 351 351 181 351 181 351 11 351 351 351 181 351 11 181 351 181 181 181 351 181 181 181 351 181 351 351 351 351 351 351 351 351 11 181 351 181 181 351 351 351 11 351 351 351 351 181 181 351 351 351 181 181 181 181 351 351 11 351 351 351 181 351 351 351 181 351 351 181 351 351 351 181 181 181 351 181 181 351 351 351 351 351 351 351 351 351 351 181 351 11 351 181 351 181 351 351 351 351 181 11 351 181 351 181 351 351 181 181 11 11 351 351 11 351 351 181 181 181 351 181 181 181 181 181 351 11 181 351 181 11 351 351 351 351 11 181 351 11 351 351 351 351 11 181 181 351 351 11 181 11 11 11 181 11 181 181 181 351 181 351 11 351 351 181 351 351 351 11 351 351 351 351 181 351 181 181 351 181 181 351 351 181 11 181 351 181 351 181 11 351 181 351 351 351 351 11 181 11 181 181 181 351 181 351 351 351 351 181 11 181 351 11 181 181 11 351 181 11 181 181 181 181 351 181 181 181 181 181 11 181 351 351 181 351 351 181 11 351 181 351 181 351 181 11 11 351 11 11 351 181 11 11 181 181 181 181 181 181 351 11 181 181 181 181 351 351 181 181 351 11 181 11 351 181 181 351 181 181 181 11 11 181 351 351 11 11 181 181 351 351 11 351 181 351 351 181 351 351 181 351 11 11 181 351 351 11 181 351 351 351 181 181 351 181 11 181 351 181 351 181 181 351 11 351 181 351 351 181 351 351 181 11 181 11 351 351 11 351 11 11 181 181 351 181 181 11 181 181 11 351 351 181 351 181 11 11 181 351 181 351 181 351 11 181 351 11 181 181 181 181 181 11 181 11 11 351 351 181 181 181 11 11 181 351 181 351 181 351 11 181 1 351 
c [Incremental] Max used label: 351.
c [Incremental] Label 351 is removed from searching.
c [Incremental] Solving for max label = 350:
c [Incremental] Solving duration: 36 ms.
s [Incremental] SAT (label = 350).
c [Incremental] Label assignment: 350 350 350 350 350 350 350 350 350 350 350 350 350 350 350 180 350 180 350 350 350 350 350 180 350 180 350 350 350 350 350 350 350 350 350 350 180 350 350 350 350 180 180 350 350 350 350 180 350 10 350 180 350 350 350 350 350 350 350 350 180 350 350 350 350 350 350 350 350 350 350 350 350 350 350 350 180 350 350 350 180 350 350 350 350 350 350 180 180 350 10 180 180 350 350 350 180 350 180 10 180 350 350 350 180 350 180 350 10 350 350 350 180 350 10 180 350 180 180 180 350 180 180 180 350 180 350 350 350 350 350 350 350 350 10 180 350 180 180 350 350 350 10 350 350 350 350 180 180 350 350 350 180 180 180 180 350 350 10 350 350 350 180 350 350 350 180 350 350 180 350 350 350 180 180 180 350 180 180 350 350 350 350 350 350 350 350 350 350 180 350 10 350 180 350 180 350 350 350 350 180 10 350 180 350 180 350 350 180 180 10 10 350 350 10 350 350 180 180 180 350 180 180 180 180 180 350 10 180 350 180 10 350 350 350 350 10 180 350 10 350 350 350 350 10 180 180 350 350 10 180 10 10 10 180 10 180 180 180 350 180 350 10 350 350 180 350 350 350 10 350 350 350 350 180 350 180 180 350 180 180 350 350 180 10 180 350 180 350 180 10 350 180 350 350 350 350 10 180 10 180 180 180 350 180 350 350 350 350 180 10 180 350 10 180 180 10 350 180 10 180 180 180 180 350 180 180 180 180 180 10 180 350 350 180 350 350 180 10 350 180 350 180 350 180 10 10 350 10 10 350 180 10 10 180 180 180 180 180 180 350 10 180 180 180 180 350 350 180 180 350 10 180 10 350 180 180 350 180 180 180 10 10 180 350 350 10 10 180 180 350 350 10 350 180 350 350 180 350 350 180 350 10 10 180 350 350 10 180 350 350 350 180 180 350 180 10 180 350 180 350 180 180 350 10 350 180 350 350 180 350 350 180 10 180 10 350 350 10 350 10 10 180 180 350 180 180 10 180 180 10 350 350 180 350 180 10 10 180 350 180 350 180 350 10 180 350 10 180 180 180 180 180 10 180 10 10 350 350 180 180 180 10 10 180 350 180 350 180 350 10 180 1 350 
c [Incremental] Max used label: 350.
c [Incremental] Label 350 is removed from searching.
c [Incremental] Solving for max label = 349:
c [Incremental] Solving duration: 36 ms.
s [Incremental] SAT (label = 349).
c [Incremental] Label assignment: 349 349 349 349 349 349 349 349 349 349 349 349 349 349 349 179 349 179 349 349 349 349 349 179 349 179 349 349 349 349 349 349 349 349 349 349 179 349 349 349 349 179 179 349 349 349 349 179 349 9 349 179 349 349 349 349 349 349 349 349 179 349 349 349 349 349 349 349 349 349 349 349 349 349 349 349 179 349 349 349 179 349 349 349 349 349 349 179 179 349 9 179 179 349 349 349 179 349 179 9 179 349 349 349 179 349 179 349 9 349 349 349 179 349 9 179 349 179 179 179 349 179 179 179 349 179 349 349 349 349 349 349 349 349 9 179 349 179 179 349 349 349 9 349 349 349 349 179 179 349 349 349 179 179 179 179 349 349 9 349 349 349 179 349 349 349 179 349 349 179 349 349 349 179 179 179 349 179 179 349 349 349 349 349 349 349 349 349 349 179 349 9 349 179 349 179 349 349 349 349 179 9 349 179 349 179 349 349 179 179 9 9 349 349 9 349 349 179 179 179 349 179 179 179 179 179 349 9 179 349 179 9 349 349 349 349 9 179 349 9 349 349 349 349 9 179 179 349 349 9 179 9 9 9 179 9 179 179 179 349 179 349 9 349 349 179 349 349 349 9 349 349 349 349 179 349 179 179 349 179 179 349 349 179 9 179 349 179 349 179 9 349 179 349 349 349 349 9 179 9 179 179 179 349 179 349 349 349 349 179 9 179 349 9 179 179 9 349 179 9 179 179 179 179 349 179 179 179 179 179 9 179 349 349 179 349 349 179 9 349 179 349 179 349 179 9 9 349 9 9 349 179 9 9 179 179 179 179 179 179 349 9 179 179 179 179 349 349 179 179 349 9 179 9 349 179 179 349 179 179 179 9 9 179 349 349 9 9 179 179 349 349 9 349 179 349 349 179 349 349 179 349 9 9 179 349 349 9 179 349 349 349 179 179 349 179 9 179 349 179 349 179 179 349 9 349 179 349 349 179 349 349 179 9 179 9 349 349 9 349 9 9 179 179 349 179 179 9 179 179 9 349 349 179 349 179 9 9 179 349 179 349 179 349 9 179 349 9 179 179 179 179 179 9 179 9 9 349 349 179 179 179 9 9 179 349 179 349 179 349 9 179 1 349 
c [Incremental] Max used label: 349.
c [Incremental] Label 349 is removed from searching.
c [Incremental] Solving for max label = 348:
c [Incremental] Solving duration: 36 ms.
s [Incremental] SAT (label = 348).
c [Incremental] Label assignment: 348 348 348 348 348 348 348 348 348 348 348 348 348 348 348 178 348 178 348 348 348 348 348 178 348 178 348 348 348 348 348 348 348 348 348 348 178 348 348 348 348 178 178 348 348 348 348 178 348 8 348 178 348 348 348 348 348 348 348 348 178 348 348 348 348 348 348 348 348 348 348 348 348 348 348 348 178 348 348 348 178 348 348 348 348 348 348 178 178 348 8 178 178 348 348 348 178 348 178 8 178 348 348 348 178 348 178 348 8 348 348 348 178 348 8 178 348 178 178 178 348 178 178 178 348 178 348 348 348 348 348 348 348 348 8 178 348 178 178 348 348 348 8 348 348 348 348 178 178 348 348 348 178 178 178 178 348 348 8 348 348 348 178 348 348 348 178 348 348 178 348 348 348 178 178 178 348 178 178 348 348 348 348 348 348 348 348 348 348 178 348 8 348 178 348 178 348 348 348 348 178 8 348 178 348 178 348 348 178 178 8 8 348 348 8 348 348 178 178 178 348 178 178 178 178 178 348 8 178 348 178 8 348 348 348 348 8 178 348 8 348 348 348 348 8 178 178 348 348 8 178 8 8 8 178 8 178 178 178 348 178 348 8 348 348 178 348 348 348 8 348 348 348 348 178 348 178 178 348 178 178 348 348 178 8 178 348 178 348 178 8 348 178 348 348 348 348 8 178 8 178 178 178 348 178 348 348 348 348 178 8 178 348 8 178 178 8 348 178 8 178 178 178 178 348 178 178 178 178 178 8 178 348 348 178 348 348 178 8 348 178 348 178 348 178 8 8 348 8 8 348 178 8 8 178 178 178 178 178 178 348 8 178 178 178 178 348 348 178 178 348 8 178 8 348 178 178 348 178 178 178 8 8 178 348 348 8 8 178 178 348 348 8 348 178 348 348 178 348 348 178 348 8 8 178 348 348 8 178 348 348 348 178 178 348 178 8 178 348 178 348 178 178 348 8 348 178 348 348 178 348 348 178 8 178 8 348 348 8 348 8 8 178 178 348 178 178 8 178 178 8 348 348 178 348 178 8 8 178 348 178 348 178 348 8 178 348 8 178 178 178 178 178 8 178 8 8 348 348 178 178 178 8 8 178 348 178 348 178 348 8 178 1 348 
c [Incremental] Max used label: 348.
c [Incremental] Label 348 is removed from searching.
c [Incremental] Solving for max label = 347:
c [Incremental] Solving duration: 36 ms.
s [Incremental] SAT (label = 347).
c [Incremental] Label assignment: 347 347 347 347 347 347 347 347 347 347 347 347 347 347 347 177 347 177 347 347 347 347 347 177 347 177 347 347 347 347 347 347 347 347 347 347 177 347 347 347 347 177 177 347 347 347 347 177 347 7 347 177 347 347 347 347 347 347 347 347 177 347 347 347 347 347 347 347 347 347 347 347 347 347 347 347 177 347 347 347 177 347 347 347 347 347 347 177 177 347 7 177 177 347 347 347 177 347 177 7 177 347 347 347 177 347 177 347 7 347 347 347 177 347 7 177 347 177 177 177 347 177 177 177 347 177 347 347 347 347 347 347 347 347 7 177 347 177 177 347 347 347 7 347 347 347 347 177 177 347 347 347 177 177 177 177 347 347 7 347 347 347 177 347 347 347 177 347 347 177 347 347 347 177 177 177 347 177 177 347 347 347 347 347 347 347 347 347 347 177 347 7 347 177 347 177 347 347 347 347 177 7 347 177 347 177 347 347 177 177 7 7 347 347 7 347 347 177 177 177 347 177 177 177 177 177 347 7 177 347 177 7 347 347 347 347 7 177 347 7 347 347 347 347 7 177 177 347 347 7 177 7 7 7 177 7 177 177 177 347 177 347 7 347 347 177 347 347 347 7 347 347 347 347 177 347 177 177 347 177 177 347 347 177 7 177 347 177 347 177 7 347 177 347 347 347 347 7 177 7 177 177 177 347 177 347 347 347 347 177 7 177 347 7 177 177 7 347 177 7 177 177 177 177 347 177 177 177 177 177 7 177 347 347 177 347 347 177 7 347 177 347 177 347 177 7 7 347 7 7 347 177 7 7 177 177 177 177 177 177 347 7 177 177 177 177 347 347 177 177 347 7 177 7 347 177 177 347 177 177 177 7 7 177 347 347 7 7 177 177 347 347 7 347 177 347 347 177 347 347 177 347 7 7 177 347 347 7 177 347 347 347 177 177 347 177 7 177 347 177 347 177 177 347 7 347 177 347 347 177 347 347 177 7 177 7 347 347 7 347 7 7 177 177 347 177 177 7 177 177 7 347 347 177 347 177 7 7 177 347 177 347 177 347 7 177 347 7 177 177 177 177 177 7 177 7 7 347 347 177 177 177 7 7 177 347 177 347 177 347 7 177 1 347 
c [Incremental] Max used label: 347.
c [Incremental] Label 347 is removed from searching.
c [Incremental] Solving for max label = 346:
c [Incremental] Solving duration: 35 ms.
s [Incremental] SAT (label = 346).
c [Incremental] Label assignment: 346 346 346 346 346 346 346 346 346 346 346 346 346 346 346 176 346 176 346 346 346 346 346 176 346 176 346 346 346 346 346 346 346 346 346 346 176 346 346 346 346 176 176 346 346 346 346 176 346 6 346 176 346 346 346 346 346 346 346 346 176 346 346 346 346 346 346 346 346 346 346 346 346 346 346 346 176 346 346 346 176 346 346 346 346 346 346 176 176 346 6 176 176 346 346 346 176 346 176 6 176 346 346 346 176 346 176 346 6 346 346 346 176 346 6 176 346 176 176 176 346 176 176 176 346 176 346 346 346 346 346 346 346 346 6 176 346 176 176 346 346 346 6 346 346 346 346 176 176 346 346 346 176 176 176 176 346 346 6 346 346 346 176 346 346 346 176 346 346 176 346 346 346 176 176 176 346 176 176 346 346 346 346 346 346 346 346 346 346 176 346 6 346 176 346 176 346 346 346 346 176 6 346 176 346 176 346 346 176 176 6 6 346 346 6 346 346 176 176 176 346 176 176 176 176 176 346 6 176 346 176 6 346 346 346 346 6 176 346 6 346 346 346 346 6 176 176 346 346 6 176 6 6 6 176 6 176 176 176 346 176 346 6 346 346 176 346 346 346 6 346 346 346 346 176 346 176 176 346 176 176 346 346 176 6 176 346 176 346 176 6 346 176 346 346 346 346 6 176 6 176 176 176 346 176 346 346 346 346 176 6 176 346 6 176 176 6 346 176 6 176 176 176 176 346 176 176 176 176 176 6 176 346 346 176 346 346 176 6 346 176 346 176 346 176 6 6 346 6 6 346 176 6 6 176 176 176 176 176 176 346 6 176 176 176 176 346 346 176 176 346 6 176 6 346 176 176 346 176 176 176 6 6 176 346 346 6 6 176 176 346 346 6 346 176 346 346 176 346 346 176 346 6 6 176 346 346 6 176 346 346 346 176 176 346 176 6 176 346 176 346 176 176 346 6 346 176 346 346 176 346 346 176 6 176 6 346 346 6 346 6 6 176 176 346 176 176 6 176 176 6 346 346 176 346 176 6 6 176 346 176 346 176 346 6 176 346 6 176 176 176 176 176 6 176 6 6 346 346 176 176 176 6 6 176 346 176 346 176 346 6 176 1 346 
c [Incremental] Max used label: 346.
c [Incremental] Label 346 is removed from searching.
c [Incremental] Solving for max label = 345:
c [Incremental] Solving duration: 35 ms.
s [Incremental] SAT (label = 345).
c [Incremental] Label assignment: 345 345 345 345 345 345 345 345 345 345 345 345 345 345 345 175 345 175 345 345 345 345 345 175 345 175 345 345 345 345 345 345 345 345 345 345 175 345 345 345 345 175 175 345 345 345 345 175 345 5 345 175 345 345 345 345 345 345 345 345 175 345 345 345 345 345 345 345 345 345 345 345 345 345 345 345 175 345 345 345 175 345 345 345 345 345 345 175 175 345 5 175 175 345 345 345 175 345 175 5 175 345 345 345 175 345 175 345 5 345 345 345 175 345 5 175 345 175 175 175 345 175 175 175 345 175 345 345 345 345 345 345 345 345 5 175 345 175 175 345 345 345 5 345 345 345 345 175 175 345 345 345 175 175 175 175 345 345 5 345 345 345 175 345 345 345 175 345 345 175 345 345 345 175 175 175 345 175 175 345 345 345 345 345 345 345 345 345 345 175 345 5 345 175 345 175 345 345 345 345 175 5 345 175 345 175 345 345 175 175 5 5 345 345 5 345 345 175 175 175 345 175 175 175 175 175 345 5 175 345 175 5 345 345 345 345 5 175 345 5 345 345 345 345 5 175 175 345 345 5 175 5 5 5 175 5 175 175 175 345 175 345 5 345 345 175 345 345 345 5 345 345 345 345 175 345 175 175 345 175 175 345 345 175 5 175 345 175 345 175 5 345 175 345 345 345 345 5 175 5 175 175 175 345 175 345 345 345 345 175 5 175 345 5 175 175 5 345 175 5 175 175 175 175 345 175 175 175 175 175 5 175 345 345 175 345 345 175 5 345 175 345 175 345 175 5 5 345 5 5 345 175 5 5 175 175 175 175 175 175 345 5 175 175 175 175 345 345 175 175 345 5 175 5 345 175 175 345 175 175 175 5 5 175 345 345 5 5 175 175 345 345 5 345 175 345 345 175 345 345 175 345 5 5 175 345 345 5 175 345 345 345 175 175 345 175 5 175 345 175 345 175 175 345 5 345 175 345 345 175 345 345 175 5 175 5 345 345 5 345 5 5 175 175 345 175 175 5 175 175 5 345 345 175 345 175 5 5 175 345 175 345 175 345 5 175 345 5 175 175 175 175 175 5 175 5 5 345 345 175 175 175 5 5 175 345 175 345 175 345 5 175 1 345 
c [Incremental] Max used label: 345.
c [Incremental] Label 345 is removed from searching.
c [Incremental] Solving for max label = 344:
c [Incremental] Solving duration: 36 ms.
s [Incremental] SAT (label = 344).
c [Incremental] Label assignment: 344 344 344 344 344 344 344 344 344 344 344 344 344 344 344 174 344 174 344 344 344 344 344 174 344 174 344 344 344 344 344 344 344 344 344 344 174 344 344 344 344 174 174 344 344 344 344 174 344 4 344 174 344 344 344 344 344 344 344 344 174 344 344 344 344 344 344 344 344 344 344 344 344 344 344 344 174 344 344 344 174 344 344 344 344 344 344 174 174 344 4 174 174 344 344 344 174 344 174 4 174 344 344 344 174 344 174 344 4 344 344 344 174 344 4 174 344 174 174 174 344 174 174 174 344 174 344 344 344 344 344 344 344 344 4 174 344 174 174 344 344 344 4 344 344 344 344 174 174 344 344 344 174 174 174 174 344 344 4 344 344 344 174 344 344 344 174 344 344 174 344 344 344 174 174 174 344 174 174 344 344 344 344 344 344 344 344 344 344 174 344 4 344 174 344 174 344 344 344 344 174 4 344 174 344 174 344 344 174 174 4 4 344 344 4 344 344 174 174 174 344 174 174 174 174 174 344 4 174 344 174 4 344 344 344 344 4 174 344 4 344 344 344 344 4 174 174 344 344 4 174 4 4 4 174 4 174 174 174 344 174 344 4 344 344 174 344 344 344 4 344 344 344 344 174 344 174 174 344 174 174 344 344 174 4 174 344 174 344 174 4 344 174 344 344 344 344 4 174 4 174 174 174 344 174 344 344 344 344 174 4 174 344 4 174 174 4 344 174 4 174 174 174 174 344 174 174 174 174 174 4 174 344 344 174 344 344 174 4 344 174 344 174 344 174 4 4 344 4 4 344 174 4 4 174 174 174 174 174 174 344 4 174 174 174 174 344 344 174 174 344 4 174 4 344 174 174 344 174 174 174 4 4 174 344 344 4 4 174 174 344 344 4 344 174 344 344 174 344 344 174 344 4 4 174 344 344 4 174 344 344 344 174 174 344 174 4 174 344 174 344 174 174 344 4 344 174 344 344 174 344 344 174 4 174 4 344 344 4 344 4 4 174 174 344 174 174 4 174 174 4 344 344 174 344 174 4 4 174 344 174 344 174 344 4 174 344 4 174 174 174 174 174 4 174 4 4 344 344 174 174 174 4 4 174 344 174 344 174 344 4 174 1 344 
c [Incremental] Max used label: 344.
c [Incremental] Label 344 is removed from searching.
c [Incremental] Solving for max label = 343:
c [Incremental] Solving duration: 35 ms.
s [Incremental] SAT (label = 343).
c [Incremental] Label assignment: 343 343 343 343 343 343 343 343 343 343 343 343 343 343 343 173 343 173 343 343 343 343 343 173 343 173 343 343 343 343 343 343 343 343 343 343 173 343 343 343 343 173 173 343 343 343 343 173 343 3 343 173 343 343 343 343 343 343 343 343 173 343 343 343 343 343 343 343 343 343 343 343 343 343 343 343 173 343 343 343 173 343 343 343 343 343 343 173 173 343 3 173 173 343 343 343 173 343 173 3 173 343 343 343 173 343 173 343 3 343 343 343 173 343 3 173 343 173 173 173 343 173 173 173 343 173 343 343 343 343 343 343 343 343 3 173 343 173 173 343 343 343 3 343 343 343 343 173 173 343 343 343 173 173 173 173 343 343 3 343 343 343 173 343 343 343 173 343 343 173 343 343 343 173 173 173 343 173 173 343 343 343 343 343 343 343 343 343 343 173 343 3 343 173 343 173 343 343 343 343 173 3 343 173 343 173 343 343 173 173 3 3 343 343 3 343 343 173 173 173 343 173 173 173 173 173 343 3 173 343 173 3 343 343 343 343 3 173 343 3 343 343 343 343 3 173 173 343 343 3 173 3 3 3 173 3 173 173 173 343 173 343 3 343 343 173 343 343 343 3 343 343 343 343 173 343 173 173 343 173 173 343 343 173 3 173 343 173 343 173 3 343 173 343 343 343 343 3 173 3 173 173 173 343 173 343 343 343 343 173 3 173 343 3 173 173 3 343 173 3 173 173 173 173 343 173 173 173 173 173 3 173 343 343 173 343 343 173 3 343 173 343 173 343 173 3 3 343 3 3 343 173 3 3 173 173 173 173 173 173 343 3 173 173 173 173 343 343 173 173 343 3 173 3 343 173 173 343 173 173 173 3 3 173 343 343 3 3 173 173 343 343 3 343 173 343 343 173 343 343 173 343 3 3 173 343 343 3 173 343 343 343 173 173 343 173 3 173 343 173 343 173 173 343 3 343 173 343 343 173 343 343 173 3 173 3 343 343 3 343 3 3 173 173 343 173 173 3 173 173 3 343 343 173 343 173 3 3 173 343 173 343 173 343 3 173 343 3 173 173 173 173 173 3 173 3 3 343 343 173 173 173 3 3 173 343 173 343 173 343 3 173 1 343 
c [Incremental] Max used label: 343.
c [Incremental] Label 343 is removed from searching.
c [Incremental] Solving for max label = 342:
c [Incremental] Solving duration: 35 ms.
s [Incremental] SAT (label = 342).
c [Incremental] Label assignment: 342 342 342 342 342 342 342 342 342 342 342 342 342 342 342 172 342 172 342 342 342 342 342 172 342 172 342 342 342 342 342 342 342 342 342 342 172 342 342 342 342 172 172 342 342 342 342 172 342 2 342 172 342 342 342 342 342 342 342 342 172 342 342 342 342 342 342 342 342 342 342 342 342 342 342 342 172 342 342 342 172 342 342 342 342 342 342 172 172 342 2 172 172 342 342 342 172 342 172 2 172 342 342 342 172 342 172 342 2 342 342 342 172 342 2 172 342 172 172 172 342 172 172 172 342 172 342 342 342 342 342 342 342 342 2 172 342 172 172 342 342 342 2 342 342 342 342 172 172 342 342 342 172 172 172 172 342 342 2 342 342 342 172 342 342 342 172 342 342 172 342 342 342 172 172 172 342 172 172 342 342 342 342 342 342 342 342 342 342 172 342 2 342 172 342 172 342 342 342 342 172 2 342 172 342 172 342 342 172 172 2 2 342 342 2 342 342 172 172 172 342 172 172 172 172 172 342 2 172 342 172 2 342 342 342 342 2 172 342 2 342 342 342 342 2 172 172 342 342 2 172 2 2 2 172 2 172 172 172 342 172 342 2 342 342 172 342 342 342 2 342 342 342 342 172 342 172 172 342 172 172 342 342 172 2 172 342 172 342 172 2 342 172 342 342 342 342 2 172 2 172 172 172 342 172 342 342 342 342 172 2 172 342 2 172 172 2 342 172 2 172 172 172 172 342 172 172 172 172 172 2 172 342 342 172 342 342 172 2 342 172 342 172 342 172 2 2 342 2 2 342 172 2 2 172 172 172 172 172 172 342 2 172 172 172 172 342 342 172 172 342 2 172 2 342 172 172 342 172 172 172 2 2 172 342 342 2 2 172 172 342 342 2 342 172 342 342 172 342 342 172 342 2 2 172 342 342 2 172 342 342 342 172 172 342 172 2 172 342 172 342 172 172 342 2 342 172 342 342 172 342 342 172 2 172 2 342 342 2 342 2 2 172 172 342 172 172 2 172 172 2 342 342 172 342 172 2 2 172 342 172 342 172 342 2 172 342 2 172 172 172 172 172 2 172 2 2 342 342 172 172 172 2 2 172 342 172 342 172 342 2 172 1 342 
c [Incremental] Max used label: 342.
c [Incremental] Label 342 is removed from searching.
c [Incremental] Solving for max label = 341:
c [Incremental] Solving duration: 34 ms.
s [Incremental] SAT (label = 341).
c [Incremental] Label assignment: 341 341 341 341 341 341 341 341 341 341 341 341 341 341 341 171 341 171 341 341 341 341 341 171 341 171 341 341 341 341 341 341 341 341 341 341 171 341 341 341 341 171 171 341 341 341 341 171 341 1 341 171 341 341 341 341 341 341 341 341 171 341 341 341 341 341 341 341 341 341 341 341 341 341 341 341 171 341 341 341 171 341 341 341 341 341 341 171 171 341 1 171 171 341 341 341 171 341 171 1 171 341 341 341 171 341 171 341 1 341 341 341 171 341 1 171 341 171 171 171 341 171 171 171 341 171 341 341 341 341 341 341 341 341 1 171 341 171 171 341 341 341 1 341 341 341 341 171 171 341 341 341 171 171 171 171 341 341 1 341 341 341 171 341 341 341 171 341 341 171 341 341 341 171 171 171 341 171 171 341 341 341 341 341 341 341 341 341 341 171 341 1 341 171 341 171 341 341 341 341 171 1 341 171 341 171 341 341 171 171 1 1 341 341 1 341 341 171 171 171 341 171 171 171 171 171 341 1 171 341 171 1 341 341 341 341 1 171 341 1 341 341 341 341 1 171 171 341 341 1 171 1 1 1 171 1 171 171 171 341 171 341 1 341 341 171 341 341 341 1 341 341 341 341 171 341 171 171 341 171 171 341 341 171 1 171 341 171 341 171 1 341 171 341 341 341 341 1 171 1 171 171 171 341 171 341 341 341 341 171 1 171 341 1 171 171 1 341 171 1 171 171 171 171 341 171 171 171 171 171 1 171 341 341 171 341 341 171 1 341 171 341 171 341 171 1 1 341 1 1 341 171 1 1 171 171 171 171 171 171 341 1 171 171 171 171 341 341 171 171 341 1 171 1 341 171 171 341 171 171 171 1 1 171 341 341 1 1 171 171 341 341 1 341 171 341 341 171 341 341 171 341 1 1 171 341 341 1 171 341 341 341 171 171 341 171 1 171 341 171 341 171 171 341 1 341 171 341 341 171 341 341 171 1 171 1 341 341 1 341 1 1 171 171 341 171 171 1 171 171 1 341 341 171 341 171 1 1 171 341 171 341 171 341 1 171 341 1 171 171 171 171 171 1 171 1 1 341 341 171 171 171 1 1 171 341 171 341 171 341 1 171 171 341 
c [Incremental] Max used label: 341.
c [Incremental] Label 341 is removed from searching.
c [Incremental] Solving for max label = 340:
c [Incremental] Solving duration: 1 ms.
s [Incremental] UNSAT (label = 340).
c [Signal] Signal interruption. Caught signal: SIGTERM (15).
c [Main] Work pid ends with result: 0.
r [Main] 
r [Main] Final results: 
r [Main] Total real time: 3418 ms.
r [Main] Total memory consumed: 432.8 MB.
r [Main] 
