c [Version] Minimize Makespan Labeling Encoder version 1.0.0.
c [Param] Target value is set to 102.
c [Param] LB is predefined as 103.
c [Param] UB is predefined as 513.
c [Param] Target value is set to Antibandwidth.
c [Param] Vertices mode is set to Has hole.
c [Param] Result verification is ON.
c [Param] Memory limit is set to 30000.
c [Param] Real time limit is set to 1800.
c [Param] Max CNF size is set to 10.
c [Main] Search strategy: Incremental from upper bound.
c [Main] Encoding and solving for graph: W-685_bus.mtx.rnd.
c [Incremental] Minimize Makespan Labeling problem (W-685_bus.mtx.rnd):
c [Incremental] Encoding starts with target value = 102:
c [Incremental] Encoding duration: 5332ms.
c [Incremental] Number of clauses: 4602993.
c [Incremental] Number of variables: 972775.
c [Incremental] Solving for max label = 513:
c [Incremental] Solving duration: 279 ms.
s [Incremental] SAT (label = 513).
c [Incremental] Label assignment: 409 307 307 1 409 1 205 205 103 205 307 1 307 1 307 409 205 205 307 103 307 1 205 307 1 307 307 103 307 103 307 103 205 307 205 103 103 103 1 307 205 205 1 409 103 307 103 205 205 103 307 103 103 205 205 205 103 103 1 307 103 205 409 205 103 409 205 409 103 513 1 1 103 103 205 307 513 205 1 1 307 1 307 409 205 103 205 307 103 103 103 103 1 1 205 205 205 205 307 103 205 103 205 307 103 205 205 103 103 205 103 307 1 103 205 103 1 205 409 205 409 205 205 205 103 307 205 205 205 103 103 103 205 1 1 103 103 103 409 103 205 409 1 103 1 103 1 1 205 409 1 103 205 409 205 307 1 103 103 205 1 205 307 205 103 513 103 307 103 103 103 205 205 205 205 103 205 1 1 1 103 1 307 1 205 103 307 103 205 205 205 307 307 103 1 205 103 103 1 205 1 205 205 307 103 1 1 307 307 205 103 1 307 103 103 1 103 205 103 1 103 103 1 409 1 205 103 205 103 205 307 307 103 103 103 307 103 1 103 103 1 205 307 205 103 205 103 409 307 205 103 103 205 409 1 103 307 1 1 103 103 103 1 103 103 205 1 1 307 307 205 103 1 103 1 205 1 103 307 1 1 1 205 103 205 1 205 307 1 205 103 103 1 103 103 103 103 205 103 307 103 1 1 1 103 103 103 103 205 1 103 205 205 205 103 1 205 103 205 103 103 1 1 103 307 205 1 103 103 205 205 1 103 103 205 1 307 103 103 103 1 307 103 205 1 205 103 1 103 103 103 103 103 103 103 103 1 307 103 103 205 205 103 103 205 1 205 205 1 205 1 205 1 1 103 1 205 205 103 1 205 1 307 103 103 1 103 205 205 1 103 103 1 103 1 1 103 103 205 103 103 103 103 103 103 1 205 103 103 205 103 1 103 103 205 103 1 1 1 1 1 1 103 1 307 103 1 205 205 1 103 103 1 1 1 103 205 205 1 103 103 1 1 1 1 103 103 1 1 1 103 103 1 1 103 1 1 103 1 103 103 1 1 307 1 103 103 103 103 1 1 103 205 205 1 1 1 1 1 205 103 103 1 1 103 1 1 1 1 1 1 307 103 103 1 103 103 1 1 1 103 1 205 1 1 103 103 205 103 1 1 103 103 103 1 205 205 103 1 103 103 1 1 103 205 1 1 1 205 1 103 103 1 1 1 1 1 103 103 103 1 1 103 103 103 103 1 1 103 1 1 1 103 1 103 103 1 103 1 1 1 103 1 1 1 103 1 1 103 1 103 103 1 103 1 1 1 103 1 1 1 205 205 1 1 1 1 1 1 103 1 1 1 1 1 1 1 103 103 1 1 1 1 1 1 1 1 1 1 1 1 1 1 1 103 103 1 1 103 1 1 1 1 1 1 1 103 1 1 1 103 1 1 1 103 103 1 1 1 1 1 1 1 103 1 1 1 103 1 103 103 1 1 1 1 1 103 1 1 1 1 1 1 1 1 1 1 1 1 103 1 1 1 1 1 1 1 1 1 1 1 1 1 1 1 
c [Incremental] Max used label: 513.
c [Incremental] Label 513 is removed from searching.
c [Incremental] Solving for max label = 512:
c [Incremental] Solving duration: 207 ms.
s [Incremental] SAT (label = 512).
c [Incremental] Label assignment: 409 307 307 1 409 1 205 205 103 205 307 1 307 1 307 409 205 205 307 103 307 1 205 307 1 307 307 103 307 103 307 103 205 307 205 103 103 103 1 307 205 205 1 409 103 307 103 205 205 103 307 103 103 205 205 205 103 103 1 307 103 205 409 205 103 409 205 409 103 511 1 1 103 103 205 307 511 205 1 1 307 1 307 409 205 103 205 307 103 103 103 103 1 1 205 205 205 205 307 103 205 103 205 307 103 205 205 103 103 205 103 307 1 103 205 103 1 205 409 205 409 205 205 205 103 307 205 205 205 103 103 103 205 1 1 103 103 103 409 103 205 409 1 103 1 103 1 1 205 409 1 103 205 409 205 307 1 103 103 205 1 205 307 205 103 511 103 307 103 103 103 205 205 205 205 103 205 1 1 1 103 1 307 1 205 103 307 103 205 205 205 307 307 103 1 205 103 103 1 205 1 205 205 307 103 1 1 307 307 205 103 1 307 103 103 1 103 205 103 1 103 103 1 409 1 205 103 205 103 205 307 307 103 103 103 307 103 1 103 103 1 205 307 205 103 205 103 409 307 205 103 103 205 409 1 103 307 1 1 103 103 103 1 103 103 205 1 1 307 307 205 103 1 103 1 205 1 103 307 1 1 1 205 103 205 1 205 307 1 205 103 103 1 103 103 103 103 205 103 307 103 1 1 1 103 103 103 103 205 1 103 205 205 205 103 1 205 103 205 103 103 1 1 103 307 205 1 103 103 205 205 1 103 103 205 1 307 103 103 103 1 307 103 205 1 205 103 1 103 103 103 103 103 103 103 103 1 307 103 103 205 205 103 103 205 1 205 205 1 205 1 205 1 1 103 1 205 205 103 1 205 1 307 103 103 1 103 205 205 1 103 103 1 103 1 1 103 103 205 103 103 103 103 103 103 1 205 103 103 205 103 1 103 103 205 103 1 1 1 1 1 1 103 1 307 103 1 205 205 1 103 103 1 1 1 103 205 205 1 103 103 1 1 1 1 103 103 1 1 1 103 103 1 1 103 1 1 103 1 103 103 1 1 307 1 103 103 103 103 1 1 103 205 205 1 1 1 1 1 205 103 103 1 1 103 1 1 1 1 1 1 307 103 103 1 103 103 1 1 1 103 1 205 1 1 103 103 205 103 1 1 103 103 103 1 205 205 103 1 103 103 1 1 103 205 1 1 1 205 1 103 103 1 1 1 1 1 103 103 103 1 1 103 103 103 103 1 1 103 1 1 1 103 1 103 103 1 103 1 1 1 103 1 1 1 103 1 1 103 1 103 103 1 103 1 1 1 103 1 1 1 205 205 1 1 1 1 1 1 103 1 1 1 1 1 1 1 103 103 1 1 1 1 1 1 1 1 1 1 1 1 1 1 1 103 103 1 1 103 1 1 1 1 1 1 1 103 1 1 1 103 1 1 1 103 103 1 1 1 1 1 1 1 103 1 1 1 103 1 103 103 1 1 1 1 1 103 1 1 1 1 1 1 1 1 1 1 1 1 103 1 1 1 1 1 1 1 1 1 1 1 1 1 1 1 
c [Incremental] Max used label: 511.
c [Incremental] Label 512 is removed from searching.
c [Incremental] Label 511 is removed from searching.
c [Incremental] Solving for max label = 510:
c [Incremental] Solving duration: 921 ms.
s [Incremental] UNSAT (label = 510).
c [Signal] Signal interruption. Caught signal: SIGTERM (15).
c [Main] Work pid ends with result: 0.
r [Main] 
r [Main] Final results: 
r [Main] Total real time: 6863 ms.
r [Main] Total memory consumed: 1064.6 MB.
r [Main] 
