c [Version] Minimize Makespan Labeling Encoder version 1.0.0.
c [Param] LB is predefined as 26.
c [Param] UB is predefined as 315.
c [Param] Memory limit is set to 30000.
c [Param] Real time limit is set to 1800.
c [Param] Worker count is set to 8.
c [Main] Search strategy: Iterating from upper bound.
c [Main] Search order: 315 314 313 312 311 310 309 308 307 306 305 304 303 302 301 300 299 298 297 296 295 294 293 292 291 290 289 288 287 286 285 284 283 282 281 280 279 278 277 276 275 274 273 272 271 270 269 268 267 266 265 264 263 262 261 260 259 258 257 256 255 254 253 252 251 250 249 248 247 246 245 244 243 242 241 240 239 238 237 236 235 234 233 232 231 230 229 228 227 226 225 224 223 222 221 220 219 218 217 216 215 214 213 212 211 210 209 208 207 206 205 204 203 202 201 200 199 198 197 196 195 194 193 192 191 190 189 188 187 186 185 184 183 182 181 180 179 178 177 176 175 174 173 172 171 170 169 168 167 166 165 164 163 162 161 160 159 158 157 156 155 154 153 152 151 150 149 148 147 146 145 144 143 142 141 140 139 138 137 136 135 134 133 132 131 130 129 128 127 126 125 124 123 122 121 120 119 118 117 116 115 114 113 112 111 110 109 108 107 106 105 104 103 102 101 100 99 98 97 96 95 94 93 92 91 90 89 88 87 86 85 84 83 82 81 80 79 78 77 76 75 74 73 72 71 70 69 68 67 66 65 64 63 62 61 60 59 58 57 56 55 54 53 52 51 50 49 48 47 46 45 44 43 42 41 40 39 38 37 36 35 34 33 32 31 30 29 28 27 26.
c [Main] Encoding and solving for graph: N-bcsstk07.mtx.rnd.
c [Label = 315] Encoding duration: 5816ms.
c [Label = 315] Number of clauses: 5186992.
c [Label = 315] Number of variables: 365400.
c [Label = 315] Solving duration: 194175 ms.
s [Label = 315] SAT (w = 25).
Label assignment: 210 315 315 209 265 61 130 315 169 307 240 51 305 258 208 118 313 94 1 85 157 290 67 263 211 149 315 144 194 182 240 52 159 290 254 9 294 287 27 189 257 1 299 45 274 97 315 49 290 51 195 34 46 300 315 290 293 266 261 240 236 4 312 275 10 41 260 315 207 7 39 255 39 236 303 90 150 315 113 51 112 31 273 304 111 207 285 264 278 243 225 189 221 181 37 60 229 122 64 84 155 20 223 202 306 286 222 183 232 120 311 288 298 70 173 271 1 142 29 230 315 238 282 218 11 106 297 215 205 204 147 315 289 213 85 290 291 138 232 69 233 185 308 89 265 203 22 44 277 167 128 74 290 131 109 189 300 161 231 228 198 144 26 181 281 232 26 252 165 106 1 173 33 270 139 259 265 224 260 92 199 292 162 201 106 170 1 315 211 1 156 265 154 16 114 4 79 251 23 267 235 158 1 75 280 190 80 26 165 253 184 123 102 77 48 237 126 220 65 140 72 80 275 81 26 265 57 53 141 172 216 138 295 2 108 137 43 106 115 82 161 302 178 200 244 310 250 105 8 193 95 241 315 1 174 91 1 121 165 212 76 166 79 140 272 62 131 184 248 25 107 17 245 171 315 257 301 257 116 262 32 233 269 50 96 242 125 160 285 315 186 101 54 315 156 210 290 26 191 134 55 119 26 31 152 256 88 136 2 129 164 47 315 143 63 135 276 35 180 279 156 78 188 86 249 194 56 80 239 148 68 115 132 98 28 268 103 314 24 130 127 192 38 176 13 227 197 93 217 83 246 66 59 145 104 179 133 31 1 40 146 190 124 1 247 196 168 226 18 232 105 186 206 285 219 177 52 110 42 175 87 36 1 265 12 163 58 1 153 296 60 19 99 100 169 187 214 30 15 284 52 21 6 186 5 309 71 14 215 26 182 73 240 283 151 81 234 131 117 3 
c [Main] Lowest label SAT is set to 315.
c [Label = 314] Encoding duration: 5789ms.
c [Label = 314] Number of clauses: 5170011.
c [Label = 314] Number of variables: 364560.
c [Label = 314] Solving duration: 230558 ms.
s [Label = 314] SAT (w = 25).
Label assignment: 125 314 45 177 208 173 249 314 272 305 314 191 83 45 57 314 189 119 9 134 289 211 50 159 264 122 126 299 184 239 178 289 289 262 25 56 309 289 237 264 102 239 279 2 53 139 314 140 213 289 297 313 264 286 165 26 304 12 264 261 112 198 133 255 270 135 245 236 199 204 269 55 154 112 260 211 37 275 151 171 152 134 253 202 109 314 148 264 277 52 53 9 306 36 280 235 225 9 292 103 70 101 218 98 156 282 201 264 158 114 67 182 290 278 176 190 89 159 289 314 94 187 71 203 40 121 126 206 41 85 124 81 160 163 289 2 284 126 208 302 170 188 247 143 289 250 1 294 216 186 281 268 34 1 314 54 198 137 314 39 287 295 289 232 99 123 150 246 172 314 51 242 229 296 93 32 72 73 1 271 129 147 78 259 196 82 29 77 61 24 26 252 243 166 118 136 161 215 227 128 49 163 87 241 44 28 174 149 264 311 79 66 127 1 257 59 197 138 314 312 233 132 58 74 53 76 158 188 185 4 64 180 131 209 289 230 19 212 251 239 137 23 14 254 200 314 31 95 42 102 68 222 314 264 250 256 188 179 88 194 207 46 238 2 310 224 264 62 2 250 188 120 117 116 314 45 307 97 188 260 144 213 91 298 183 60 90 38 244 100 314 308 238 234 146 213 33 289 228 16 30 65 314 84 2 43 258 25 183 35 118 71 137 300 27 238 267 314 143 193 157 162 231 248 145 192 289 214 293 144 240 113 7 69 111 142 80 96 205 208 314 15 175 104 168 274 153 167 67 169 287 10 11 164 263 17 21 106 314 289 130 239 92 110 226 266 312 221 48 262 264 8 289 6 273 220 314 101 145 200 63 223 2 213 265 47 115 181 276 105 210 303 22 195 5 285 155 107 301 75 288 141 237 86 283 118 95 219 239 289 224 217 18 13 291 212 108 264 3 20 
c [Main] Lowest label SAT is set to 314.
c [Label = 311] Encoding duration: 5832ms.
c [Label = 311] Number of clauses: 5119066.
c [Label = 311] Number of variables: 362040.
c [Label = 311] Solving duration: 243014 ms.
s [Label = 311] SAT (w = 25).
Label assignment: 65 228 286 120 286 301 186 277 311 154 71 132 168 1 311 167 36 243 283 1 311 38 296 253 46 311 286 235 83 261 309 7 298 311 113 68 50 236 285 251 252 235 93 159 274 293 258 179 102 286 99 236 107 287 254 175 198 1 311 150 130 119 210 149 272 54 241 276 269 64 110 267 282 206 250 94 256 294 283 307 193 51 211 15 161 26 311 140 265 111 237 1 268 105 75 308 268 162 10 275 212 133 224 129 279 61 289 103 109 178 166 51 47 172 199 26 128 241 233 136 200 251 211 35 297 255 231 55 216 264 35 21 226 220 201 126 239 226 202 49 140 188 146 186 259 91 227 291 23 36 249 302 106 165 214 311 311 207 280 173 39 235 5 26 196 59 275 217 161 1 310 175 226 189 136 283 176 246 8 263 67 124 1 9 27 305 30 278 27 300 115 271 163 138 261 111 157 290 223 41 171 1 260 292 205 68 135 7 146 277 201 142 26 88 48 51 24 219 201 18 1 236 111 221 98 176 2 286 303 139 53 230 45 136 261 156 56 90 40 77 123 6 66 104 34 238 273 29 43 197 195 170 26 58 100 262 182 221 244 81 1 101 209 257 16 17 160 79 43 164 27 191 164 84 33 187 247 185 52 131 184 27 175 177 117 225 92 145 37 142 73 84 78 258 160 180 102 225 86 148 161 74 234 215 114 96 281 46 134 59 125 80 155 250 9 232 203 4 137 242 311 181 95 144 295 121 26 211 70 3 12 194 54 158 153 152 32 110 44 84 34 108 218 22 85 19 69 141 286 240 82 28 306 86 311 68 229 143 204 160 208 91 31 196 42 20 118 171 112 151 1 127 135 183 190 87 200 88 299 174 116 169 60 311 72 304 213 122 248 288 57 246 89 266 52 187 63 186 11 25 62 97 222 284 14 192 9 245 32 13 85 16 147 85 270 76 176 135 61 110 
c [Main] Lowest label SAT is set to 311.
c [Main] Kill higher label pid 312.
c [Main] Kill higher label pid 313.
c [Label = 312] Encoding duration: 5756ms.
c [Label = 312] Number of clauses: 5136048.
c [Label = 312] Number of variables: 362880.
c [Signal] Signal interruption. Caught signal: SIGTERM (15).
c [Label = 313] Encoding duration: 6027ms.
c [Label = 313] Number of clauses: 5153029.
c [Label = 313] Number of variables: 363720.
c [Signal] Signal interruption. Caught signal: SIGTERM (15).
c [Main] Child pid 312 - 1199928 terminated by signal 15.
c [Main] Child pid 313 - 1199927 terminated by signal 15.
c [Label = 308] Encoding duration: 5891ms.
c [Label = 308] Number of clauses: 5068122.
c [Label = 308] Number of variables: 359520.
c [Label = 308] Solving duration: 449804 ms.
s [Label = 308] SAT (w = 25).
Label assignment: 48 232 233 21 209 129 103 210 135 13 2 306 217 233 133 90 87 213 258 76 139 204 64 76 308 51 1 297 258 258 172 101 145 184 231 188 124 62 255 255 77 30 44 308 19 284 83 121 138 223 269 158 173 105 241 78 234 94 136 283 1 103 77 238 25 7 226 229 37 50 160 36 283 56 170 146 85 212 143 307 308 278 4 35 233 283 132 126 288 273 242 198 263 52 221 158 93 75 17 16 308 239 181 120 153 251 302 1 165 213 150 1 115 61 86 53 259 308 233 189 149 76 113 29 68 76 34 116 301 282 100 168 228 308 228 26 123 76 102 167 125 274 220 208 214 236 26 261 262 258 286 290 133 23 208 53 31 33 101 71 266 295 230 274 186 182 160 39 133 101 151 185 131 47 248 108 1 148 254 156 110 97 183 218 257 112 89 51 189 235 176 171 39 308 183 11 285 131 49 114 20 83 197 72 291 233 208 104 281 240 305 42 244 1 294 108 196 283 51 208 277 190 102 73 5 203 233 252 141 283 1 258 70 208 109 79 117 202 289 26 283 95 293 267 192 78 127 283 82 253 38 119 283 142 246 247 112 308 69 208 203 166 26 256 216 298 152 55 258 64 258 10 22 287 280 51 260 88 208 32 158 183 205 224 15 45 187 27 179 211 140 147 26 180 169 108 283 26 54 81 296 268 283 183 201 237 159 191 9 111 28 177 163 45 299 137 92 103 91 275 127 225 279 154 3 245 308 164 40 272 96 308 308 118 84 174 155 249 125 63 276 107 162 199 265 175 24 300 57 233 273 187 106 138 58 222 76 270 130 157 158 60 66 195 273 215 292 161 65 1 37 59 304 51 18 67 308 178 175 41 8 183 80 200 74 128 303 26 219 122 308 193 250 41 43 6 308 271 194 206 308 264 227 258 98 14 99 207 51 101 258 214 283 1 134 201 46 144 243 12 
c [Main] Lowest label SAT is set to 308.
c [Main] Kill higher label pid 309.
c [Main] Kill higher label pid 310.
c [Label = 309] Encoding duration: 5647ms.
c [Label = 309] Number of clauses: 5085103.
c [Label = 309] Number of variables: 360360.
c [Signal] Signal interruption. Caught signal: SIGTERM (15).
c [Label = 310] Encoding duration: 5675ms.
c [Label = 310] Number of clauses: 5102085.
c [Label = 310] Number of variables: 361200.
c [Signal] Signal interruption. Caught signal: SIGTERM (15).
c [Main] Child pid 309 - 1199931 terminated by signal 15.
c [Main] Child pid 310 - 1199930 terminated by signal 15.
c [Label = 306] Encoding duration: 6042ms.
c [Label = 306] Number of clauses: 5034159.
c [Label = 306] Number of variables: 357840.
c [Label = 306] Solving duration: 530032 ms.
s [Label = 306] SAT (w = 25).
Label assignment: 77 54 81 1 252 171 107 191 298 284 101 287 70 183 101 214 58 240 51 88 27 26 299 220 304 40 180 76 114 237 116 187 188 93 182 131 281 161 162 115 81 76 60 295 300 104 1 82 205 203 50 94 26 119 80 91 24 109 228 117 51 250 306 215 269 78 2 250 208 291 29 2 181 178 35 217 96 40 89 165 164 168 6 191 225 263 53 306 95 306 122 255 18 221 259 200 97 138 306 73 133 1 242 124 38 261 120 256 136 19 82 2 285 150 249 281 129 149 230 186 145 225 161 169 172 191 224 61 32 273 237 279 27 51 63 12 21 300 139 10 57 154 39 200 231 197 300 3 13 281 1 44 26 275 103 1 300 51 83 247 128 76 173 243 262 158 160 189 275 62 1 238 227 125 39 281 59 103 38 8 64 23 219 111 248 236 280 194 256 135 112 251 267 134 225 211 154 154 207 41 212 1 126 56 233 121 3 172 4 69 137 222 246 306 293 113 22 1 170 225 110 56 26 102 51 167 1 229 276 128 79 198 283 279 254 244 154 52 16 155 151 98 75 227 257 82 51 260 121 87 232 201 174 290 202 278 127 153 92 306 216 303 152 36 74 146 166 26 34 296 279 132 192 178 250 108 118 106 26 275 1 193 143 289 302 213 15 176 7 128 101 47 306 31 55 253 76 27 250 20 264 306 177 1 157 206 163 282 2 294 223 55 76 273 68 175 266 141 184 11 30 204 5 146 71 241 250 33 226 72 42 196 101 268 1 218 147 138 258 211 185 67 43 239 126 270 179 48 171 194 250 14 46 136 26 297 27 130 65 28 76 199 190 134 156 17 265 159 301 37 186 26 271 51 305 235 250 195 286 272 306 275 144 126 148 1 85 220 45 49 90 9 105 107 250 250 142 86 123 209 277 25 113 281 66 99 210 100 245 84 234 129 275 2 274 140 306 298 292 288 
c [Main] Lowest label SAT is set to 306.
c [Main] Kill higher label pid 307.
c [Label = 307] Encoding duration: 6298ms.
c [Label = 307] Number of clauses: 5051140.
c [Label = 307] Number of variables: 358680.
c [Signal] Signal interruption. Caught signal: SIGTERM (15).
c [Main] Child pid 307 - 1199973 terminated by signal 15.
c [Label = 305] Encoding duration: 5919ms.
c [Label = 305] Number of clauses: 5017177.
c [Label = 305] Number of variables: 357000.
c [Label = 305] Solving duration: 1046992 ms.
s [Label = 305] SAT (w = 25).
Label assignment: 255 67 280 179 46 121 142 270 239 267 185 294 281 1 255 221 297 61 101 1 180 223 218 91 82 74 305 202 305 1 90 204 103 87 86 125 176 170 280 146 26 302 305 76 59 165 26 281 108 210 33 280 68 129 155 21 281 193 134 197 305 84 176 214 81 26 51 280 167 258 92 120 292 28 159 144 93 263 222 168 47 66 54 45 51 126 76 153 44 154 167 243 241 51 43 152 150 1 62 231 305 208 117 238 296 183 119 227 233 290 280 180 277 36 289 129 280 279 190 95 73 3 101 104 175 51 169 299 131 35 220 157 178 135 221 116 284 64 232 41 305 234 136 205 269 200 305 12 50 186 16 13 240 123 96 97 174 107 26 138 305 201 4 255 130 194 8 137 255 205 305 150 191 268 79 114 305 105 48 298 10 286 1 20 295 272 247 30 52 105 94 261 173 305 1 220 1 273 181 37 161 160 58 49 198 26 252 303 140 212 30 100 205 172 281 304 217 152 6 255 1 207 77 80 182 246 23 211 143 156 305 122 291 228 132 206 287 55 300 89 107 163 226 192 283 26 127 280 124 280 71 7 177 141 209 257 242 37 228 76 1 305 185 195 18 26 155 109 177 293 260 255 216 15 229 280 280 51 305 127 32 139 29 199 256 99 19 218 188 213 56 259 89 72 88 235 1 230 230 3 70 40 26 202 106 184 101 264 305 26 147 76 1 111 29 305 278 14 38 162 101 237 189 203 188 53 230 195 42 125 282 280 83 17 27 205 250 205 236 151 1 305 98 60 248 34 11 9 149 301 230 12 69 245 133 251 112 280 276 101 164 115 22 270 166 25 128 110 187 180 26 57 126 63 253 78 274 196 230 266 65 1 180 262 275 90 265 118 285 219 271 288 85 158 102 26 249 145 24 148 225 254 5 215 230 75 26 163 39 31 51 160 171 305 244 255 2 113 45 224 
c [Main] Lowest label SAT is set to 305.
c [Label = 299] Encoding duration: 5732ms.
c [Label = 299] Number of clauses: 4893268.
c [Label = 299] Number of variables: 342720.
c [Label = 299] Solving duration: 585840 ms.
s [Label = 299] SAT (w = 25).
Label assignment: 32 253 299 31 291 148 218 108 41 151 238 8 282 88 123 64 26 234 148 123 138 79 157 184 26 23 194 223 173 217 53 116 211 258 288 100 68 267 66 179 299 51 2 58 299 112 37 251 26 30 299 272 246 163 274 233 293 46 299 208 55 198 274 265 19 88 299 129 113 119 150 1 127 274 193 169 219 255 299 163 110 82 297 96 299 88 269 270 47 88 201 10 140 3 17 274 205 224 63 89 138 299 26 67 204 1 146 299 267 259 274 189 120 136 55 87 173 223 62 242 68 1 163 6 93 4 182 129 138 106 99 212 245 39 129 274 115 51 217 22 171 271 264 247 85 18 243 113 92 283 285 158 249 166 269 26 117 54 88 286 299 224 154 299 74 167 177 26 62 133 220 155 200 70 222 7 206 38 260 24 102 75 63 76 15 216 241 299 110 230 194 111 227 261 36 191 274 183 125 141 152 174 5 142 143 173 192 103 274 131 141 170 29 266 72 173 95 123 26 223 83 189 19 203 237 79 249 299 1 280 296 181 226 148 105 213 1 91 121 173 160 207 209 50 66 294 198 38 172 56 42 176 44 264 252 59 299 180 27 98 113 210 274 214 84 197 268 109 98 145 134 248 175 25 298 214 69 26 148 11 188 198 104 279 43 49 90 202 16 231 1 119 249 52 189 81 162 138 138 185 51 122 199 69 196 12 40 250 242 144 1 139 249 71 197 187 262 26 281 221 164 130 21 65 178 289 107 126 14 119 278 273 224 168 263 229 77 30 156 113 88 147 20 60 86 161 225 118 92 38 9 290 240 165 1 276 1 48 153 244 224 1 73 228 114 35 149 132 186 159 1 1 57 94 249 63 78 154 223 45 28 248 113 80 254 232 275 257 277 124 104 195 287 34 97 198 104 292 191 61 128 33 236 135 190 256 113 235 284 295 13 137 1 239 192 26 215 264 101 63 
c [Label = 301] Encoding duration: 5334ms.
c [Label = 301] Number of clauses: 4949251.
c [Label = 301] Number of variables: 353640.
c [Signal] Signal interruption. Caught signal: SIGTERM (15).
c [Main] Lowest label SAT is set to 299.
c [Main] Kill higher label pid 300.
c [Main] Kill higher label pid 301.
c [Main] Kill higher label pid 302.
c [Main] Kill higher label pid 303.
c [Main] Kill higher label pid 304.
c [Label = 300] Encoding duration: 5306ms.
c [Label = 300] Number of clauses: 4898670.
c [Label = 300] Number of variables: 343560.
c [Signal] Signal interruption. Caught signal: SIGTERM (15).
c [Label = 304] Encoding duration: 5743ms.
c [Label = 304] Number of clauses: 5000196.
c [Label = 304] Number of variables: 356160.
c [Signal] Signal interruption. Caught signal: SIGTERM (15).
c [Label = 302] Encoding duration: 5543ms.
c [Label = 302] Number of clauses: 4966233.
c [Label = 302] Number of variables: 354480.
c [Signal] Signal interruption. Caught signal: SIGTERM (15).
c [Label = 303] Encoding duration: 5671ms.
c [Label = 303] Number of clauses: 4983214.
c [Label = 303] Number of variables: 355320.
c [Signal] Signal interruption. Caught signal: SIGTERM (15).
c [Main] Child pid 304 - 1200415 terminated by signal 15.
c [Main] Child pid 301 - 1200456 terminated by signal 15.
c [Main] Child pid 302 - 1200455 terminated by signal 15.
c [Main] Child pid 303 - 1200416 terminated by signal 15.
c [Main] Child pid 300 - 1200457 terminated by signal 15.
c [Label = 298] Encoding duration: 5644ms.
c [Label = 298] Number of clauses: 4876287.
c [Label = 298] Number of variables: 341880.
c [Label = 298] Solving duration: 743175 ms.
s [Label = 298] SAT (w = 25).
Label assignment: 140 122 180 298 57 16 230 1 201 203 266 88 5 127 136 286 173 126 1 119 80 55 262 169 111 31 51 252 1 248 107 220 51 192 287 92 160 223 245 295 30 213 69 215 94 208 298 25 109 134 142 26 289 152 290 210 167 150 83 108 161 171 110 290 2 123 180 243 27 229 233 123 298 1 189 165 128 114 216 222 75 144 196 191 223 155 205 298 185 76 278 157 49 170 33 33 89 37 117 96 298 263 227 281 56 155 71 162 298 233 1 90 47 17 164 182 1 248 26 273 6 169 55 297 152 248 267 53 104 11 12 136 65 103 31 273 253 159 198 153 285 168 19 272 26 277 298 181 23 55 46 99 66 115 174 293 76 294 2 65 13 244 78 146 175 77 298 27 246 245 90 204 97 236 126 212 80 64 90 87 247 22 266 248 45 298 158 220 135 50 273 137 26 177 221 72 110 148 224 149 115 298 217 260 42 298 273 83 132 282 35 31 248 185 178 147 200 121 218 248 143 273 198 273 296 209 279 61 67 259 74 268 78 59 36 291 1 195 18 7 269 151 251 116 48 179 84 2 298 194 8 283 298 273 124 127 83 150 198 198 27 118 273 183 3 51 65 108 146 201 32 206 43 118 10 172 276 1 60 173 41 187 241 125 120 275 176 258 173 9 163 1 264 28 102 190 239 298 1 242 14 211 1 273 79 38 261 250 105 82 133 223 248 141 51 161 21 3 62 231 115 188 112 273 265 226 15 98 199 63 280 44 58 238 1 271 3 197 225 26 129 154 202 152 177 139 284 52 1 126 101 228 125 39 212 254 273 34 160 102 237 292 24 176 156 274 68 70 166 298 130 214 273 85 145 257 3 184 54 177 28 223 101 86 20 131 240 270 138 249 234 193 288 232 173 91 29 198 255 202 235 207 93 186 100 256 27 219 81 4 152 78 106 73 95 40 113 273 148 52 
c [Main] Lowest label SAT is set to 298.
c [Label = 296] Encoding duration: 5296ms.
c [Label = 296] Number of clauses: 4842324.
c [Label = 296] Number of variables: 340200.
c [Label = 296] Solving duration: 290937 ms.
s [Label = 296] SAT (w = 25).
Label assignment: 216 131 171 273 129 4 221 110 268 23 214 25 122 296 51 154 21 13 9 109 142 216 70 265 267 48 183 206 284 221 65 2 180 74 95 279 155 146 191 165 221 133 260 271 54 274 212 191 271 53 125 162 208 271 100 244 227 296 282 26 182 209 109 124 179 147 1 129 12 256 102 121 243 212 50 166 30 261 140 191 127 137 84 24 59 296 246 241 273 187 276 249 186 58 264 159 67 175 140 130 145 136 45 235 132 271 253 1 196 8 170 246 254 250 97 63 159 184 109 71 269 31 246 34 181 118 37 218 296 36 236 239 87 272 221 164 198 271 31 98 195 80 114 109 107 296 83 178 192 217 187 103 134 266 186 166 296 164 296 105 71 204 1 31 290 66 150 43 59 112 163 287 126 74 221 295 242 200 148 49 16 125 161 171 10 46 115 296 1 61 62 30 275 172 9 196 185 196 69 15 86 157 26 229 281 285 196 104 271 146 138 211 296 296 231 262 128 184 191 235 1 89 32 177 187 246 232 52 85 77 19 51 152 259 107 293 247 291 251 144 158 160 141 73 288 170 7 40 134 1 210 156 209 271 117 221 56 42 29 34 6 60 81 167 101 246 143 106 134 123 257 68 151 230 113 221 224 39 263 84 212 84 245 176 41 168 185 196 294 111 2 20 134 76 88 1 82 153 135 78 296 4 207 234 145 174 210 255 64 246 270 196 132 47 246 189 221 196 171 283 271 292 277 109 99 22 190 96 3 149 194 159 232 108 139 162 219 57 225 116 33 196 213 18 75 94 14 203 34 109 271 92 17 246 296 202 44 173 191 271 237 90 252 222 278 223 286 197 121 35 11 1 169 26 84 246 193 296 93 38 296 79 296 27 228 51 238 26 199 280 1 226 233 119 134 289 1 271 201 221 1 205 240 28 188 5 220 72 101 101 120 55 76 246 258 215 248 271 221 91 
c [Main] Lowest label SAT is set to 296.
c [Main] Kill higher label pid 297.
c [Label = 297] Encoding duration: 5672ms.
c [Label = 297] Number of clauses: 4859305.
c [Label = 297] Number of variables: 341040.
c [Signal] Signal interruption. Caught signal: SIGTERM (15).
c [Main] Child pid 297 - 1201037 terminated by signal 15.
c [Label = 288] Encoding duration: 5337ms.
c [Label = 288] Number of clauses: 4706472.
c [Label = 288] Number of variables: 333480.
c [Signal] Signal interruption. Caught signal: SIGTERM (15).
c [Label = 291] Encoding duration: 5319ms.
c [Label = 291] Number of clauses: 4757416.
c [Label = 291] Number of variables: 336000.
c [Signal] Signal interruption. Caught signal: SIGTERM (15).
c [Label = 292] Encoding duration: 5419ms.
c [Label = 292] Number of clauses: 4774398.
c [Label = 292] Number of variables: 336840.
c [Signal] Signal interruption. Caught signal: SIGTERM (15).
c [Label = 289] Encoding duration: 5568ms.
c [Label = 289] Number of clauses: 4723453.
c [Label = 289] Number of variables: 334320.
c [Signal] Signal interruption. Caught signal: SIGTERM (15).
c [Label = 290] Encoding duration: 5870ms.
c [Label = 290] Number of clauses: 4740435.
c [Label = 290] Number of variables: 335160.
c [Signal] Signal interruption. Caught signal: SIGTERM (15).
c [Label = 294] Encoding duration: 5221ms.
c [Label = 294] Number of clauses: 4808361.
c [Label = 294] Number of variables: 338520.
c [Signal] Signal interruption. Caught signal: SIGTERM (15).
c [Label = 295] Encoding duration: 5425ms.
c [Label = 295] Number of clauses: 4825342.
c [Label = 295] Number of variables: 339360.
c [Signal] Signal interruption. Caught signal: SIGTERM (15).
c [Main] Lim pid ends with result: 254.
c [Main] All children have completed.
r [Main] 
r [Main] Final results: 
r [Main] Lowest label SAT:  	296.
r [Main] Highest label UNSAT:	-.
r [Main] Total real time: 1812738 ms.
r [Main] Total memory consumed: 11211.1 MB.
r [Main] 
c [Label = 293] Encoding duration: 5482ms.
c [Label = 293] Number of clauses: 4791379.
c [Label = 293] Number of variables: 337680.
c [Signal] Signal interruption. Caught signal: SIGTERM (15).
