c [Version] Minimize Makespan Labeling Encoder version 1.0.0.
c [Param] LB is predefined as 48.
c [Param] UB is predefined as 377.
c [Param] Memory limit is set to 30000.
c [Param] Real time limit is set to 1800.
c [Param] Worker count is set to 8.
c [Main] Search strategy: Iterating from upper bound.
c [Main] Search order: 377 376 375 374 373 372 371 370 369 368 367 366 365 364 363 362 361 360 359 358 357 356 355 354 353 352 351 350 349 348 347 346 345 344 343 342 341 340 339 338 337 336 335 334 333 332 331 330 329 328 327 326 325 324 323 322 321 320 319 318 317 316 315 314 313 312 311 310 309 308 307 306 305 304 303 302 301 300 299 298 297 296 295 294 293 292 291 290 289 288 287 286 285 284 283 282 281 280 279 278 277 276 275 274 273 272 271 270 269 268 267 266 265 264 263 262 261 260 259 258 257 256 255 254 253 252 251 250 249 248 247 246 245 244 243 242 241 240 239 238 237 236 235 234 233 232 231 230 229 228 227 226 225 224 223 222 221 220 219 218 217 216 215 214 213 212 211 210 209 208 207 206 205 204 203 202 201 200 199 198 197 196 195 194 193 192 191 190 189 188 187 186 185 184 183 182 181 180 179 178 177 176 175 174 173 172 171 170 169 168 167 166 165 164 163 162 161 160 159 158 157 156 155 154 153 152 151 150 149 148 147 146 145 144 143 142 141 140 139 138 137 136 135 134 133 132 131 130 129 128 127 126 125 124 123 122 121 120 119 118 117 116 115 114 113 112 111 110 109 108 107 106 105 104 103 102 101 100 99 98 97 96 95 94 93 92 91 90 89 88 87 86 85 84 83 82 81 80 79 78 77 76 75 74 73 72 71 70 69 68 67 66 65 64 63 62 61 60 59 58 57 56 55 54 53 52 51 50 49 48.
c [Main] Encoding and solving for graph: R-dwt__503.mtx.rnd.
c [Label = 372] Encoding duration: 6456ms.
c [Label = 372] Number of clauses: 4868100.
c [Label = 372] Number of variables: 506018.
c [Label = 372] Solving duration: 232793 ms.
s [Label = 372] SAT (w = 47).
Label assignment: 169 7 157 186 184 1 12 372 5 1 321 278 26 359 5 342 113 337 325 16 2 372 1 15 3 3 348 129 4 356 117 304 272 1 305 282 346 1 1 325 33 52 259 96 249 86 1 306 323 98 38 307 83 50 325 145 91 13 258 368 59 43 138 309 87 146 217 372 230 7 3 65 164 325 2 200 276 310 372 325 120 329 1 10 144 79 146 303 12 168 103 339 6 220 3 173 50 209 65 155 247 29 229 231 48 118 8 69 263 93 3 60 288 72 150 302 35 211 372 296 56 347 325 142 52 2 325 242 50 372 78 67 372 362 231 152 231 126 286 2 1 145 9 298 50 119 50 300 176 49 68 372 97 39 330 114 287 95 372 61 192 218 372 348 153 136 51 64 85 229 331 76 172 268 23 123 371 292 372 158 281 325 350 325 154 353 223 50 289 261 100 184 183 213 130 101 367 234 25 94 1 372 2 185 41 349 74 1 237 124 62 97 187 358 48 221 127 222 241 206 99 145 88 57 327 74 162 278 278 111 235 297 251 170 163 58 361 231 231 97 366 158 348 166 215 285 89 271 275 81 311 325 260 45 80 228 338 103 107 320 207 295 109 314 231 325 372 283 54 317 84 233 230 372 5 284 370 357 322 18 190 26 325 253 308 250 97 257 20 372 182 90 203 348 293 14 264 365 354 343 372 181 313 301 180 229 97 336 102 216 50 315 160 32 171 239 128 143 344 159 198 372 278 24 108 227 219 131 100 301 312 149 70 205 355 325 134 28 360 351 246 148 270 208 262 115 158 219 167 372 135 179 22 232 42 1 258 328 254 21 363 9 210 248 27 245 372 226 364 26 266 325 122 95 269 324 132 55 212 256 278 201 278 121 105 87 372 372 274 34 231 50 372 277 170 224 125 195 240 214 112 3 46 31 236 175 188 184 71 139 372 345 199 238 66 290 11 53 189 110 204 75 191 278 372 1 319 279 178 294 323 127 273 278 133 341 243 174 141 73 333 30 372 255 280 147 278 140 36 151 47 325 301 104 318 48 325 265 225 197 3 82 369 166 291 316 352 161 334 299 194 19 278 202 244 165 40 340 196 277 3 276 111 325 77 332 335 193 137 254 92 156 267 37 252 17 116 326 217 63 177 106 44 
c [Label = 374] Encoding duration: 6458ms.
c [Label = 374] Number of clauses: 4895229.
c [Label = 374] Number of variables: 508030.
c [Signal] Signal interruption. Caught signal: SIGTERM (15).
c [Main] Lowest label SAT is set to 372.
c [Main] Kill higher label pid 373.
c [Main] Kill higher label pid 374.
c [Main] Kill higher label pid 375.
c [Main] Kill higher label pid 376.
c [Main] Kill higher label pid 377.
c [Label = 373] Encoding duration: 6465ms.
c [Label = 373] Number of clauses: 4881664.
c [Label = 373] Number of variables: 507024.
c [Signal] Signal interruption. Caught signal: SIGTERM (15).
c [Label = 376] Encoding duration: 6522ms.
c [Label = 376] Number of clauses: 4913569.
c [Label = 376] Number of variables: 510042.
c [Signal] Signal interruption. Caught signal: SIGTERM (15).
c [Label = 377] Encoding duration: 6669ms.
c [Label = 377] Number of clauses: 4998559.
c [Label = 377] Number of variables: 533180.
c [Signal] Signal interruption. Caught signal: SIGTERM (15).
c [Label = 375] Encoding duration: 6450ms.
c [Label = 375] Number of clauses: 4908793.
c [Label = 375] Number of variables: 509036.
c [Signal] Signal interruption. Caught signal: SIGTERM (15).
c [Main] Child pid 377 - 1207258 terminated by signal 15.
c [Main] Child pid 376 - 1207259 terminated by signal 15.
c [Main] Child pid 375 - 1207260 terminated by signal 15.
c [Main] Child pid 374 - 1207261 terminated by signal 15.
c [Main] Child pid 373 - 1207262 terminated by signal 15.
c [Label = 369] Encoding duration: 5514ms.
c [Label = 369] Number of clauses: 4827406.
c [Label = 369] Number of variables: 503000.
c [Label = 369] Solving duration: 318053 ms.
s [Label = 369] SAT (w = 47).
Label assignment: 218 297 184 225 267 4 126 49 182 261 268 221 1 95 43 28 245 179 322 82 51 322 259 27 221 104 193 228 93 187 156 203 322 213 329 305 309 233 181 127 198 253 275 195 78 322 16 289 47 176 85 339 199 203 55 20 356 369 255 315 166 105 244 25 263 369 296 49 275 169 2 254 325 67 1 299 310 33 280 266 1 100 188 311 322 74 174 64 275 1 23 37 331 70 19 369 174 40 192 208 227 323 99 369 227 366 32 168 320 238 282 237 89 8 154 322 257 38 122 206 154 136 322 141 87 189 268 39 56 49 362 216 267 315 99 352 121 271 224 270 77 21 213 228 169 134 268 355 149 223 161 48 169 139 144 149 249 130 361 125 69 322 103 31 216 35 258 2 329 341 343 319 322 275 369 163 275 235 322 66 369 50 131 263 86 201 102 5 259 34 259 268 219 306 152 46 59 177 123 271 160 266 24 347 340 1 191 173 248 264 221 221 132 230 30 322 216 322 338 63 221 268 216 214 239 114 185 17 269 71 204 304 303 216 247 262 322 109 204 5 199 175 277 2 349 84 232 312 322 256 348 168 291 301 216 72 354 202 140 133 281 45 153 121 98 321 60 197 364 317 11 369 322 353 369 290 293 120 369 335 190 1 62 236 88 211 220 203 263 363 222 36 308 229 183 369 128 69 351 29 102 1 369 328 174 7 369 137 369 96 111 118 157 228 1 22 367 148 358 220 252 369 310 263 145 75 211 275 302 327 275 240 211 369 324 101 167 207 298 139 164 150 106 76 276 212 5 116 216 58 90 73 1 333 243 14 204 294 230 79 68 369 93 295 213 334 53 322 57 171 107 322 220 242 369 61 124 15 283 186 54 196 155 143 41 263 267 368 209 318 18 170 110 108 6 96 342 345 280 135 322 216 94 285 147 2 138 211 162 336 274 129 92 346 12 217 300 210 288 165 350 172 284 313 357 369 369 279 180 200 112 151 273 369 65 44 231 1 327 360 286 194 268 142 292 278 316 83 178 3 267 369 326 10 265 26 275 52 314 260 369 127 119 205 42 117 308 241 359 317 344 159 272 332 307 215 216 287 191 115 9 55 204 314 97 146 337 250 91 79 234 13 365 80 113 369 330 158 322 251 246 226 81 
c [Main] Lowest label SAT is set to 369.
c [Main] Kill higher label pid 370.
c [Main] Kill higher label pid 371.
c [Label = 371] Encoding duration: 6410ms.
c [Label = 371] Number of clauses: 4854535.
c [Label = 371] Number of variables: 505012.
c [Signal] Signal interruption. Caught signal: SIGTERM (15).
c [Label = 370] Encoding duration: 6370ms.
c [Label = 370] Number of clauses: 4840971.
c [Label = 370] Number of variables: 504006.
c [Signal] Signal interruption. Caught signal: SIGTERM (15).
c [Main] Child pid 370 - 1207265 terminated by signal 15.
c [Main] Child pid 371 - 1207264 terminated by signal 15.
c [Label = 364] Encoding duration: 5569ms.
c [Label = 364] Number of clauses: 4759584.
c [Label = 364] Number of variables: 497970.
c [Label = 364] Solving duration: 415408 ms.
s [Label = 364] SAT (w = 47).
Label assignment: 364 154 222 219 96 364 26 49 234 1 157 226 143 268 148 78 123 25 1 29 92 1 162 34 48 331 85 51 317 279 209 272 2 316 317 257 364 69 167 299 335 89 205 30 12 1 49 195 121 203 317 76 307 107 3 155 274 174 269 103 142 306 278 275 286 270 20 304 102 250 156 318 340 196 208 197 238 362 2 214 116 140 132 23 160 147 110 16 48 106 235 70 170 157 141 48 252 109 187 320 128 334 48 103 51 267 255 55 63 246 364 254 83 99 273 241 173 120 317 43 259 90 1 22 4 41 316 266 49 1 99 364 312 103 245 290 262 346 272 357 202 153 330 327 50 344 364 135 240 156 65 316 207 67 39 103 7 46 150 359 254 310 165 343 349 79 227 99 237 49 175 2 155 223 251 353 201 138 48 62 172 95 322 169 288 115 161 364 168 232 161 311 364 256 191 364 61 162 236 216 230 203 267 27 326 33 191 364 17 364 271 97 134 94 338 205 361 1 225 158 252 364 136 192 323 74 177 243 1 194 211 88 130 51 244 87 339 95 264 259 111 203 100 364 71 151 289 1 263 117 301 316 129 171 285 58 73 364 221 364 186 242 260 56 218 1 52 113 58 310 315 199 105 317 265 44 2 108 105 332 145 99 1 277 184 281 206 233 48 215 300 133 51 176 198 354 179 48 297 93 305 142 11 131 355 231 270 280 101 166 98 317 364 162 189 9 181 72 81 54 310 4 314 191 351 1 59 209 176 287 1 139 51 109 324 157 189 248 137 249 126 57 1 114 14 292 48 95 118 293 40 61 364 18 325 152 35 220 282 172 1 48 42 13 342 82 317 193 253 68 108 304 104 37 250 305 276 256 333 124 210 163 209 49 24 315 306 358 217 1 107 159 6 256 99 96 119 91 122 38 209 314 228 229 345 56 183 321 48 336 313 185 347 291 350 298 328 308 341 142 224 364 182 8 1 364 238 80 364 31 49 337 146 239 156 319 75 144 178 261 188 247 53 32 190 164 159 295 283 103 125 5 26 309 213 249 4 212 86 21 60 36 10 303 19 95 328 348 284 62 238 356 204 294 180 112 363 329 200 2 302 146 52 1 64 61 296 84 28 77 47 258 1 1 15 352 66 127 149 161 360 364 45 
c [Main] Lowest label SAT is set to 364.
c [Main] Kill higher label pid 365.
c [Main] Kill higher label pid 366.
c [Main] Kill higher label pid 367.
c [Main] Kill higher label pid 368.
c [Label = 365] Encoding duration: 5601ms.
c [Label = 365] Number of clauses: 4773148.
c [Label = 365] Number of variables: 498976.
c [Signal] Signal interruption. Caught signal: SIGTERM (15).
c [Label = 368] Encoding duration: 5435ms.
c [Label = 368] Number of clauses: 4813842.
c [Label = 368] Number of variables: 501994.
c [Signal] Signal interruption. Caught signal: SIGTERM (15).
c [Label = 367] Encoding duration: 5818ms.
c [Label = 367] Number of clauses: 4800277.
c [Label = 367] Number of variables: 500988.
c [Signal] Signal interruption. Caught signal: SIGTERM (15).
c [Label = 366] Encoding duration: 5626ms.
c [Label = 366] Number of clauses: 4786713.
c [Label = 366] Number of variables: 499982.
c [Signal] Signal interruption. Caught signal: SIGTERM (15).
c [Main] Child pid 365 - 1207737 terminated by signal 15.
c [Main] Child pid 368 - 1207734 terminated by signal 15.
c [Main] Child pid 367 - 1207735 terminated by signal 15.
c [Main] Child pid 366 - 1207736 terminated by signal 15.
c [Label = 361] Encoding duration: 6357ms.
c [Label = 361] Number of clauses: 4718890.
c [Label = 361] Number of variables: 494952.
c [Label = 361] Solving duration: 552980 ms.
s [Label = 361] SAT (w = 47).
Label assignment: 252 183 236 344 96 104 205 305 258 103 1 2 361 241 347 301 303 329 195 333 361 2 52 182 104 297 269 117 108 31 1 319 206 97 300 129 329 351 240 205 29 68 1 130 192 262 289 1 257 2 73 244 109 49 218 2 192 172 221 163 1 151 320 41 361 262 205 305 74 158 3 121 95 205 71 215 210 112 157 205 361 213 132 136 220 272 361 317 49 250 125 23 33 158 197 252 52 55 77 38 137 119 161 1 76 361 127 49 82 293 7 272 45 108 131 30 318 331 217 271 361 201 170 180 139 34 204 65 144 314 227 50 1 212 155 35 1 299 1 99 178 116 124 67 53 1 51 335 267 51 16 1 361 43 121 98 302 361 143 328 314 200 307 44 5 84 158 361 234 256 199 205 361 312 59 266 217 316 208 150 228 261 176 152 283 282 304 57 224 230 361 295 252 171 15 346 267 93 140 359 209 111 154 177 83 140 13 264 89 50 128 361 138 92 314 310 355 247 88 311 254 104 36 352 284 188 174 259 2 281 17 356 322 361 169 231 246 267 14 248 329 341 106 361 325 324 141 203 170 132 277 49 130 119 361 217 229 239 279 314 191 12 251 164 2 192 267 238 205 247 61 7 314 266 361 91 168 298 314 297 100 360 146 81 181 222 361 46 361 194 321 175 274 11 32 52 72 196 291 223 314 98 219 330 63 273 264 270 361 156 323 211 24 122 361 58 327 39 87 48 1 267 202 3 315 265 267 361 85 69 1 214 113 294 114 201 2 343 80 301 344 361 200 350 70 275 358 296 50 148 290 26 252 86 60 123 225 28 37 326 247 48 115 276 102 90 153 165 151 107 314 207 96 233 149 170 336 105 22 135 145 243 354 109 166 99 155 64 339 357 111 3 160 220 361 156 186 47 292 337 361 2 184 280 348 255 185 232 101 285 1 226 334 167 122 40 349 120 288 17 79 49 162 299 308 98 253 287 8 126 111 99 9 314 158 268 345 50 235 48 78 94 338 134 133 237 147 353 10 96 187 173 189 3 309 19 216 145 193 286 110 190 267 361 179 294 278 21 42 245 20 52 306 342 56 100 49 249 27 1 54 4 118 192 159 18 263 6 242 142 332 123 260 158 198 66 340 25 313 361 62 96 75 
c [Main] Lowest label SAT is set to 361.
c [Main] Kill higher label pid 362.
c [Main] Kill higher label pid 363.
c [Label = 362] Encoding duration: 5805ms.
c [Label = 362] Number of clauses: 4732455.
c [Label = 362] Number of variables: 495958.
c [Signal] Signal interruption. Caught signal: SIGTERM (15).
c [Label = 363] Encoding duration: 5876ms.
c [Label = 363] Number of clauses: 4746019.
c [Label = 363] Number of variables: 496964.
c [Signal] Signal interruption. Caught signal: SIGTERM (15).
c [Main] Child pid 363 - 1207805 terminated by signal 15.
c [Main] Child pid 362 - 1207806 terminated by signal 15.
c [Label = 360] Encoding duration: 5618ms.
c [Label = 360] Number of clauses: 4705326.
c [Label = 360] Number of variables: 493946.
c [Label = 360] Solving duration: 600628 ms.
s [Label = 360] SAT (w = 47).
Label assignment: 254 7 130 195 257 1 28 360 12 219 313 360 313 85 238 189 139 229 360 118 228 96 257 41 2 95 94 12 69 287 4 360 101 5 323 285 293 9 128 167 336 78 98 43 44 314 63 22 70 298 72 271 266 246 360 266 199 226 18 196 311 282 238 269 264 217 207 106 249 120 243 148 288 51 257 294 216 232 155 159 1 73 166 75 97 109 266 281 151 169 139 123 341 360 14 215 311 223 59 360 284 289 360 360 145 1 13 206 253 224 36 357 104 304 316 317 276 38 51 327 217 322 313 121 81 222 158 3 268 56 77 6 360 53 212 282 110 64 344 147 93 3 82 275 149 188 313 324 209 245 348 95 149 27 123 163 23 46 304 269 360 99 358 235 349 71 227 256 17 4 131 313 311 313 257 3 304 115 360 197 119 54 66 313 274 74 55 219 291 65 11 96 251 207 1 233 360 245 138 144 183 204 176 191 170 34 266 252 122 151 111 264 331 116 295 52 313 198 225 360 313 1 87 244 321 10 273 4 360 30 315 297 185 208 175 237 97 211 360 2 340 3 182 304 302 239 326 360 98 85 283 16 33 25 313 203 45 311 126 278 88 171 146 198 103 143 51 187 63 196 255 21 98 66 258 234 360 338 360 267 173 142 104 134 220 89 292 86 259 174 210 139 32 113 231 303 83 100 141 40 66 164 58 135 261 73 172 320 4 48 125 49 160 152 260 47 35 186 252 205 96 210 360 1 310 201 210 3 76 334 311 221 160 50 240 146 313 29 140 241 132 306 360 80 353 81 1 194 211 104 280 39 258 77 20 257 31 270 230 137 198 264 190 218 184 168 99 113 100 301 113 156 305 329 52 51 114 299 79 202 108 68 210 1 242 265 154 49 132 262 2 150 51 360 210 48 90 180 347 354 199 250 127 200 129 211 351 300 164 279 313 62 319 105 160 177 42 304 178 325 136 8 350 360 117 193 213 133 304 283 26 165 309 57 157 60 337 263 67 207 84 91 214 181 343 332 360 37 24 2 335 208 333 292 308 358 356 49 179 247 2 328 50 312 248 359 277 355 342 198 107 257 49 346 92 305 7 61 124 351 245 161 19 162 290 236 296 272 318 286 330 192 102 112 339 160 345 352 98 307 153 1 15 
c [Main] Lowest label SAT is set to 360.
c [Label = 357] Encoding duration: 5255ms.
c [Label = 357] Number of clauses: 4664632.
c [Label = 357] Number of variables: 490928.
c [Label = 357] Solving duration: 604276 ms.
s [Label = 357] SAT (w = 47).
Label assignment: 101 130 347 354 204 357 276 310 36 236 168 118 357 120 65 71 228 146 216 257 5 147 1 266 357 238 40 66 9 335 357 313 210 357 295 317 280 89 138 208 220 1 244 132 78 307 251 91 328 357 199 329 66 96 310 100 187 217 69 310 2 160 70 179 357 100 231 209 296 7 95 123 305 244 357 334 215 278 192 209 54 259 247 149 6 171 53 267 357 2 248 260 272 305 287 53 100 196 197 264 333 306 310 97 3 351 299 1 324 35 14 211 141 1 67 319 320 271 197 75 96 172 291 144 331 325 204 249 96 157 1 106 204 310 310 341 156 4 115 103 279 101 270 349 48 269 5 6 357 2 253 256 53 21 286 59 139 344 157 26 263 205 308 22 339 274 327 122 93 121 227 309 15 246 357 97 241 191 263 54 86 157 124 304 134 225 157 100 201 164 17 214 109 263 113 250 310 16 242 237 326 256 230 285 273 84 112 100 41 55 321 1 150 111 30 262 357 300 239 150 3 357 32 157 189 79 345 145 161 277 357 33 28 50 88 34 357 310 49 48 342 56 202 99 209 322 301 304 263 268 170 356 44 292 357 216 314 49 166 81 83 235 2 213 251 143 169 293 203 262 4 150 310 216 357 282 310 357 310 82 261 357 216 275 226 126 1 94 357 8 48 223 53 337 27 18 46 206 222 24 169 58 216 355 50 159 3 311 50 151 185 195 68 357 107 163 104 92 218 3 193 263 204 105 50 150 114 51 39 90 157 183 50 205 45 309 11 283 219 76 129 1 309 80 136 133 49 13 55 263 87 72 102 353 297 357 172 290 323 190 303 357 116 289 184 140 215 216 158 350 169 197 62 198 253 147 63 340 128 315 263 88 357 54 23 61 147 262 200 165 357 101 293 216 2 162 240 29 232 284 19 357 245 155 281 12 182 234 8 142 310 336 131 243 64 37 343 117 127 60 312 110 224 303 263 357 257 85 98 229 212 10 263 167 1 77 178 57 25 7 174 316 255 31 330 180 298 84 74 2 181 263 254 348 207 186 310 258 288 43 352 137 169 119 42 154 221 294 188 252 318 357 258 125 173 55 108 346 233 194 52 263 20 310 152 176 38 47 332 177 265 338 148 302 299 73 175 153 291 122 7 49 135 
c [Main] Lowest label SAT is set to 357.
c [Main] Kill higher label pid 358.
c [Main] Kill higher label pid 359.
c [Label = 359] Encoding duration: 5642ms.
c [Label = 359] Number of clauses: 4691761.
c [Label = 359] Number of variables: 492940.
c [Signal] Signal interruption. Caught signal: SIGTERM (15).
c [Label = 358] Encoding duration: 5246ms.
c [Label = 358] Number of clauses: 4678197.
c [Label = 358] Number of variables: 491934.
c [Signal] Signal interruption. Caught signal: SIGTERM (15).
c [Main] Child pid 359 - 1207823 terminated by signal 15.
c [Main] Child pid 358 - 1207824 terminated by signal 15.
c [Label = 356] Encoding duration: 5708ms.
c [Label = 356] Number of clauses: 4651068.
c [Label = 356] Number of variables: 489922.
c [Label = 356] Solving duration: 984585 ms.
s [Label = 356] SAT (w = 47).
Label assignment: 1 222 176 175 2 50 119 149 189 114 309 61 2 166 196 293 295 130 356 122 263 309 1 36 262 252 320 1 343 120 303 286 50 1 294 331 275 220 185 209 217 143 356 74 235 329 262 91 206 247 19 22 262 1 356 5 240 157 62 52 309 211 309 273 1 3 321 49 356 97 2 310 34 356 304 232 356 1 297 309 48 64 39 230 113 162 58 283 1 48 74 125 20 356 228 3 262 285 72 306 225 317 149 239 104 50 234 3 327 183 186 75 45 95 227 47 342 70 152 86 1 135 309 139 356 330 147 212 116 309 31 98 356 52 352 272 356 140 69 1 339 4 312 68 262 244 105 192 251 309 221 356 309 218 318 2 323 277 143 223 356 143 196 180 50 299 117 56 348 249 71 309 10 206 1 251 354 316 356 311 169 196 187 195 313 92 199 11 137 21 110 1 1 204 309 14 157 350 82 255 267 258 38 131 284 30 309 54 150 112 41 97 325 324 42 145 2 167 77 213 113 309 138 129 184 341 238 60 198 276 356 296 338 48 23 236 2 48 356 48 2 118 280 255 319 121 290 147 356 264 151 61 172 104 3 212 332 95 109 121 136 349 49 160 356 309 158 85 309 146 306 66 356 156 257 336 48 65 55 278 216 48 163 67 73 18 99 83 1 147 155 32 335 315 270 103 270 214 47 248 155 304 351 25 13 254 105 346 260 194 53 153 257 111 262 208 159 226 328 107 142 207 148 300 190 201 173 7 177 268 301 179 108 49 89 309 257 46 90 134 224 95 193 274 231 127 96 309 3 158 337 205 97 333 345 308 191 132 71 288 197 246 355 151 281 178 356 298 356 241 59 309 2 326 356 157 49 6 299 24 148 182 205 245 265 306 154 262 84 188 356 262 164 57 61 196 43 269 29 126 8 262 322 79 87 49 219 233 243 334 305 302 171 229 256 279 266 12 133 115 289 96 124 144 51 250 356 282 259 340 356 253 203 210 108 80 15 99 88 97 287 344 161 119 40 314 200 76 17 48 174 205 141 262 292 63 347 356 353 123 261 128 165 106 93 49 271 35 33 168 27 1 160 181 170 247 101 44 78 307 1 202 9 309 102 37 16 237 81 72 28 2 207 291 215 108 242 94 204 109 100 96 26 
c [Main] Lowest label SAT is set to 356.
c [Label = 355] Encoding duration: 6131ms.
c [Label = 355] Number of clauses: 4637503.
c [Label = 355] Number of variables: 488916.
c [Label = 355] Solving duration: 661063 ms.
s [Label = 355] SAT (w = 47).
Label assignment: 49 83 271 339 48 165 274 253 279 155 4 260 303 282 246 234 27 345 97 123 81 261 211 82 308 190 92 109 169 346 163 331 2 308 297 183 315 89 176 308 17 120 261 281 334 272 143 321 2 214 20 291 154 208 106 55 282 217 247 355 48 159 78 319 203 308 2 2 308 335 214 105 235 307 53 338 353 276 2 292 96 33 61 142 259 238 63 327 207 50 14 68 248 355 355 96 49 15 172 322 293 280 252 166 308 190 256 96 337 127 226 71 320 103 278 266 173 287 355 11 192 290 110 267 1 46 342 58 143 1 24 192 1 117 249 230 190 49 18 167 200 65 128 347 67 314 164 93 157 308 188 352 212 236 289 298 182 31 96 313 1 355 2 87 192 244 16 59 79 150 189 307 251 13 54 163 104 129 254 101 64 1 90 96 225 36 355 162 330 242 211 48 143 258 206 131 6 122 124 74 189 28 243 265 294 285 151 166 187 207 231 214 344 181 271 355 197 113 21 9 110 167 137 308 343 95 62 355 308 134 269 178 100 210 229 136 261 1 1 96 99 66 326 57 264 250 284 245 261 170 77 354 202 318 201 355 270 96 73 328 102 241 308 355 239 349 12 325 288 4 308 355 116 6 48 277 351 332 113 118 186 295 97 262 47 221 308 42 48 1 219 76 323 152 91 205 156 355 72 275 7 301 116 149 49 158 214 309 213 2 108 114 163 167 160 121 273 283 312 119 302 261 348 146 233 8 6 60 38 215 98 324 308 355 190 1 145 221 138 263 196 49 114 26 195 336 51 87 299 254 341 268 143 340 126 167 223 185 224 140 111 145 199 5 317 179 261 355 261 193 355 308 96 132 261 3 333 72 174 44 239 232 237 198 86 194 2 190 329 316 143 214 355 355 211 99 218 35 39 310 261 308 139 74 45 144 43 141 49 177 1 311 98 88 69 190 23 306 85 209 25 192 115 240 96 161 350 94 214 171 2 49 258 355 96 227 175 300 146 146 168 135 213 30 184 148 286 228 147 49 107 261 80 214 96 153 257 255 2 29 214 180 10 308 220 1 144 222 75 120 32 49 2 84 130 49 49 40 133 260 70 304 305 286 296 37 81 191 216 22 112 56 261 2 19 204 125 41 355 211 52 308 34 
c [Main] Lowest label SAT is set to 355.
c [Label = 348] Encoding duration: 6120ms.
c [Label = 348] Number of clauses: 4542552.
c [Label = 348] Number of variables: 481874.
c [Signal] Signal interruption. Caught signal: SIGTERM (15).
c [Label = 349] Encoding duration: 5708ms.
c [Label = 349] Number of clauses: 4556116.
c [Label = 349] Number of variables: 482880.
c [Signal] Signal interruption. Caught signal: SIGTERM (15).
c [Label = 350] Encoding duration: 5761ms.
c [Label = 350] Number of clauses: 4569681.
c [Label = 350] Number of variables: 483886.
c [Signal] Signal interruption. Caught signal: SIGTERM (15).
c [Label = 352] Encoding duration: 5831ms.
c [Label = 352] Number of clauses: 4596810.
c [Label = 352] Number of variables: 485898.
c [Signal] Signal interruption. Caught signal: SIGTERM (15).
c [Label = 351] Encoding duration: 5685ms.
c [Label = 351] Number of clauses: 4583245.
c [Label = 351] Number of variables: 484892.
c [Signal] Signal interruption. Caught signal: SIGTERM (15).
c [Label = 353] Encoding duration: 6094ms.
c [Label = 353] Number of clauses: 4610374.
c [Label = 353] Number of variables: 486904.
c [Signal] Signal interruption. Caught signal: SIGTERM (15).
c [Label = 354] Encoding duration: 6154ms.
c [Label = 354] Number of clauses: 4623939.
c [Label = 354] Number of variables: 487910.
c [Signal] Signal interruption. Caught signal: SIGTERM (15).
c [Main] Lim pid ends with result: 254.
c [Main] All children have completed.
r [Main] 
r [Main] Final results: 
r [Main] Lowest label SAT:  	355.
r [Main] Highest label UNSAT:	-.
r [Main] Total real time: 1812810 ms.
r [Main] Total memory consumed: 10989.6 MB.
r [Main] 
c [Label = 347] Encoding duration: 6149ms.
c [Label = 347] Number of clauses: 4528987.
c [Label = 347] Number of variables: 480868.
c [Signal] Signal interruption. Caught signal: SIGTERM (15).
