c [Version] Minimize Makespan Labeling Encoder version 1.0.0.
c [Param] LB is predefined as 59.
c [Param] UB is predefined as 715.
c [Param] Memory limit is set to 30000.
c [Param] Real time limit is set to 1800.
c [Param] Worker count is set to 8.
c [Main] Search strategy: Iterating Breadth First Search.
c [Main] Search order: 387 222 551 140 304 469 633 99 181 263 345 428 510 592 674 78 119 160 201 242 283 324 366 407 448 489 530 571 612 653 695 68 88 109 129 150 170 191 211 232 252 273 293 314 334 355 376 397 417 438 458 479 499 520 540 561 581 602 622 643 663 684 705 63 73 83 93 104 114 124 134 145 155 165 175 186 196 206 216 227 237 247 257 268 278 288 298 309 319 329 339 350 360 371 381 392 402 412 422 433 443 453 463 474 484 494 504 515 525 535 545 556 566 576 586 597 607 617 627 638 648 658 668 679 689 700 710 60 65 70 75 80 85 90 96 101 106 111 116 121 126 131 137 142 147 152 157 162 167 172 178 183 188 193 198 203 208 213 219 224 229 234 239 244 249 254 260 265 270 275 280 285 290 295 301 306 311 316 321 326 331 336 342 347 352 357 363 368 373 378 384 389 394 399 404 409 414 419 425 430 435 440 445 450 455 460 466 471 476 481 486 491 496 501 507 512 517 522 527 532 537 542 548 553 558 563 568 573 578 583 589 594 599 604 609 614 619 624 630 635 640 645 650 655 660 665 671 676 681 686 692 697 702 707 713 59 61 64 66 69 71 74 76 79 81 84 86 89 91 94 97 100 102 105 107 110 112 115 117 120 122 125 127 130 132 135 138 141 143 146 148 151 153 156 158 161 163 166 168 171 173 176 179 182 184 187 189 192 194 197 199 202 204 207 209 212 214 217 220 223 225 228 230 233 235 238 240 243 245 248 250 253 255 258 261 264 266 269 271 274 276 279 281 284 286 289 291 294 296 299 302 305 307 310 312 315 317 320 322 325 327 330 332 335 337 340 343 346 348 351 353 356 358 361 364 367 369 372 374 377 379 382 385 388 390 393 395 398 400 403 405 408 410 413 415 418 420 423 426 429 431 434 436 439 441 444 446 449 451 454 456 459 461 464 467 470 472 475 477 480 482 485 487 490 492 495 497 500 502 505 508 511 513 516 518 521 523 526 528 531 533 536 538 541 543 546 549 552 554 557 559 562 564 567 569 572 574 577 579 582 584 587 590 593 595 598 600 603 605 608 610 613 615 618 620 623 625 628 631 634 636 639 641 644 646 649 651 654 656 659 661 664 666 669 672 675 677 680 682 685 687 690 693 696 698 701 703 706 708 711 714 62 67 72 77 82 87 92 95 98 103 108 113 118 123 128 133 136 139 144 149 154 159 164 169 174 177 180 185 190 195 200 205 210 215 218 221 226 231 236 241 246 251 256 259 262 267 272 277 282 287 292 297 300 303 308 313 318 323 328 333 338 341 344 349 354 359 362 365 370 375 380 383 386 391 396 401 406 411 416 421 424 427 432 437 442 447 452 457 462 465 468 473 478 483 488 493 498 503 506 509 514 519 524 529 534 539 544 547 550 555 560 565 570 575 580 585 588 591 596 601 606 611 616 621 626 629 632 637 642 647 652 657 662 667 670 673 678 683 688 691 694 699 704 709 712 715.
c [Main] Encoding and solving for graph: X-can__715.mtx.rnd.
c [Label = 99] Encoding duration: 765ms.
c [Label = 99] Number of clauses: 799188.
c [Label = 99] Number of variables: 140140.
c [Label = 99] Solving duration: 0 ms.
s [Label = 99] UNSAT (w = 58).
c [Main] Highest label UNSAT is set to 99
c [Label = 140] Encoding duration: 1605ms.
c [Label = 140] Number of clauses: 1544920.
c [Label = 140] Number of variables: 238095.
c [Label = 140] Solving duration: 4177 ms.
s [Label = 140] UNSAT (w = 58).
c [Main] Highest label UNSAT is set to 140
c [Label = 181] Encoding duration: 2489ms.
c [Label = 181] Number of clauses: 2291366.
c [Label = 181] Number of variables: 336050.
c [Label = 181] Solving duration: 6534 ms.
s [Label = 181] UNSAT (w = 58).
c [Main] Highest label UNSAT is set to 181
c [Label = 222] Encoding duration: 3233ms.
c [Label = 222] Number of clauses: 2925903.
c [Label = 222] Number of variables: 394680.
c [Label = 222] Solving duration: 7536 ms.
s [Label = 222] UNSAT (w = 58).
c [Main] Highest label UNSAT is set to 222
c [Label = 633] Encoding duration: 13716ms.
c [Label = 633] Number of clauses: 10090134.
c [Label = 633] Number of variables: 1257685.
c [Label = 633] Solving duration: 1568 ms.
s [Label = 633] SAT (w = 58).
Label assignment: 1 175 312 59 261 524 4 291 511 233 234 2 287 235 236 239 237 238 285 272 276 219 260 3 5 6 7 8 9 61 10 63 11 12 120 13 14 15 16 66 17 18 64 19 20 21 22 23 24 25 62 26 27 75 28 74 29 77 65 67 30 31 32 33 68 69 34 35 145 92 71 70 36 167 37 38 94 39 40 41 72 42 43 44 45 46 47 48 73 126 100 103 129 49 106 50 78 101 96 51 52 76 161 53 54 55 121 86 56 57 58 122 178 95 158 60 179 123 98 79 80 109 124 128 81 131 82 85 83 87 84 88 127 89 144 125 155 90 115 186 91 93 114 102 97 156 99 187 118 130 104 205 190 108 153 105 116 107 110 111 112 240 113 157 134 119 132 133 169 162 135 168 391 215 181 188 171 136 159 137 172 138 154 229 139 140 141 203 142 197 176 143 244 146 147 277 191 189 148 149 150 200 151 166 196 195 202 198 160 152 163 164 208 165 170 180 278 173 330 174 177 182 183 184 320 185 354 286 192 193 241 194 199 210 282 279 201 216 204 206 207 221 209 211 212 214 213 265 243 412 247 350 217 270 370 263 218 220 301 222 300 242 249 223 334 251 224 225 226 245 227 258 280 273 228 230 246 248 231 232 250 371 355 252 296 358 283 253 262 372 254 255 256 257 259 268 284 274 313 264 295 487 297 266 318 434 298 339 267 311 294 269 373 281 407 374 271 275 458 331 288 289 322 375 290 292 483 293 442 329 376 377 324 299 368 302 435 383 319 303 338 332 384 492 304 341 305 306 307 378 379 327 317 314 315 308 309 356 310 411 312 357 333 367 316 321 323 325 364 326 369 436 328 380 413 359 335 416 336 363 389 437 381 382 385 344 351 390 337 421 340 342 343 352 353 345 362 346 546 489 347 471 386 426 440 551 348 349 360 410 438 425 361 387 365 366 388 392 393 394 503 439 395 396 397 428 424 398 493 399 443 427 400 401 450 402 429 403 409 404 454 405 460 508 423 406 419 453 461 462 420 525 414 441 415 431 449 444 417 418 473 467 470 422 430 447 472 459 560 445 455 432 446 433 448 456 451 452 516 498 509 463 468 457 549 464 511 222 465 512 481 527 466 469 592 496 485 484 526 58 553 497 474 475 476 522 477 540 478 479 480 488 482 548 616 486 542 490 491 547 510 494 495 499 500 563 518 528 501 502 504 505 506 507 513 514 570 529 566 515 517 550 519 520 521 567 555 523 559 608 530 531 552 556 532 562 35 533 534 573 535 543 163 574 558 536 537 538 539 541 544 620 590 545 554 572 58 557 58 586 561 564 565 568 569 630 44 571 575 576 117 408 605 144 593 602 577 603 578 579 580 606 610 581 68 601 57 433 582 63 591 583 631 629 584 295 336 100 585 594 587 614 589 588 488 172 595 259 615 618 596 102 597 598 612 628 599 600 609 604 607 611 107 254 613 621 633 617 632 619 622 202 204 626 623 624 25 464 446 327 625 27 240 238 193 627 258 57 7 57 31 143 17 42 275 248 194 49 235 218 230 115 444 511 307 141 20 57 492 223 82 57 238 50 266 370 25 147 57 357 57 57 57 132 230 57 382 190 131 57 480 55 57 180 421 
c [Main] Lowest label SAT is set to 633.
c [Label = 263] Encoding duration: 4261ms.
c [Label = 263] Number of clauses: 3673064.
c [Label = 263] Number of variables: 492635.
c [Label = 263] Solving duration: 10524 ms.
s [Label = 263] UNSAT (w = 58).
c [Main] Highest label UNSAT is set to 263
c [Label = 592] Encoding duration: 15219ms.
c [Label = 592] Number of clauses: 9455598.
c [Label = 592] Number of variables: 1199055.
c [Label = 592] Solving duration: 1455 ms.
s [Label = 592] SAT (w = 58).
Label assignment: 1 175 291 59 261 524 4 292 349 233 234 2 287 235 236 239 237 238 285 330 276 219 260 3 5 6 7 8 9 61 10 63 11 12 120 13 14 15 16 66 17 18 64 19 20 21 22 23 24 25 62 26 27 75 28 74 29 77 65 67 30 31 32 33 68 69 34 35 145 92 71 70 36 167 37 38 94 39 40 41 72 42 43 44 45 46 47 48 73 126 100 103 129 49 106 50 78 101 96 51 52 76 161 53 54 55 121 86 56 57 58 122 178 95 158 60 179 123 98 79 80 109 124 128 81 131 82 85 83 87 84 88 127 89 144 125 155 90 115 186 91 93 114 102 97 156 99 187 118 130 104 205 190 108 153 105 116 107 110 111 112 240 113 157 134 119 132 133 169 162 135 168 390 215 181 188 171 136 159 137 172 138 154 229 139 140 141 203 142 197 176 143 244 146 147 277 191 189 148 149 150 200 151 166 196 195 202 198 160 152 163 164 208 165 170 180 278 173 272 174 177 182 183 184 320 185 296 286 192 193 241 194 199 210 282 279 201 216 204 206 207 221 209 211 212 214 213 265 243 354 412 346 217 270 350 263 218 220 301 222 300 242 249 223 334 251 224 225 226 245 227 258 280 273 228 230 351 246 231 232 437 352 327 250 486 358 283 247 262 353 355 248 252 253 254 268 284 274 306 255 295 410 297 266 318 413 298 339 256 305 294 257 356 281 367 366 259 264 465 267 275 269 313 357 271 288 484 289 441 317 475 467 324 290 372 293 359 384 319 299 338 331 383 533 302 341 303 304 307 407 360 315 312 310 311 308 309 361 314 434 316 348 332 368 321 322 323 326 362 325 364 409 328 363 385 365 329 416 333 370 371 369 375 373 374 344 347 388 335 477 337 336 340 377 376 342 378 343 468 379 345 443 380 430 431 591 386 425 389 435 418 426 381 382 391 387 392 393 395 397 419 421 411 394 399 526 445 396 417 401 432 422 398 405 451 400 527 402 414 403 452 404 458 509 449 406 439 469 459 518 436 222 415 433 420 438 423 440 424 427 478 472 428 429 442 444 446 456 460 479 457 447 448 450 453 58 454 455 476 489 512 461 587 519 553 462 528 490 463 510 573 525 464 466 515 480 481 485 470 58 556 482 471 473 474 520 483 550 487 488 491 585 492 552 529 493 48 494 495 496 511 497 498 499 500 563 516 530 501 521 502 505 223 503 504 513 568 506 567 507 508 554 514 517 522 570 540 523 559 284 531 532 555 541 534 560 35 586 574 565 535 58 163 536 588 537 538 539 542 543 544 116 592 174 58 333 350 545 60 589 546 551 547 548 549 569 160 557 558 561 117 408 562 232 52 57 564 33 566 571 572 140 2 575 68 576 57 415 590 577 57 578 579 2 580 295 336 100 581 398 582 319 314 583 500 172 584 259 20 123 43 254 289 151 589 180 54 63 112 96 378 192 218 312 63 57 57 319 537 453 335 450 204 63 116 186 25 464 508 315 32 473 240 238 193 79 258 194 7 57 185 143 17 42 275 248 57 49 235 218 230 252 438 527 307 141 483 57 303 57 82 386 393 50 266 473 25 433 57 348 5 57 57 132 431 57 57 190 170 173 487 55 57 244 428 
c [Main] Lowest label SAT is set to 592.
c [Label = 283] Encoding duration: 4769ms.
c [Label = 283] Number of clauses: 3982594.
c [Label = 283] Number of variables: 521235.
c [Label = 283] Solving duration: 10828 ms.
s [Label = 283] UNSAT (w = 58).
c [Main] Highest label UNSAT is set to 283
c [Label = 345] Encoding duration: 6989ms.
c [Label = 345] Number of clauses: 5055477.
c [Label = 345] Number of variables: 649220.
c [Label = 345] Solving duration: 329444 ms.
s [Label = 345] SAT (w = 58).
Label assignment: 236 249 1 284 257 264 343 345 343 225 230 233 343 90 125 344 343 117 345 345 55 343 206 79 178 1 282 215 344 164 182 1 345 344 245 60 276 17 239 284 190 342 1 286 336 157 99 234 227 2 125 197 245 256 150 149 23 228 242 65 91 25 219 97 169 340 278 285 14 126 180 285 34 63 194 64 145 139 268 199 343 192 207 290 231 175 72 62 2 345 336 24 2 192 343 16 253 121 158 161 226 117 169 6 220 28 270 264 61 263 67 271 35 129 256 228 119 155 206 3 116 5 134 3 121 273 205 67 108 281 111 149 179 202 79 343 260 336 20 61 255 72 188 131 99 341 37 268 161 251 152 127 188 144 32 65 140 213 339 214 216 226 70 183 253 337 247 160 112 184 60 17 283 345 284 159 174 224 266 8 224 219 227 243 61 136 154 110 13 235 10 238 267 148 334 179 99 102 128 61 226 161 142 80 284 106 137 86 63 229 123 204 161 33 275 9 338 54 88 341 92 188 216 265 4 274 22 2 342 44 250 70 138 62 184 227 343 336 203 256 66 188 88 65 43 146 162 182 344 252 191 47 227 177 124 187 193 290 52 84 103 336 232 255 268 270 342 343 120 22 190 285 284 223 216 212 71 1 1 93 259 129 5 29 345 10 220 344 206 225 345 99 62 64 1 151 284 224 177 278 69 217 62 344 345 142 31 289 118 9 67 60 286 1 243 338 345 142 345 143 268 345 200 343 94 284 60 19 282 30 72 201 18 235 18 146 287 3 99 158 220 75 13 275 66 5 65 246 62 68 345 2 77 274 2 197 119 241 199 9 287 128 159 180 230 27 345 120 130 345 161 259 246 98 279 345 163 226 171 244 60 283 60 141 122 125 78 15 21 5 156 176 113 89 236 119 126 6 71 198 46 67 245 272 12 130 195 118 120 220 284 1 283 258 283 343 256 345 22 86 210 38 149 3 122 287 283 40 345 42 63 9 154 246 36 120 345 64 286 282 336 120 261 152 186 188 173 276 345 284 68 345 139 6 345 287 83 59 216 343 275 345 104 247 341 287 345 48 62 152 220 152 236 188 130 262 219 345 169 115 82 198 344 120 162 49 340 287 204 254 122 10 244 344 278 63 240 177 221 229 338 96 81 59 345 211 254 146 137 148 285 13 88 2 45 87 119 345 285 140 287 131 269 99 283 212 6 286 169 343 7 282 132 61 170 94 196 226 260 80 58 4 345 160 57 2 232 7 227 62 345 285 221 223 7 287 345 187 157 166 345 172 345 103 107 62 345 39 246 120 121 345 185 345 342 210 217 336 62 120 153 345 181 120 167 109 70 170 280 105 253 100 71 73 76 237 53 63 338 26 101 122 143 17 345 240 288 280 11 1 99 344 2 72 2 90 3 345 246 285 342 6 180 76 222 130 333 198 2 4 207 226 64 189 3 335 59 236 162 331 332 329 134 165 330 328 209 321 326 208 114 322 325 327 323 324 50 252 124 2 95 218 317 320 248 319 103 41 315 277 85 160 314 51 318 130 316 312 313 147 72 108 310 131 311 168 60 73 309 133 135 308 307 292 291 157 300 295 56 293 294 301 285 297 12 74 296 306 299 298 305 303 304 1 302 
c [Label = 428] Encoding duration: 9060ms.
c [Label = 428] Number of clauses: 6568852.
c [Label = 428] Number of variables: 846560.
c [Signal] Signal interruption. Caught signal: SIGTERM (15).
c [Main] Lowest label SAT is set to 345.
c [Main] Kill higher label pid 428.
c [Main] Kill higher label pid 510.
c [Main] Kill higher label pid 551.
c [Main] Kill higher label pid 469.
c [Main] Kill higher label pid 387.
c [Label = 551] Encoding duration: 11778ms.
c [Label = 551] Number of clauses: 8704146.
c [Label = 551] Number of variables: 1101100.
c [Signal] Signal interruption. Caught signal: SIGTERM (15).
c [Label = 510] Encoding duration: 10938ms.
c [Label = 510] Number of clauses: 7953410.
c [Label = 510] Number of variables: 1003145.
c [Signal] Signal interruption. Caught signal: SIGTERM (15).
c [Label = 387] Encoding duration: 7037ms.
c [Label = 387] Number of clauses: 5819545.
c [Label = 387] Number of variables: 748605.
c [Signal] Signal interruption. Caught signal: SIGTERM (15).
c [Label = 469] Encoding duration: 9489ms.
c [Label = 469] Number of clauses: 7318873.
c [Label = 469] Number of variables: 944515.
c [Signal] Signal interruption. Caught signal: SIGTERM (15).
c [Main] Child pid 387 - 717633 terminated by signal 15.
c [Main] Child pid 428 - 717645 terminated by signal 15.
c [Main] Child pid 469 - 717638 terminated by signal 15.
c [Main] Child pid 510 - 717646 terminated by signal 15.
c [Main] Child pid 551 - 717635 terminated by signal 15.
c [Label = 324] Encoding duration: 5618ms.
c [Label = 324] Number of clauses: 4730471.
c [Label = 324] Number of variables: 619190.
c [Label = 324] Solving duration: 285966 ms.
s [Label = 324] SAT (w = 58).
Label assignment: 150 15 149 46 46 1 318 80 208 208 301 34 40 224 208 15 9 46 143 46 208 46 266 13 132 237 228 13 12 92 324 15 29 34 170 33 46 324 246 208 259 34 46 34 34 308 305 34 34 179 258 15 266 125 1 125 138 208 295 208 6 34 56 39 311 39 3 196 138 266 91 74 46 13 189 128 156 22 262 44 12 34 2 266 117 46 42 324 73 71 208 175 208 203 239 3 202 208 256 186 266 46 306 46 12 3 324 125 178 34 46 324 102 247 150 139 266 34 203 324 324 95 266 15 267 15 19 208 92 324 46 266 147 90 183 71 324 46 102 324 150 82 1 183 43 55 46 74 324 108 114 7 302 154 46 34 3 46 32 136 13 266 180 186 266 196 68 46 266 106 74 167 142 266 266 266 309 253 87 92 304 58 41 250 123 174 46 257 104 1 230 208 194 61 150 231 324 13 266 324 150 324 13 96 137 34 125 208 266 115 70 1 210 201 32 34 194 30 145 13 208 13 324 324 324 45 266 324 208 34 259 145 34 32 270 234 120 101 235 121 208 12 6 208 34 266 266 97 174 140 208 324 83 150 266 67 15 37 286 266 23 81 172 13 127 150 152 193 264 303 76 34 324 96 266 266 266 185 34 47 208 13 15 208 324 208 131 195 66 266 13 150 266 15 53 268 61 126 92 35 84 324 296 271 63 266 324 1 324 64 150 324 71 324 27 208 191 310 324 166 324 73 168 52 180 266 150 269 92 324 208 208 6 2 317 155 290 60 324 150 169 38 208 71 183 324 36 324 266 82 71 224 277 208 307 32 266 15 258 218 324 87 266 1 89 275 191 266 186 266 122 141 266 13 255 49 163 266 146 94 108 71 208 119 150 266 150 324 119 324 104 144 292 324 281 280 67 187 265 1 219 324 125 249 316 324 260 92 223 182 266 65 165 117 49 248 118 92 67 212 13 266 71 62 208 11 73 208 71 31 32 21 90 233 208 15 207 208 324 51 2 190 73 150 158 166 18 13 191 73 201 90 266 324 211 143 67 208 107 92 84 266 251 186 105 227 192 289 324 208 150 133 324 1 266 75 61 208 213 98 222 324 92 208 130 92 214 208 298 324 217 15 148 208 92 208 277 181 266 266 266 208 184 205 320 150 282 324 110 261 162 324 113 208 324 206 65 77 199 324 150 324 324 313 276 209 253 324 266 204 26 288 20 74 112 50 150 150 324 215 109 73 324 3 324 324 129 232 150 323 261 6 266 57 324 324 157 71 208 134 191 79 266 299 124 14 287 240 103 216 322 85 152 176 200 266 1 86 208 266 111 294 34 252 1 324 1 291 300 324 159 195 266 60 90 89 254 90 208 319 208 150 324 324 71 10 54 324 274 249 208 193 197 208 135 188 73 279 88 92 38 198 266 324 242 66 191 236 266 73 9 258 293 266 324 72 324 266 297 48 243 177 59 78 191 92 13 315 69 272 93 241 273 324 161 321 229 108 60 225 164 266 312 92 249 71 171 5 16 17 212 61 2 221 266 4 175 208 314 71 125 220 67 324 100 25 28 208 153 285 173 324 324 9 92 266 284 31 99 244 150 324 24 8 238 266 151 278 226 160 244 116 283 263 245 
c [Main] Lowest label SAT is set to 324.
c [Main] Kill higher label pid 334.
c [Signal] Signal interruption. Caught signal: SIGTERM (15).
c [Main] Child pid 334 - 717714 terminated by signal 15.
c [Label = 288] Encoding duration: 5038ms.
c [Label = 288] Number of clauses: 4059977.
c [Label = 288] Number of variables: 528385.
c [Label = 288] Solving duration: 13402 ms.
s [Label = 288] UNSAT (w = 58).
c [Main] Highest label UNSAT is set to 288
c [Main] Kill lower label pid 285.
c [Label = 285] Encoding duration: 5193ms.
c [Label = 285] Number of clauses: 4013547.
c [Label = 285] Number of variables: 524095.
c [Signal] Signal interruption. Caught signal: SIGTERM (15).
c [Main] Child pid 285 - 717719 terminated by signal 15.
c [Label = 290] Encoding duration: 5407ms.
c [Label = 290] Number of clauses: 4081290.
c [Label = 290] Number of variables: 531245.
c [Label = 290] Solving duration: 12873 ms.
s [Label = 290] UNSAT (w = 58).
c [Main] Highest label UNSAT is set to 290
c [Label = 314] Encoding duration: 6080ms.
c [Label = 314] Number of clauses: 4575706.
c [Label = 314] Number of variables: 604890.
c [Label = 314] Solving duration: 411827 ms.
s [Label = 314] SAT (w = 58).
Label assignment: 140 314 60 66 107 80 66 64 252 310 256 58 287 244 16 62 74 140 256 198 23 7 256 273 256 82 24 122 154 256 255 16 227 36 314 250 140 25 198 2 314 26 314 6 60 246 134 66 103 124 143 7 197 72 59 11 222 151 198 1 178 172 90 51 1 314 60 77 223 314 192 94 10 263 189 175 127 198 198 2 314 30 139 198 113 57 23 140 198 122 192 171 314 71 314 198 198 256 256 92 18 24 297 156 23 256 198 1 8 267 198 112 256 247 277 153 140 8 1 127 198 205 256 314 175 314 198 138 127 3 23 2 61 295 198 256 246 106 198 198 256 175 196 256 145 314 314 69 8 82 289 59 117 19 131 237 198 142 48 149 314 282 148 211 198 41 17 174 91 260 140 256 238 62 198 179 61 4 198 305 89 307 115 209 314 210 106 165 207 80 197 198 104 82 117 76 256 256 141 82 105 140 288 198 196 181 1 140 314 68 59 314 224 256 60 202 232 314 256 314 164 256 120 120 117 85 314 299 74 314 147 13 117 126 2 111 314 4 19 8 198 117 37 1 101 76 256 256 199 82 140 140 26 306 1 314 83 38 6 200 75 255 1 314 294 118 314 80 198 119 2 314 81 157 129 198 121 98 298 24 188 1 73 314 2 198 9 15 314 176 314 314 1 314 87 2 140 140 65 220 296 256 314 163 314 2 3 1 123 314 135 63 241 314 198 256 82 198 314 140 62 15 24 314 15 314 63 8 40 314 256 1 308 80 314 314 198 140 314 314 314 4 123 179 198 138 132 59 256 194 2 130 27 59 198 59 140 131 198 68 76 248 80 314 55 110 232 198 309 218 256 193 109 1 198 81 290 313 1 60 220 121 1 32 134 5 314 314 140 314 256 59 221 96 239 166 4 304 198 314 144 140 198 140 314 1 2 139 3 29 257 5 314 9 102 140 314 108 190 135 120 229 314 314 226 140 314 228 139 116 255 77 60 95 311 314 139 63 314 173 1 185 8 253 219 314 3 1 46 20 198 197 314 314 234 59 256 272 259 8 76 2 140 9 24 158 114 286 140 178 162 62 256 251 256 31 198 140 225 140 43 208 243 4 258 314 256 80 77 59 160 314 121 82 88 198 204 198 52 196 274 164 129 1 19 256 231 2 314 314 195 314 314 134 155 18 15 18 140 2 217 314 39 67 214 184 140 314 82 82 59 2 1 35 265 128 1 4 50 264 150 198 198 80 168 256 293 137 187 73 314 13 2 93 281 314 249 266 28 97 81 10 146 283 275 54 314 212 182 67 170 256 201 1 1 4 121 256 179 82 14 82 233 22 2 84 80 291 198 279 198 314 130 198 139 2 314 1 1 82 196 76 237 271 314 230 215 2 175 79 133 14 268 86 256 256 314 284 188 300 256 314 285 314 314 314 56 78 1 21 180 312 99 245 138 314 161 198 314 292 59 256 256 254 198 242 314 48 236 256 136 256 198 167 269 127 69 70 66 314 169 262 12 53 314 130 280 256 33 159 177 203 278 44 186 246 196 270 34 216 198 183 49 314 140 276 314 234 235 1 261 1 2 314 45 191 213 118 152 256 42 256 2 76 206 303 125 100 15 301 240 302 47 314 2 
c [Main] Lowest label SAT is set to 314.
c [Main] Kill higher label pid 319.
c [Label = 319] Encoding duration: 6298ms.
c [Label = 319] Number of clauses: 4653088.
c [Label = 319] Number of variables: 612040.
c [Signal] Signal interruption. Caught signal: SIGTERM (15).
c [Main] Child pid 319 - 717718 terminated by signal 15.
c [Label = 309] Encoding duration: 5755ms.
c [Label = 309] Number of clauses: 4498323.
c [Label = 309] Number of variables: 597740.
c [Label = 309] Solving duration: 722033 ms.
s [Label = 309] SAT (w = 58).
Label assignment: 69 59 1 278 15 251 3 14 309 251 232 85 27 40 75 67 309 191 251 79 292 67 134 192 130 89 140 61 309 128 309 68 208 78 309 14 37 309 135 120 2 51 308 193 193 186 6 200 135 11 64 309 158 251 309 193 72 9 14 192 191 143 5 77 309 67 251 45 105 135 251 212 279 139 75 134 213 174 235 63 251 48 130 135 2 170 309 67 193 123 309 193 135 128 2 116 135 305 201 36 193 15 251 157 1 193 309 233 185 67 309 72 232 151 116 83 193 161 2 69 305 197 184 72 67 62 193 59 205 221 193 251 309 309 309 247 133 135 149 9 3 133 309 232 10 125 134 193 109 75 308 119 192 35 308 223 121 43 77 73 309 251 63 162 309 49 18 114 251 6 193 227 305 305 249 75 193 118 133 135 195 241 55 135 191 107 193 163 102 132 268 135 193 77 1 169 308 193 87 71 251 167 59 290 309 307 1 72 188 148 250 127 127 111 177 251 160 241 251 131 193 193 97 123 251 228 255 135 134 23 79 308 52 53 6 135 243 68 212 69 251 192 67 193 173 193 251 19 28 4 134 9 10 91 193 210 29 32 88 302 309 209 80 62 153 101 190 251 191 1 1 67 204 196 60 95 309 156 47 90 251 309 251 12 65 251 64 71 175 309 129 67 309 232 220 304 309 251 274 230 177 193 1 69 193 193 193 147 309 251 309 117 134 1 131 123 193 309 308 21 308 193 142 181 63 99 193 144 237 251 309 192 186 166 251 115 64 13 193 132 1 20 7 59 309 4 62 1 18 180 247 1 162 193 4 65 69 66 150 198 309 226 124 251 203 152 4 193 76 300 193 251 309 309 309 2 298 44 177 4 81 309 74 287 74 1 3 309 17 286 19 251 236 222 17 30 193 193 251 183 174 193 296 309 218 120 251 281 251 41 175 309 299 244 26 291 251 250 96 297 126 120 217 251 135 135 193 134 251 10 1 5 179 258 191 253 94 193 309 93 309 3 70 17 113 119 154 135 72 72 309 251 181 135 84 309 1 11 155 290 282 193 193 72 17 22 193 24 1 189 164 266 133 211 250 273 127 193 289 288 33 135 295 309 141 126 4 309 212 110 174 4 309 251 106 63 232 251 9 119 229 309 38 7 284 206 231 276 202 193 309 193 154 77 194 2 309 251 309 309 73 283 72 59 99 238 135 3 248 72 108 117 191 260 103 16 309 191 309 215 172 193 193 308 309 301 4 34 82 1 1 309 193 11 285 251 50 219 39 59 66 100 309 69 252 309 265 171 251 251 181 42 199 2 2 131 135 77 77 309 136 270 9 309 193 271 118 25 168 77 92 251 193 175 4 65 135 239 309 309 309 135 251 104 61 256 112 123 275 193 65 58 207 309 280 251 251 267 177 294 57 76 9 309 77 246 66 309 9 191 65 234 232 193 60 251 251 11 135 56 309 77 303 176 5 165 178 277 65 216 54 2 135 251 86 193 263 214 127 251 64 182 309 124 251 62 309 1 135 26 193 240 8 98 75 76 1 224 293 287 309 145 4 251 159 138 193 193 117 242 46 122 309 154 193 187 99 135 146 1 225 1 245 264 137 306 262 272 259 31 261 254 309 269 257 
c [Main] Lowest label SAT is set to 309.
c [Main] Kill higher label pid 311.
c [Label = 311] Encoding duration: 5397ms.
c [Label = 311] Number of clauses: 4529276.
c [Label = 311] Number of variables: 600600.
c [Signal] Signal interruption. Caught signal: SIGTERM (15).
c [Main] Child pid 311 - 718227 terminated by signal 15.
c [Label = 301] Encoding duration: 6111ms.
c [Label = 301] Number of clauses: 4374511.
c [Label = 301] Number of variables: 586300.
c [Signal] Signal interruption. Caught signal: SIGTERM (15).
c [Label = 306] Encoding duration: 5464ms.
c [Label = 306] Number of clauses: 4451894.
c [Label = 306] Number of variables: 593450.
c [Signal] Signal interruption. Caught signal: SIGTERM (15).
c [Label = 291] Encoding duration: 5191ms.
c [Label = 291] Number of clauses: 4219746.
c [Label = 291] Number of variables: 572000.
c [Signal] Signal interruption. Caught signal: SIGTERM (15).
c [Label = 298] Encoding duration: 5611ms.
c [Label = 298] Number of clauses: 4328082.
c [Label = 298] Number of variables: 582010.
c [Signal] Signal interruption. Caught signal: SIGTERM (15).
c [Label = 304] Encoding duration: 5238ms.
c [Label = 304] Number of clauses: 4420941.
c [Label = 304] Number of variables: 590590.
c [Signal] Signal interruption. Caught signal: SIGTERM (15).
c [Label = 295] Encoding duration: 5550ms.
c [Label = 295] Number of clauses: 4281652.
c [Label = 295] Number of variables: 577720.
c [Signal] Signal interruption. Caught signal: SIGTERM (15).
c [Label = 294] Encoding duration: 5361ms.
c [Label = 294] Number of clauses: 4266176.
c [Label = 294] Number of variables: 576290.
c [Signal] Signal interruption. Caught signal: SIGTERM (15).
c [Main] Lim pid ends with result: 254.
c [Main] All children have completed.
r [Main] 
r [Main] Final results: 
r [Main] Lowest label SAT:  	309.
r [Main] Highest label UNSAT:	290.
r [Main] Total real time: 1812708 ms.
r [Main] Total memory consumed: 14989.6 MB.
r [Main] 
c [Label = 293] Encoding duration: 5449ms.
c [Label = 293] Number of clauses: 4250699.
c [Label = 293] Number of variables: 574860.
c [Signal] Signal interruption. Caught signal: SIGTERM (15).
