c [Version] Minimize Makespan Labeling Encoder version 1.0.0.
c [Param] LB is predefined as 114.
c [Param] UB is predefined as 247.
c [Param] Memory limit is set to 30000.
c [Param] Real time limit is set to 1800.
c [Param] Worker count is set to 8.
c [Param] Max CNF size is set to 10.
c [Main] Search strategy: Iterating from upper bound.
c [Main] Search order: 247 246 245 244 243 242 241 240 239 238 237 236 235 234 233 232 231 230 229 228 227 226 225 224 223 222 221 220 219 218 217 216 215 214 213 212 211 210 209 208 207 206 205 204 203 202 201 200 199 198 197 196 195 194 193 192 191 190 189 188 187 186 185 184 183 182 181 180 179 178 177 176 175 174 173 172 171 170 169 168 167 166 165 164 163 162 161 160 159 158 157 156 155 154 153 152 151 150 149 148 147 146 145 144 143 142 141 140 139 138 137 136 135 134 133 132 131 130 129 128 127 126 125 124 123 122 121 120 119 118 117 116 115 114.
c [Main] Encoding and solving for graph: Q-494_bus.mtx.rnd.
c [Label = 240] Encoding duration: 1355ms.
c [Label = 240] Number of clauses: 1008352.
c [Label = 240] Number of variables: 303432.
c [Label = 240] Solving duration: 85632 ms.
s [Label = 240] SAT (w = 113).
Label assignment: 35 89 235 102 240 171 157 21 108 113 14 93 125 106 127 240 11 240 106 105 168 42 127 240 240 127 227 127 127 78 127 14 175 116 14 14 21 59 82 48 181 240 174 128 5 14 176 240 14 240 97 36 70 14 4 40 29 1 240 127 240 14 80 1 106 61 127 240 240 160 106 154 135 150 117 127 227 152 84 30 14 127 14 122 14 240 14 240 14 127 134 155 1 127 66 64 240 25 10 3 240 107 221 127 1 127 6 239 127 133 125 78 127 22 6 127 24 37 144 60 173 161 1 240 240 233 104 240 14 232 57 240 200 60 240 47 43 159 231 71 166 1 127 126 56 147 52 199 183 26 127 100 14 76 240 233 7 112 240 113 138 54 240 132 120 240 145 158 74 127 234 18 196 26 153 123 14 22 240 9 14 14 29 240 34 127 212 225 14 213 240 233 99 191 68 49 52 136 146 46 127 240 110 219 120 127 9 104 210 127 240 35 140 104 114 35 38 240 217 229 21 39 30 6 240 119 104 215 240 14 240 240 72 14 126 103 14 240 240 151 92 217 3 1 172 240 65 240 109 127 127 227 142 127 129 149 240 179 127 81 14 224 127 45 14 14 227 232 106 120 125 208 117 238 9 44 170 3 240 167 156 53 58 163 240 240 237 240 14 86 238 111 233 93 240 127 183 127 240 216 164 240 127 90 227 127 95 194 15 240 3 240 137 54 232 127 7 78 148 14 51 234 141 240 127 214 232 230 218 240 14 240 48 177 178 222 82 240 83 77 240 79 127 189 190 233 240 88 240 240 125 20 6 240 95 1 14 207 81 197 39 220 240 211 195 240 209 38 240 240 85 180 1 68 121 22 55 88 232 13 240 127 182 16 14 67 2 1 184 240 6 23 240 240 2 16 73 240 28 8 185 26 11 240 240 143 202 33 226 14 240 101 40 240 50 240 4 193 96 240 115 236 62 223 240 2 205 198 119 1 187 240 127 240 98 31 204 228 201 69 240 4 36 118 125 186 240 127 17 206 41 122 14 3 240 188 197 14 192 17 94 169 240 19 127 87 75 1 240 32 14 16 17 14 71 203 5 240 124 63 127 116 127 10 91 162 165 27 139 127 12 7 130 131 
c [Main] Lowest label SAT is set to 240.
c [Main] Kill higher label pid 241.
c [Main] Kill higher label pid 242.
c [Main] Kill higher label pid 243.
c [Main] Kill higher label pid 244.
c [Main] Kill higher label pid 245.
c [Main] Kill higher label pid 246.
c [Main] Kill higher label pid 247.
c [Label = 243] Encoding duration: 1406ms.
c [Label = 243] Number of clauses: 1022960.
c [Label = 243] Number of variables: 306558.
c [Signal] Signal interruption. Caught signal: SIGTERM (15).
c [Label = 245] Encoding duration: 1384ms.
c [Label = 245] Number of clauses: 1032699.
c [Label = 245] Number of variables: 308642.
c [Signal] Signal interruption. Caught signal: SIGTERM (15).
c [Label = 241] Encoding duration: 1345ms.
c [Label = 241] Number of clauses: 1013221.
c [Label = 241] Number of variables: 304474.
c [Signal] Signal interruption. Caught signal: SIGTERM (15).
c [Label = 242] Encoding duration: 1370ms.
c [Label = 242] Number of clauses: 1018091.
c [Label = 242] Number of variables: 305516.
c [Signal] Signal interruption. Caught signal: SIGTERM (15).
c [Label = 247] Encoding duration: 1402ms.
c [Label = 247] Number of clauses: 1042438.
c [Label = 247] Number of variables: 310726.
c [Signal] Signal interruption. Caught signal: SIGTERM (15).
c [Label = 246] Encoding duration: 1386ms.
c [Label = 246] Number of clauses: 1037569.
c [Label = 246] Number of variables: 309684.
c [Signal] Signal interruption. Caught signal: SIGTERM (15).
c [Label = 244] Encoding duration: 1381ms.
c [Label = 244] Number of clauses: 1027830.
c [Label = 244] Number of variables: 307600.
c [Signal] Signal interruption. Caught signal: SIGTERM (15).
c [Main] Child pid 247 - 1375671 terminated by signal 15.
c [Main] Child pid 243 - 1375675 terminated by signal 15.
c [Main] Child pid 245 - 1375673 terminated by signal 15.
c [Main] Child pid 244 - 1375674 terminated by signal 15.
c [Main] Child pid 242 - 1375676 terminated by signal 15.
c [Main] Child pid 241 - 1375677 terminated by signal 15.
c [Main] Child pid 246 - 1375672 terminated by signal 15.
c [Label = 233] Encoding duration: 1228ms.
c [Label = 233] Number of clauses: 974265.
c [Label = 233] Number of variables: 296138.
c [Label = 233] Solving duration: 84076 ms.
s [Label = 233] SAT (w = 113).
Label assignment: 7 163 7 1 1 7 233 206 1 233 186 5 233 1 233 184 19 181 1 230 1 233 202 7 233 29 1 233 11 233 1 233 1 233 7 1 205 1 233 1 233 7 23 1 120 1 182 120 152 211 1 120 58 1 233 233 1 120 183 4 187 233 233 78 1 233 154 62 136 160 1 1 1 1 64 120 83 166 233 39 89 101 198 120 7 233 109 233 7 233 92 97 120 7 107 111 87 7 120 233 47 1 1 120 233 120 7 1 229 233 1 170 120 1 233 233 40 196 138 43 225 147 169 120 1 228 53 233 1 162 96 86 120 233 120 41 7 233 114 44 210 120 199 120 1 1 48 140 180 1 1 1 120 123 85 120 135 18 233 1 17 193 214 209 115 1 191 114 14 120 6 7 233 1 1 114 59 114 233 233 228 54 1 57 29 54 114 26 137 70 8 7 56 30 7 60 102 233 99 52 1 7 1 6 1 120 130 11 165 114 233 2 120 233 233 1 1 114 129 120 67 11 51 126 114 1 233 229 233 179 233 172 1 120 120 233 233 7 233 127 1 233 114 139 178 120 194 190 10 200 1 35 227 63 233 233 120 66 32 31 233 133 7 34 7 69 33 81 38 1 233 217 37 72 233 36 233 120 5 79 120 233 27 222 233 223 68 156 171 73 7 90 113 74 233 112 150 1 45 188 173 221 1 1 7 84 1 114 1 233 233 177 76 192 204 120 1 120 124 7 155 7 142 6 120 220 118 212 174 226 233 233 132 233 1 42 61 125 189 233 120 11 224 1 11 233 227 149 233 233 233 1 1 11 145 22 11 233 151 82 233 233 215 167 146 164 1 1 216 114 1 120 114 120 77 128 114 1 176 233 233 100 233 114 233 65 233 233 157 233 103 108 233 227 114 98 110 4 3 233 134 50 1 208 120 168 122 227 233 1 203 1 233 119 20 233 2 121 24 158 15 148 159 93 7 7 219 233 118 114 1 230 114 1 195 120 233 228 11 16 233 185 104 233 71 46 233 233 25 141 106 120 144 117 233 28 11 233 143 12 105 207 116 9 21 95 88 233 49 114 197 94 213 131 75 201 232 233 161 153 114 120 7 7 80 7 218 13 175 120 231 120 55 91 
c [Main] Lowest label SAT is set to 233.
c [Main] Kill higher label pid 234.
c [Main] Kill higher label pid 235.
c [Main] Kill higher label pid 236.
c [Main] Kill higher label pid 237.
c [Main] Kill higher label pid 238.
c [Main] Kill higher label pid 239.
c [Label = 236] Encoding duration: 1295ms.
c [Label = 236] Number of clauses: 988874.
c [Label = 236] Number of variables: 299264.
c [Signal] Signal interruption. Caught signal: SIGTERM (15).
c [Label = 235] Encoding duration: 1266ms.
c [Label = 235] Number of clauses: 984004.
c [Label = 235] Number of variables: 298222.
c [Signal] Signal interruption. Caught signal: SIGTERM (15).
c [Label = 234] Encoding duration: 1236ms.
c [Label = 234] Number of clauses: 979135.
c [Label = 234] Number of variables: 297180.
c [Signal] Signal interruption. Caught signal: SIGTERM (15).
c [Label = 238] Encoding duration: 1301ms.
c [Label = 238] Number of clauses: 998613.
c [Label = 238] Number of variables: 301348.
c [Signal] Signal interruption. Caught signal: SIGTERM (15).
c [Label = 239] Encoding duration: 1315ms.
c [Label = 239] Number of clauses: 1003482.
c [Label = 239] Number of variables: 302390.
c [Signal] Signal interruption. Caught signal: SIGTERM (15).
c [Label = 237] Encoding duration: 1268ms.
c [Label = 237] Number of clauses: 993743.
c [Label = 237] Number of variables: 300306.
c [Signal] Signal interruption. Caught signal: SIGTERM (15).
c [Main] Child pid 239 - 1375696 terminated by signal 15.
c [Main] Child pid 238 - 1375697 terminated by signal 15.
c [Main] Child pid 235 - 1375700 terminated by signal 15.
c [Main] Child pid 236 - 1375699 terminated by signal 15.
c [Main] Child pid 234 - 1375701 terminated by signal 15.
c [Main] Child pid 237 - 1375698 terminated by signal 15.
c [Label = 226] Encoding duration: 935ms.
c [Label = 226] Number of clauses: 775183.
c [Label = 226] Number of variables: 234504.
c [Label = 226] Solving duration: 0 ms.
s [Label = 226] UNSAT (w = 113).
c [Label = 225] Encoding duration: 921ms.
c [Label = 225] Number of clauses: 772565.
c [Label = 225] Number of variables: 233462.
c [Label = 225] Solving duration: 0 ms.
s [Label = 225] UNSAT (w = 113).
c [Main] Highest label UNSAT is set to 226
c [Main] Kill lower label pid 225.
c [Label = 232] Encoding duration: 1243ms.
c [Label = 232] Number of clauses: 969396.
c [Label = 232] Number of variables: 295096.
c [Label = 232] Solving duration: 145343 ms.
s [Label = 232] SAT (w = 113).
Label assignment: 116 69 1 19 89 232 118 44 72 227 54 119 232 220 1 201 232 30 119 6 133 53 56 229 1 119 119 156 159 232 6 232 21 6 119 144 6 106 9 214 76 188 5 4 6 232 162 232 4 232 232 232 154 232 1 2 232 119 227 232 25 1 163 232 184 232 232 216 8 227 143 170 18 173 32 6 65 108 111 169 232 232 37 232 150 31 83 232 232 64 183 180 119 6 107 6 226 6 119 232 39 16 6 2 229 232 200 2 1 232 24 231 232 208 3 119 25 53 229 29 68 100 232 1 109 4 219 8 232 232 232 119 58 113 6 232 23 232 16 228 126 116 3 6 104 232 1 45 29 218 119 49 232 232 172 16 19 196 119 232 6 125 55 210 230 1 24 232 205 1 232 124 232 1 119 203 153 206 78 227 51 6 116 2 137 6 189 185 232 50 86 141 130 67 166 26 39 232 186 221 3 114 95 232 168 231 79 70 24 115 119 232 129 232 232 1 232 119 164 2 16 232 11 1 171 103 19 232 3 119 6 119 1 1 3 224 6 211 232 116 232 112 119 92 223 119 8 227 97 81 232 105 1 232 127 15 119 232 96 174 30 222 232 228 114 192 1 232 175 232 230 47 204 22 232 232 27 160 99 1 232 15 202 213 232 90 232 199 6 24 6 57 232 138 6 117 139 232 198 21 1 123 6 6 232 207 217 176 46 232 118 6 119 167 20 1 1 232 1 114 215 119 12 232 115 232 4 22 17 4 119 146 142 6 119 229 136 148 163 16 232 232 232 157 181 226 232 5 227 228 4 232 117 80 63 119 119 4 232 232 17 21 197 145 30 115 28 84 232 5 18 82 147 232 182 131 149 102 3 116 229 119 119 13 209 77 34 4 101 36 161 151 119 88 116 98 226 119 5 2 52 179 119 232 35 195 187 4 119 6 178 232 73 232 110 229 119 232 41 59 163 61 232 94 14 232 48 232 194 6 91 119 212 1 60 232 87 7 120 165 119 193 190 158 93 232 71 119 75 6 191 119 2 116 232 232 128 2 119 3 177 155 119 225 132 232 33 232 38 85 74 10 135 43 4 121 66 62 183 232 232 1 114 134 122 42 152 2 40 3 232 114 140 1 
c [Main] Lowest label SAT is set to 232.
c [Label = 228] Encoding duration: 1214ms.
c [Label = 228] Number of clauses: 949918.
c [Label = 228] Number of variables: 290928.
c [Label = 228] Solving duration: 79318 ms.
s [Label = 228] SAT (w = 113).
Label assignment: 66 204 228 80 106 83 107 228 111 228 113 115 135 2 115 208 138 16 175 115 70 64 122 228 2 216 228 115 228 115 1 228 125 228 228 112 1 204 63 136 74 2 110 142 228 228 115 228 59 53 27 228 137 131 2 65 49 228 228 228 109 1 186 139 130 2 219 133 22 228 108 140 218 132 124 115 157 57 228 174 2 2 180 228 56 188 115 228 228 26 114 177 115 115 170 24 114 228 228 29 228 55 6 72 228 1 228 126 115 228 73 73 30 72 115 18 93 16 2 2 127 9 5 1 2 2 118 77 205 2 228 73 171 68 228 73 71 69 73 73 53 115 115 115 76 228 105 15 18 168 228 62 228 75 1 2 2 198 207 54 119 2 115 50 228 53 21 228 228 169 115 173 228 226 181 228 172 36 115 228 41 199 115 228 210 32 182 228 227 1 184 178 228 228 1 228 20 228 121 61 228 115 228 91 228 115 2 205 91 115 2 223 228 228 115 204 228 2 91 14 91 212 2 87 228 187 65 228 228 37 228 186 205 2 115 195 1 194 2 28 224 38 104 228 91 115 43 228 228 1 67 67 228 228 47 46 211 196 225 201 2 182 228 144 115 141 1 214 40 228 115 52 228 163 2 152 39 48 143 115 215 34 202 2 1 228 35 209 228 4 228 36 115 228 44 115 120 115 193 78 51 206 8 228 228 115 186 151 91 91 228 2 148 228 92 228 2 2 92 115 134 114 217 1 115 57 228 85 2 115 7 191 11 228 91 115 115 190 115 79 2 147 228 203 192 161 220 10 2 54 115 167 115 35 79 228 2 221 156 65 2 24 185 85 88 228 96 102 2 227 94 115 115 228 160 103 82 154 228 228 228 116 115 81 112 95 17 1 189 115 228 13 213 2 1 159 97 1 90 3 115 228 115 25 228 158 146 183 145 115 228 85 100 228 91 197 2 89 84 17 228 31 30 128 153 1 101 2 161 1 91 115 155 2 99 68 98 149 123 2 2 5 165 88 129 60 48 86 65 2 3 115 92 2 228 150 176 2 33 228 36 23 2 29 113 117 78 1 15 100 2 166 164 79 115 2 10 18 27 58 228 2 115 179 19 162 222 228 45 2 12 115 200 42 
c [Main] Lowest label SAT is set to 228.
c [Main] Kill higher label pid 229.
c [Main] Kill higher label pid 230.
c [Main] Kill higher label pid 231.
c [Label = 229] Encoding duration: 1222ms.
c [Label = 229] Number of clauses: 954787.
c [Label = 229] Number of variables: 291970.
c [Signal] Signal interruption. Caught signal: SIGTERM (15).
c [Label = 230] Encoding duration: 1215ms.
c [Label = 230] Number of clauses: 959657.
c [Label = 230] Number of variables: 293012.
c [Signal] Signal interruption. Caught signal: SIGTERM (15).
c [Label = 231] Encoding duration: 1246ms.
c [Label = 231] Number of clauses: 964526.
c [Label = 231] Number of variables: 294054.
c [Signal] Signal interruption. Caught signal: SIGTERM (15).
c [Main] Child pid 229 - 1375721 terminated by signal 15.
c [Main] Child pid 231 - 1375719 terminated by signal 15.
c [Main] Child pid 230 - 1375720 terminated by signal 15.
c [Label = 227] Encoding duration: 1195ms.
c [Label = 227] Number of clauses: 945048.
c [Label = 227] Number of variables: 289886.
c [Label = 227] Solving duration: 83320 ms.
s [Label = 227] SAT (w = 113).
Label assignment: 214 93 227 118 94 227 114 21 100 26 85 44 114 227 1 2 184 1 87 1 144 227 201 114 227 13 114 40 227 77 227 114 71 1 227 114 1 175 10 107 227 1 1 98 227 61 30 1 219 227 31 1 114 227 164 222 1 68 101 166 19 163 59 1 23 227 34 160 80 47 227 52 1 176 111 114 13 16 113 227 1 209 25 1 227 40 227 1 227 122 134 114 114 1 89 24 227 131 114 227 220 64 27 1 114 1 162 35 227 227 83 63 182 227 114 71 227 45 7 177 161 227 114 227 227 227 114 227 1 1 227 170 227 1 227 227 169 32 198 76 128 227 1 227 20 1 114 46 1 1 1 14 114 227 168 227 119 70 1 174 227 178 81 121 1 88 130 227 165 1 1 181 102 1 67 221 1 155 1 114 227 1 227 1 4 1 137 172 1 227 36 1 57 196 37 186 227 227 227 108 114 227 227 227 227 114 129 65 124 227 1 227 49 22 227 60 53 140 180 7 227 142 143 114 196 136 227 133 114 79 227 114 92 114 104 132 227 200 1 202 149 22 114 159 7 1 1 114 185 114 198 227 114 198 7 114 23 197 127 90 223 139 1 106 227 9 39 227 227 1 19 168 112 151 114 227 114 193 56 1 20 8 21 114 1 196 18 43 54 227 227 167 114 138 1 114 135 1 2 17 114 42 227 22 28 72 72 179 152 187 227 157 227 213 226 114 1 1 51 227 217 114 95 227 227 218 227 183 191 227 114 194 86 227 114 114 15 203 114 72 227 78 9 1 227 1 114 50 1 205 227 55 114 154 6 114 216 227 114 226 1 227 114 227 207 227 96 148 190 1 73 48 1 114 58 215 10 75 227 227 227 1 114 103 1 208 227 227 195 114 114 227 114 1 227 192 11 227 156 147 225 1 114 227 153 5 210 1 224 1 114 116 3 227 62 227 114 206 105 204 69 227 227 110 227 114 1 227 29 1 227 114 91 1 97 189 227 1 188 109 227 38 1 74 4 167 150 115 99 158 41 1 146 199 1 145 123 1 200 227 125 120 114 227 227 114 66 227 1 227 212 2 141 33 1 117 227 211 84 227 227 114 1 227 173 13 1 82 171 1 126 114 50 12 
c [Main] Lowest label SAT is set to 227.
c [Signal] Signal interruption. Caught signal: SIGTERM (15).
c [Main] All children have completed.
r [Main] 
r [Main] Final results: 
r [Main] Lowest label SAT:  	227.
r [Main] Highest label UNSAT:	226.
r [Main] Total real time: 258183 ms.
r [Main] Total memory consumed: 3742.9 MB.
r [Main] 
