c [Version] Minimize Makespan Labeling Encoder version 1.0.0.
c [Param] LB is predefined as 57.
c [Param] UB is predefined as 296.
c [Param] Memory limit is set to 30000.
c [Param] Real time limit is set to 1800.
c [Param] Worker count is set to 8.
c [Param] Max CNF size is set to 10.
c [Main] Search strategy: Iterating from upper bound.
c [Main] Search order: 296 295 294 293 292 291 290 289 288 287 286 285 284 283 282 281 280 279 278 277 276 275 274 273 272 271 270 269 268 267 266 265 264 263 262 261 260 259 258 257 256 255 254 253 252 251 250 249 248 247 246 245 244 243 242 241 240 239 238 237 236 235 234 233 232 231 230 229 228 227 226 225 224 223 222 221 220 219 218 217 216 215 214 213 212 211 210 209 208 207 206 205 204 203 202 201 200 199 198 197 196 195 194 193 192 191 190 189 188 187 186 185 184 183 182 181 180 179 178 177 176 175 174 173 172 171 170 169 168 167 166 165 164 163 162 161 160 159 158 157 156 155 154 153 152 151 150 149 148 147 146 145 144 143 142 141 140 139 138 137 136 135 134 133 132 131 130 129 128 127 126 125 124 123 122 121 120 119 118 117 116 115 114 113 112 111 110 109 108 107 106 105 104 103 102 101 100 99 98 97 96 95 94 93 92 91 90 89 88 87 86 85 84 83 82 81 80 79 78 77 76 75 74 73 72 71 70 69 68 67 66 65 64 63 62 61 60 59 58 57.
c [Main] Encoding and solving for graph: T-dwt__592.mtx.rnd.
c [Label = 296] Encoding duration: 4161ms.
c [Label = 296] Number of clauses: 3387252.
c [Label = 296] Number of variables: 494024.
c [Label = 296] Solving duration: 148341 ms.
s [Label = 296] SAT (w = 56).
Label assignment: 13 240 1 231 112 1 75 296 1 1 1 220 296 296 296 63 1 128 200 121 296 240 57 57 296 57 23 296 184 1 8 92 106 1 57 168 55 57 61 296 296 1 1 12 6 208 296 296 112 296 159 1 245 85 74 112 255 58 193 296 295 69 57 70 172 296 296 296 105 112 184 1 56 61 87 258 145 296 53 268 181 1 57 42 92 1 260 296 57 94 259 29 64 19 128 210 47 128 256 52 57 21 131 249 257 1 13 240 90 240 106 2 90 49 1 185 123 137 237 296 296 113 113 184 296 16 179 215 296 184 240 184 173 143 132 169 267 134 1 128 116 296 173 148 110 72 147 211 240 240 240 235 296 112 184 121 29 1 6 1 1 296 1 130 191 230 1 78 296 209 240 113 65 296 128 128 35 184 296 261 111 34 10 253 95 240 97 103 234 128 34 125 296 213 158 118 1 296 169 184 174 214 224 244 240 113 296 247 170 135 16 54 228 141 62 117 60 128 82 142 119 184 60 196 293 16 173 105 57 5 169 296 162 240 69 240 232 194 57 72 169 296 296 262 149 240 296 38 1 296 83 296 1 246 232 190 6 167 79 1 177 141 106 72 296 1 184 296 8 72 169 296 271 157 207 177 240 243 125 26 191 138 240 227 93 296 195 296 176 1 223 238 57 164 91 112 112 57 13 296 102 296 117 109 65 273 117 184 37 184 1 1 192 270 282 72 1 203 77 221 296 1 244 84 265 108 32 128 95 174 184 121 229 7 240 118 218 1 16 57 133 266 237 223 113 212 291 89 30 60 40 175 1 278 174 279 177 118 113 45 296 222 281 57 283 160 240 19 166 146 296 150 5 41 183 1 296 128 127 111 98 225 5 48 51 59 100 57 206 43 233 184 168 175 46 50 128 215 99 296 280 184 224 44 71 234 3 143 240 197 107 219 113 240 15 139 128 111 45 205 240 153 104 168 140 240 31 184 175 277 290 162 172 178 231 240 19 208 225 296 199 188 136 285 182 162 19 68 240 240 1 247 242 240 20 144 129 151 239 264 241 28 187 57 296 165 233 294 296 240 126 181 87 1 184 248 117 269 184 12 120 229 161 1 128 80 148 152 1 229 240 1 226 183 7 168 250 276 204 173 208 275 1 288 217 215 251 216 198 287 117 191 296 27 96 116 156 272 189 21 81 86 184 240 236 171 296 184 240 24 240 254 155 114 4 11 169 36 122 33 292 201 168 186 90 169 3 252 152 173 202 73 180 289 18 163 154 230 284 296 184 67 62 296 101 76 169 121 125 1 228 60 115 173 124 22 225 65 263 14 274 39 113 4 88 172 17 66 25 116 286 9 
c [Main] Lowest label SAT is set to 296.
c [Label = 292] Encoding duration: 4068ms.
c [Label = 292] Number of clauses: 3339050.
c [Label = 292] Number of variables: 489028.
c [Label = 292] Solving duration: 164595 ms.
s [Label = 292] SAT (w = 56).
Label assignment: 25 177 11 12 1 224 62 1 192 127 89 15 88 95 67 4 9 49 1 284 172 125 60 116 174 186 12 36 64 12 198 25 62 279 241 24 233 155 77 292 57 292 119 214 1 180 220 60 158 285 2 2 111 58 199 202 80 154 133 145 2 201 1 1 288 65 86 3 193 205 113 57 68 1 135 53 157 101 292 239 171 1 152 238 177 62 57 210 150 292 151 78 5 194 116 276 30 60 120 142 254 196 269 57 269 2 146 280 120 98 290 1 119 290 14 248 269 39 269 180 112 106 180 269 117 3 212 292 269 112 118 224 280 20 269 166 269 140 169 15 73 235 180 61 258 105 179 213 163 172 236 1 285 114 73 116 40 181 168 98 269 67 130 269 1 250 195 269 135 269 67 180 269 232 177 22 261 233 271 19 69 172 292 259 288 208 116 231 18 11 292 118 86 273 35 124 34 13 233 182 4 233 269 25 168 97 222 172 76 88 4 159 1 269 193 269 77 68 67 269 121 213 115 57 1 269 1 42 278 213 11 227 269 33 203 4 100 84 2 148 157 58 81 23 283 190 110 164 122 58 1 117 119 124 144 269 57 124 212 269 57 203 173 236 118 2 269 269 266 180 284 92 213 58 118 15 16 4 1 269 292 26 223 162 120 156 67 37 158 236 268 292 17 175 68 213 124 213 91 207 200 93 168 255 240 193 277 269 164 236 66 65 269 289 28 63 269 1 269 281 292 219 269 94 228 114 2 292 2 113 2 125 62 291 182 74 161 114 207 281 157 46 177 269 236 57 180 62 292 236 31 85 1 275 131 65 58 229 222 260 169 116 213 292 287 144 180 57 29 187 290 124 133 151 206 262 83 1 129 59 107 292 292 60 245 148 67 174 84 54 190 257 226 64 292 69 269 60 68 292 66 179 113 252 180 81 209 1 124 147 265 270 175 21 1 124 122 170 116 47 1 247 281 1 207 7 43 75 193 1 86 217 108 137 176 3 149 1 1 281 253 124 102 291 213 154 244 1 179 123 107 3 124 71 181 263 51 175 68 72 182 2 124 41 103 207 256 10 280 8 50 289 167 172 224 70 139 82 178 52 215 87 109 236 166 169 81 157 211 65 56 59 185 1 274 1 45 266 137 225 99 104 249 234 254 138 2 123 171 67 189 292 12 184 96 292 11 221 230 57 79 264 243 143 212 44 272 124 67 200 61 125 58 198 3 1 236 216 142 141 246 113 237 188 128 115 90 8 292 6 218 126 242 2 136 63 9 292 60 236 225 153 180 236 57 191 58 1 27 183 232 134 38 282 289 4 165 132 55 48 204 171 32 236 251 59 197 5 160 267 286 236 
c [Main] Lowest label SAT is set to 292.
c [Main] Kill higher label pid 293.
c [Main] Kill higher label pid 294.
c [Main] Kill higher label pid 295.
c [Label = 293] Encoding duration: 4054ms.
c [Label = 293] Number of clauses: 3351100.
c [Label = 293] Number of variables: 490277.
c [Signal] Signal interruption. Caught signal: SIGTERM (15).
c [Label = 294] Encoding duration: 4191ms.
c [Label = 294] Number of clauses: 3363151.
c [Label = 294] Number of variables: 491526.
c [Signal] Signal interruption. Caught signal: SIGTERM (15).
c [Label = 295] Encoding duration: 4202ms.
c [Label = 295] Number of clauses: 3375201.
c [Label = 295] Number of variables: 492775.
c [Signal] Signal interruption. Caught signal: SIGTERM (15).
c [Main] Child pid 295 - 1376941 terminated by signal 15.
c [Main] Child pid 294 - 1376942 terminated by signal 15.
c [Main] Child pid 293 - 1376943 terminated by signal 15.
c [Label = 289] Encoding duration: 4010ms.
c [Label = 289] Number of clauses: 3302898.
c [Label = 289] Number of variables: 485281.
c [Label = 289] Solving duration: 190382 ms.
s [Label = 289] SAT (w = 56).
Label assignment: 1 218 2 177 176 46 272 233 233 289 115 14 258 66 289 58 288 1 182 177 271 1 105 121 289 141 57 1 233 277 111 195 36 92 113 1 107 57 1 177 158 1 81 1 177 3 177 1 233 233 6 233 111 241 106 289 1 17 102 59 289 289 28 177 280 105 57 289 76 216 270 60 120 289 264 259 133 90 80 25 126 1 189 39 146 233 1 289 108 233 95 48 289 93 132 69 5 121 125 233 57 38 22 289 289 10 1 233 108 62 233 176 59 99 289 148 1 139 3 234 168 289 61 57 207 22 289 1 257 135 57 24 113 130 165 33 120 233 122 233 55 121 88 260 1 150 65 199 109 169 177 57 1 31 177 54 167 193 289 42 57 86 266 120 50 57 64 63 121 35 113 177 178 65 80 196 12 43 262 73 1 235 76 4 9 252 34 104 2 112 289 177 289 177 198 57 63 170 289 175 289 177 177 200 232 224 219 57 113 77 233 169 179 225 116 221 57 91 6 1 191 62 191 113 170 63 26 175 289 57 177 171 217 6 284 2 140 13 57 71 1 62 192 57 174 233 98 121 278 121 19 233 161 146 183 239 289 232 204 233 1 62 289 263 58 255 63 225 231 289 283 229 224 65 177 56 233 289 233 6 289 233 75 101 289 119 1 153 23 168 59 177 1 47 64 121 220 289 201 233 4 140 280 2 113 74 233 2 1 121 176 247 168 120 289 205 30 207 289 21 289 248 144 265 8 233 103 1 276 1 289 177 1 2 214 15 289 6 133 232 162 1 233 20 11 169 177 121 289 113 143 1 233 1 289 85 233 269 159 89 114 215 273 121 289 121 135 121 100 233 121 121 87 82 29 53 134 79 1 1 83 160 84 78 44 289 49 6 96 41 110 177 289 16 5 52 289 62 137 245 3 279 57 187 175 72 7 129 1 145 1 209 177 1 114 119 289 233 213 155 289 244 186 61 37 256 280 42 188 1 242 225 240 136 142 233 177 233 57 185 206 261 64 285 120 233 27 121 177 166 97 147 106 233 121 289 243 65 164 119 1 127 215 1 169 209 177 288 1 177 228 51 57 286 157 233 236 289 289 121 202 2 138 121 275 287 251 65 249 163 224 121 57 282 45 246 156 267 130 1 121 57 289 268 210 238 230 122 131 121 227 289 289 281 280 57 289 177 178 114 189 1 208 115 1 233 128 7 177 194 212 254 94 114 126 67 65 222 1 124 233 226 58 7 173 113 127 211 223 152 8 63 250 177 112 32 203 233 115 177 181 123 117 118 151 40 289 57 70 1 184 172 10 58 237 253 274 289 190 31 180 114 201 63 1 68 154 149 18 1 197 233 
c [Main] Lowest label SAT is set to 289.
c [Main] Kill higher label pid 290.
c [Main] Kill higher label pid 291.
c [Label = 290] Encoding duration: 4016ms.
c [Label = 290] Number of clauses: 3314949.
c [Label = 290] Number of variables: 486530.
c [Signal] Signal interruption. Caught signal: SIGTERM (15).
c [Label = 291] Encoding duration: 4060ms.
c [Label = 291] Number of clauses: 3326999.
c [Label = 291] Number of variables: 487779.
c [Signal] Signal interruption. Caught signal: SIGTERM (15).
c [Main] Child pid 290 - 1376946 terminated by signal 15.
c [Main] Child pid 291 - 1376945 terminated by signal 15.
c [Label = 288] Encoding duration: 4273ms.
c [Label = 288] Number of clauses: 3290848.
c [Label = 288] Number of variables: 484032.
c [Label = 288] Solving duration: 132872 ms.
s [Label = 288] SAT (w = 56).
Label assignment: 8 288 154 110 113 120 55 118 147 288 60 1 232 262 118 90 230 90 260 211 287 256 230 166 12 29 28 104 146 212 7 8 64 120 61 168 232 225 177 176 58 1 103 147 63 288 239 198 66 57 224 57 232 52 175 46 188 224 114 224 146 288 288 225 276 95 220 288 120 193 120 4 88 92 288 1 57 273 232 8 60 109 1 8 240 255 186 272 57 87 233 232 32 257 76 183 8 118 144 64 288 229 201 120 288 138 126 217 152 1 57 288 31 20 119 150 286 20 173 288 74 107 97 68 34 232 57 176 241 62 280 1 232 132 231 176 45 288 288 211 111 288 120 169 269 2 1 176 38 113 155 229 2 280 173 8 57 162 176 267 43 76 243 169 119 250 232 225 236 209 232 246 64 232 90 248 238 171 25 288 245 79 90 258 6 182 249 58 232 6 58 288 288 3 288 93 73 8 1 27 161 136 8 231 169 143 251 57 120 153 142 67 185 176 126 24 4 3 232 118 171 51 60 234 176 6 120 76 60 120 37 288 200 288 4 2 288 35 19 6 176 3 288 174 280 62 274 63 76 23 60 59 115 288 288 277 191 118 8 178 287 202 82 176 22 101 62 4 206 174 21 62 1 120 140 119 117 1 116 64 288 120 254 288 15 113 230 120 149 62 42 174 134 2 54 253 64 4 288 224 203 121 288 222 218 288 232 207 61 77 113 230 288 192 100 265 120 164 6 288 228 176 179 8 39 176 120 286 59 7 211 1 176 202 176 284 59 180 230 266 50 213 176 41 1 288 230 286 288 64 230 184 5 288 14 174 287 223 288 232 232 123 11 199 232 147 288 221 16 181 1 169 247 40 120 232 64 208 270 230 64 60 36 67 242 83 220 1 175 17 167 224 1 232 288 288 224 85 64 288 173 146 159 56 284 102 26 130 156 131 171 280 115 120 33 174 65 194 187 232 189 98 91 128 64 120 113 148 176 288 259 205 174 176 176 1 174 288 263 288 53 86 271 2 62 211 163 105 210 9 78 283 75 63 69 64 57 196 288 169 1 108 127 235 120 176 72 176 176 71 197 120 245 120 81 63 8 84 160 80 216 288 214 118 195 244 137 169 112 176 6 264 157 1 232 94 279 230 227 6 282 190 6 120 64 49 118 96 122 219 2 281 1 288 113 1 8 237 135 245 62 172 170 125 57 176 288 285 118 48 78 6 1 204 116 6 30 176 278 141 223 62 129 113 288 231 145 288 174 64 158 261 18 70 232 1 106 70 124 10 89 165 287 154 64 7 4 151 232 142 252 226 13 120 221 133 275 268 44 139 168 118 232 47 288 4 165 288 203 215 214 99 
c [Main] Lowest label SAT is set to 288.
c [Label = 287] Encoding duration: 4352ms.
c [Label = 287] Number of clauses: 3278797.
c [Label = 287] Number of variables: 482783.
c [Label = 287] Solving duration: 131633 ms.
s [Label = 287] SAT (w = 56).
Label assignment: 1 231 1 25 262 195 130 287 1 19 60 1 231 136 175 257 249 1 71 75 143 1 175 233 119 57 161 57 20 57 131 1 99 212 124 218 84 87 287 175 1 2 180 21 287 287 280 1 22 205 6 287 287 229 175 52 287 1 106 173 287 117 261 287 57 57 231 117 110 175 122 174 119 231 243 50 37 1 197 194 57 229 287 1 51 57 5 1 235 287 57 120 231 244 146 61 1 245 287 8 18 1 186 231 35 78 1 258 142 175 225 38 175 287 287 287 1 47 1 287 137 287 113 116 1 57 287 119 222 287 57 141 134 36 119 268 62 175 1 74 57 279 169 113 217 100 231 187 287 287 287 57 231 231 185 57 80 171 287 175 177 183 267 287 287 32 287 7 113 198 57 175 113 231 119 229 219 1 252 81 65 113 193 287 175 173 1 287 108 57 57 231 203 82 4 113 266 163 1 173 1 231 144 85 73 126 156 275 168 150 287 287 237 34 119 287 57 113 113 1 62 287 175 1 253 188 113 119 62 91 231 167 260 231 231 61 61 9 231 164 175 119 168 57 113 1 132 63 159 175 113 240 287 113 287 256 1 119 238 172 231 5 189 250 153 129 175 169 243 1 231 287 254 251 1 175 64 156 287 282 12 175 231 151 287 172 246 109 117 57 175 5 11 155 231 79 232 231 287 169 9 285 23 287 135 72 154 201 119 287 231 175 231 175 231 105 178 133 123 175 175 15 276 236 86 88 212 1 63 175 7 287 1 201 57 59 156 175 231 119 200 30 4 281 61 199 119 103 231 63 217 55 231 174 204 191 224 1 97 169 84 211 130 210 27 88 119 63 107 287 175 162 57 93 116 287 119 42 6 231 53 16 174 270 234 226 54 70 48 56 3 2 13 6 26 90 49 62 231 287 26 1 274 209 113 160 287 61 1 92 104 179 117 1 175 1 139 207 5 118 149 231 206 287 1 57 119 187 169 118 272 43 2 287 101 61 2 1 62 287 181 241 6 175 1 231 46 89 119 57 76 57 115 231 1 287 63 255 1 94 175 157 41 182 161 1 165 63 287 96 175 166 119 273 192 187 152 117 202 63 175 78 166 98 248 121 145 14 147 1 79 228 287 113 95 140 287 24 269 119 175 67 287 265 259 213 119 230 247 287 175 216 60 227 158 223 115 4 7 83 175 29 171 111 1 221 287 287 68 278 77 170 175 66 102 187 208 287 287 287 138 184 277 214 1 220 69 57 10 231 271 119 239 264 231 7 128 263 119 190 287 125 57 39 286 175 148 57 175 176 119 114 17 284 1 127 112 243 31 44 33 283 4 242 196 231 287 58 45 28 215 40 
c [Main] Lowest label SAT is set to 287.
c [Label = 280] Encoding duration: 3890ms.
c [Label = 280] Number of clauses: 3096172.
c [Label = 280] Number of variables: 442664.
c [Label = 280] Solving duration: 74895 ms.
s [Label = 280] SAT (w = 56).
Label assignment: 280 119 245 200 280 156 112 140 109 224 280 112 280 1 142 224 10 125 14 1 57 107 4 274 132 181 126 142 112 168 227 167 112 168 112 240 168 1 232 107 112 280 70 280 6 249 280 226 280 224 162 112 196 126 45 1 225 55 54 1 216 57 53 78 2 280 56 119 168 224 224 195 168 280 280 49 224 224 3 252 251 220 270 280 238 244 257 115 51 11 52 33 50 46 65 5 158 148 255 47 121 224 168 168 112 185 112 121 174 1 63 1 67 1 112 229 204 280 1 1 177 224 133 280 99 155 148 1 70 1 113 65 88 169 112 224 101 2 224 59 280 224 280 126 24 280 134 213 197 1 265 1 70 17 28 147 61 224 137 67 280 280 1 212 280 135 62 280 202 280 1 107 87 280 1 168 280 175 280 168 280 148 280 70 1 37 92 280 125 34 25 1 222 165 168 125 76 110 1 57 242 267 103 234 121 132 57 61 69 280 1 71 260 140 71 39 280 167 219 180 99 1 193 205 224 112 280 179 1 176 280 119 113 62 1 218 1 201 168 124 224 63 69 123 224 256 1 224 73 204 71 61 231 99 1 104 1 125 193 168 206 182 57 211 168 157 57 131 254 280 280 236 1 280 1 59 168 280 120 111 210 145 130 161 224 280 168 38 162 111 264 117 219 91 61 280 1 64 126 168 159 96 280 224 89 280 280 280 224 32 268 280 120 209 280 58 280 165 280 94 78 13 230 221 134 224 280 98 7 224 280 280 277 280 42 1 8 186 67 57 29 243 102 182 175 203 192 273 267 136 1 264 168 1 253 67 280 12 112 168 96 224 97 188 168 278 31 208 160 209 63 143 4 224 280 239 280 114 271 69 195 1 224 1 280 30 280 20 168 228 79 1 65 155 40 135 180 218 1 139 280 19 16 280 198 84 86 154 224 246 70 277 119 224 57 85 221 241 1 75 36 169 23 215 109 163 72 171 35 128 217 224 63 224 18 260 204 27 4 181 93 1 272 62 280 235 105 179 187 168 163 10 1 280 92 4 172 188 112 146 1 70 224 258 80 150 103 212 15 168 170 280 1 262 57 59 4 147 9 248 106 168 224 173 113 66 21 247 82 224 65 26 11 224 280 152 1 1 224 280 190 280 138 100 83 123 224 100 260 189 176 224 224 280 191 4 164 57 266 144 1 184 69 207 125 4 4 224 4 151 95 149 168 166 250 1 129 259 224 279 141 1 224 60 81 261 224 1 117 118 4 116 163 4 223 175 125 127 153 183 194 122 68 123 108 48 77 263 190 178 119 199 233 224 276 224 41 115 269 169 44 237 156 275 74 61 90 165 43 4 214 22 
c [Label = 281] Encoding duration: 4080ms.
c [Label = 281] Number of clauses: 3206494.
c [Label = 281] Number of variables: 475289.
c [Signal] Signal interruption. Caught signal: SIGTERM (15).
c [Label = 282] Encoding duration: 3996ms.
c [Label = 282] Number of clauses: 3218545.
c [Label = 282] Number of variables: 476538.
c [Signal] Signal interruption. Caught signal: SIGTERM (15).
c [Main] Lowest label SAT is set to 280.
c [Main] Kill higher label pid 281.
c [Main] Kill higher label pid 282.
c [Main] Kill higher label pid 283.
c [Main] Kill higher label pid 284.
c [Main] Kill higher label pid 285.
c [Main] Kill higher label pid 286.
c [Label = 285] Encoding duration: 4215ms.
c [Label = 285] Number of clauses: 3254696.
c [Label = 285] Number of variables: 480285.
c [Signal] Signal interruption. Caught signal: SIGTERM (15).
c [Label = 283] Encoding duration: 4251ms.
c [Label = 283] Number of clauses: 3230595.
c [Label = 283] Number of variables: 477787.
c [Signal] Signal interruption. Caught signal: SIGTERM (15).
c [Label = 286] Encoding duration: 4388ms.
c [Label = 286] Number of clauses: 3266747.
c [Label = 286] Number of variables: 481534.
c [Signal] Signal interruption. Caught signal: SIGTERM (15).
c [Label = 284] Encoding duration: 4176ms.
c [Label = 284] Number of clauses: 3242646.
c [Label = 284] Number of variables: 479036.
c [Signal] Signal interruption. Caught signal: SIGTERM (15).
c [Main] Child pid 286 - 1376980 terminated by signal 15.
c [Main] Child pid 285 - 1376981 terminated by signal 15.
c [Main] Child pid 284 - 1376982 terminated by signal 15.
c [Main] Child pid 283 - 1376985 terminated by signal 15.
c [Main] Child pid 282 - 1376986 terminated by signal 15.
c [Main] Child pid 281 - 1376987 terminated by signal 15.
c [Label = 279] Encoding duration: 4024ms.
c [Label = 279] Number of clauses: 3091481.
c [Label = 279] Number of variables: 441415.
c [Label = 279] Solving duration: 95113 ms.
s [Label = 279] SAT (w = 56).
Label assignment: 30 62 139 63 279 228 135 82 279 38 93 37 135 4 150 110 279 279 191 104 279 190 223 97 31 216 79 118 223 168 264 229 167 12 167 227 223 164 33 103 28 150 252 231 279 62 57 279 273 223 1 141 203 1 223 162 235 223 89 223 3 279 111 204 70 78 70 57 274 1 150 223 93 158 243 30 57 78 223 223 57 124 152 262 40 163 244 119 78 57 111 121 134 79 112 263 58 136 247 49 215 118 1 194 268 223 113 181 233 175 1 279 212 232 111 4 279 57 279 260 1 68 254 270 223 167 157 279 1 1 1 1 1 178 167 182 62 167 126 63 279 167 253 113 32 238 111 6 168 236 77 213 1 133 1 130 177 1 1 186 223 167 57 100 279 223 64 68 48 121 189 1 72 167 105 1 106 279 279 58 105 1 164 118 1 57 57 57 1 63 223 126 217 167 107 133 126 161 1 223 245 279 161 44 167 275 116 57 223 85 161 70 126 122 62 1 167 143 221 279 1 68 58 190 156 154 223 1 97 90 140 209 64 1 1 192 93 52 256 223 149 193 87 70 279 279 120 223 168 195 261 162 118 101 279 21 279 50 1 17 217 57 237 23 223 123 251 128 234 210 278 94 1 153 87 160 279 279 165 92 212 149 278 206 47 57 279 157 223 72 167 97 116 113 203 138 111 1 113 223 59 121 86 27 217 1 279 46 207 60 1 167 146 205 111 184 213 167 223 213 223 279 226 42 147 57 239 4 6 6 279 279 8 51 89 187 124 257 158 137 151 214 18 185 1 66 82 279 57 212 1 153 1 202 279 113 59 279 126 167 211 188 279 219 1 1 279 218 53 279 223 119 89 213 225 198 57 60 223 223 279 1 36 70 255 96 71 22 39 54 73 41 74 220 12 131 150 223 76 102 8 279 26 242 6 43 223 60 190 269 7 98 106 279 179 62 223 279 1 142 29 60 114 218 266 14 220 176 223 163 171 68 279 218 279 80 24 45 209 106 2 116 184 279 279 57 267 278 279 223 199 196 190 279 161 102 105 279 19 1 241 220 223 218 88 272 115 75 1 109 208 279 116 9 279 200 279 10 271 215 15 81 173 1 60 183 114 91 34 30 144 278 67 276 279 277 57 5 170 224 279 172 104 167 117 127 148 259 1 197 145 279 134 65 250 1 132 35 278 99 13 1 1 95 279 11 102 279 84 223 108 16 1 279 114 1 1 20 223 124 129 1 217 25 57 155 167 1 118 201 240 166 246 1 159 265 279 118 1 40 58 222 223 113 33 223 114 274 169 279 69 219 61 223 279 279 83 7 248 180 56 125 223 279 159 174 230 162 258 249 1 55 
c [Main] Lowest label SAT is set to 279.
c [Label = 273] Encoding duration: 3598ms.
c [Label = 273] Number of clauses: 3019178.
c [Label = 273] Number of variables: 433921.
c [Label = 273] Solving duration: 43300 ms.
s [Label = 273] SAT (w = 56).
Label assignment: 113 183 117 262 91 273 152 161 173 273 57 1 217 31 77 61 273 273 19 200 60 183 127 4 105 43 33 201 273 273 273 226 152 94 246 16 217 135 6 57 4 1 165 273 217 9 161 267 31 32 273 14 217 163 217 273 161 70 181 143 130 1 273 65 61 68 1 13 273 179 60 63 123 115 192 183 217 3 147 84 217 27 56 228 36 41 3 273 100 47 100 111 124 51 188 1 273 60 81 263 127 3 208 116 62 222 123 31 175 48 161 31 5 161 126 261 273 187 161 49 204 57 173 67 173 273 87 1 164 217 197 203 217 55 140 273 273 139 171 2 113 209 217 106 225 185 177 50 1 89 5 1 152 273 59 18 65 127 221 273 15 57 160 37 18 161 117 83 273 273 273 193 217 161 61 273 112 273 59 125 39 61 57 40 273 194 5 4 135 2 70 61 57 5 72 217 17 207 105 139 42 129 207 54 273 217 23 9 198 144 25 98 273 273 35 59 182 183 194 2 178 110 61 273 87 127 174 217 1 161 113 12 99 1 217 116 3 76 3 62 273 127 217 115 243 273 217 217 8 117 52 12 71 1 45 105 217 161 224 273 35 273 161 117 1 133 255 217 145 15 66 118 8 57 161 114 115 208 273 57 273 273 273 176 217 168 238 80 258 126 102 273 269 60 167 60 62 217 11 68 1 68 15 168 271 113 251 117 217 61 217 117 61 217 273 30 268 44 254 273 8 273 273 212 9 273 215 173 1 273 142 91 5 153 116 266 38 273 206 28 223 1 117 273 217 166 161 64 105 217 65 236 127 273 92 104 74 273 10 239 169 217 141 273 159 128 1 217 14 273 97 109 62 11 217 253 57 150 3 273 161 159 193 78 237 124 245 73 68 104 148 195 147 273 244 205 252 214 61 1 273 265 57 231 273 168 12 134 273 96 202 24 217 126 82 136 61 90 173 11 162 26 217 151 156 113 64 217 57 132 70 273 105 11 1 199 4 273 1 79 273 217 190 118 256 53 249 173 217 1 122 10 69 58 220 270 21 217 156 195 93 107 264 161 57 156 186 137 120 34 273 273 217 108 160 131 217 219 260 1 180 151 1 105 103 218 1 177 191 5 71 273 189 6 232 113 235 234 57 227 233 117 1 273 184 11 182 61 188 1 118 250 5 157 121 273 5 119 161 259 59 273 101 86 273 113 59 240 183 22 57 95 241 1 216 62 273 217 57 85 210 59 95 213 126 146 182 71 247 273 75 149 7 261 169 273 217 158 211 102 138 196 46 161 172 2 29 154 273 273 161 170 88 57 257 230 57 58 273 273 117 217 115 1 273 155 20 229 242 272 248 121 
c [Main] Lowest label SAT is set to 273.
c [Main] Kill higher label pid 274.
c [Main] Kill higher label pid 275.
c [Main] Kill higher label pid 276.
c [Main] Kill higher label pid 277.
c [Main] Kill higher label pid 278.
c [Label = 275] Encoding duration: 3747ms.
c [Label = 275] Number of clauses: 3043279.
c [Label = 275] Number of variables: 436419.
c [Signal] Signal interruption. Caught signal: SIGTERM (15).
c [Label = 274] Encoding duration: 3580ms.
c [Label = 274] Number of clauses: 3031229.
c [Label = 274] Number of variables: 435170.
c [Signal] Signal interruption. Caught signal: SIGTERM (15).
c [Label = 276] Encoding duration: 3641ms.
c [Label = 276] Number of clauses: 3055330.
c [Label = 276] Number of variables: 437668.
c [Signal] Signal interruption. Caught signal: SIGTERM (15).
c [Label = 277] Encoding duration: 3729ms.
c [Label = 277] Number of clauses: 3067380.
c [Label = 277] Number of variables: 438917.
c [Signal] Signal interruption. Caught signal: SIGTERM (15).
c [Label = 278] Encoding duration: 3786ms.
c [Label = 278] Number of clauses: 3079431.
c [Label = 278] Number of variables: 440166.
c [Signal] Signal interruption. Caught signal: SIGTERM (15).
c [Main] Child pid 278 - 1377023 terminated by signal 15.
c [Main] Child pid 277 - 1377024 terminated by signal 15.
c [Main] Child pid 276 - 1377025 terminated by signal 15.
c [Main] Child pid 275 - 1377026 terminated by signal 15.
c [Main] Child pid 274 - 1377027 terminated by signal 15.
c [Label = 272] Encoding duration: 3614ms.
c [Label = 272] Number of clauses: 3007128.
c [Label = 272] Number of variables: 432672.
c [Label = 272] Solving duration: 48642 ms.
s [Label = 272] SAT (w = 56).
Label assignment: 83 76 31 272 216 272 140 152 3 272 272 160 114 48 104 59 272 104 84 48 160 48 272 272 104 160 58 160 272 272 216 216 111 28 230 107 216 216 272 85 15 32 180 238 216 160 63 272 272 272 84 160 216 2 216 220 245 216 104 216 146 13 242 104 160 160 118 88 272 272 127 69 160 72 272 205 216 16 272 272 237 51 195 183 236 160 270 104 48 104 54 50 104 52 216 231 48 160 255 83 160 6 196 160 216 216 63 48 216 216 32 264 216 160 158 272 7 222 181 159 216 272 104 211 150 272 151 7 203 216 201 160 139 133 46 140 194 79 192 48 141 88 160 62 209 84 182 138 32 271 272 263 2 48 138 216 104 219 48 48 216 101 217 160 104 160 11 247 29 272 63 3 7 63 38 7 107 20 70 48 256 121 72 58 200 269 65 216 83 160 166 94 142 180 258 216 160 139 25 109 119 9 200 56 104 272 272 137 139 25 53 175 272 272 104 216 216 160 216 249 171 117 100 63 216 118 272 272 272 123 31 200 272 5 268 104 272 160 115 61 216 20 139 134 272 216 216 119 57 216 7 137 216 16 58 179 266 6 6 272 254 172 160 216 97 57 216 233 48 216 216 117 160 63 272 160 62 196 125 92 216 175 1 88 202 207 272 160 160 104 208 81 272 104 216 96 38 63 60 75 34 63 48 226 272 272 272 262 119 59 104 227 67 216 272 147 160 112 248 49 57 251 167 216 160 272 212 3 272 40 265 186 272 213 71 232 185 132 190 160 64 240 38 118 25 99 88 246 95 202 81 144 113 47 7 62 34 160 84 160 216 272 28 216 28 260 3 160 33 272 216 103 216 145 160 234 119 37 1 91 216 78 16 140 221 19 43 86 214 104 130 216 160 272 160 74 229 216 106 17 239 3 272 224 272 163 135 129 272 116 2 104 81 131 61 6 124 272 272 154 108 136 104 142 272 29 66 272 272 13 168 261 259 27 128 272 35 26 7 18 189 216 250 150 272 216 164 178 272 157 149 267 161 216 42 272 110 82 104 191 216 244 252 193 89 272 90 45 122 144 2 272 5 155 272 160 180 165 272 144 216 77 148 272 143 192 104 10 272 94 104 272 169 216 210 104 1 39 160 253 241 177 85 184 204 120 41 105 216 243 160 272 216 160 218 7 162 188 272 44 73 170 7 88 272 146 12 272 1 30 153 198 272 24 228 55 187 272 174 272 63 68 199 223 98 215 216 62 22 67 1 36 104 216 197 144 6 176 8 7 117 173 80 160 272 102 14 119 4 272 7 272 160 195 257 235 87 104 93 23 1 88 126 160 216 2 21 206 225 156 113 1 
c [Main] Lowest label SAT is set to 272.
c [Label = 271] Encoding duration: 4022ms.
c [Label = 271] Number of clauses: 2995077.
c [Label = 271] Number of variables: 431423.
c [Label = 271] Solving duration: 50018 ms.
s [Label = 271] SAT (w = 56).
Label assignment: 271 249 159 271 215 250 127 159 131 31 215 159 162 26 40 271 271 271 7 271 103 103 47 271 103 159 253 159 159 257 215 215 159 15 185 121 215 177 66 40 66 146 215 271 215 159 248 45 256 271 15 159 215 127 203 271 47 271 10 103 159 271 254 103 103 47 17 271 14 80 170 103 271 159 103 230 215 47 12 51 219 159 180 103 159 25 47 47 47 56 47 47 215 55 228 67 93 47 239 70 21 17 183 159 190 215 11 26 103 215 24 271 215 188 143 245 24 103 15 141 195 264 244 159 158 271 215 24 49 194 215 138 124 160 143 159 204 87 215 109 159 271 159 24 179 215 271 260 123 106 16 80 63 271 270 215 220 215 231 215 215 187 103 121 87 154 119 31 87 47 113 103 1 271 7 268 153 193 215 205 269 117 102 71 24 67 271 215 9 159 215 7 150 198 156 215 159 126 81 271 57 61 207 171 82 25 271 262 121 47 101 169 47 271 9 103 212 159 242 159 215 99 271 113 194 113 234 271 47 130 72 235 271 155 271 159 36 271 271 79 92 159 126 17 31 215 195 80 159 184 1 137 103 46 267 186 227 215 271 271 252 183 83 215 3 132 215 226 103 215 24 1 159 167 271 143 129 215 159 94 103 136 271 11 215 145 271 47 271 58 33 271 215 103 215 42 10 271 127 271 78 123 68 243 271 271 271 75 192 6 64 62 11 215 31 133 159 159 73 103 69 238 164 215 271 271 215 118 24 98 59 181 63 215 10 229 105 103 217 120 246 67 103 89 210 114 271 215 73 202 163 174 125 44 65 33 88 7 71 159 208 271 71 215 15 263 6 159 110 271 84 85 178 3 159 237 211 8 69 89 173 27 215 127 233 87 44 271 199 139 121 215 140 271 128 9 271 215 32 23 265 59 16 261 271 209 143 159 159 7 197 112 271 135 271 96 7 271 271 107 111 159 37 134 271 104 103 271 271 159 166 271 136 70 41 159 271 96 148 65 216 77 76 122 172 103 168 176 271 3 159 90 159 199 1 22 108 142 103 215 189 71 271 201 258 271 20 8 34 80 215 271 103 57 139 144 187 157 82 80 103 52 150 74 83 215 54 30 247 66 138 271 271 215 200 72 221 29 149 271 215 271 28 271 206 63 147 100 215 16 122 215 215 57 86 3 159 271 39 53 79 15 1 116 236 67 6 271 13 240 115 191 2 14 119 103 215 232 241 127 1 271 196 225 91 48 215 38 18 7 218 4 271 214 215 165 224 161 159 1 159 215 97 159 271 255 95 57 71 266 223 271 251 182 43 62 271 50 60 19 1 80 151 152 215 175 213 259 222 35 13 5 
c [Main] Lowest label SAT is set to 271.
c [Label = 270] Encoding duration: 3684ms.
c [Label = 270] Number of clauses: 2983027.
c [Label = 270] Number of variables: 430174.
c [Label = 270] Solving duration: 47519 ms.
s [Label = 270] SAT (w = 56).
Label assignment: 85 46 158 46 199 270 158 158 1 270 102 158 168 25 77 270 270 222 270 53 102 102 270 4 75 158 46 158 158 270 110 214 158 46 242 158 214 214 102 102 102 158 270 20 198 160 270 256 61 270 158 125 102 158 214 214 270 181 46 214 132 270 270 69 40 158 158 33 29 270 162 60 158 155 32 214 216 38 25 56 1 51 197 100 204 257 261 77 26 50 39 90 214 54 262 102 20 55 52 49 1 88 214 142 224 214 46 25 223 19 214 270 214 133 130 267 270 169 270 158 193 270 102 214 138 250 46 214 214 208 180 140 140 146 18 102 200 79 214 189 158 270 138 46 214 214 190 260 129 270 270 158 113 19 144 192 87 214 255 209 214 174 102 128 109 142 68 270 18 1 66 7 11 270 1 270 106 176 214 201 266 131 82 102 214 102 13 214 28 133 187 12 142 214 158 214 131 141 64 107 122 243 203 163 81 8 270 159 141 13 48 179 270 227 5 213 194 125 214 265 211 115 57 123 196 13 270 270 214 158 46 270 270 3 270 158 43 158 119 59 270 158 141 149 251 189 193 102 57 214 10 120 102 26 270 215 234 214 102 270 263 214 81 194 1 1 214 236 214 183 214 115 158 158 19 130 15 214 158 94 229 158 113 108 214 214 270 46 99 1 44 8 97 83 218 30 1 46 57 74 17 158 81 233 11 270 270 57 214 230 72 57 12 187 270 113 139 156 270 102 246 84 167 212 161 270 214 1 232 86 57 173 270 214 37 235 112 102 207 128 42 98 270 148 214 136 270 114 75 214 103 102 13 57 61 36 248 172 158 158 214 270 1 192 27 264 1 157 244 270 102 102 214 1 139 68 214 1 88 102 169 158 214 96 221 18 92 69 191 137 117 214 143 270 158 5 231 241 1 24 270 57 45 258 270 29 135 145 63 1 214 111 8 138 121 15 154 270 270 113 117 9 76 147 270 15 57 21 270 116 132 270 158 270 26 158 270 18 102 85 202 220 57 152 270 21 164 182 270 118 158 158 153 186 11 270 105 158 82 214 184 47 270 217 270 269 73 16 1 93 158 139 65 67 137 166 214 165 81 102 270 253 150 64 81 205 89 1 270 78 137 259 170 214 185 101 102 31 145 270 247 171 74 270 206 124 125 1 1 270 158 237 195 158 219 1 158 270 254 5 80 104 10 158 270 35 1 69 127 270 126 203 69 270 1 58 214 225 71 57 5 32 197 228 13 102 214 91 8 12 113 14 270 210 214 158 268 178 131 9 2 175 101 134 270 74 41 67 151 57 34 252 249 197 239 62 102 245 70 23 240 95 158 158 214 177 22 214 188 238 226 6 
c [Main] Lowest label SAT is set to 270.
c [Label = 264] Encoding duration: 3823ms.
c [Label = 264] Number of clauses: 2910724.
c [Label = 264] Number of variables: 422680.
c [Label = 264] Solving duration: 44664 ms.
s [Label = 264] SAT (w = 56).
Label assignment: 26 208 208 188 226 264 69 152 264 72 208 184 1 114 1 104 57 191 125 208 264 113 112 25 3 1 188 173 206 208 152 45 1 264 29 101 1 161 113 107 136 39 78 195 140 264 1 96 193 170 147 115 135 20 128 159 214 1 57 96 88 152 164 1 1 1 152 20 158 13 192 81 208 264 208 46 100 1 57 155 208 128 152 129 225 130 208 5 1 53 264 96 169 213 6 239 37 38 250 35 62 96 13 1 1 264 125 118 57 61 156 264 113 152 1 41 152 42 146 126 1 96 113 69 264 92 28 90 1 1 236 1 81 152 16 1 264 1 96 208 1 58 152 152 114 185 233 152 58 76 1 208 1 171 152 144 1 57 98 152 61 106 113 235 264 84 119 57 57 215 1 87 25 150 7 182 102 18 1 40 193 228 96 237 73 240 115 206 40 173 1 264 139 63 1 130 210 96 1 1 242 171 264 264 170 154 129 238 96 264 169 74 171 208 264 57 184 264 51 93 208 16 57 200 137 152 80 264 152 169 1 2 1 152 1 94 202 184 152 208 146 1 96 205 240 117 174 264 105 57 264 264 264 1 76 50 57 113 13 57 200 181 62 208 58 33 208 144 117 96 143 27 158 208 186 1 208 73 264 264 57 146 264 227 264 88 5 170 113 160 1 1 264 77 57 264 264 13 57 128 25 2 208 219 222 195 240 208 75 31 67 264 47 59 240 97 136 185 264 114 105 221 55 2 157 196 252 208 142 208 264 264 204 264 248 130 73 86 149 123 264 109 110 1 188 32 264 49 1 95 1 254 204 153 198 169 30 138 190 1 241 21 203 59 134 195 40 243 52 253 74 1 264 58 113 168 69 257 91 208 1 73 57 264 1 15 122 1 72 230 71 208 58 152 178 2 83 81 1 57 175 162 185 207 229 44 128 152 264 120 19 251 194 1 152 117 7 197 150 211 114 1 251 137 103 264 43 61 113 264 108 129 208 216 208 264 96 264 264 218 40 4 89 148 208 82 166 54 264 48 199 209 1 128 24 264 261 264 57 184 179 264 133 64 208 58 264 208 172 2 181 167 96 88 58 12 260 234 174 129 57 22 102 182 2 264 264 258 10 208 118 201 262 192 1 115 255 180 127 1 99 145 208 146 264 231 217 1 208 57 208 57 223 68 65 152 224 23 115 58 263 132 247 58 11 152 1 34 264 176 2 81 59 208 245 151 116 58 85 264 14 36 249 179 117 244 72 264 121 56 220 123 183 141 169 79 57 1 57 186 9 212 246 208 70 184 17 256 264 187 8 60 232 152 72 264 264 264 66 259 111 264 264 173 59 189 124 63 165 131 163 177 
c [Main] Lowest label SAT is set to 264.
c [Main] Kill higher label pid 265.
c [Main] Kill higher label pid 266.
c [Main] Kill higher label pid 267.
c [Main] Kill higher label pid 268.
c [Main] Kill higher label pid 269.
c [Label = 265] Encoding duration: 3544ms.
c [Label = 265] Number of clauses: 2922774.
c [Label = 265] Number of variables: 423929.
c [Signal] Signal interruption. Caught signal: SIGTERM (15).
c [Label = 269] Encoding duration: 3590ms.
c [Label = 269] Number of clauses: 2970976.
c [Label = 269] Number of variables: 428925.
c [Signal] Signal interruption. Caught signal: SIGTERM (15).
c [Label = 266] Encoding duration: 3645ms.
c [Label = 266] Number of clauses: 2934825.
c [Label = 266] Number of variables: 425178.
c [Signal] Signal interruption. Caught signal: SIGTERM (15).
c [Label = 267] Encoding duration: 3567ms.
c [Label = 267] Number of clauses: 2946875.
c [Label = 267] Number of variables: 426427.
c [Signal] Signal interruption. Caught signal: SIGTERM (15).
c [Label = 268] Encoding duration: 3614ms.
c [Label = 268] Number of clauses: 2958926.
c [Label = 268] Number of variables: 427676.
c [Signal] Signal interruption. Caught signal: SIGTERM (15).
c [Main] Child pid 266 - 1377043 terminated by signal 15.
c [Main] Child pid 268 - 1377041 terminated by signal 15.
c [Main] Child pid 267 - 1377042 terminated by signal 15.
c [Main] Child pid 265 - 1377044 terminated by signal 15.
c [Main] Child pid 269 - 1377040 terminated by signal 15.
c [Label = 262] Encoding duration: 3696ms.
c [Label = 262] Number of clauses: 2886623.
c [Label = 262] Number of variables: 420182.
c [Label = 262] Solving duration: 84579 ms.
s [Label = 262] SAT (w = 56).
Label assignment: 150 246 223 47 45 206 224 150 38 262 150 38 207 206 48 94 206 108 100 46 4 12 150 94 262 262 57 94 2 262 218 88 168 57 150 152 94 94 38 33 38 1 38 1 94 1 58 150 57 206 150 119 187 241 98 96 262 175 107 206 262 94 94 150 26 124 33 74 262 197 94 18 140 252 57 101 39 128 205 237 94 1 57 38 262 154 262 164 129 138 262 113 68 52 169 262 32 1 44 113 113 150 168 150 262 83 57 113 79 38 130 262 150 220 145 159 262 1 206 262 57 65 149 1 206 84 94 1 126 262 79 262 262 1 33 1 262 23 145 105 89 58 206 94 134 251 57 169 65 1 21 1 262 204 206 16 191 68 19 206 150 176 205 37 166 150 262 86 262 248 94 8 176 74 262 169 158 74 84 94 57 148 84 49 2 113 204 219 262 104 148 150 206 150 262 150 121 169 65 262 213 262 1 51 149 233 195 7 153 262 21 1 260 94 262 72 89 94 206 222 8 76 1 72 1 262 94 97 150 206 1 55 1 206 173 150 140 199 120 94 1 73 206 33 262 228 184 130 151 92 1 9 17 7 38 50 57 93 216 249 94 185 57 140 64 113 206 157 262 167 67 1 135 217 74 103 89 229 262 32 63 206 95 178 140 150 94 171 8 231 1 76 123 4 132 1 150 57 1 206 57 57 149 120 137 144 262 150 1 64 150 178 62 9 262 57 206 206 262 244 155 1 165 110 206 206 60 8 130 206 262 38 13 150 206 61 181 17 163 75 111 262 262 206 206 193 245 1 206 57 150 253 262 3 1 149 81 150 172 262 261 60 262 9 116 262 262 133 262 262 18 190 150 1 193 13 113 1 1 206 115 139 78 4 262 94 12 177 206 1 262 206 262 196 205 150 150 206 127 257 6 2 189 198 206 259 150 1 258 106 195 227 212 33 206 262 206 27 85 179 262 1 200 240 54 89 192 42 201 262 117 1 186 40 3 150 262 262 254 30 206 234 1 206 147 41 235 69 82 238 253 160 236 202 176 262 25 210 10 206 226 94 112 132 203 15 206 1 250 243 230 206 99 249 262 102 150 206 225 130 196 113 206 188 1 162 24 262 208 28 1 113 57 66 1 77 131 255 256 201 1 215 31 206 88 182 5 239 206 90 206 36 71 262 70 114 183 74 65 143 89 150 35 194 211 122 64 29 87 53 206 1 62 262 94 80 22 59 206 43 156 89 1 221 206 139 150 34 247 94 57 93 180 206 145 186 56 141 91 1 20 262 262 262 150 89 262 232 262 174 74 170 1 57 136 120 146 161 152 118 125 242 262 109 11 206 142 94 14 150 209 214 
c [Main] Lowest label SAT is set to 262.
c [Main] Kill higher label pid 263.
c [Label = 263] Encoding duration: 3835ms.
c [Label = 263] Number of clauses: 2898673.
c [Label = 263] Number of variables: 421431.
c [Signal] Signal interruption. Caught signal: SIGTERM (15).
c [Main] Child pid 263 - 1377053 terminated by signal 15.
c [Label = 260] Encoding duration: 3595ms.
c [Label = 260] Number of clauses: 2862522.
c [Label = 260] Number of variables: 417684.
c [Label = 260] Solving duration: 129276 ms.
s [Label = 260] SAT (w = 56).
Label assignment: 92 5 141 3 238 71 154 68 146 204 260 143 204 117 130 1 15 112 59 1 120 58 92 2 260 229 51 148 169 203 180 15 260 100 204 159 226 34 98 248 95 92 174 140 36 59 148 204 15 45 177 92 56 204 260 92 3 22 210 83 29 1 90 1 72 114 260 5 34 57 166 260 114 57 204 92 213 260 57 161 15 143 260 106 37 92 30 57 58 55 246 34 204 4 101 260 127 144 1 203 25 34 211 92 42 61 1 43 243 1 61 9 16 204 260 260 6 188 83 59 113 260 5 149 167 2 260 27 108 148 87 161 127 148 148 5 260 260 48 1 123 1 260 118 63 158 113 108 234 260 260 62 148 204 92 163 1 260 94 204 16 1 49 212 58 104 258 87 179 151 58 260 227 5 228 57 164 204 193 50 59 16 15 113 61 260 72 260 24 1 16 1 260 21 127 114 17 127 204 260 1 148 147 160 1 260 218 34 148 260 148 206 219 120 176 1 113 148 11 31 113 260 260 3 217 260 2 260 195 235 61 260 13 143 57 204 250 1 204 87 54 139 148 260 57 57 125 260 1 148 180 148 260 147 71 53 1 71 260 1 1 260 260 77 1 172 260 121 204 12 1 221 57 139 29 113 148 204 139 165 148 92 132 173 71 204 201 206 137 89 183 1 97 148 260 204 58 204 204 200 204 201 1 198 224 71 199 66 1 1 148 57 36 260 74 155 189 190 204 113 1 204 260 57 57 260 61 148 61 260 119 260 96 113 231 58 215 253 160 260 168 109 77 260 204 1 3 207 204 260 204 164 124 135 249 161 85 76 260 170 148 64 121 148 204 70 260 148 79 260 148 115 230 1 147 247 148 25 4 127 1 117 1 8 39 260 129 204 204 189 185 64 182 204 204 110 1 233 189 232 96 57 204 107 73 18 143 260 58 1 204 150 35 1 148 257 202 251 26 217 200 260 196 3 1 104 1 117 57 132 3 44 204 220 260 204 12 67 260 222 92 216 52 170 162 1 117 152 260 255 153 57 41 57 115 256 204 208 2 1 84 15 65 92 175 1 141 204 57 260 205 133 204 64 237 122 165 1 260 142 1 71 241 204 5 88 175 113 99 114 204 85 60 114 103 11 209 187 252 176 183 204 1 184 185 40 145 191 20 260 154 204 245 240 260 61 1 83 78 105 104 131 170 5 91 33 260 204 68 225 254 171 214 32 14 157 197 57 10 1 128 148 259 93 72 138 19 102 148 38 244 28 202 46 1 204 105 120 136 183 260 82 239 111 47 1 194 59 260 81 5 242 181 260 23 75 5 236 156 69 96 134 126 186 86 192 178 7 223 80 116 57 
c [Main] Lowest label SAT is set to 260.
c [Main] Kill higher label pid 261.
c [Label = 261] Encoding duration: 3545ms.
c [Label = 261] Number of clauses: 2874572.
c [Label = 261] Number of variables: 418933.
c [Signal] Signal interruption. Caught signal: SIGTERM (15).
c [Main] Child pid 261 - 1377056 terminated by signal 15.
c [Label = 259] Encoding duration: 3412ms.
c [Label = 259] Number of clauses: 2850471.
c [Label = 259] Number of variables: 416435.
c [Label = 259] Solving duration: 146842 ms.
s [Label = 259] SAT (w = 56).
Label assignment: 69 57 38 57 180 91 151 259 147 1 259 57 116 107 112 67 137 99 4 105 138 178 234 64 57 203 57 57 203 60 167 202 256 34 121 217 146 144 4 10 3 147 5 22 117 113 62 1 136 113 208 11 222 241 70 146 1 180 255 200 115 88 91 162 153 122 57 57 155 1 60 259 259 57 1 96 220 179 259 211 58 57 24 140 210 180 1 1 191 244 203 170 66 39 100 203 202 32 62 68 186 57 209 58 195 44 57 42 205 259 184 174 216 202 224 49 124 218 200 230 103 91 214 251 254 85 41 200 207 259 212 57 259 226 224 91 113 259 259 259 259 62 146 62 200 147 104 57 259 1 113 183 259 180 178 3 1 10 150 187 259 35 259 200 161 61 33 1 30 57 109 1 259 62 176 113 28 124 66 202 259 242 89 6 176 169 186 1 88 259 242 203 259 259 120 259 1 1 124 138 19 124 133 21 1 68 259 1 203 87 82 166 1 68 5 1 86 106 66 1 1 113 8 101 1 122 147 96 200 79 158 16 203 259 195 259 180 156 66 114 1 130 5 57 1 168 114 259 1 57 12 1 1 259 8 23 132 259 127 259 259 120 259 26 43 1 115 245 200 180 122 57 113 111 1 235 1 195 144 18 148 6 92 259 1 246 57 12 259 1 62 57 203 259 1 2 203 66 2 142 190 51 181 179 236 134 1 11 259 259 36 203 252 68 14 203 91 27 113 203 163 146 52 147 1 203 35 147 189 188 142 203 259 6 203 259 259 259 196 203 259 138 259 118 169 124 62 219 157 259 229 128 2 126 185 57 59 197 259 91 259 81 152 259 147 77 145 255 78 1 249 171 203 259 123 10 259 147 248 118 70 147 1 25 146 259 247 204 154 201 1 200 259 203 1 57 1 8 122 9 91 123 1 146 1 84 98 233 178 62 169 231 68 259 113 194 203 203 194 1 53 57 259 3 83 122 1 102 168 141 134 91 118 227 259 259 203 194 194 17 113 259 206 29 238 259 31 147 96 259 66 187 143 168 136 1 164 120 259 194 259 177 95 228 47 259 3 147 160 259 139 66 169 180 259 223 194 194 259 232 1 80 259 172 203 113 259 57 76 259 35 59 65 34 147 57 195 57 78 194 221 91 112 64 13 203 123 182 74 94 71 240 7 165 173 199 66 50 124 259 131 239 37 72 259 203 122 237 63 15 259 192 67 197 64 225 186 259 178 64 110 175 194 258 179 113 198 1 57 135 73 108 66 129 66 119 1 75 93 193 57 169 6 40 259 97 259 45 125 91 54 56 203 253 1 203 243 46 20 55 259 257 122 250 176 159 99 90 213 215 149 48 
c [Main] Lowest label SAT is set to 259.
c [Label = 257] Encoding duration: 3461ms.
c [Label = 257] Number of clauses: 2826370.
c [Label = 257] Number of variables: 413937.
c [Label = 257] Solving duration: 201840 ms.
s [Label = 257] SAT (w = 56).
Label assignment: 113 257 170 20 145 145 45 33 257 113 257 33 201 1 2 57 201 86 257 57 257 1 71 1 257 30 145 59 178 57 1 103 169 57 100 117 57 242 99 201 145 62 223 170 89 2 13 136 201 201 201 3 201 13 35 61 132 70 215 145 1 61 145 55 114 257 177 257 57 149 1 257 71 84 3 117 118 257 257 237 121 2 61 110 15 2 58 2 169 109 176 133 133 238 57 145 105 257 101 257 145 97 162 1 156 71 89 1 92 185 132 19 57 75 89 201 201 40 9 145 89 2 12 257 201 84 89 145 89 58 257 33 5 62 169 115 257 167 65 145 2 33 1 81 71 184 257 201 207 22 180 145 1 68 195 257 160 145 132 201 136 34 147 181 257 33 257 257 145 218 27 145 85 42 257 18 173 201 133 103 201 12 37 89 106 145 68 145 117 58 135 201 46 56 201 88 2 108 183 201 186 201 113 1 201 239 256 115 5 249 39 257 191 21 257 140 6 257 257 58 140 151 131 26 89 158 86 257 138 235 171 20 125 2 145 201 257 247 84 211 201 201 257 154 201 114 62 257 96 253 257 127 15 254 134 111 201 257 25 77 201 201 209 140 15 112 145 89 115 102 214 114 3 201 145 1 251 1 201 222 59 201 236 246 98 257 257 188 28 193 89 257 8 202 89 257 205 89 65 257 233 201 201 129 201 161 219 143 257 201 61 1 89 257 95 49 1 54 9 1 99 201 201 120 182 146 59 142 145 145 145 1 123 119 201 130 240 82 2 1 43 169 139 163 201 89 6 36 122 243 2 201 159 206 197 91 123 199 178 1 245 89 1 89 3 172 257 12 114 250 89 201 244 257 1 257 257 145 44 145 57 1 140 257 89 145 257 145 257 153 257 144 257 196 68 85 58 113 201 152 145 257 187 165 257 229 32 157 14 257 204 1 257 93 192 201 201 198 89 1 145 74 228 1 248 121 60 201 208 57 2 113 164 1 257 5 201 115 11 173 213 201 53 1 64 145 58 67 257 201 83 155 86 227 57 150 90 201 113 89 257 257 104 48 6 63 58 216 174 234 201 1 2 145 257 200 31 107 210 257 189 257 1 201 128 2 221 239 1 148 2 169 225 57 79 124 24 257 47 3 116 73 58 80 232 1 1 1 1 231 29 126 257 145 59 89 57 16 201 257 210 78 257 257 117 137 252 41 217 10 201 257 257 175 257 170 52 113 7 57 69 220 1 257 194 87 89 1 257 179 224 1 201 141 59 76 241 51 1 257 114 226 145 1 257 23 255 145 201 257 1 203 145 50 58 257 114 257 94 4 166 230 17 59 68 190 38 66 212 72 168 201 
c [Main] Lowest label SAT is set to 257.
c [Main] Kill higher label pid 258.
c [Label = 258] Encoding duration: 3397ms.
c [Label = 258] Number of clauses: 2838421.
c [Label = 258] Number of variables: 415186.
c [Signal] Signal interruption. Caught signal: SIGTERM (15).
c [Main] Child pid 258 - 1377059 terminated by signal 15.
c [Label = 255] Encoding duration: 3371ms.
c [Label = 255] Number of clauses: 2802269.
c [Label = 255] Number of variables: 411439.
c [Label = 255] Solving duration: 224700 ms.
s [Label = 255] SAT (w = 56).
Label assignment: 168 87 108 63 57 199 86 58 68 57 57 140 191 185 80 6 1 111 255 1 1 87 23 87 1 167 79 66 199 192 152 6 84 253 1 105 199 13 92 74 100 113 252 162 143 60 57 50 237 124 143 143 53 199 115 199 44 1 36 114 57 199 124 1 164 31 94 79 30 255 229 255 87 1 159 154 176 58 124 153 87 3 255 173 166 57 1 97 51 52 4 31 199 214 146 193 13 43 19 65 57 1 143 6 199 6 128 62 199 10 143 122 32 165 87 48 183 1 143 7 185 180 12 65 75 199 58 113 138 142 187 180 117 102 1 59 215 3 37 1 143 14 255 65 130 117 57 90 57 8 180 2 199 255 57 250 116 255 209 164 122 199 54 71 199 1 72 59 1 56 49 143 115 87 1 5 88 199 199 33 1 1 2 17 143 199 145 199 55 1 1 6 248 219 25 109 255 121 199 115 255 202 128 216 1 60 185 116 143 57 244 199 222 112 57 136 143 57 255 31 113 143 255 3 57 122 199 223 113 255 68 67 204 6 255 255 70 171 1 148 143 199 111 93 255 189 5 255 151 68 245 98 255 73 255 163 124 66 196 143 1 141 147 133 26 1 181 107 160 178 199 87 255 27 255 132 169 141 1 96 199 1 57 255 143 255 10 1 255 113 180 251 255 255 119 255 47 255 29 199 1 69 1 143 123 156 199 131 255 57 255 184 199 57 59 255 255 117 238 255 230 199 28 60 116 65 3 115 143 199 199 190 131 141 5 143 5 255 206 62 23 106 81 9 194 39 255 1 164 57 1 199 170 253 199 255 1 143 197 255 236 57 199 143 141 188 255 60 7 235 1 208 35 255 255 139 65 199 113 1 70 126 126 255 158 38 103 1 199 205 255 143 255 199 124 1 255 255 20 85 143 82 172 156 255 21 143 91 255 85 200 144 255 1 119 199 12 66 101 14 65 243 247 249 201 157 113 246 211 199 69 197 199 255 255 255 122 199 9 255 232 119 155 255 10 40 124 226 220 255 68 9 34 210 121 75 240 199 114 255 127 41 24 1 255 120 129 1 233 255 198 255 175 179 126 255 15 171 1 16 143 1 224 175 242 207 212 57 161 104 255 186 57 171 118 4 7 1 100 225 173 199 76 182 99 15 234 22 45 221 255 203 199 174 172 125 195 169 199 1 149 135 254 2 199 1 57 1 66 64 255 59 57 2 42 143 164 134 228 46 77 150 177 127 178 137 255 66 231 199 95 183 199 143 18 1 110 1 89 199 62 199 255 108 61 143 217 255 199 1 83 255 241 255 255 1 11 72 239 61 78 255 1 139 116 199 227 187 218 143 213 114 
c [Main] Lowest label SAT is set to 255.
c [Main] Kill higher label pid 256.
c [Label = 256] Encoding duration: 3401ms.
c [Label = 256] Number of clauses: 2814320.
c [Label = 256] Number of variables: 412688.
c [Signal] Signal interruption. Caught signal: SIGTERM (15).
c [Main] Child pid 256 - 1377061 terminated by signal 15.
c [Label = 254] Encoding duration: 3402ms.
c [Label = 254] Number of clauses: 2790219.
c [Label = 254] Number of variables: 410190.
c [Label = 254] Solving duration: 298466 ms.
s [Label = 254] SAT (w = 56).
Label assignment: 198 3 218 128 30 224 198 72 61 213 198 15 180 198 1 181 85 160 254 100 122 62 73 6 128 29 10 77 17 198 215 127 85 254 254 142 70 198 250 142 254 251 174 247 1 225 5 45 93 86 65 62 40 198 3 86 53 197 138 254 6 7 241 139 147 121 186 254 254 101 81 198 9 58 142 112 33 142 223 47 254 74 6 25 254 203 254 144 142 92 151 83 198 29 123 254 249 130 42 205 66 254 109 71 194 254 1 254 26 1 12 254 91 204 65 132 51 106 2 254 142 83 83 198 37 196 110 254 199 152 139 165 151 254 60 198 1 83 254 88 27 197 56 30 198 25 195 219 65 124 252 235 46 196 198 254 82 210 244 206 16 177 86 44 157 243 94 142 217 230 3 244 198 75 99 81 168 142 198 50 65 119 192 2 198 254 191 191 229 86 58 173 3 155 9 198 189 149 128 198 59 254 146 10 86 8 142 195 142 6 254 127 254 237 60 254 1 3 1 80 250 198 254 71 25 57 194 87 254 98 251 198 86 1 117 66 124 198 188 145 67 135 142 198 142 254 198 136 43 27 152 198 198 126 254 164 4 198 117 254 68 103 142 254 2 57 10 209 200 248 161 201 173 71 6 1 49 142 66 185 254 67 187 18 250 179 171 182 2 59 142 132 76 129 62 198 138 123 198 198 231 140 86 236 167 71 139 238 198 132 142 48 154 2 142 19 71 95 130 70 253 78 108 240 198 187 254 246 254 141 254 142 233 254 138 3 142 196 2 14 39 220 254 86 17 90 7 137 222 195 67 68 55 63 142 142 107 120 77 82 195 254 5 72 16 61 104 72 61 166 86 6 102 18 52 80 179 76 133 16 126 4 221 198 197 83 97 133 216 54 254 254 142 2 139 198 79 234 142 86 211 65 139 111 143 224 23 72 65 254 68 70 16 254 195 227 5 75 254 184 198 253 127 9 1 57 116 12 142 64 5 198 254 11 132 190 254 254 254 30 198 150 113 7 242 31 175 1 34 121 20 254 153 156 254 89 41 142 254 254 198 5 254 254 9 7 172 86 254 134 61 14 139 4 142 36 38 8 198 83 254 207 12 6 86 142 239 254 254 253 10 76 193 6 202 16 254 158 183 1 3 188 86 67 142 153 115 154 8 24 35 254 198 96 6 78 6 7 254 254 142 68 254 142 254 139 125 129 186 12 141 142 2 86 176 22 161 245 118 178 198 8 1 170 232 198 254 114 139 163 169 254 6 1 198 84 198 198 2 142 83 142 254 148 226 4 131 9 61 208 13 198 28 21 254 32 105 159 100 254 214 142 11 58 212 12 254 162 228 69 252 73 
c [Main] Lowest label SAT is set to 254.
c [Label = 253] Encoding duration: 3650ms.
c [Label = 253] Number of clauses: 2778168.
c [Label = 253] Number of variables: 408941.
c [Label = 253] Solving duration: 331412 ms.
s [Label = 253] SAT (w = 56).
Label assignment: 197 197 141 28 157 238 109 197 159 1 141 253 74 91 253 24 85 118 191 253 85 253 85 29 62 209 18 249 253 10 33 164 102 29 86 119 253 60 85 197 197 197 166 29 1 232 79 147 19 17 253 250 174 253 58 175 29 78 141 197 117 3 215 66 197 141 198 197 116 253 253 85 141 29 88 175 138 141 250 163 4 133 36 12 222 197 15 171 253 224 202 32 29 40 96 197 197 83 53 253 38 30 252 253 6 148 14 39 136 43 253 217 253 59 141 253 74 46 197 197 99 66 60 128 197 7 1 197 210 111 24 100 92 253 141 154 161 141 29 115 85 29 253 8 197 94 250 218 2 141 181 211 253 118 228 173 60 58 107 90 25 18 62 2 197 197 253 21 2 199 61 253 5 197 131 253 60 1 16 187 29 253 8 60 18 184 191 26 93 26 76 19 5 41 253 141 253 117 141 253 1 135 141 162 34 197 213 253 231 194 89 253 135 61 253 85 70 234 253 12 85 253 197 61 170 141 17 237 186 253 253 3 37 194 188 223 141 204 11 129 197 74 253 244 14 83 95 137 134 3 5 197 141 144 172 44 1 29 72 85 5 116 208 67 25 105 21 173 115 3 197 253 4 74 253 139 142 221 253 233 125 253 250 10 65 155 81 197 253 145 141 141 29 197 85 85 141 18 60 197 197 98 35 206 49 4 17 253 23 197 253 253 51 13 1 47 143 146 86 253 22 173 110 26 253 141 29 141 253 141 253 160 197 197 141 141 214 130 71 55 141 197 85 97 14 117 141 78 112 29 54 85 149 192 1 153 243 141 85 253 6 141 85 5 253 61 141 2 197 193 73 141 141 31 197 253 130 179 30 85 1 85 85 29 50 141 253 69 85 152 216 150 225 200 125 85 59 197 141 3 197 141 253 45 193 239 226 253 85 4 85 253 253 253 85 137 103 29 141 248 104 203 131 85 87 141 61 251 197 253 253 158 253 1 141 141 253 141 74 4 197 106 48 75 85 2 140 141 8 80 128 253 114 58 242 14 42 132 85 77 113 1 165 85 85 83 5 175 194 124 245 197 141 229 219 101 141 197 227 76 197 241 60 1 1 71 108 180 212 197 167 253 247 28 207 62 72 4 253 85 122 85 253 29 253 52 201 123 18 4 253 10 1 230 120 197 1 18 189 240 185 253 5 141 119 141 141 85 220 1 85 183 20 61 12 127 64 57 1 27 61 169 182 236 137 253 73 197 176 9 246 177 197 141 253 63 1 57 1 197 253 3 253 168 84 205 253 117 253 235 196 197 156 5 197 253 197 195 121 151 197 126 253 56 197 68 82 1 61 253 190 178 
c [Main] Lowest label SAT is set to 253.
c [Label = 251] Encoding duration: 3413ms.
c [Label = 251] Number of clauses: 2754067.
c [Label = 251] Number of variables: 406443.
c [Label = 251] Solving duration: 475157 ms.
s [Label = 251] SAT (w = 56).
Label assignment: 181 251 1 203 93 27 213 137 251 110 69 195 251 30 195 139 251 123 83 180 160 236 195 251 195 51 64 251 23 76 251 155 251 195 144 251 66 74 34 251 8 139 98 152 137 59 251 139 62 149 2 5 1 2 52 195 139 137 146 3 69 250 21 128 139 178 70 57 41 8 138 133 74 132 195 195 176 190 36 251 251 27 139 82 42 67 77 246 204 61 201 251 74 139 251 195 156 194 139 176 138 251 27 17 90 86 126 150 2 177 1 4 63 112 163 27 195 151 7 57 251 251 83 70 251 79 251 13 1 251 251 251 217 83 168 83 139 195 250 45 128 251 135 154 27 251 8 49 85 195 8 9 10 83 75 248 119 48 50 131 195 195 241 18 237 248 4 104 72 233 6 11 192 251 173 4 251 1 134 38 54 195 137 70 13 195 131 251 2 3 251 193 64 99 137 122 83 251 195 195 251 75 120 194 149 251 27 55 251 65 1 195 1 153 19 12 222 3 78 139 25 195 81 1 159 22 71 53 73 225 1 57 158 11 11 7 68 251 132 195 9 191 251 70 80 251 35 69 208 251 221 63 113 194 68 108 251 125 210 9 6 195 231 1 197 195 251 129 116 195 131 83 58 167 251 13 14 16 191 251 195 125 4 105 193 91 139 171 251 80 69 251 226 195 1 195 191 251 68 8 176 251 95 139 161 27 83 2 65 75 251 249 98 251 111 251 145 145 194 235 200 59 31 89 4 76 139 9 57 75 141 75 250 195 196 77 28 1 251 139 166 40 251 239 1 8 251 144 119 62 122 139 27 227 189 181 7 195 251 128 67 73 195 139 17 4 81 139 39 1 131 147 146 85 134 6 69 195 251 195 109 220 11 139 66 139 219 139 251 94 245 63 205 251 164 8 139 102 179 66 211 12 6 157 59 43 24 138 244 127 1 228 251 139 195 3 155 142 101 165 230 56 212 251 33 6 120 172 10 1 96 99 195 114 76 100 2 11 190 131 21 26 251 1 140 187 170 134 195 81 73 12 160 242 174 83 199 195 2 251 83 124 83 119 251 6 232 83 64 106 215 123 251 64 206 44 155 251 37 121 10 3 97 175 148 251 214 240 187 251 195 12 88 72 29 224 223 218 94 130 184 156 185 251 238 73 22 160 251 229 202 198 65 64 178 1 104 247 1 6 8 1 182 207 195 195 188 139 83 83 83 118 194 8 137 195 117 47 209 251 133 12 118 87 82 139 251 251 234 90 89 143 104 84 186 169 107 133 195 195 21 251 7 251 16 15 20 62 183 82 251 72 93 115 87 251 60 103 243 92 216 113 195 136 65 251 46 99 162 1 32 72 
c [Main] Lowest label SAT is set to 251.
c [Main] Kill higher label pid 252.
c [Label = 252] Encoding duration: 3548ms.
c [Label = 252] Number of clauses: 2766118.
c [Label = 252] Number of variables: 407692.
c [Signal] Signal interruption. Caught signal: SIGTERM (15).
c [Main] Child pid 252 - 1377523 terminated by signal 15.
c [Label = 249] Encoding duration: 3712ms.
c [Label = 249] Number of clauses: 2729966.
c [Label = 249] Number of variables: 403945.
c [Label = 249] Solving duration: 518028 ms.
s [Label = 249] SAT (w = 56).
Label assignment: 3 2 70 56 249 189 193 58 137 98 249 224 199 159 249 3 196 3 119 216 192 84 168 77 34 115 1 248 126 193 93 217 198 1 249 75 249 1 249 135 176 134 201 30 249 43 249 57 115 119 135 23 227 190 223 193 67 249 2 137 193 77 193 220 151 222 70 2 193 60 44 249 4 1 137 249 152 249 60 148 80 179 121 193 81 174 67 162 249 14 137 70 4 137 193 109 31 2 51 71 113 65 249 193 130 7 4 1 246 49 114 193 12 94 47 249 193 172 137 119 190 57 3 244 106 193 52 137 141 249 113 193 245 200 42 192 193 5 135 37 16 2 57 25 137 66 83 14 50 58 249 137 193 192 9 3 158 143 81 111 57 26 189 137 155 193 57 123 103 96 247 116 72 249 249 182 46 249 249 150 139 136 193 2 137 91 12 3 33 13 136 137 137 1 193 3 193 2 249 249 164 192 15 1 1 58 136 2 249 79 193 77 207 3 73 137 249 81 70 191 137 1 80 249 3 10 249 249 137 187 181 58 234 179 76 249 193 160 4 123 116 249 249 68 110 81 161 63 229 69 115 112 58 249 86 244 210 57 81 166 193 249 97 1 54 249 137 14 105 137 228 7 36 193 230 3 192 62 193 40 249 193 90 249 2 249 249 11 80 15 1 55 60 137 175 2 1 4 13 167 79 249 119 191 249 157 123 193 53 194 249 73 243 80 100 107 70 39 249 91 249 189 149 249 23 24 249 138 115 137 193 249 193 186 113 226 178 59 247 108 45 102 193 137 242 59 1 173 126 57 156 197 14 89 137 1 104 136 136 57 1 249 63 118 80 193 249 113 193 192 59 241 1 35 81 81 249 41 128 119 204 80 249 193 232 2 87 136 177 249 57 133 63 81 125 193 67 249 249 129 145 130 225 206 184 249 233 193 60 132 237 137 1 67 1 127 249 249 59 23 3 208 249 195 193 191 212 221 185 18 137 122 193 134 137 249 193 193 172 137 6 236 124 57 249 38 120 1 238 249 172 144 207 160 81 2 85 3 137 62 193 28 1 170 249 193 19 48 27 58 188 61 123 190 92 32 1 67 57 81 136 59 101 231 219 249 29 95 209 137 1 137 72 193 117 57 116 99 88 249 153 4 249 4 249 211 193 203 193 239 64 163 5 171 215 114 22 3 249 59 11 142 59 2 193 193 214 193 70 78 249 15 80 193 21 123 165 147 135 1 1 9 213 205 1 176 67 193 99 130 59 1 4 1 72 183 245 17 68 74 179 235 140 182 249 240 137 137 193 180 249 137 249 131 57 82 9 154 65 8 146 1 60 1 169 202 218 1 249 137 3 20 
c [Main] Lowest label SAT is set to 249.
c [Main] Kill higher label pid 250.
c [Label = 250] Encoding duration: 3413ms.
c [Label = 250] Number of clauses: 2742017.
c [Label = 250] Number of variables: 405194.
c [Signal] Signal interruption. Caught signal: SIGTERM (15).
c [Main] Child pid 250 - 1377535 terminated by signal 15.
c [Label = 243] Encoding duration: 3402ms.
c [Label = 243] Number of clauses: 2657663.
c [Label = 243] Number of variables: 396451.
c [Signal] Signal interruption. Caught signal: SIGTERM (15).
c [Label = 241] Encoding duration: 3281ms.
c [Label = 241] Number of clauses: 2633562.
c [Label = 241] Number of variables: 393953.
c [Signal] Signal interruption. Caught signal: SIGTERM (15).
c [Label = 245] Encoding duration: 3294ms.
c [Label = 245] Number of clauses: 2681764.
c [Label = 245] Number of variables: 398949.
c [Signal] Signal interruption. Caught signal: SIGTERM (15).
c [Label = 246] Encoding duration: 3185ms.
c [Label = 246] Number of clauses: 2693815.
c [Label = 246] Number of variables: 400198.
c [Signal] Signal interruption. Caught signal: SIGTERM (15).
c [Label = 244] Encoding duration: 3373ms.
c [Label = 244] Number of clauses: 2669714.
c [Label = 244] Number of variables: 397700.
c [Signal] Signal interruption. Caught signal: SIGTERM (15).
c [Label = 247] Encoding duration: 3299ms.
c [Label = 247] Number of clauses: 2705865.
c [Label = 247] Number of variables: 401447.
c [Signal] Signal interruption. Caught signal: SIGTERM (15).
c [Label = 248] Encoding duration: 3436ms.
c [Label = 248] Number of clauses: 2717916.
c [Label = 248] Number of variables: 402696.
c [Signal] Signal interruption. Caught signal: SIGTERM (15).
c [Main] Lim pid ends with result: 254.
c [Main] All children have completed.
r [Main] 
r [Main] Final results: 
r [Main] Lowest label SAT:  	249.
r [Main] Highest label UNSAT:	-.
r [Main] Total real time: 1812930 ms.
r [Main] Total memory consumed: 8744.1 MB.
r [Main] 
c [Label = 242] Encoding duration: 3156ms.
c [Label = 242] Number of clauses: 2645613.
c [Label = 242] Number of variables: 395202.
c [Signal] Signal interruption. Caught signal: SIGTERM (15).
