c [Version] Minimize Makespan Labeling Encoder version 1.0.0.
c [Param] LB is predefined as 181.
c [Param] UB is predefined as 638.
c [Param] Memory limit is set to 30000.
c [Param] Real time limit is set to 1800.
c [Main] Search strategy: Incremental from upper bound.
c [Main] Encoding and solving for graph: O-impcol_d.mtx.rnd.
c [Incremental] Minimize Makespan Labeling Antibandwidth problem (O-impcol_d.mtx.rnd):
c [Incremental] Encoding starts with target value = 180:
c [Incremental] Encoding duration: 5433ms.
c [Incremental] Number of clauses: 4662461.
c [Incremental] Number of variables: 742940.
c [Incremental] Solving for max label = 638:
c [Incremental] Solving duration: 430862 ms.
s [Incremental] SAT (label = 638).
Label assignment: 602 359 4 49 79 70 572 2 47 195 263 31 143 42 267 266 129 331 411 575 363 512 18 607 552 301 204 544 387 10 550 377 604 241 20 430 265 381 38 600 189 275 394 398 447 304 542 280 450 476 86 556 357 46 524 183 597 632 325 271 259 373 461 91 449 591 549 539 614 543 252 630 24 335 339 379 589 260 32 378 207 43 545 214 223 570 623 145 593 22 323 626 332 273 69 99 553 546 573 247 629 72 466 425 13 382 12 389 261 432 198 213 151 318 65 477 352 232 165 37 454 238 187 174 71 628 566 582 342 233 178 17 504 559 279 270 613 206 404 413 172 563 383 605 445 256 272 30 580 78 358 62 345 426 633 453 532 283 184 433 551 217 616 555 5 369 584 90 40 497 407 82 581 414 372 627 154 41 8 631 344 285 246 326 6 225 611 511 603 186 222 51 596 375 231 205 45 250 412 209 385 282 61 258 578 592 448 634 63 401 39 585 436 228 56 558 621 254 537 221 531 68 374 239 415 191 290 386 460 577 459 525 588 1 208 224 3 428 534 610 338 268 58 89 384 509 636 341 55 424 406 188 84 74 203 87 446 442 418 212 443 565 376 251 248 199 210 215 59 368 569 33 601 269 388 7 587 598 547 26 554 29 540 54 615 75 14 242 264 34 102 67 16 571 262 576 50 350 451 57 452 625 548 153 52 21 348 510 564 530 192 583 435 196 48 444 314 624 201 216 274 116 229 441 568 255 371 617 535 81 35 95 160 237 193 567 400 278 635 83 249 391 419 126 340 420 590 80 586 25 612 179 608 15 434 240 367 88 562 557 53 23 103 276 606 60 73 619 36 618 76 19 427 317 538 637 353 536 77 180 287 541 182 362 594 622 392 100 527 220 528 522 574 560 230 620 235 529 9 234 66 416 405 599 85 64 27 44 219 28 257 437 164 236 11 125 354 463 396 609 243 595 365 533 561 
c [Incremental] Max used label: 637.
c [Incremental] Label 638 is removed from searching.
c [Incremental] Label 637 is removed from searching.
c [Incremental] Solving for max label = 636:
c [Incremental] Solving duration: 680 ms.
s [Incremental] SAT (label = 636).
Label assignment: 602 359 4 49 79 70 572 2 47 195 263 31 143 42 267 266 129 331 411 575 363 512 18 607 552 301 204 544 387 10 550 377 604 241 20 430 265 381 38 600 189 275 394 398 447 304 542 280 450 476 86 556 357 46 524 183 597 632 325 271 259 373 461 91 449 591 549 539 614 543 252 630 24 335 339 379 589 260 32 378 207 43 545 214 223 570 623 145 593 22 323 626 332 273 69 99 553 546 573 247 629 72 466 425 13 382 12 389 261 432 198 213 151 318 65 477 352 232 165 37 454 238 187 174 71 628 566 582 342 233 178 17 504 559 279 270 613 206 404 413 172 563 383 605 445 256 272 30 580 78 358 62 345 426 633 453 532 283 184 433 551 217 616 555 5 369 584 90 40 497 407 82 581 414 372 627 154 41 8 631 344 285 246 326 6 225 611 511 603 186 222 51 596 375 231 205 45 250 412 209 385 282 61 258 578 592 448 634 63 401 39 585 436 228 56 558 621 254 537 221 531 68 374 239 415 191 290 386 460 577 459 525 588 1 208 224 3 428 534 610 338 268 58 89 384 509 636 341 55 424 406 188 84 74 203 87 446 442 418 212 443 565 376 251 248 199 210 215 59 368 569 33 601 269 388 7 587 598 547 26 554 29 540 54 615 75 14 242 264 34 102 67 16 571 262 576 50 350 451 57 452 625 548 153 52 21 348 510 564 530 192 579 435 196 48 444 314 624 201 216 274 116 229 441 568 255 371 617 535 81 35 95 160 237 193 567 400 278 635 83 249 391 419 126 340 420 583 80 590 25 612 179 608 15 434 240 367 88 562 557 53 23 103 276 606 60 73 619 36 618 76 19 427 317 538 620 353 536 77 180 287 541 182 362 594 622 392 100 527 220 528 522 574 560 230 595 235 529 9 234 66 416 405 599 85 64 27 44 219 28 257 437 164 236 11 125 354 463 396 609 243 586 365 533 561 
c [Incremental] Max used label: 636.
c [Incremental] Label 636 is removed from searching.
c [Incremental] Solving for max label = 635:
c [Incremental] Solving duration: 50777 ms.
s [Incremental] SAT (label = 635).
Label assignment: 602 274 389 4 607 78 572 72 433 398 279 31 143 2 351 267 42 149 411 574 343 621 109 189 558 301 204 513 387 10 546 377 604 241 20 431 265 381 18 600 383 190 394 98 70 250 542 352 449 225 333 272 277 46 524 79 589 632 313 38 268 339 538 255 557 614 528 553 559 533 630 43 24 357 137 257 446 262 271 170 207 32 496 247 236 549 628 145 562 13 275 22 332 561 447 45 534 502 458 263 629 82 466 422 85 37 440 330 366 554 456 217 151 136 99 556 355 232 12 576 580 238 194 121 66 597 591 413 342 218 154 578 527 581 410 211 610 626 404 402 171 566 385 605 437 560 283 74 62 65 334 455 261 266 30 471 544 356 191 439 503 251 616 603 63 202 584 5 40 511 633 8 563 407 374 627 176 76 41 631 370 80 6 326 415 349 611 569 573 596 197 49 583 168 231 226 51 258 200 205 390 593 61 253 570 588 634 213 155 93 233 582 436 452 564 623 613 188 457 256 577 68 435 239 429 138 69 408 369 567 393 525 532 1 358 230 11 403 547 224 338 450 384 336 259 459 83 367 57 34 406 395 84 3 203 144 462 443 418 601 460 598 92 280 249 592 210 428 59 215 519 33 535 119 199 7 585 568 615 29 543 25 550 54 26 101 58 252 264 67 273 77 169 587 175 510 39 350 442 56 463 624 548 153 52 21 348 498 625 537 192 504 430 196 48 448 314 635 201 216 397 116 229 441 594 248 206 612 500 81 35 75 160 237 174 617 178 281 400 97 254 391 419 126 340 426 586 454 590 15 245 94 618 14 373 240 177 270 461 545 23 414 44 571 608 60 88 619 438 620 73 19 622 317 599 579 354 499 71 417 287 497 376 362 526 606 392 100 540 221 565 27 595 575 220 529 235 530 16 209 278 531 416 609 55 87 36 47 86 28 324 396 227 182 9 505 320 536 405 234 53 539 172 260 551 
c [Incremental] Max used label: 635.
c [Incremental] Label 635 is removed from searching.
c [Incremental] Solving for max label = 634:
c [Incremental] Solving duration: 955 ms.
s [Incremental] SAT (label = 634).
Label assignment: 602 274 389 42 87 166 572 72 433 379 279 4 143 2 351 424 31 149 411 574 343 610 109 241 591 301 204 513 387 265 450 10 604 352 20 431 427 381 18 600 363 190 124 98 70 250 632 478 437 557 333 272 277 46 524 78 589 621 313 38 268 339 538 255 614 559 528 552 553 533 214 24 630 357 137 257 439 207 322 170 165 32 496 247 236 549 398 328 562 13 275 581 82 561 443 45 534 378 446 223 629 22 466 628 85 37 440 330 366 432 456 217 151 136 99 556 355 359 17 580 576 238 194 118 66 603 501 470 342 218 141 578 527 605 377 626 239 12 404 402 171 566 385 447 445 560 232 74 62 65 321 607 259 256 30 471 429 356 191 374 503 251 616 597 63 79 584 5 40 511 633 6 554 407 410 222 176 563 41 244 370 76 55 326 421 349 611 569 573 623 197 49 583 168 226 69 51 596 634 205 390 290 588 253 570 449 231 188 155 271 233 582 436 452 507 593 613 47 564 89 577 68 435 246 412 138 441 263 369 567 400 525 532 1 509 224 8 401 547 242 338 442 261 336 258 388 83 367 57 35 420 395 84 228 203 144 212 598 418 601 460 592 92 280 249 494 320 428 59 215 519 33 535 77 199 11 585 568 615 29 543 25 550 54 26 101 58 252 264 67 91 7 193 587 56 510 50 451 438 52 416 624 548 153 28 16 348 498 625 537 192 504 430 196 48 448 314 405 201 184 372 116 229 444 594 248 206 612 500 81 36 75 160 237 174 617 178 281 391 39 254 346 419 126 340 426 586 590 565 15 245 94 618 14 373 240 177 622 461 269 23 414 103 571 234 44 88 619 403 608 73 19 620 317 599 579 423 499 97 406 209 497 434 362 526 606 392 27 540 221 544 409 595 575 220 454 227 530 3 219 266 531 422 609 71 86 34 21 64 558 324 396 80 182 9 505 298 536 397 235 53 243 172 260 551 
c [Incremental] Max used label: 634.
c [Incremental] Label 634 is removed from searching.
c [Incremental] Solving for max label = 633:
c [Incremental] Solving duration: 650 ms.
s [Incremental] SAT (label = 633).
Label assignment: 602 274 389 42 87 166 572 72 433 398 279 4 143 2 351 424 31 149 411 574 343 610 109 241 591 301 204 513 387 265 450 10 604 352 20 431 427 381 18 600 363 190 124 98 70 250 632 478 437 557 333 272 277 46 524 78 589 621 313 38 268 339 538 255 614 559 528 552 553 533 214 24 630 357 137 257 439 207 322 170 165 32 496 247 236 549 399 328 562 13 275 581 82 561 443 45 534 378 446 223 629 22 466 628 85 37 440 330 366 432 456 217 151 136 99 556 355 359 17 580 576 238 194 118 66 603 501 470 342 218 141 578 527 605 377 626 239 12 404 402 171 566 385 447 445 560 232 74 62 65 321 607 259 256 30 471 429 356 191 374 503 251 616 597 63 79 584 5 40 511 633 6 554 407 410 222 176 563 41 244 370 76 55 326 421 349 611 569 573 623 197 49 583 168 226 69 51 596 213 205 390 290 588 253 570 449 231 188 155 271 233 582 436 452 507 593 613 47 564 89 577 68 435 246 412 138 441 263 369 567 400 525 532 1 509 224 8 401 547 242 338 442 261 336 258 388 83 367 57 35 420 395 84 228 203 144 212 598 418 601 460 592 92 280 249 494 320 428 59 215 519 33 535 77 199 11 585 568 615 25 543 140 550 54 26 101 58 252 264 67 91 7 193 587 56 510 50 451 438 52 416 624 548 153 28 16 348 498 625 537 192 504 430 196 48 448 314 405 201 184 372 116 229 444 594 248 324 612 500 81 36 75 160 237 174 617 178 281 391 39 254 346 419 126 340 426 586 590 565 15 245 94 618 14 373 240 177 622 461 269 23 414 103 571 619 44 88 558 403 608 73 19 620 317 599 579 423 499 96 406 209 497 434 362 526 606 392 27 540 221 544 409 595 575 220 454 227 530 3 219 266 531 422 609 71 86 34 21 64 29 276 396 80 182 9 505 298 536 397 235 53 243 172 260 551 
c [Incremental] Max used label: 633.
c [Incremental] Label 633 is removed from searching.
c [Incremental] Solving for max label = 632:
c [Incremental] Solving duration: 645 ms.
s [Incremental] SAT (label = 632).
Label assignment: 602 274 389 42 87 166 572 72 433 398 279 4 143 2 351 424 31 149 411 574 343 610 109 241 591 301 204 513 387 265 450 10 604 352 20 431 427 381 18 600 363 190 124 98 70 250 632 478 437 557 333 272 277 46 524 78 589 621 313 38 268 339 538 255 614 559 528 552 553 533 214 24 630 357 137 257 439 207 322 170 165 32 496 247 236 549 399 328 562 13 275 581 82 561 443 45 534 378 446 223 629 22 466 628 85 37 440 330 366 432 456 217 151 136 99 556 355 359 17 580 576 238 194 118 66 603 501 470 342 218 141 578 527 605 377 626 239 12 404 402 171 566 385 447 445 560 232 74 62 65 321 607 259 256 30 471 429 356 191 374 503 251 616 597 63 79 584 5 40 511 627 6 554 407 410 222 176 563 41 244 370 76 55 326 421 349 611 569 573 623 197 49 583 168 226 69 51 596 213 205 390 290 588 253 570 449 231 188 155 271 233 582 436 452 507 593 613 47 564 89 577 68 435 246 412 138 441 263 369 567 400 525 532 1 509 224 8 401 547 242 338 442 261 336 258 388 83 367 57 35 420 395 84 228 203 144 212 598 418 601 460 592 92 280 249 494 320 428 59 215 519 33 535 77 199 11 585 568 615 25 543 140 550 54 26 101 58 252 264 67 91 7 193 587 56 510 50 451 438 52 416 624 548 153 28 16 348 498 625 537 192 504 430 196 48 448 314 405 201 184 372 116 229 444 594 248 324 612 500 81 36 75 160 237 174 617 178 281 391 39 254 346 419 126 340 426 586 590 565 15 245 94 618 14 373 240 177 622 461 269 23 414 103 571 619 44 88 558 403 608 73 19 620 317 599 579 423 499 96 406 209 497 434 362 526 606 392 27 540 221 544 409 595 575 220 454 227 530 3 219 266 531 422 609 71 86 34 21 64 29 276 396 80 182 9 505 298 536 397 235 53 243 172 260 551 
c [Incremental] Max used label: 632.
c [Incremental] Label 632 is removed from searching.
c [Incremental] Solving for max label = 631:
c [Incremental] Solving duration: 656 ms.
s [Incremental] SAT (label = 631).
Label assignment: 602 274 389 42 87 166 572 72 433 398 279 4 143 2 351 424 31 149 411 574 343 610 109 241 591 301 204 513 387 265 450 10 604 352 20 431 427 381 18 600 363 190 124 98 70 250 631 478 437 557 333 272 277 46 524 78 589 621 313 38 268 339 538 255 614 559 528 552 553 533 214 24 630 357 137 257 439 207 322 170 165 32 496 247 236 549 399 328 562 13 275 581 82 561 443 45 534 378 446 223 629 22 466 628 85 37 440 330 366 432 456 217 151 136 99 556 355 359 17 580 576 238 194 118 66 603 501 470 342 218 141 578 527 605 377 626 239 12 404 402 171 566 385 447 445 560 232 74 62 65 321 607 259 256 30 471 429 356 191 374 503 251 616 597 63 79 584 5 40 511 627 6 554 407 410 222 176 563 41 244 370 76 55 326 421 349 611 569 573 623 197 49 583 168 226 69 51 596 213 205 390 290 588 253 570 449 231 188 155 271 233 582 436 452 507 593 613 47 564 89 577 68 435 246 412 138 441 263 369 567 400 525 532 1 509 224 8 401 547 242 338 442 261 336 258 388 83 367 57 35 420 395 84 228 203 144 212 598 418 601 460 592 92 280 249 494 320 428 59 215 519 33 535 77 199 11 585 568 615 25 543 140 550 54 26 101 58 252 264 67 91 7 193 587 56 510 50 451 438 52 416 624 548 153 28 16 348 498 625 537 192 504 430 196 48 448 314 405 201 184 372 116 229 444 594 248 324 612 500 81 36 75 160 237 174 617 178 281 391 39 254 346 419 126 340 426 586 590 565 15 245 94 618 14 373 240 177 622 461 269 23 414 103 571 619 44 88 558 403 608 73 19 620 317 599 579 423 499 96 406 209 497 434 362 526 606 392 27 540 221 544 409 595 575 220 454 227 530 3 219 266 531 422 609 71 86 34 21 64 29 276 396 80 182 9 505 298 536 397 235 53 243 172 260 551 
c [Incremental] Max used label: 631.
c [Incremental] Label 631 is removed from searching.
c [Incremental] Solving for max label = 630:
c [Incremental] Solving duration: 25722 ms.
s [Incremental] SAT (label = 630).
Label assignment: 602 316 6 42 82 166 572 74 433 398 389 4 90 31 383 424 129 149 411 565 343 610 109 232 591 379 192 517 375 267 450 18 604 261 32 431 427 366 10 600 363 189 72 98 2 266 535 312 437 557 337 296 277 46 533 177 589 621 313 38 264 380 20 255 614 559 525 542 553 537 250 24 630 358 137 260 439 207 322 174 195 43 496 247 241 573 399 328 548 13 275 581 80 534 539 45 579 378 458 223 629 22 466 443 628 37 440 330 364 432 456 217 151 136 99 549 353 257 17 184 580 236 202 118 66 603 501 538 342 171 141 578 526 605 377 211 625 12 393 402 172 367 552 626 445 560 421 69 62 65 321 607 259 333 30 471 584 349 191 320 503 256 616 597 63 86 592 5 40 470 627 569 516 407 410 222 150 550 49 244 270 76 41 326 415 350 611 577 554 623 205 70 583 152 226 81 51 524 197 213 390 357 58 253 351 449 231 33 158 271 233 582 436 536 511 593 613 47 457 83 556 68 435 239 412 246 441 263 354 555 506 523 532 25 509 224 11 401 551 242 338 442 243 336 359 388 85 365 57 423 371 198 88 228 180 200 212 598 418 587 571 568 92 280 249 494 252 428 59 384 519 34 601 56 216 1 585 566 615 29 543 71 528 64 54 101 55 178 268 67 91 26 193 570 61 510 50 89 438 52 230 624 547 170 28 48 16 395 594 540 182 504 430 155 416 448 314 405 186 185 361 116 229 444 60 248 324 612 500 87 8 79 160 237 258 617 156 281 391 39 254 346 419 173 340 426 596 590 561 15 245 94 618 14 373 240 126 622 332 269 23 414 103 563 619 44 84 558 403 608 73 3 620 317 588 576 360 499 96 7 209 562 434 362 564 606 374 100 508 194 544 409 599 575 220 527 227 530 586 219 278 531 422 609 153 77 36 21 513 27 276 396 78 221 372 505 298 529 397 235 53 574 234 262 507 
c [Incremental] Max used label: 630.
c [Incremental] Label 630 is removed from searching.
c [Incremental] Solving for max label = 629:
c [Incremental] Solving duration: 36889 ms.
s [Incremental] SAT (label = 629).
Label assignment: 602 316 6 42 84 166 572 57 411 398 389 4 90 31 383 424 129 149 453 565 343 581 109 232 591 379 192 517 375 265 443 18 604 250 74 431 427 381 10 600 363 189 72 98 2 266 498 312 437 557 46 296 277 32 533 177 589 621 313 225 267 380 20 45 610 559 481 542 553 525 323 24 625 335 137 260 446 207 322 174 195 43 496 247 241 573 399 342 548 13 333 37 80 534 539 58 579 439 458 223 629 22 466 433 628 52 440 330 364 432 455 217 151 347 99 556 353 238 17 184 603 236 202 118 66 208 501 538 318 211 141 578 526 605 377 218 614 12 393 402 172 584 385 626 444 560 421 69 65 615 321 607 259 356 30 452 550 349 191 320 503 264 616 597 63 85 592 5 40 470 627 569 516 407 410 222 150 546 49 244 270 76 41 326 415 350 611 459 577 623 205 53 583 152 226 81 82 524 197 213 390 357 62 253 562 445 231 33 158 271 239 582 429 536 511 593 613 47 535 117 554 59 435 246 412 138 441 263 354 555 506 523 532 25 509 224 11 401 551 242 338 442 35 44 359 388 86 365 55 423 371 198 88 228 180 200 212 598 418 587 571 568 92 280 243 494 252 428 61 384 519 34 601 233 216 1 585 566 543 29 552 71 528 64 70 101 56 178 268 67 91 26 193 570 254 549 50 89 438 54 230 624 547 170 28 48 16 447 594 540 182 504 430 155 416 448 314 405 201 185 361 116 229 449 595 248 324 612 500 87 8 79 160 237 258 617 156 281 417 39 249 346 419 173 340 426 596 590 561 15 245 94 618 14 358 240 126 622 332 328 23 414 103 563 619 51 83 558 395 608 73 3 620 317 588 576 360 499 96 19 209 545 406 362 564 606 392 7 508 194 544 409 599 575 220 527 227 530 586 219 278 531 422 609 153 77 36 27 537 60 276 396 78 179 9 505 298 529 397 221 21 574 234 262 507 
c [Incremental] Max used label: 629.
c [Incremental] Label 629 is removed from searching.
c [Incremental] Solving for max label = 628:
c [Incremental] Solving duration: 624794 ms.
s [Incremental] SAT (label = 628).
Label assignment: 224 577 272 86 58 533 553 48 248 413 437 32 60 8 31 408 27 120 235 359 249 423 109 66 550 91 117 556 369 204 208 3 407 415 33 410 394 390 619 223 106 115 542 170 337 532 207 526 582 511 353 566 443 11 504 609 573 613 214 72 409 75 343 253 361 524 349 488 421 546 441 10 388 378 137 64 219 615 25 176 116 420 513 51 82 340 425 230 232 231 498 162 24 327 203 84 299 569 584 557 37 53 347 233 179 206 245 362 94 377 495 586 198 150 257 323 368 507 73 537 440 210 399 49 69 587 538 391 590 79 626 603 199 624 266 402 576 543 419 616 164 384 564 44 250 76 432 56 485 57 264 212 572 405 26 319 221 568 189 445 185 30 439 465 42 411 15 151 6 473 518 83 389 393 35 589 19 258 539 61 241 601 608 174 247 508 228 594 570 497 46 252 218 161 438 21 14 152 12 226 379 571 87 622 565 600 575 265 541 23 591 16 237 225 460 466 68 401 216 78 561 430 9 447 614 342 71 348 544 549 200 581 555 341 375 478 382 350 558 500 412 374 554 269 424 268 55 365 43 260 396 188 40 602 118 540 588 242 506 213 618 563 166 352 65 386 77 246 196 4 355 47 261 89 598 579 599 238 50 403 444 449 502 597 625 547 604 67 611 468 205 22 85 195 165 593 178 387 433 442 612 578 18 376 52 1 154 435 303 370 236 545 259 34 628 229 81 28 180 595 620 605 426 240 95 617 168 583 458 431 239 2 5 227 20 574 131 92 222 251 610 332 607 13 187 201 181 354 560 45 29 177 585 192 160 7 62 193 392 567 381 300 171 351 552 627 74 54 243 167 163 436 428 551 446 580 519 367 623 271 244 254 169 255 397 562 360 175 358 38 286 98 548 380 209 404 621 385 429 17 100 234 296 416 88 592 41 59 606 262 93 398 39 63 366 455 256 215 406 36 217 70 90 194 596 
c [Incremental] Max used label: 628.
c [Incremental] Label 628 is removed from searching.
c [Incremental] Solving for max label = 627:
c [Incremental] Solving duration: 24931 ms.
s [Incremental] SAT (label = 627).
Label assignment: 223 577 336 81 56 553 538 48 240 409 603 32 37 8 58 407 27 132 339 268 249 437 109 62 542 112 117 541 369 204 208 11 372 417 43 448 394 390 619 242 94 115 476 170 300 532 420 552 582 511 353 566 443 55 504 609 573 613 214 72 415 87 197 253 361 524 349 488 424 534 440 10 388 378 137 68 219 615 601 186 116 418 427 33 107 267 425 243 224 232 498 162 24 327 207 82 347 569 584 557 31 61 298 235 25 206 248 371 120 377 400 586 198 150 345 323 299 507 73 536 421 191 399 76 69 587 540 555 554 79 626 572 391 3 263 402 576 558 419 616 119 384 564 44 590 118 432 178 551 177 266 212 578 444 30 362 203 568 189 571 185 39 439 465 180 442 15 151 6 473 518 389 395 393 52 575 21 258 544 64 241 174 608 173 246 508 228 624 570 497 42 230 218 161 600 14 36 152 12 226 379 374 91 408 562 622 574 184 450 200 23 16 591 225 460 466 35 405 237 78 561 221 9 477 602 265 71 337 535 549 199 222 430 341 387 478 382 302 559 500 413 375 531 318 426 272 65 322 614 260 396 188 594 589 133 550 588 244 506 213 416 565 166 236 41 386 77 611 196 4 355 46 261 131 598 581 599 238 51 211 445 579 502 597 625 543 604 60 412 468 18 20 83 195 165 53 210 231 433 593 612 563 49 136 54 1 86 435 363 370 233 547 259 38 556 617 22 28 127 595 610 605 422 620 85 403 88 539 458 229 239 2 5 190 40 583 176 13 220 251 404 332 607 75 187 201 202 269 546 29 45 175 585 192 160 7 66 193 537 548 381 313 171 351 431 627 74 50 257 181 163 436 428 494 446 580 545 306 623 271 234 254 169 255 397 567 307 179 358 34 274 89 560 447 209 423 621 385 429 17 100 270 296 376 92 606 19 63 264 297 84 383 26 59 321 455 256 215 406 57 247 47 90 592 596 
c [Incremental] Max used label: 627.
c [Incremental] Label 627 is removed from searching.
c [Incremental] Solving for max label = 626:
c [Incremental] Solving duration: 542 ms.
s [Incremental] SAT (label = 626).
Label assignment: 223 577 336 81 56 553 538 48 240 409 603 32 37 8 58 407 27 132 339 268 249 437 109 62 542 112 117 541 369 204 208 11 372 417 43 448 394 390 619 242 94 115 476 170 300 532 420 552 582 511 353 566 443 55 504 609 573 613 214 72 415 87 197 253 361 524 349 488 424 534 440 10 388 378 137 68 219 615 601 186 116 418 427 33 107 267 425 243 224 232 498 162 24 327 207 82 347 569 584 557 31 61 298 235 25 206 248 371 120 377 400 586 198 150 345 323 299 507 73 536 421 191 399 76 69 587 540 555 554 79 626 572 391 3 263 402 576 558 419 616 119 384 564 44 590 118 432 178 551 177 266 212 578 444 30 362 203 568 189 571 185 39 439 465 180 442 15 151 6 473 518 389 395 393 52 575 21 258 544 49 241 174 608 173 246 508 228 624 570 497 42 230 218 161 600 14 36 152 12 226 379 374 91 408 562 622 574 184 450 200 23 16 591 225 460 466 35 405 237 78 561 221 9 477 602 265 71 337 535 549 199 222 430 341 387 478 382 302 559 500 413 375 531 318 426 272 65 322 614 260 396 188 594 589 133 550 588 244 506 213 416 565 166 236 41 386 77 611 196 4 355 46 261 131 598 581 599 238 51 211 445 579 502 597 625 543 604 60 412 468 18 20 83 195 165 63 210 231 433 593 612 563 47 136 54 1 86 435 363 370 233 547 259 38 556 617 22 28 127 595 610 605 422 620 85 403 88 539 458 227 239 2 5 190 29 583 176 13 220 251 404 332 607 75 187 201 53 269 546 45 67 175 585 192 160 7 66 193 537 548 381 313 171 351 431 234 74 50 257 181 163 436 428 494 446 580 545 306 623 271 229 254 169 255 397 567 307 179 358 34 274 89 560 447 209 423 621 385 429 17 100 270 296 376 92 606 19 64 264 297 84 383 26 59 321 455 256 215 406 57 247 40 90 592 596 
c [Incremental] Max used label: 626.
c [Incremental] Label 626 is removed from searching.
c [Incremental] Solving for max label = 625:
c [Incremental] Solving duration: 555 ms.
s [Incremental] SAT (label = 625).
Label assignment: 223 577 336 81 56 553 538 48 240 409 603 32 37 8 58 407 27 132 339 268 249 437 109 62 542 112 117 541 369 204 208 11 372 417 43 448 394 390 619 242 94 115 476 170 300 532 420 552 582 511 353 566 443 55 504 609 573 613 214 72 415 87 197 253 361 524 349 488 424 534 440 10 388 378 137 68 219 615 601 186 116 418 427 33 107 267 425 243 224 232 498 162 24 327 207 82 347 569 584 557 31 61 298 235 25 206 248 371 120 377 400 586 198 150 345 323 299 507 73 536 421 191 399 76 69 587 540 555 554 79 85 572 391 3 263 402 576 558 419 616 119 384 564 44 590 118 432 178 551 177 266 212 578 444 30 362 203 568 189 571 185 39 439 465 180 442 15 151 6 473 518 389 395 393 52 575 21 258 544 49 241 174 608 173 246 508 228 624 570 497 42 230 218 161 600 14 36 152 12 226 379 374 91 408 562 622 574 184 450 200 23 16 591 225 460 466 35 405 237 78 561 221 9 477 602 265 71 337 535 549 199 222 430 341 387 478 382 302 559 500 413 375 531 318 426 272 65 322 614 260 396 188 594 589 133 550 618 244 506 213 416 565 166 236 41 386 77 611 196 4 355 46 261 131 598 581 599 238 51 211 445 579 502 597 625 543 604 60 412 468 18 20 83 195 165 63 210 231 433 593 612 563 47 136 54 1 86 435 363 370 233 547 259 38 556 595 22 28 127 588 610 605 422 617 80 403 88 539 458 227 239 2 5 190 29 583 176 13 220 251 404 332 607 75 187 201 53 269 546 45 67 175 585 192 620 7 66 193 537 548 381 313 171 351 431 234 74 50 257 181 163 436 428 494 446 580 545 306 623 271 229 254 169 255 397 567 307 179 358 34 274 89 560 447 209 423 621 385 429 17 100 270 296 376 92 606 19 64 264 297 84 383 26 59 321 455 256 215 406 57 247 40 90 592 596 
c [Incremental] Max used label: 625.
c [Incremental] Label 625 is removed from searching.
c [Incremental] Solving for max label = 624:
c [Incremental] Solving duration: 556 ms.
s [Incremental] SAT (label = 624).
Label assignment: 223 577 336 81 56 553 538 48 240 408 603 32 37 8 58 407 27 132 339 270 249 437 109 62 542 112 117 541 369 204 208 11 372 417 43 448 394 390 619 242 94 115 476 170 300 463 415 552 582 511 353 566 420 55 504 609 573 613 214 73 411 87 197 253 361 524 349 488 424 534 440 10 388 378 137 68 252 615 601 186 116 418 427 33 107 267 425 243 224 232 498 162 24 327 207 82 347 569 584 557 31 61 298 235 25 206 248 371 120 377 400 586 198 150 345 323 299 507 77 536 421 191 399 76 171 587 540 555 554 79 85 572 391 3 263 402 576 558 419 616 119 384 564 44 590 118 432 178 551 177 268 212 578 443 30 362 203 568 189 571 250 39 439 465 180 442 15 151 6 473 518 389 395 393 21 575 72 269 544 49 241 174 608 173 246 508 228 624 570 497 42 230 218 161 600 14 36 152 12 226 379 374 91 405 565 622 574 184 453 200 23 16 591 225 460 466 45 69 237 89 561 221 9 477 602 265 71 337 535 549 199 266 430 341 387 478 382 302 559 500 413 375 531 318 426 272 65 322 614 260 396 188 589 533 133 550 594 244 506 213 416 618 166 236 35 386 41 611 196 4 355 46 239 131 598 581 599 238 51 211 445 579 502 597 623 543 604 60 409 468 18 20 83 195 165 63 210 231 433 593 612 562 47 136 54 1 86 435 363 370 215 547 259 38 556 595 22 28 127 588 610 605 422 617 80 403 88 539 458 227 233 70 5 190 2 583 176 13 220 251 404 332 607 75 187 201 53 264 546 29 67 175 563 192 620 7 66 193 537 548 381 313 172 351 431 234 74 50 257 181 163 436 428 494 532 580 545 306 606 271 229 254 169 258 397 567 307 179 358 34 274 78 560 447 209 423 621 385 429 17 100 273 296 376 92 596 19 64 262 297 84 380 26 59 321 455 256 255 406 57 247 40 90 585 592 
c [Incremental] Max used label: 624.
c [Incremental] Label 624 is removed from searching.
c [Incremental] Solving for max label = 623:
c [Incremental] Solving duration: 43878 ms.
s [Incremental] SAT (label = 623).
Label assignment: 223 577 336 81 56 553 538 48 240 408 603 32 37 8 58 407 27 132 339 270 249 437 109 62 542 112 117 541 369 204 208 11 372 417 43 448 394 376 619 242 94 115 476 170 300 463 415 552 582 511 353 567 420 55 504 609 573 613 214 73 411 87 197 253 361 524 349 488 424 534 440 10 388 378 137 68 252 615 601 186 116 418 427 33 107 267 425 243 224 232 498 162 24 327 207 82 347 574 584 557 31 61 298 235 25 206 248 371 120 377 400 586 196 150 345 323 299 507 77 536 421 191 399 76 171 587 540 555 554 79 85 572 391 3 263 402 576 551 419 616 119 384 566 44 590 118 432 178 485 177 268 212 570 443 30 362 203 568 189 569 250 39 439 465 180 442 15 151 6 473 518 389 395 393 21 575 72 269 544 49 241 174 608 173 246 508 228 579 556 497 42 230 218 161 600 14 36 152 12 226 379 374 91 405 562 622 578 184 453 200 23 16 591 225 460 466 45 69 237 89 561 221 9 477 602 265 71 337 535 549 198 266 430 341 387 478 382 302 558 500 413 375 531 318 426 272 65 322 614 260 396 188 589 533 133 550 594 244 506 213 416 618 166 236 35 386 41 611 199 4 355 46 239 131 598 581 599 238 51 211 445 571 502 597 623 543 604 60 409 468 18 20 83 195 165 63 210 231 433 593 612 564 47 136 54 1 86 435 363 370 215 547 259 38 560 595 22 28 127 588 610 605 422 617 80 403 88 539 458 227 233 70 5 190 2 583 176 13 220 251 404 332 607 75 187 201 53 264 546 29 67 175 563 192 620 7 66 193 537 548 381 313 172 351 431 234 74 50 257 181 163 436 428 494 532 580 545 306 606 271 229 254 169 258 397 565 307 179 358 34 274 78 559 447 209 423 621 385 429 17 100 273 296 380 92 596 19 64 262 297 84 383 26 59 321 455 256 255 406 57 247 40 90 585 592 
c [Incremental] Max used label: 623.
c [Incremental] Label 623 is removed from searching.
c [Incremental] Solving for max label = 622:
c [Incremental] Solving duration: 479849 ms.
s [Incremental] SAT (label = 622).
Label assignment: 201 546 347 106 105 595 602 5 346 361 614 50 166 11 70 442 110 184 329 252 260 6 69 57 567 186 95 518 370 223 383 43 221 539 21 578 416 432 202 192 115 125 433 111 274 511 19 447 581 526 332 527 441 56 448 588 32 543 337 94 409 71 376 457 324 525 254 547 585 559 563 35 618 373 137 122 287 608 576 575 570 42 517 188 107 342 10 47 456 430 549 207 545 459 219 29 413 437 598 562 37 62 250 343 68 12 351 412 85 255 341 580 60 150 331 267 560 523 49 498 414 377 406 227 174 582 536 394 495 156 141 205 211 14 345 401 524 600 438 622 119 368 565 23 605 93 417 176 533 167 349 235 593 535 53 8 216 204 189 552 338 81 577 554 245 592 258 45 61 483 530 58 395 310 65 611 82 253 550 28 405 214 434 164 246 507 226 612 240 439 64 233 212 168 599 34 148 291 584 215 423 24 91 404 573 411 597 238 542 25 200 613 616 334 465 478 67 77 261 73 4 220 9 591 561 265 276 229 275 551 196 460 522 257 359 544 389 315 555 529 249 248 538 333 408 388 44 316 165 356 263 206 41 568 185 556 230 382 590 615 419 569 180 239 38 340 79 358 171 17 344 39 259 97 579 586 619 354 63 393 548 558 209 210 36 534 162 159 428 566 213 199 158 242 96 228 222 264 277 1 604 571 75 169 59 22 86 426 303 553 251 462 396 7 557 609 78 55 20 583 606 540 381 589 83 427 72 3 458 247 256 80 104 410 424 572 160 120 218 236 425 429 594 203 365 194 31 330 537 26 178 172 601 157 335 2 66 505 519 528 380 374 18 491 161 224 607 51 244 175 27 392 617 620 587 191 541 366 621 271 237 391 99 387 339 574 421 173 293 16 352 98 40 463 492 402 610 407 440 13 74 273 296 193 208 596 30 140 336 369 84 390 33 163 357 455 46 386 400 54 398 52 15 532 603 
c [Incremental] Max used label: 622.
c [Incremental] Label 622 is removed from searching.
c [Incremental] Solving for max label = 621:
c [Incremental] Solving duration: 44812 ms.
s [Incremental] SAT (label = 621).
Label assignment: 201 532 347 106 88 71 403 5 367 361 602 37 87 11 249 442 110 184 344 64 435 592 75 77 567 354 6 541 314 221 355 38 227 535 21 578 416 433 202 197 86 125 546 111 69 511 19 447 581 537 332 548 458 53 526 588 614 543 337 94 409 245 383 575 324 538 261 540 558 244 563 35 618 373 137 122 265 571 544 608 12 46 517 188 107 437 10 360 516 412 527 207 34 399 219 169 536 432 598 562 189 177 256 298 117 28 377 371 251 352 368 580 73 150 178 70 525 523 48 534 414 378 223 241 179 582 530 512 495 14 90 242 294 47 357 401 595 566 438 600 119 364 573 32 605 358 417 176 557 167 349 235 587 533 52 374 214 8 25 550 338 80 577 464 151 591 254 50 63 483 528 51 363 246 66 611 82 269 612 29 268 180 441 164 259 507 226 593 253 497 72 225 405 168 599 41 148 264 584 216 423 329 91 384 545 411 597 238 56 589 212 616 613 334 465 542 182 83 275 89 4 9 394 576 561 206 276 229 579 520 183 460 522 252 366 547 205 372 559 500 230 359 529 333 408 388 78 351 165 196 415 389 601 556 60 565 233 382 570 217 419 569 175 234 191 340 250 356 59 17 375 39 68 58 552 586 619 439 43 57 572 555 448 209 36 3 162 159 421 554 7 199 158 243 96 128 228 316 277 1 604 239 30 346 54 26 257 380 431 553 247 440 396 615 560 609 248 55 42 583 594 521 381 564 15 427 260 240 345 2 258 85 84 426 425 574 160 203 215 236 369 429 606 13 370 16 40 330 531 31 174 172 590 157 270 410 79 539 519 498 365 420 190 343 161 220 18 45 350 237 81 224 621 210 551 181 461 390 65 271 568 391 99 387 339 596 585 173 67 20 266 98 61 22 434 402 610 407 170 620 74 273 296 198 92 603 27 140 336 348 617 424 49 163 222 455 44 362 400 76 398 33 62 549 607 
c [Incremental] Max used label: 621.
c [Incremental] Label 621 is removed from searching.
c [Incremental] Solving for max label = 620:
c [Signal] Signal interruption. Caught signal: SIGTERM (15).
c [Main] Lim pid ends with result: 254.
r [Main] 
r [Main] Final results: 
r [Main] Total real time: 1806936 ms.
r [Main] Total memory consumed: 1684.8 MB.
r [Main] 
