c [Version] Minimize Makespan Labeling Encoder version 1.0.0.
c [Param] LB is predefined as 331.
c [Param] UB is predefined as 993.
c [Param] Memory limit is set to 30000.
c [Param] Real time limit is set to 1800.
c [Main] Search strategy: Incremental from upper bound.
c [Main] Encoding and solving for graph: U-662_bus.mtx.rnd.
c [Incremental] Minimize Makespan Labeling Antibandwidth problem (U-662_bus.mtx.rnd):
c [Incremental] Encoding starts with target value = 330:
c [Incremental] Encoding duration: 10987ms.
c [Incremental] Number of clauses: 8226264.
c [Incremental] Number of variables: 1845656.
c [Incremental] Solving for max label = 993:
c [Incremental] Solving duration: 539091 ms.
s [Incremental] SAT (label = 993).
Label assignment: 89 717 76 759 675 27 719 707 938 955 26 25 811 29 681 694 742 942 794 200 377 301 38 149 42 758 820 992 682 304 21 712 982 10 754 169 206 409 944 747 680 292 24 750 637 827 137 65 746 667 71 828 275 59 110 323 5 199 285 787 175 154 260 315 60 3 803 970 734 63 771 376 805 46 665 158 368 419 418 777 959 715 776 710 821 411 242 18 818 333 823 745 284 1 300 307 209 425 716 205 145 990 19 204 956 223 416 52 974 446 627 415 311 226 283 239 66 171 185 824 600 4 819 801 978 90 278 291 369 770 163 408 108 773 35 621 714 699 810 6 64 711 449 816 686 28 718 308 129 130 78 792 423 22 808 420 813 632 116 736 67 929 709 930 156 111 356 585 55 62 128 802 806 753 355 261 993 9 798 167 945 926 357 962 812 249 296 966 708 61 133 112 809 964 698 441 255 222 700 43 617 227 82 839 310 507 23 210 312 662 426 668 825 314 280 965 30 274 31 136 80 245 696 612 666 359 234 673 793 626 39 799 57 720 168 298 829 960 191 34 616 192 365 195 49 762 769 96 691 795 238 822 940 367 749 989 151 599 302 48 775 141 933 208 431 659 254 963 941 800 53 334 784 830 640 211 121 807 338 648 788 219 203 295 676 663 670 767 774 655 928 313 630 194 765 69 135 804 752 953 688 83 362 463 677 246 624 230 815 723 981 87 148 131 363 79 339 187 555 573 935 817 335 969 702 664 697 556 967 337 639 669 20 306 737 739 633 8 570 791 147 980 70 93 202 631 772 760 683 94 247 41 685 186 54 661 786 232 706 305 713 88 183 201 789 722 658 973 350 347 693 229 11 761 12 603 645 290 623 796 407 972 613 931 144 113 361 672 574 442 162 452 506 7 345 120 176 343 215 340 166 213 622 486 119 217 660 438 831 848 348 618 336 563 126 364 207 674 756 684 620 327 281 778 40 690 768 421 353 164 319 695 453 237 986 317 559 598 459 785 14 354 36 780 948 251 178 13 173 329 390 73 398 843 534 629 414 318 975 502 991 790 856 443 678 849 732 934 396 193 764 344 487 766 838 331 58 634 976 985 352 422 272 460 392 979 748 755 322 16 619 400 489 75 834 380 493 927 132 837 912 957 751 847 341 181 56 439 33 501 495 968 179 895 391 628 615 437 741 482 932 814 143 671 332 379 72 250 836 826 705 142 533 324 735 51 146 101 470 679 277 971 832 833 924 303 531 894 320 744 567 530 473 542 454 47 243 427 898 954 552 325 884 269 642 17 880 651 608 216 174 153 844 402 721 494 987 404 704 225 923 692 107 50 342 85 757 406 481 743 221 282 835 172 920 888 783 911 782 74 635 118 550 86 328 138 461 689 44 984 500 937 2 797 263 654 840 779 458 733 484 84 266 841 604 270 259 936 977 594 32 476 950 264 687 988 177 842 703 440 983 545 939 868 115 265 597 37 564 946 445 961 958 876 529 875 781 117 388 496 538 606 
c [Incremental] Max used label: 993.
c [Incremental] Label 993 is removed from searching.
c [Incremental] Solving for max label = 992:
c [Incremental] Solving duration: 49989 ms.
s [Incremental] SAT (label = 992).
Label assignment: 89 717 76 759 675 27 719 707 938 955 26 25 811 29 681 694 742 942 794 200 377 301 38 149 42 758 820 10 682 304 21 712 982 109 754 169 206 409 944 747 680 292 24 750 637 827 137 65 746 667 71 828 275 59 110 323 5 199 285 787 175 154 260 315 60 662 803 663 734 63 970 376 771 46 805 158 368 419 418 57 959 715 776 710 821 411 242 18 818 332 823 745 284 991 425 307 209 160 716 205 145 990 19 204 770 223 416 52 974 446 956 415 311 226 283 239 720 171 185 824 600 4 819 801 978 90 278 291 369 665 163 408 108 773 35 621 714 699 810 6 64 711 449 816 686 28 718 308 129 130 78 792 423 22 808 420 671 632 116 55 67 945 709 813 156 111 356 585 930 62 128 802 806 753 355 261 2 9 676 167 798 926 357 962 812 249 296 966 708 61 133 112 809 964 698 441 255 222 700 43 252 227 82 839 310 507 23 210 312 933 426 668 825 314 280 965 30 274 793 136 80 245 696 612 666 359 234 673 785 626 39 799 155 738 168 298 829 191 313 34 616 192 365 195 49 762 769 96 960 795 238 822 940 367 749 989 151 599 302 48 775 141 963 208 431 659 254 764 941 800 53 334 784 830 640 211 121 807 338 648 788 219 203 295 727 992 670 767 774 655 928 232 690 194 765 69 135 796 752 953 688 83 362 463 87 246 544 230 630 723 981 233 148 684 363 79 339 131 555 573 969 761 187 817 702 664 697 556 967 337 639 669 20 306 737 739 633 935 570 791 147 980 70 93 202 631 772 760 683 94 247 931 685 186 54 331 786 286 706 305 713 88 183 201 789 15 658 973 350 442 693 229 11 804 12 603 645 290 623 695 390 783 574 972 144 113 361 672 565 513 162 452 506 7 14 120 176 343 215 340 166 213 622 486 119 217 660 438 911 848 348 618 336 563 126 364 207 674 756 890 620 327 281 778 40 891 768 462 434 610 596 986 453 237 598 317 559 971 459 889 16 354 36 780 948 251 178 13 985 329 403 73 398 843 534 629 414 318 975 502 1 790 856 443 678 849 732 934 396 193 33 474 132 766 838 661 58 634 976 979 352 422 244 460 392 905 748 755 322 104 619 400 489 75 834 380 493 927 91 837 912 957 968 847 341 915 56 439 272 501 495 950 179 895 391 628 615 437 741 605 932 814 143 763 428 379 72 250 951 826 705 142 533 324 735 51 146 101 97 815 649 917 832 833 924 466 531 894 320 744 567 530 473 542 454 47 243 427 898 954 552 325 884 269 642 17 880 651 608 216 174 153 844 402 721 494 987 404 704 85 923 692 114 92 405 50 757 961 481 743 221 282 835 172 920 729 888 943 782 74 635 118 550 86 328 138 461 689 44 984 578 937 366 580 983 654 840 779 458 733 484 84 266 841 225 270 259 936 893 594 32 476 949 264 687 469 177 842 703 497 988 545 939 868 115 265 597 37 236 946 445 100 958 604 529 875 781 117 388 496 538 606 
c [Incremental] Max used label: 992.
c [Incremental] Label 992 is removed from searching.
c [Incremental] Solving for max label = 991:
c [Incremental] Solving duration: 331 ms.
s [Incremental] UNSAT (label = 991).
c [Signal] Signal interruption. Caught signal: SIGTERM (15).
c [Main] Work pid ends with result: 0.
r [Main] 
r [Main] Final results: 
r [Main] Total real time: 603026 ms.
r [Main] Total memory consumed: 3726.9 MB.
r [Main] 
