c [Version] Minimize Makespan Labeling Encoder version 1.0.0.
c [Param] LB is predefined as 79.
c [Param] UB is predefined as 629.
c [Param] Memory limit is set to 30000.
c [Param] Real time limit is set to 1800.
c [Main] Search strategy: Incremental from upper bound.
c [Main] Encoding and solving for graph: R-dwt__503.mtx.rnd.
c [Incremental] Minimize Makespan Labeling Antibandwidth problem (R-dwt__503.mtx.rnd):
c [Incremental] Encoding starts with target value = 78:
c [Incremental] Encoding duration: 8510ms.
c [Incremental] Number of clauses: 9096955.
c [Incremental] Number of variables: 949937.
c [Incremental] Solving for max label = 629:
c [Incremental] Solving duration: 202233 ms.
s [Incremental] SAT (label = 629).
Label assignment: 507 347 587 227 450 606 125 8 118 398 248 435 510 73 584 130 609 310 258 244 322 107 206 509 342 503 603 279 487 325 613 126 268 538 49 480 302 504 54 29 320 134 101 51 133 388 608 565 97 169 567 48 186 599 446 176 557 589 594 82 629 508 127 414 339 3 329 24 203 137 506 301 377 35 531 110 261 566 353 4 429 128 213 586 447 596 540 497 544 18 558 489 570 185 210 271 439 318 129 154 551 550 430 191 367 527 61 272 624 323 233 64 556 455 319 522 240 485 260 379 620 72 454 404 625 315 369 164 591 108 299 346 17 250 438 337 192 114 70 520 399 167 416 151 344 317 619 502 605 602 562 184 536 124 403 20 209 559 34 138 2 421 96 16 515 211 382 524 390 204 410 349 11 422 614 533 288 249 90 598 568 99 554 426 71 314 180 621 229 226 611 27 539 284 348 273 37 491 499 571 224 33 623 406 484 135 182 534 478 335 417 518 401 374 479 166 516 12 228 179 269 597 373 332 493 132 153 433 5 236 115 50 311 282 60 75 384 459 112 276 25 333 580 525 424 205 588 265 89 220 59 111 564 155 350 452 521 444 405 548 215 221 7 80 189 356 285 486 622 247 171 187 15 40 549 496 283 58 10 36 143 28 255 418 56 139 162 560 178 365 600 289 52 39 526 441 595 419 217 43 120 628 453 306 545 519 23 123 612 106 488 264 198 364 170 242 77 511 144 274 14 287 267 181 547 451 216 618 67 494 252 400 366 6 396 355 546 294 69 222 245 434 428 395 383 57 331 251 26 87 62 219 615 152 440 175 464 214 409 474 13 541 501 327 616 105 88 201 84 262 119 21 462 65 91 445 117 456 389 44 102 131 190 343 46 340 370 513 246 193 626 505 378 93 38 431 76 482 53 136 457 341 168 425 492 627 141 266 345 98 463 592 500 307 363 55 308 371 41 336 483 281 563 351 19 514 103 74 535 234 31 529 280 9 270 561 437 607 259 593 293 517 109 292 304 147 30 243 523 277 387 442 225 172 423 297 32 174 420 78 461 397 256 532 328 253 235 157 66 415 470 113 352 408 432 448 177 490 200 116 334 362 368 359 360 263 104 45 604 411 407 22 427 354 254 42 68 543 194 610 590 338 47 
c [Incremental] Max used label: 629.
c [Incremental] Label 629 is removed from searching.
c [Incremental] Solving for max label = 628:
c [Incremental] Solving duration: 1852 ms.
s [Incremental] SAT (label = 628).
Label assignment: 507 347 587 227 450 606 125 8 118 398 248 435 510 73 584 130 609 310 258 244 322 107 206 509 342 503 603 279 487 325 613 126 268 538 49 480 302 504 54 29 320 134 101 51 133 388 608 565 97 169 567 48 186 599 446 176 557 589 594 82 627 508 127 414 339 3 329 24 203 137 506 301 377 35 531 110 261 566 353 4 429 128 213 586 447 596 540 497 544 18 558 489 570 185 210 271 439 318 129 154 551 553 430 191 367 527 61 272 624 323 233 64 556 455 319 522 240 485 260 379 620 72 454 404 373 315 369 164 591 108 299 346 17 250 438 337 192 114 70 520 399 167 416 151 344 317 619 502 605 602 562 184 536 124 403 20 209 559 34 138 2 421 96 16 515 211 382 524 390 204 410 349 11 422 614 533 288 249 90 598 568 99 554 426 71 314 180 621 229 226 611 27 539 284 348 273 37 491 499 571 224 33 623 406 484 135 182 534 478 335 417 518 401 374 479 166 516 12 228 179 269 597 321 332 493 132 153 471 5 236 115 50 311 282 60 75 384 459 112 276 25 333 580 525 424 205 588 265 89 220 59 111 564 155 350 452 521 444 405 548 215 221 7 80 189 356 285 486 622 247 171 187 15 40 547 496 283 58 10 36 143 28 255 418 56 139 162 560 178 365 600 289 52 39 526 441 595 419 217 43 120 625 453 306 550 519 23 123 612 106 488 264 198 364 170 242 77 511 144 274 14 287 267 181 549 451 216 618 67 494 252 400 366 6 396 355 546 294 69 222 245 434 428 395 383 57 331 251 26 87 62 219 615 152 440 175 464 214 409 474 13 541 501 327 616 105 88 201 84 262 119 21 462 65 91 445 117 456 389 44 102 131 190 343 46 340 370 513 246 193 628 505 378 93 38 431 76 482 53 136 457 341 168 425 492 626 141 266 345 98 463 592 500 307 363 55 308 371 41 336 483 281 563 351 19 514 103 74 535 234 31 529 280 9 270 561 437 607 259 593 293 517 109 292 304 147 30 243 523 277 387 442 225 172 423 297 32 174 420 78 461 397 256 532 328 253 235 157 66 415 470 113 352 408 432 448 177 490 200 116 334 362 368 359 360 263 104 45 604 411 407 22 427 354 254 42 68 543 194 610 590 338 47 
c [Incremental] Max used label: 628.
c [Incremental] Label 628 is removed from searching.
c [Incremental] Solving for max label = 627:
c [Incremental] Solving duration: 28995 ms.
s [Incremental] SAT (label = 627).
Label assignment: 507 347 587 227 450 606 589 8 118 398 248 435 510 73 584 130 48 310 258 244 322 107 206 509 342 609 94 279 487 325 613 126 268 538 54 480 302 504 601 29 320 134 101 51 133 388 572 565 97 169 603 16 186 599 446 176 583 578 594 82 627 508 127 414 339 3 329 24 203 137 506 301 585 35 531 212 261 566 353 4 429 110 75 586 447 208 540 497 544 18 324 489 582 185 210 271 439 309 570 154 551 553 430 191 367 527 61 272 624 323 556 49 64 455 319 485 240 71 260 379 620 72 454 404 373 315 369 164 522 108 299 346 17 250 438 591 192 114 70 520 399 167 159 151 344 317 619 502 605 602 403 184 536 128 124 20 209 559 34 138 2 421 96 211 576 158 382 524 390 204 410 349 11 422 614 533 288 156 90 598 568 99 558 426 229 298 180 621 314 226 617 27 539 284 348 273 37 491 499 571 224 33 623 406 484 290 182 534 493 358 401 518 143 374 479 166 516 12 560 179 269 597 321 332 481 132 153 471 5 236 115 50 564 282 468 85 384 459 112 276 25 333 218 525 424 205 588 265 89 59 220 111 580 313 350 452 417 444 405 548 215 221 7 80 188 356 285 239 622 247 171 511 15 40 547 496 283 58 10 36 140 28 255 418 56 139 162 494 178 365 600 550 52 39 526 441 595 436 217 43 120 625 453 306 610 519 23 238 612 106 488 264 198 364 170 242 163 396 291 274 14 287 267 181 549 451 216 618 395 189 252 389 366 6 311 355 546 165 69 222 294 434 428 123 383 57 331 251 26 87 62 219 615 440 482 175 464 474 409 152 13 541 501 327 616 77 88 201 84 262 119 21 462 41 91 445 117 456 326 44 102 131 190 343 214 340 370 608 246 193 521 505 378 93 38 431 76 554 53 147 457 341 136 425 492 626 141 249 345 98 463 592 561 196 363 55 308 371 245 336 483 281 563 351 19 514 103 335 535 234 31 529 280 9 270 74 437 607 259 593 528 517 109 292 304 243 30 473 523 277 387 442 297 172 423 121 32 174 420 78 461 397 256 532 155 253 235 1 392 415 470 113 352 394 328 448 177 490 200 116 334 362 368 359 360 45 293 407 380 411 391 22 427 354 254 42 408 68 194 611 590 338 47 
c [Incremental] Max used label: 627.
c [Incremental] Label 627 is removed from searching.
c [Incremental] Solving for max label = 626:
c [Incremental] Solving duration: 48343 ms.
s [Incremental] SAT (label = 626).
Label assignment: 344 476 596 577 101 599 575 421 579 244 278 526 4 73 573 149 69 475 182 495 322 114 24 509 29 97 51 271 325 342 624 587 261 510 54 487 134 504 584 36 388 133 112 299 480 126 538 578 197 603 48 583 589 617 446 545 557 248 572 107 16 594 127 414 339 8 477 439 258 585 532 566 497 39 531 40 429 556 435 449 260 372 75 586 30 71 542 489 540 18 561 498 61 442 231 275 361 49 320 390 569 212 171 601 367 529 64 290 70 323 316 553 567 357 315 485 240 293 272 373 598 426 453 404 203 17 448 192 493 191 60 347 185 273 170 591 619 167 138 521 399 2 570 151 358 329 623 502 605 12 403 100 376 124 128 20 63 574 180 108 454 434 96 402 132 158 413 524 333 576 410 14 533 199 620 536 288 484 179 438 568 250 156 269 99 491 430 621 37 226 609 232 135 184 511 141 284 33 302 550 224 422 229 406 560 571 602 534 295 349 401 520 143 479 481 173 539 427 471 193 281 6 321 332 424 153 163 522 7 394 580 58 564 279 555 384 35 431 411 355 423 348 44 544 52 408 588 265 455 513 218 220 166 331 340 204 437 345 56 221 215 162 9 113 111 15 443 486 501 255 5 527 285 274 547 142 38 461 109 233 140 10 257 595 89 45 615 418 611 459 223 139 327 494 559 350 558 105 217 488 106 11 451 306 115 597 364 551 612 181 144 280 26 365 622 264 300 337 396 291 433 457 450 13 123 188 216 613 219 154 256 400 366 174 425 440 530 205 81 57 67 276 436 419 86 50 356 417 21 263 474 334 607 65 304 3 464 214 405 152 102 516 482 43 563 346 88 190 91 528 104 34 270 554 183 207 618 369 326 46 103 409 616 523 512 336 198 131 581 47 604 354 452 120 25 178 136 147 53 378 31 541 121 172 492 626 74 460 360 500 266 415 552 307 363 251 308 371 245 335 483 351 393 22 92 518 93 381 535 234 519 514 287 98 311 62 83 625 259 606 505 157 444 55 277 593 23 473 225 267 387 200 297 600 445 78 27 176 428 243 359 395 286 546 155 262 177 1 517 432 398 117 195 42 328 370 614 145 253 456 537 441 368 19 592 338 490 249 241 66 420 32 194 362 254 28 590 148 119 610 343 352 59 
c [Incremental] Max used label: 626.
c [Incremental] Label 626 is removed from searching.
c [Incremental] Solving for max label = 625:
c [Incremental] Solving duration: 2264 ms.
s [Incremental] SAT (label = 625).
Label assignment: 344 476 169 577 101 599 575 421 579 244 278 526 4 73 573 149 69 475 182 495 322 114 24 509 29 97 51 271 325 342 624 587 261 510 54 487 134 504 584 36 388 133 112 299 480 126 538 578 197 603 48 583 589 598 446 545 557 248 572 107 16 594 127 414 339 8 477 439 258 585 532 566 497 39 531 40 429 556 435 449 260 372 75 586 30 71 542 489 540 18 561 498 61 442 231 275 361 49 320 390 569 212 171 601 367 529 64 290 70 323 316 553 567 357 315 485 240 293 272 373 595 426 453 404 203 17 448 192 493 191 60 347 185 273 170 591 620 167 138 521 399 2 570 151 358 329 623 502 605 12 403 100 376 124 128 20 63 574 180 108 454 434 96 402 132 158 413 524 333 576 410 14 536 199 547 625 288 484 179 438 568 250 156 269 99 491 430 621 37 226 609 232 135 184 511 141 284 33 302 550 224 422 229 406 560 571 602 534 295 349 401 520 143 479 481 173 533 427 471 193 281 6 321 332 424 153 163 522 7 394 580 58 564 279 555 384 35 431 411 355 423 348 44 544 52 408 588 265 455 513 218 220 166 331 340 204 437 345 56 221 215 162 9 113 111 15 443 486 501 255 5 527 285 274 611 142 38 461 109 233 140 10 257 596 89 45 615 418 617 459 223 139 327 494 559 350 558 105 217 488 106 11 451 306 115 597 364 551 612 181 144 280 26 365 622 264 300 337 396 291 433 457 450 13 123 188 216 613 219 154 256 400 366 174 425 440 539 205 81 57 67 276 436 419 86 50 356 417 21 263 474 334 607 65 304 3 464 214 405 152 102 516 482 43 563 346 88 190 91 528 104 34 270 554 183 207 618 369 326 46 103 409 616 523 512 336 198 131 581 47 604 354 452 120 25 178 136 147 53 378 31 541 121 172 492 530 74 460 360 500 266 415 552 307 363 251 308 371 245 335 483 351 393 22 92 518 93 381 535 234 519 514 287 98 311 62 83 614 259 606 505 157 444 55 277 593 23 473 225 267 387 200 297 600 445 78 27 176 428 243 359 395 286 546 155 262 177 1 517 432 398 117 195 42 328 370 619 145 253 456 537 441 368 19 592 338 490 249 241 66 420 32 194 362 254 28 590 148 119 610 343 352 59 
c [Incremental] Max used label: 625.
c [Incremental] Label 625 is removed from searching.
c [Incremental] Solving for max label = 624:
c [Incremental] Solving duration: 40871 ms.
s [Incremental] SAT (label = 624).
Label assignment: 372 476 130 206 100 599 164 462 573 244 278 591 34 51 577 149 69 475 185 495 322 114 4 504 29 97 54 260 325 508 526 587 299 542 467 487 134 48 584 36 388 142 110 310 503 125 594 565 87 603 589 583 624 606 414 521 41 236 572 107 16 212 127 126 382 27 578 283 258 498 532 582 407 10 497 39 461 556 425 450 290 586 63 312 30 213 537 489 544 18 553 506 315 442 231 276 355 61 320 390 49 82 145 585 350 538 64 367 70 323 316 561 326 344 163 485 60 240 272 373 536 426 453 403 375 52 448 196 605 191 73 380 181 273 124 404 195 167 329 522 430 26 570 502 358 332 357 399 588 2 209 112 601 129 128 20 108 94 178 314 436 182 99 394 132 330 56 509 562 551 412 13 171 193 590 512 250 499 177 72 568 224 547 269 138 161 458 615 59 595 602 232 607 166 545 596 247 37 560 611 289 406 229 422 321 365 619 534 478 340 400 520 143 71 173 184 43 175 471 192 285 25 211 600 411 153 141 505 23 397 525 156 580 248 555 66 524 464 500 341 35 608 79 609 223 218 44 460 438 559 313 515 220 50 38 189 486 337 45 221 215 576 21 113 111 15 443 239 117 265 12 496 255 246 620 217 261 118 109 58 481 28 256 494 162 479 610 89 623 435 174 68 46 401 558 345 160 95 429 488 86 17 419 307 115 593 364 291 612 201 144 277 5 359 622 242 238 202 391 270 180 431 459 540 123 187 249 613 317 318 264 252 335 183 331 433 543 205 563 57 62 263 437 418 408 67 356 253 31 282 409 368 616 65 304 3 233 405 369 571 96 614 251 482 567 77 105 165 104 528 84 32 274 566 444 169 513 349 188 574 103 597 417 539 501 176 170 102 581 24 511 354 452 91 6 199 295 393 392 378 11 517 131 287 470 541 74 427 381 157 281 155 490 552 604 78 190 327 241 338 451 352 154 33 302 523 121 518 535 234 514 383 243 98 311 75 266 618 308 617 55 592 207 42 569 549 22 473 47 259 548 172 271 362 280 346 7 445 423 297 363 158 279 334 306 262 147 1 333 441 398 92 198 53 200 288 621 415 353 428 519 424 328 19 219 420 564 374 150 76 432 9 194 389 267 8 387 148 88 579 377 360 119 
c [Incremental] Max used label: 624.
c [Incremental] Label 624 is removed from searching.
c [Incremental] Solving for max label = 623:
c [Incremental] Solving duration: 1333 ms.
s [Incremental] SAT (label = 623).
Label assignment: 372 476 133 206 100 599 164 462 573 244 278 591 34 51 577 137 69 475 185 495 322 114 4 504 29 97 54 260 325 508 526 587 299 542 467 487 134 48 584 36 388 149 110 310 503 125 594 565 87 603 589 583 619 606 414 521 41 236 572 107 16 212 127 126 382 27 578 283 258 498 532 458 407 10 497 39 461 556 425 450 290 586 63 312 30 213 537 489 544 18 553 506 315 442 231 276 355 61 320 390 49 82 130 585 350 538 64 367 70 323 316 40 326 344 163 493 60 240 272 373 536 426 453 403 410 52 448 196 605 191 73 376 181 273 124 404 195 167 142 522 430 26 413 502 358 332 357 399 588 2 209 112 601 129 128 20 108 94 178 314 436 182 99 394 132 330 56 509 582 551 412 13 171 193 590 512 250 499 177 14 568 210 547 269 138 161 457 615 59 595 602 232 607 166 541 596 247 284 560 402 289 406 229 550 321 365 611 534 478 340 400 520 143 71 173 184 43 175 471 192 285 25 211 600 411 77 141 505 23 397 525 156 580 248 555 66 524 464 500 341 35 608 79 609 223 218 44 455 438 559 313 515 220 50 38 189 486 337 45 221 215 576 21 113 111 15 443 239 117 265 12 496 255 246 620 217 261 118 109 58 481 28 256 494 162 479 610 89 623 435 174 68 46 401 558 345 160 95 429 546 86 17 419 307 115 593 364 291 612 201 144 277 5 359 622 242 238 202 391 270 180 431 456 540 123 187 249 613 317 318 264 252 335 183 331 433 543 245 563 57 294 263 437 418 408 67 356 253 31 282 409 562 616 65 304 3 233 405 369 567 96 614 251 482 205 581 105 165 104 528 84 32 274 566 444 169 513 349 188 574 103 597 417 533 501 176 170 102 554 24 511 354 452 91 6 199 295 393 392 378 11 517 131 287 470 535 74 427 375 157 281 155 490 552 604 78 190 327 241 338 451 352 154 33 297 523 121 518 530 234 514 383 243 98 311 75 266 618 308 617 55 592 207 42 569 549 22 473 47 259 548 172 271 362 280 346 7 445 423 571 363 158 279 334 306 262 147 1 333 441 398 92 198 53 200 288 621 415 353 428 519 424 328 19 219 420 564 374 150 76 432 9 194 389 267 8 387 148 88 579 377 360 119 
c [Incremental] Max used label: 623.
c [Incremental] Label 623 is removed from searching.
c [Incremental] Solving for max label = 622:
c [Incremental] Solving duration: 1147 ms.
s [Incremental] SAT (label = 622).
Label assignment: 372 476 133 206 100 599 164 462 573 244 278 591 34 51 577 137 69 475 185 495 322 114 4 504 29 97 54 260 325 508 526 587 299 542 467 487 134 48 584 36 388 149 110 310 503 125 594 565 87 603 589 583 619 606 414 521 41 236 572 107 16 212 127 126 382 27 578 283 258 498 532 458 407 10 497 39 461 556 425 450 290 586 63 312 30 213 537 489 538 18 553 506 315 442 231 276 355 61 320 390 49 82 130 585 350 534 64 367 70 323 316 40 326 344 163 493 60 240 272 373 536 426 449 403 410 52 448 196 605 191 73 376 181 273 124 404 195 167 142 522 430 26 413 502 358 332 357 399 588 2 209 112 601 129 128 20 108 94 178 314 436 182 99 394 132 330 56 509 582 551 412 13 171 193 590 512 250 499 177 14 568 210 547 269 138 161 457 615 59 595 602 232 607 166 541 596 247 284 560 402 289 406 229 550 321 365 611 527 478 340 400 520 143 71 173 184 43 175 471 192 285 25 211 600 411 77 141 505 23 397 525 156 580 248 555 66 524 460 500 341 35 608 79 609 223 218 44 455 438 559 313 515 220 50 38 189 486 337 45 221 215 576 21 113 111 15 443 239 117 265 12 496 255 246 620 217 261 118 109 58 481 28 256 494 162 479 610 89 543 435 174 68 46 401 558 345 160 95 429 546 86 17 419 307 115 593 364 291 612 201 144 277 5 359 621 242 238 202 391 270 180 431 456 540 123 187 249 613 317 318 264 252 335 183 331 433 622 245 563 57 294 263 437 418 408 67 356 253 31 282 409 562 616 65 304 3 233 405 369 567 96 614 251 482 205 581 105 165 104 528 84 32 274 566 444 169 513 349 188 574 103 597 417 533 501 176 170 102 554 24 511 354 446 91 6 199 295 393 392 378 11 517 131 287 470 535 74 427 375 157 281 155 490 552 604 78 190 327 241 338 451 352 154 33 297 523 121 518 530 234 514 383 243 98 311 75 266 618 308 617 55 592 207 42 569 549 22 473 47 259 548 172 271 362 280 346 7 445 423 571 363 158 279 334 306 262 147 1 333 441 398 92 198 53 200 288 544 415 353 428 519 424 328 19 219 420 564 374 150 76 432 9 194 389 267 8 387 148 88 579 377 360 119 
c [Incremental] Max used label: 622.
c [Incremental] Label 622 is removed from searching.
c [Incremental] Solving for max label = 621:
c [Incremental] Solving duration: 1223 ms.
s [Incremental] SAT (label = 621).
Label assignment: 363 476 133 206 100 599 212 449 573 244 278 591 37 51 577 137 69 475 185 495 322 114 4 508 29 97 54 260 325 504 526 598 289 531 467 477 134 48 584 36 388 149 110 310 503 125 594 565 34 603 589 583 619 606 414 521 41 236 572 107 16 208 127 126 372 27 578 290 258 498 532 458 407 10 497 39 130 587 425 447 283 586 63 312 30 213 537 489 534 18 553 506 361 442 231 276 354 61 320 390 49 82 450 585 350 538 64 367 70 323 316 40 319 344 163 493 60 240 272 373 541 151 448 403 410 52 453 196 605 191 164 376 181 275 124 404 195 167 142 522 436 26 413 502 358 332 359 399 588 2 209 120 601 129 128 20 108 339 178 314 439 182 99 394 132 330 56 509 556 510 412 13 171 193 590 512 250 499 177 14 568 210 547 269 138 161 457 615 59 582 602 232 607 166 529 596 247 284 560 402 296 406 229 550 321 326 611 527 245 366 400 520 143 71 173 184 43 175 471 192 285 25 211 600 411 77 141 505 23 397 525 156 580 248 551 66 524 273 500 341 35 608 79 609 223 218 44 455 438 559 313 515 220 50 38 189 486 337 45 221 215 576 15 113 111 12 435 239 117 265 357 496 255 246 620 443 261 118 109 58 481 21 452 494 162 479 610 89 536 430 174 68 46 401 558 345 160 95 429 546 86 17 419 307 115 593 355 291 612 201 144 277 5 597 613 242 238 202 391 270 180 431 456 540 123 187 249 3 317 318 264 252 335 183 331 433 614 440 563 57 294 263 437 418 408 67 356 282 31 454 409 562 616 65 304 595 233 405 369 567 96 621 251 482 205 581 105 165 104 528 84 32 274 566 444 169 513 349 188 574 103 555 417 533 501 214 170 102 554 24 511 353 446 91 6 199 287 393 392 378 11 517 131 83 470 535 74 427 375 157 281 155 490 552 604 78 159 327 241 190 434 352 154 33 292 523 121 518 516 234 514 370 243 98 311 75 266 618 308 617 55 592 207 42 569 549 22 473 47 259 548 172 271 362 280 85 7 445 346 571 364 158 279 334 306 262 147 1 333 441 398 92 198 53 200 288 530 415 28 428 519 424 328 19 451 420 564 374 150 76 432 9 194 389 267 8 387 148 88 579 368 360 119 
c [Incremental] Max used label: 621.
c [Incremental] Label 621 is removed from searching.
c [Incremental] Solving for max label = 620:
c [Incremental] Solving duration: 1171 ms.
s [Incremental] SAT (label = 620).
Label assignment: 363 476 133 206 100 599 212 449 573 244 278 591 37 51 577 137 69 472 185 495 322 114 4 508 29 97 54 260 325 477 526 598 289 532 467 475 134 48 584 36 388 149 110 310 504 125 594 575 34 603 589 583 619 606 414 521 41 236 572 107 16 208 127 126 372 27 578 290 258 498 517 458 407 10 497 39 130 587 425 447 283 586 63 312 30 213 531 489 533 18 553 506 361 442 231 276 354 61 320 390 49 82 450 585 350 534 64 367 70 323 316 40 319 344 163 493 60 240 272 373 538 151 448 403 410 52 453 196 605 191 164 376 181 275 124 404 195 167 142 522 436 26 413 502 358 332 359 399 588 2 209 120 601 129 128 20 108 339 178 314 438 182 99 394 132 330 56 509 556 510 412 13 171 193 590 512 250 499 177 14 568 210 547 269 138 161 457 611 59 565 582 232 607 166 529 596 247 284 560 402 296 406 229 550 321 326 615 527 245 366 400 520 143 71 173 184 43 175 471 192 285 25 211 600 411 77 141 505 23 397 525 156 580 248 551 66 524 273 500 341 35 608 79 609 223 218 44 455 437 559 313 514 220 50 38 189 486 337 45 221 215 576 15 113 111 12 435 239 117 265 357 496 255 246 620 443 261 118 109 58 481 21 452 494 162 479 602 89 536 430 174 68 46 401 558 345 160 95 429 546 86 17 419 307 115 593 355 291 610 201 144 277 5 597 613 242 238 202 391 270 180 431 456 540 123 187 249 3 317 318 264 252 335 183 331 433 614 440 563 57 294 263 439 418 408 67 356 282 31 454 409 562 612 65 304 595 233 405 369 567 96 617 251 482 205 581 105 165 104 528 84 32 274 566 444 169 513 349 188 574 103 555 417 537 501 214 170 102 554 24 511 353 446 91 6 199 287 393 392 378 11 516 131 83 470 535 74 427 375 157 281 155 490 552 604 78 159 327 241 190 434 352 154 33 292 523 121 518 515 234 503 370 243 98 311 75 266 618 308 616 55 592 207 42 569 549 22 473 47 259 548 172 271 362 280 85 7 445 346 571 364 158 279 334 306 262 147 1 333 441 398 92 198 53 200 288 530 415 28 428 519 424 328 19 451 420 564 374 150 76 432 9 194 389 267 8 387 148 88 579 368 360 119 
c [Incremental] Max used label: 620.
c [Incremental] Label 620 is removed from searching.
c [Incremental] Solving for max label = 619:
c [Incremental] Solving duration: 1176 ms.
s [Incremental] SAT (label = 619).
Label assignment: 363 476 133 206 100 598 212 449 573 244 278 591 37 51 557 137 69 472 185 495 322 114 4 477 29 97 54 260 325 487 529 293 289 532 467 475 134 48 577 36 388 149 110 310 504 125 594 575 34 603 589 583 619 601 414 521 41 236 572 107 16 208 127 126 372 27 578 290 258 498 517 458 407 10 497 39 130 587 425 447 283 586 63 312 30 213 526 489 533 18 584 506 361 442 231 276 354 61 320 390 49 82 450 585 350 534 64 367 70 323 316 40 319 344 163 493 60 240 272 373 538 151 448 403 410 52 453 196 605 191 164 376 181 275 124 404 195 167 142 522 436 26 413 502 358 332 359 399 588 2 209 120 599 129 128 20 108 339 178 314 438 182 99 394 132 330 56 509 556 510 412 13 171 193 590 512 250 499 177 14 568 210 547 269 138 161 457 604 59 565 582 232 606 166 531 596 247 284 560 402 296 406 229 550 321 326 615 527 245 366 400 520 143 71 173 184 43 175 471 192 285 25 211 600 411 77 141 505 23 397 525 156 580 248 551 66 524 273 500 341 35 608 79 609 223 218 44 455 437 559 313 514 220 50 38 189 486 337 45 221 215 576 15 113 111 12 435 239 117 265 357 496 255 246 613 443 261 118 109 58 481 21 452 494 162 479 602 89 536 430 174 68 46 401 558 345 160 95 429 546 86 17 419 307 115 593 355 291 610 201 144 277 5 597 611 242 238 202 391 270 180 431 456 540 123 187 249 3 317 318 264 252 335 183 555 433 614 440 563 57 294 263 439 418 408 67 356 282 31 454 409 562 612 65 304 595 233 405 369 567 96 617 251 482 205 581 105 165 104 528 84 32 274 566 444 169 513 349 188 574 103 553 417 537 501 214 170 102 554 24 511 353 446 91 6 199 287 393 392 378 11 516 131 83 470 535 74 427 375 157 281 155 490 552 607 78 159 327 241 190 434 352 154 33 292 523 121 518 515 234 503 370 243 98 311 75 266 618 308 616 55 592 207 42 569 549 22 473 47 259 548 172 271 362 280 85 7 445 346 571 364 158 279 334 306 262 147 1 333 441 398 92 198 53 200 288 530 415 28 428 519 424 328 19 451 420 564 374 150 76 432 9 194 389 267 8 387 148 88 579 368 360 119 
c [Incremental] Max used label: 619.
c [Incremental] Label 619 is removed from searching.
c [Incremental] Solving for max label = 618:
c [Incremental] Solving duration: 31484 ms.
s [Incremental] SAT (label = 618).
Label assignment: 354 476 37 330 100 608 212 447 573 244 273 407 34 126 507 555 101 134 185 495 313 114 4 206 29 97 48 260 325 467 337 293 278 532 305 299 236 386 577 36 480 149 110 310 578 82 594 572 49 603 557 575 525 601 416 521 41 137 589 107 16 475 162 472 372 27 127 281 258 510 517 498 394 10 497 469 130 549 609 30 276 561 586 382 201 70 526 63 533 18 477 213 142 442 161 284 363 487 320 340 587 81 450 524 348 534 61 269 69 316 388 39 367 512 163 493 60 373 268 582 538 151 448 403 605 52 453 411 583 191 73 376 181 275 124 404 186 167 329 522 478 26 413 541 358 64 359 399 588 2 228 112 599 484 51 20 560 380 178 342 437 182 99 491 312 499 56 502 421 344 321 13 171 193 590 333 250 314 177 40 568 209 379 290 138 54 457 604 59 565 576 197 596 166 606 108 247 135 232 412 296 94 229 550 326 468 615 527 301 366 400 528 47 71 235 184 43 173 175 189 285 23 211 283 322 397 141 390 443 471 409 156 384 248 580 44 515 264 500 277 35 600 79 585 223 218 25 455 438 558 38 511 220 546 42 188 486 339 45 221 215 563 15 113 111 12 435 164 14 117 357 398 255 246 613 422 256 332 109 132 481 21 452 494 160 479 602 89 536 265 174 68 46 401 543 343 239 95 429 252 86 17 419 307 115 593 361 291 610 190 144 280 5 597 611 33 238 202 463 270 180 427 456 540 123 187 249 3 318 317 263 67 506 196 548 24 614 440 78 57 75 356 439 139 408 80 352 183 32 454 415 581 612 65 304 595 559 474 482 567 96 617 418 157 205 501 105 165 274 514 84 31 282 562 444 169 513 349 104 574 103 553 417 537 391 365 170 102 554 488 566 353 446 91 6 199 241 393 93 378 11 518 492 490 155 535 28 336 375 62 267 470 53 552 607 286 230 338 159 327 547 371 154 432 287 523 121 544 516 234 503 368 243 98 311 74 251 618 308 616 55 346 207 147 292 136 22 131 473 259 369 172 288 362 271 85 7 445 233 571 364 158 279 520 306 262 254 569 334 441 395 92 198 83 200 351 530 423 176 428 519 424 328 19 451 245 564 374 150 76 219 9 194 485 118 8 387 148 88 579 360 345 377 
c [Incremental] Max used label: 618.
c [Incremental] Label 618 is removed from searching.
c [Incremental] Solving for max label = 617:
c [Incremental] Solving duration: 42281 ms.
s [Incremental] SAT (label = 617).
Label assignment: 532 60 470 330 100 606 147 440 244 278 273 407 15 72 545 555 476 495 185 560 313 121 4 48 27 342 58 260 487 138 337 293 258 525 233 299 236 500 386 36 467 149 448 73 314 106 592 569 29 605 542 133 608 602 249 521 77 137 127 107 16 432 162 222 344 34 388 290 241 206 517 581 156 10 510 469 109 550 609 447 286 498 237 291 32 474 526 578 533 23 477 213 142 442 122 284 363 309 320 323 125 161 438 478 350 537 461 269 69 316 81 39 496 512 163 543 329 373 272 471 529 538 194 403 563 74 453 188 577 186 76 367 181 270 108 404 179 167 413 522 594 2 59 565 359 64 358 399 585 17 276 191 599 129 124 25 554 494 178 415 437 182 101 49 484 417 54 506 583 338 30 13 508 200 590 333 250 238 434 40 570 187 71 281 50 540 450 604 402 37 341 197 97 166 340 433 247 321 326 597 255 406 296 128 546 275 615 527 301 349 211 528 47 575 400 195 534 173 43 114 285 12 51 283 153 89 568 390 443 493 409 465 183 248 574 44 515 264 499 277 52 600 143 591 66 218 479 452 436 389 38 511 220 562 519 189 70 339 45 426 42 579 14 111 104 20 160 164 601 117 345 398 251 418 613 596 256 420 110 423 140 35 174 566 235 132 603 239 536 261 175 209 46 468 215 343 266 95 257 234 86 18 419 595 115 586 361 466 610 113 144 280 5 593 611 242 300 473 396 271 180 429 456 612 123 192 252 3 31 246 263 67 509 196 557 24 614 412 78 318 408 356 439 216 57 459 355 202 26 454 463 501 617 65 317 598 335 253 482 552 98 607 435 304 205 405 112 165 274 366 84 28 282 544 444 169 505 351 346 462 103 548 421 368 391 374 170 102 553 490 580 352 193 82 6 93 422 159 582 378 375 518 243 451 155 535 383 483 371 91 287 62 541 572 587 559 230 588 567 332 547 369 154 19 265 523 172 327 514 245 502 360 428 96 311 370 53 11 308 616 564 571 207 306 292 551 21 225 584 259 68 424 55 362 289 416 427 445 254 288 364 75 267 503 395 262 488 119 136 441 152 92 199 83 549 353 516 556 217 431 520 7 328 22 489 393 312 131 79 334 219 9 190 485 118 8 157 148 88 589 530 365 377 
c [Incremental] Max used label: 617.
c [Incremental] Label 617 is removed from searching.
c [Incremental] Solving for max label = 616:
c [Incremental] Solving duration: 33588 ms.
s [Incremental] SAT (label = 616).
Label assignment: 526 310 574 61 440 330 559 327 553 401 80 505 582 589 489 65 255 361 89 469 69 604 189 608 248 267 64 278 220 115 596 66 81 204 372 120 59 57 578 427 467 572 594 233 576 466 599 547 424 261 565 554 245 262 439 584 294 575 563 326 614 240 545 573 537 158 102 332 509 447 243 154 75 434 523 317 87 561 34 110 364 566 60 504 415 390 331 473 285 349 118 312 581 1 249 173 506 54 177 63 550 155 422 512 258 521 117 271 546 418 570 142 468 516 156 464 140 134 420 259 260 389 13 441 29 26 114 500 436 443 569 266 97 425 426 549 362 583 405 613 555 246 159 430 510 371 503 592 527 528 335 442 168 564 56 174 289 370 103 167 6 99 603 48 191 238 322 360 454 138 70 17 150 79 356 272 91 455 104 53 580 8 384 7 217 55 605 511 591 446 265 109 597 18 161 598 107 314 157 586 216 284 541 62 202 67 254 514 133 282 392 252 78 77 76 610 531 116 579 92 253 165 74 529 73 68 456 352 94 388 208 131 232 188 250 324 132 11 358 520 334 196 58 268 88 499 149 83 12 119 552 519 280 291 247 416 283 355 329 567 71 612 515 328 602 15 429 461 113 354 508 333 351 96 365 341 28 72 90 577 325 363 366 414 556 227 600 540 535 108 273 374 323 381 311 197 199 449 27 452 105 184 428 471 590 106 170 288 342 609 52 421 606 257 536 501 205 293 308 178 93 101 86 611 270 339 31 593 38 460 21 274 517 432 530 16 616 221 234 560 542 172 2 383 487 497 183 39 164 369 313 488 350 122 444 513 210 129 387 417 448 525 239 162 148 557 423 615 82 200 348 431 201 481 367 435 203 256 543 373 445 209 518 176 457 186 98 607 502 393 315 244 14 22 192 3 346 218 382 222 587 585 214 303 146 524 391 305 251 225 9 241 451 571 269 229 226 187 394 286 151 281 558 32 344 345 419 412 179 548 357 532 23 450 194 37 50 166 237 279 496 410 112 152 411 486 30 235 368 182 385 100 136 275 5 292 25 437 36 41 175 538 337 507 544 20 493 277 491 4 402 601 95 307 462 193 264 336 35 10 522 438 263 19 215 51 163 195 320 242 359 171 84 33 353 185 319 40 595 181 498 180 470 
c [Incremental] Max used label: 616.
c [Incremental] Label 616 is removed from searching.
c [Incremental] Solving for max label = 615:
c [Incremental] Solving duration: 34897 ms.
s [Incremental] SAT (label = 615).
Label assignment: 347 147 552 303 100 609 156 456 125 260 274 407 15 145 126 555 495 134 184 149 313 114 4 376 27 337 58 244 487 138 330 549 258 533 500 299 236 558 386 36 77 578 432 467 314 581 605 569 29 608 54 480 537 602 249 521 291 573 52 106 16 502 162 468 366 34 127 261 241 205 525 233 324 10 497 469 107 550 594 446 524 222 547 310 344 63 526 229 341 23 213 493 142 448 122 286 364 309 315 323 41 565 454 478 350 529 61 281 476 320 81 33 496 512 163 475 367 373 268 471 355 486 187 403 557 74 449 25 584 185 577 354 181 280 111 78 179 167 417 522 59 30 49 543 361 42 358 155 585 17 64 188 599 474 137 2 415 548 178 439 440 182 101 75 47 484 56 506 226 338 128 13 508 192 591 333 250 238 445 39 568 189 71 264 457 540 437 604 37 305 326 204 97 166 615 441 247 321 232 32 296 406 171 210 561 255 583 515 400 349 211 531 575 68 175 193 528 173 168 109 275 12 51 278 397 576 389 390 443 563 409 402 420 248 183 452 284 263 504 282 40 600 300 589 491 279 223 425 436 329 327 527 38 413 534 186 70 519 140 45 44 322 14 112 104 20 160 164 283 105 343 398 251 418 613 117 256 118 108 35 481 31 174 566 466 384 610 245 536 257 177 464 46 450 408 335 553 95 239 50 86 18 419 571 115 562 348 90 603 110 144 270 5 593 611 206 242 132 473 273 180 429 447 612 123 190 246 3 544 252 271 57 509 194 237 24 614 595 430 294 385 360 444 139 412 501 356 200 26 434 459 463 607 253 80 598 317 545 482 405 98 597 221 217 304 520 113 165 272 269 84 28 277 574 435 169 462 351 391 378 103 159 422 503 318 374 170 102 539 490 570 362 195 82 6 93 65 375 199 586 352 518 243 451 392 535 336 76 345 91 276 62 590 287 587 559 119 588 567 332 334 359 154 19 267 523 172 483 514 67 423 370 428 96 311 541 53 11 60 606 564 202 197 306 582 551 21 225 55 259 157 427 218 357 266 416 421 438 254 572 353 158 265 505 395 262 488 1 331 116 292 92 196 83 176 363 532 371 455 431 530 7 328 22 489 393 198 312 150 365 219 9 191 485 442 8 148 387 88 580 340 516 377 
c [Incremental] Max used label: 615.
c [Incremental] Label 615 is removed from searching.
c [Incremental] Solving for max label = 614:
c [Incremental] Solving duration: 29106 ms.
s [Incremental] SAT (label = 614).
Label assignment: 347 147 48 303 100 609 156 445 125 260 274 407 15 145 558 555 316 134 184 149 313 114 4 376 27 337 342 244 487 414 334 69 254 533 299 258 58 578 386 36 61 33 432 121 236 560 582 569 29 608 480 486 605 602 249 521 291 565 573 106 16 411 162 468 366 34 127 251 241 205 531 233 324 10 497 469 107 549 594 446 525 222 550 213 344 467 526 229 341 23 201 63 122 448 161 286 364 309 315 460 323 56 452 478 350 529 461 281 476 320 81 310 388 512 163 475 552 373 268 471 355 537 187 403 557 39 449 25 584 185 372 354 181 280 111 78 179 167 410 522 59 30 74 543 361 130 358 155 585 17 64 188 599 474 137 2 576 143 178 439 440 182 101 75 47 49 238 506 484 338 128 13 508 192 591 330 250 89 450 71 568 189 99 264 457 367 437 604 37 305 333 204 97 166 524 581 255 232 326 32 296 406 171 494 561 41 583 515 575 349 175 528 400 44 401 193 534 173 168 109 275 12 51 278 397 554 389 390 443 563 409 211 321 248 183 38 284 263 504 282 40 600 300 589 491 527 327 425 436 153 502 496 66 413 532 186 72 519 140 426 45 322 14 112 104 20 160 579 283 105 343 398 247 418 613 77 256 118 108 564 35 31 174 566 209 384 610 245 536 257 177 464 46 538 408 335 239 95 329 50 86 18 419 571 115 562 348 90 603 110 144 270 5 593 611 206 242 307 73 273 180 429 447 612 123 190 246 3 481 252 271 57 509 194 545 24 614 396 595 294 385 360 444 216 412 501 356 200 26 434 459 463 607 253 80 598 546 159 473 405 98 597 221 217 304 289 113 165 272 269 84 28 277 574 435 169 462 351 391 378 103 482 422 503 318 370 170 102 539 490 570 362 195 82 6 93 65 375 199 586 352 518 243 556 392 535 336 76 345 91 276 62 590 287 587 559 119 588 567 331 423 359 154 19 267 523 172 158 514 67 483 365 428 96 311 541 553 11 60 606 70 548 197 306 547 551 21 225 55 259 157 427 218 357 266 416 421 438 451 572 353 234 265 505 395 262 488 1 136 116 292 92 196 387 176 363 530 371 455 431 520 7 328 22 489 131 295 312 207 393 219 9 191 485 442 8 148 340 88 580 332 516 377 
c [Incremental] Max used label: 614.
c [Incremental] Label 614 is removed from searching.
c [Incremental] Solving for max label = 613:
c [Incremental] Solving duration: 26851 ms.
s [Incremental] SAT (label = 613).
Label assignment: 349 147 510 303 100 609 156 449 125 260 271 407 15 227 558 555 316 134 184 494 313 114 4 325 27 121 337 244 487 138 334 69 254 524 299 258 58 565 319 36 61 33 432 379 236 560 582 569 32 608 480 578 605 602 249 521 291 380 400 280 16 411 162 468 347 34 126 251 241 233 529 540 324 10 497 469 110 549 595 428 507 222 498 213 30 467 526 229 344 23 201 63 122 448 376 286 364 309 315 478 323 548 450 476 350 525 461 264 488 320 81 310 388 512 163 475 545 373 268 49 355 404 187 403 573 39 447 425 576 183 129 354 181 278 111 78 179 167 454 522 59 28 74 543 361 130 358 394 584 17 64 185 599 541 137 2 415 143 199 477 440 182 101 75 47 496 238 506 240 338 145 13 508 270 592 330 250 89 426 99 566 189 424 261 457 367 437 604 37 305 333 204 97 165 527 421 255 232 326 375 296 402 571 135 538 71 583 515 575 341 175 531 401 44 511 191 533 173 168 109 275 12 51 279 416 563 568 390 445 285 410 211 321 248 572 38 532 263 479 282 40 600 557 588 491 564 327 427 436 153 502 504 220 409 534 186 53 519 579 556 45 322 14 200 104 20 160 393 590 105 343 398 247 418 611 553 256 118 108 550 35 29 174 596 453 587 610 239 613 257 177 464 66 245 215 339 581 95 381 154 86 18 413 417 117 562 348 90 594 107 144 192 5 593 603 284 242 307 73 273 180 429 444 612 123 190 252 3 544 430 276 57 509 193 194 24 528 601 433 294 385 360 443 216 451 472 356 198 26 434 155 459 606 492 80 598 546 159 412 552 98 597 221 217 304 289 113 164 272 269 84 31 281 395 435 169 462 351 329 378 103 570 389 505 318 368 170 102 539 493 574 362 195 82 6 93 120 567 209 132 346 518 243 46 352 530 406 65 345 91 274 50 246 287 591 559 483 586 408 331 554 359 391 19 267 523 171 172 514 67 481 365 420 96 311 405 77 11 60 589 55 158 197 336 547 466 21 225 70 277 157 422 41 357 266 340 419 438 446 202 353 234 265 513 131 262 484 1 136 115 300 92 196 72 292 342 607 585 392 431 520 7 328 22 489 551 473 377 207 335 219 9 112 485 442 8 235 363 88 580 332 516 490 
c [Incremental] Max used label: 613.
c [Incremental] Label 613 is removed from searching.
c [Incremental] Solving for max label = 612:
c [Incremental] Solving duration: 1042 ms.
s [Incremental] SAT (label = 612).
Label assignment: 349 147 510 303 100 609 156 449 125 260 271 407 15 227 558 555 316 134 184 494 313 114 4 325 27 121 337 244 487 138 334 69 254 524 299 258 58 565 319 36 61 33 432 379 236 560 582 569 32 602 480 578 605 608 249 521 291 380 400 280 16 411 162 468 347 34 126 251 241 233 529 540 324 10 497 469 110 549 595 428 507 222 498 213 30 467 526 229 344 23 201 63 122 448 376 286 364 309 315 478 323 548 450 476 350 525 461 264 488 320 81 310 388 512 163 475 545 373 268 49 355 404 187 403 573 39 441 425 576 183 129 354 181 278 111 78 179 167 454 522 59 28 74 543 361 130 358 394 584 17 64 185 599 541 137 2 415 143 199 477 440 182 101 75 47 496 238 506 240 338 145 13 508 270 592 330 250 66 426 99 566 189 424 261 457 367 437 604 37 305 333 204 97 165 527 421 255 232 326 375 296 402 571 135 538 71 583 515 575 341 175 531 401 44 511 191 533 173 168 109 275 12 51 279 416 563 568 390 445 285 410 211 321 248 572 38 532 263 479 282 40 600 557 588 491 564 327 427 436 153 502 504 220 409 534 186 53 519 579 556 45 322 14 200 104 20 160 393 590 105 343 398 247 418 601 553 256 118 108 550 68 29 174 124 453 587 610 239 611 257 177 464 35 245 215 339 581 95 381 154 86 18 413 417 117 562 348 90 594 107 144 192 5 593 603 284 242 307 73 273 180 429 444 612 123 190 252 3 544 430 276 57 509 193 194 24 528 596 433 294 385 360 443 216 451 472 356 198 26 434 207 459 606 492 80 598 546 159 412 552 98 597 221 217 304 289 113 164 272 269 84 31 281 395 435 169 462 351 329 378 103 570 389 505 318 368 170 102 539 493 574 362 195 82 6 93 120 567 209 132 346 518 243 46 352 523 406 65 345 91 274 50 246 287 591 559 483 586 408 331 554 359 391 19 267 530 171 172 514 67 481 365 420 96 311 405 77 11 60 589 55 158 197 336 547 466 21 225 70 277 157 422 41 357 266 340 419 438 446 202 353 234 265 513 131 262 484 1 136 115 300 92 196 72 292 342 607 585 392 431 520 7 328 22 489 551 473 377 150 335 219 9 112 485 442 8 235 363 88 580 332 516 490 
c [Incremental] Max used label: 612.
c [Incremental] Label 612 is removed from searching.
c [Incremental] Solving for max label = 611:
c [Incremental] Solving duration: 20541 ms.
s [Incremental] SAT (label = 611).
Label assignment: 349 147 470 303 100 609 156 438 125 260 271 407 13 228 557 571 316 134 184 494 313 114 4 559 27 337 324 244 487 138 334 69 258 525 293 254 400 565 560 36 64 467 432 379 236 558 582 569 32 602 480 578 605 608 249 521 133 315 127 280 16 447 162 411 347 34 126 251 241 205 532 540 454 10 497 469 110 549 587 428 512 201 498 213 30 393 526 229 344 23 548 63 122 448 476 286 366 309 325 478 323 106 437 500 350 514 461 264 503 320 388 310 33 507 163 233 545 154 268 49 361 425 188 142 579 302 434 187 576 183 129 354 181 278 111 78 179 167 391 522 462 28 542 543 362 155 358 573 584 17 56 185 599 577 137 2 415 143 178 175 440 182 101 561 553 496 238 506 226 404 208 294 581 270 592 330 250 141 426 116 566 189 128 261 457 367 439 604 44 305 333 204 97 165 527 421 255 488 326 568 375 372 563 135 538 210 583 515 572 341 234 529 159 463 554 191 511 173 499 109 275 12 285 279 402 390 42 397 450 61 409 48 149 248 410 329 37 263 495 282 40 600 389 588 284 465 120 427 436 153 424 504 220 54 517 186 405 519 575 556 38 322 20 200 104 15 160 464 590 105 343 398 247 418 601 311 256 401 108 435 59 29 174 484 53 479 610 312 611 257 177 327 35 239 45 339 502 95 381 152 86 18 413 417 117 562 348 79 598 107 144 192 5 596 603 115 242 451 73 273 180 431 433 595 193 190 252 3 544 430 276 57 509 194 237 24 528 123 65 551 145 360 443 216 547 304 363 198 26 445 207 80 594 253 317 597 77 412 482 585 98 606 214 119 483 385 113 164 272 269 84 31 277 395 442 169 490 351 384 492 103 570 416 505 374 368 170 102 539 493 574 356 195 82 6 93 202 62 209 132 346 518 243 46 387 523 392 68 345 91 274 406 289 246 501 308 230 586 408 331 567 355 76 19 267 530 171 535 516 489 481 357 420 96 14 283 287 11 60 591 295 157 197 70 472 83 21 55 466 259 85 422 41 364 266 336 419 441 446 67 353 365 265 589 131 262 66 1 136 99 300 92 196 72 245 342 607 555 455 429 531 7 328 22 473 550 552 158 377 335 219 9 112 485 444 8 235 148 88 580 340 524 332 
c [Incremental] Max used label: 611.
c [Incremental] Label 611 is removed from searching.
c [Incremental] Solving for max label = 610:
c [Incremental] Solving duration: 40551 ms.
s [Incremental] SAT (label = 610).
Label assignment: 349 125 470 154 188 605 156 415 316 260 271 407 337 58 557 33 494 134 184 64 313 114 4 48 22 200 414 324 487 138 334 486 258 525 457 244 400 565 571 36 319 76 432 560 314 558 582 569 16 602 480 556 581 608 249 521 475 315 127 278 17 411 587 311 347 34 216 251 241 111 531 467 205 10 496 469 97 549 115 428 512 67 498 552 344 393 526 229 364 26 227 63 122 448 497 286 366 309 325 478 323 460 437 476 350 514 399 264 503 320 578 568 161 507 163 74 452 203 268 551 361 537 179 49 564 577 434 30 576 183 71 354 198 280 100 406 110 167 391 522 462 28 291 543 356 477 358 130 586 13 382 185 599 584 137 2 326 175 109 210 440 182 104 44 559 553 302 508 226 298 404 294 579 270 592 330 250 506 426 206 566 178 128 261 78 365 439 604 146 305 333 204 191 165 501 189 255 232 56 538 296 372 388 77 548 61 583 515 572 341 234 527 177 533 39 193 511 173 168 101 275 25 159 285 120 390 42 397 446 47 409 40 208 248 410 329 284 263 495 282 92 600 37 588 213 465 223 427 436 402 424 504 240 54 517 186 75 519 570 463 38 322 24 202 99 15 160 301 590 181 343 398 247 418 601 220 118 152 108 435 140 29 174 484 453 479 609 312 610 267 215 396 35 464 45 242 502 95 283 158 86 18 413 417 117 499 348 90 598 107 144 192 5 596 603 65 233 119 180 273 201 431 433 595 194 190 252 3 542 57 276 547 509 103 307 32 528 79 381 451 155 360 443 145 338 304 359 199 21 445 68 66 594 299 139 597 375 237 482 536 98 606 214 217 253 385 113 164 272 269 84 23 277 555 442 169 490 351 384 492 106 374 416 505 368 450 170 123 544 493 574 362 195 82 6 93 472 207 157 132 387 518 51 340 389 523 392 60 345 483 274 62 221 332 500 308 352 580 131 293 567 355 395 19 257 530 171 520 516 489 408 336 420 96 14 46 287 11 72 591 295 172 197 31 259 83 20 55 466 279 218 422 225 363 266 41 419 441 371 535 353 321 265 589 367 262 50 317 243 187 300 585 196 412 176 346 607 593 455 429 529 7 328 27 473 546 377 281 335 550 219 9 112 485 444 8 235 148 88 575 12 524 53 
c [Incremental] Max used label: 610.
c [Incremental] Label 610 is removed from searching.
c [Incremental] Solving for max label = 609:
c [Incremental] Solving duration: 24739 ms.
s [Incremental] SAT (label = 609).
Label assignment: 349 147 470 303 189 605 156 416 415 212 271 507 337 58 557 63 494 458 184 370 313 108 4 48 19 192 456 324 487 414 334 486 258 525 457 319 400 565 560 29 314 67 437 558 42 386 586 569 16 602 52 556 578 608 249 521 475 315 127 264 17 411 326 311 347 30 254 251 241 112 517 205 462 10 496 469 97 553 203 428 510 73 497 468 344 396 526 227 364 24 379 145 151 448 122 286 366 309 64 461 76 537 425 505 350 514 399 268 449 325 229 320 126 512 323 77 403 561 260 564 361 463 179 49 198 133 432 422 114 183 87 354 182 185 99 142 111 585 402 522 477 20 291 543 356 478 343 573 577 34 382 188 599 43 143 2 474 175 105 54 438 196 103 398 559 238 302 492 545 124 542 426 579 278 592 330 250 141 440 207 224 178 482 261 78 44 439 604 146 305 581 204 190 165 498 582 255 232 57 493 285 329 283 47 563 61 584 515 572 362 234 527 476 154 321 193 511 197 219 101 358 28 363 15 419 390 37 120 446 539 467 208 152 248 211 318 35 265 508 282 92 600 327 587 223 206 129 427 436 168 465 504 70 74 338 180 59 519 38 464 322 301 25 263 100 23 160 242 424 191 339 484 247 418 601 167 408 80 98 555 140 32 174 495 51 491 598 312 609 267 281 397 41 239 45 245 161 119 385 118 86 18 417 499 590 166 359 90 597 110 131 186 5 596 603 158 547 71 566 351 181 431 433 589 583 176 233 3 562 549 277 79 509 113 307 36 528 69 571 240 155 360 435 153 443 304 357 199 21 445 68 574 595 374 375 594 287 340 75 541 116 606 214 217 237 221 115 164 273 269 84 14 262 62 442 169 488 272 331 144 104 56 348 506 384 450 170 588 550 368 123 353 187 82 6 93 132 401 472 535 341 518 332 378 389 523 148 243 345 483 274 60 392 548 500 308 540 333 423 293 567 352 404 31 257 530 171 481 516 489 513 503 409 96 33 46 246 11 66 591 295 172 280 27 50 136 22 65 466 270 225 420 544 355 266 83 413 441 371 536 279 317 259 580 139 276 55 369 335 195 297 593 201 444 218 346 607 529 455 429 520 7 328 26 381 546 377 300 485 72 395 9 106 202 434 8 412 53 88 575 12 524 235 
c [Incremental] Max used label: 609.
c [Incremental] Label 609 is removed from searching.
c [Incremental] Solving for max label = 608:
c [Incremental] Solving duration: 52981 ms.
s [Incremental] SAT (label = 608).
Label assignment: 349 147 470 303 362 605 156 415 212 399 275 447 337 228 565 505 407 458 261 370 313 443 2 231 19 531 456 324 487 63 334 73 254 525 457 486 400 557 560 34 488 74 437 390 581 556 572 569 48 602 224 40 579 608 249 521 203 478 127 115 16 380 411 326 585 365 216 258 241 112 517 205 454 13 495 222 165 544 273 428 510 58 553 379 17 548 526 468 342 24 344 384 208 116 460 286 364 311 229 323 70 387 425 497 350 514 149 267 210 571 207 320 402 512 391 142 422 373 265 561 360 482 179 54 202 182 10 432 361 89 135 339 104 118 426 126 110 563 568 522 122 20 393 543 30 398 354 551 576 28 143 188 601 43 474 11 394 204 193 81 196 185 438 325 462 163 294 494 327 94 404 32 580 194 592 330 250 469 260 199 213 87 42 251 78 44 439 604 146 363 573 192 190 416 498 582 255 490 559 232 217 372 178 47 538 49 588 515 550 343 452 527 132 539 476 449 511 186 219 101 280 356 440 15 242 237 35 120 191 446 465 308 382 248 567 52 117 421 114 270 92 600 419 587 558 206 501 427 436 385 318 493 288 159 335 180 100 519 38 562 321 301 25 276 430 23 160 45 268 278 338 123 247 171 607 220 329 310 98 51 445 27 174 322 244 157 598 312 586 29 408 575 41 397 289 245 549 108 545 121 85 8 166 417 577 154 359 124 597 109 131 274 4 596 603 388 37 479 153 351 187 431 167 589 583 176 252 3 298 534 279 71 509 435 375 33 507 570 36 253 499 348 197 240 161 304 357 234 1 177 68 574 595 77 555 594 158 518 75 541 106 606 214 181 340 221 111 164 119 271 84 21 352 62 442 169 483 262 269 144 183 56 441 506 243 590 170 552 307 369 113 39 184 82 6 93 423 547 472 60 353 523 378 225 300 529 148 554 345 233 105 57 513 331 500 467 155 333 293 316 481 272 459 31 257 530 172 246 516 383 491 503 409 96 284 46 566 9 50 591 295 69 367 72 67 136 189 306 473 282 195 420 536 355 266 401 413 107 18 22 358 299 259 584 218 264 65 66 61 198 292 593 200 489 466 346 341 377 336 429 520 7 328 26 381 152 546 297 53 76 395 12 434 201 277 5 412 332 91 578 14 524 599 
c [Incremental] Max used label: 608.
c [Incremental] Label 608 is removed from searching.
c [Incremental] Solving for max label = 607:
c [Incremental] Solving duration: 16934 ms.
s [Incremental] SAT (label = 607).
Label assignment: 110 485 545 475 530 82 562 430 558 390 241 195 274 399 547 563 203 104 10 553 366 244 596 154 333 176 470 490 317 552 264 482 352 182 467 384 487 363 540 4 468 60 255 34 61 379 197 75 25 582 55 456 116 525 178 253 460 397 127 168 260 509 243 443 106 323 311 191 362 201 324 76 561 361 263 402 425 295 283 190 441 556 206 40 576 284 498 70 340 329 381 282 394 166 72 401 574 396 39 49 22 59 347 98 339 101 489 435 359 538 63 404 58 439 135 258 67 237 175 567 520 66 419 568 248 374 355 389 254 15 469 344 348 9 187 451 112 597 550 247 236 170 129 78 579 463 583 205 92 84 483 23 90 557 242 507 122 462 310 465 493 169 250 478 446 554 566 586 358 36 476 353 108 416 599 517 19 123 350 325 158 17 455 257 80 57 251 577 118 103 578 16 32 21 196 199 420 152 371 331 391 528 204 234 454 77 113 605 549 592 536 494 360 544 79 162 595 338 560 7 414 246 130 580 436 160 570 20 240 56 161 64 571 93 147 62 232 506 450 429 431 581 457 343 367 156 308 432 417 219 546 449 202 164 588 337 551 442 569 155 479 193 83 335 179 332 440 47 279 165 174 138 18 421 95 208 115 492 12 120 235 514 8 287 227 312 87 444 102 33 194 292 559 38 453 412 200 502 225 306 256 584 342 139 515 27 85 46 97 268 480 1 100 252 89 413 133 377 459 448 172 181 427 109 572 497 29 96 548 216 407 541 99 488 54 320 266 217 315 369 51 81 406 267 380 238 328 411 591 180 535 233 513 542 270 259 143 53 298 316 503 91 388 281 385 537 3 11 6 521 499 336 512 74 5 426 119 526 447 365 173 589 94 354 278 105 14 594 299 516 114 575 177 518 345 510 523 587 239 368 159 249 262 141 293 590 375 43 349 212 424 31 280 289 186 378 486 184 398 321 327 433 207 357 505 603 30 121 606 215 495 188 423 428 275 24 387 269 531 601 370 382 593 192 297 452 277 52 42 598 477 356 117 163 189 543 171 2 519 473 88 410 496 107 464 418 471 466 44 326 300 573 322 149 124 600 185 222 291 261 167 334 341 13 273 522 50 395 45 400 481 504 415 319 408 508 304 461 183 585 604 607 209 
c [Incremental] Max used label: 607.
c [Incremental] Label 607 is removed from searching.
c [Incremental] Solving for max label = 606:
c [Incremental] Solving duration: 982 ms.
s [Incremental] SAT (label = 606).
Label assignment: 110 485 545 475 530 82 562 430 558 390 241 195 274 399 547 563 203 104 10 553 366 244 596 154 333 176 470 490 317 552 264 482 352 182 467 384 487 363 540 4 468 60 255 34 61 379 197 75 25 582 55 456 116 525 178 253 460 397 127 168 260 509 243 443 106 323 311 191 362 201 324 76 561 361 263 402 425 295 283 190 441 556 206 40 576 284 498 70 340 329 381 282 394 166 72 401 574 396 39 49 22 59 347 98 339 101 489 435 359 538 63 404 58 439 135 258 67 237 175 567 520 66 419 568 248 374 355 389 254 15 469 344 348 9 187 451 112 597 550 247 236 170 129 78 579 463 583 205 92 84 483 23 90 557 242 507 122 462 310 465 493 169 250 478 446 554 566 586 358 36 476 353 108 416 599 517 19 123 350 325 158 17 455 257 80 57 251 577 118 103 578 16 32 21 196 199 420 152 371 331 391 528 204 234 454 77 113 605 549 592 536 494 360 544 79 162 595 338 560 7 414 246 130 580 436 160 570 20 240 56 161 64 571 93 147 62 232 506 450 429 431 581 457 343 367 156 308 432 417 219 546 449 202 164 588 337 551 442 569 155 479 193 83 335 179 332 440 47 279 165 174 138 18 421 95 208 115 492 12 120 235 514 8 287 227 312 87 444 102 33 194 292 559 38 453 412 200 502 225 306 256 584 342 139 515 27 85 46 97 268 480 1 100 252 89 413 133 377 459 448 172 181 427 109 572 497 29 96 548 216 407 541 99 488 54 320 266 217 315 369 51 81 406 267 380 238 328 411 591 180 535 233 513 542 270 259 143 53 298 316 503 91 388 281 385 537 3 11 6 521 499 336 512 74 5 426 119 526 447 365 173 589 94 354 278 105 14 594 299 516 114 575 177 518 345 510 523 587 239 368 159 249 262 141 293 590 375 43 349 212 424 31 280 289 186 378 486 184 398 321 327 433 207 357 505 603 30 121 606 215 495 188 423 428 275 24 387 269 531 600 370 382 602 192 297 452 277 52 42 598 477 356 117 163 189 543 171 2 519 473 88 410 496 107 464 418 471 466 44 326 300 573 322 149 124 593 185 222 291 261 167 334 341 13 273 522 50 395 45 400 481 504 415 319 408 508 304 461 183 585 604 601 209 
c [Incremental] Max used label: 606.
c [Incremental] Label 606 is removed from searching.
c [Incremental] Solving for max label = 605:
c [Incremental] Solving duration: 130128 ms.
s [Incremental] SAT (label = 605).
Label assignment: 596 485 554 475 358 82 468 439 552 390 241 273 276 493 389 563 558 560 10 366 311 244 100 197 333 201 551 497 490 586 261 482 359 173 467 566 571 553 540 4 573 60 255 68 61 379 195 572 33 582 48 456 119 525 20 254 243 410 127 168 259 448 567 470 189 323 34 191 25 120 324 248 575 185 262 402 426 295 28 279 440 296 547 40 416 284 509 70 337 331 381 282 361 166 564 434 590 393 75 49 477 59 348 265 343 108 538 435 489 156 63 396 58 423 104 237 67 315 175 561 520 66 431 233 29 408 355 334 36 14 469 347 360 9 190 473 117 534 405 247 531 170 483 78 597 242 588 205 98 84 400 23 90 537 508 523 221 202 444 545 506 169 250 236 555 118 409 577 387 106 398 436 103 414 101 579 422 123 353 325 209 17 404 267 394 529 253 587 204 55 578 194 199 498 198 437 340 225 392 130 391 278 152 528 413 158 113 605 445 592 494 512 559 336 79 162 595 346 403 7 430 246 160 86 222 461 224 107 240 56 275 550 321 501 217 251 232 511 114 446 526 581 450 585 377 208 320 432 429 219 474 515 200 228 599 330 238 442 327 574 458 30 83 335 186 364 339 47 39 165 171 272 15 183 95 145 188 569 12 154 147 516 11 297 227 312 87 471 102 32 345 373 43 231 453 419 308 502 462 161 260 589 22 139 570 110 85 216 527 193 549 1 105 252 89 8 133 294 459 447 172 425 427 112 556 507 182 93 307 365 412 369 342 488 54 356 268 533 291 239 131 81 406 310 380 38 328 411 591 180 495 491 513 290 53 257 143 141 298 316 503 91 565 292 557 478 3 181 6 518 420 352 438 50 5 179 116 99 46 223 174 332 280 354 472 584 344 539 125 31 109 600 177 504 500 517 388 368 52 535 151 249 395 293 376 602 285 211 349 159 441 212 37 289 583 542 318 184 226 256 562 524 207 357 505 603 24 121 594 51 266 192 421 433 27 220 150 270 378 115 72 382 187 300 157 215 277 41 568 598 455 417 144 164 271 301 338 2 350 44 88 451 510 178 464 424 496 213 71 326 386 580 322 548 124 593 111 214 287 263 167 18 341 13 281 148 62 35 481 45 304 94 415 351 407 499 134 375 16 576 604 601 486 
c [Incremental] Max used label: 605.
c [Incremental] Label 605 is removed from searching.
c [Incremental] Solving for max label = 604:
c [Incremental] Solving duration: 229426 ms.
s [Incremental] SAT (label = 604).
Label assignment: 504 486 64 472 132 589 121 18 460 391 425 575 261 558 384 566 562 563 171 485 534 266 356 375 354 495 548 433 565 49 603 39 431 584 569 555 315 125 321 23 318 60 22 40 61 230 501 237 564 263 394 567 587 503 443 276 557 447 393 183 346 240 311 470 92 510 9 16 35 242 594 208 289 359 271 479 422 386 31 252 411 556 402 381 357 285 519 70 586 336 327 43 306 186 554 429 507 154 226 63 382 58 5 561 112 578 454 95 152 127 55 153 59 115 379 528 533 525 196 369 498 66 440 446 363 150 332 450 36 254 469 334 178 17 4 560 580 110 329 585 245 350 313 249 345 304 600 531 117 344 461 6 102 537 312 577 129 167 47 545 514 11 180 206 574 120 397 521 215 513 200 387 364 432 524 604 279 370 170 420 57 500 453 7 400 67 256 601 487 293 593 114 162 25 349 157 434 236 288 158 133 494 225 456 395 546 588 596 156 86 403 101 314 449 69 181 597 2 455 274 441 264 307 75 493 151 476 478 21 56 202 451 373 445 239 68 19 427 232 418 595 93 163 275 142 207 406 421 438 481 488 248 209 284 590 517 570 98 205 229 159 477 341 185 176 339 442 297 77 179 282 523 197 522 91 199 399 544 24 123 33 88 8 448 134 168 97 466 82 328 281 484 48 234 323 599 389 428 553 291 195 591 515 301 270 116 100 316 518 173 572 10 111 113 250 435 73 573 512 109 20 28 416 260 269 516 54 360 480 325 419 374 106 502 122 337 255 559 527 310 52 99 14 380 247 38 94 331 85 3 526 71 499 146 326 280 140 222 241 141 426 576 283 390 265 62 259 273 424 84 189 188 415 398 506 439 233 437 164 296 12 46 581 343 409 87 277 496 165 32 192 342 352 520 361 182 227 161 366 551 290 272 76 174 302 497 130 383 338 72 414 235 388 549 278 51 535 355 300 160 287 579 53 330 177 582 509 34 598 407 482 340 27 505 29 65 204 96 550 583 44 299 107 305 42 324 13 41 308 417 169 30 80 253 251 538 353 258 412 143 105 532 194 108 45 172 319 136 511 15 119 198 351 547 238 413 333 191 292 26 592 37 602 335 78 155 74 568 467 541 322 358 436 348 175 365 571 552 193 362 104 90 137 
c [Incremental] Max used label: 604.
c [Incremental] Label 604 is removed from searching.
c [Incremental] Solving for max label = 603:
c [Incremental] Solving duration: 121405 ms.
s [Incremental] SAT (label = 603).
Label assignment: 499 538 121 563 411 588 457 416 462 491 425 414 259 403 384 391 547 473 173 567 533 265 350 375 352 494 66 600 49 560 601 71 4 586 134 555 315 444 566 5 70 55 20 517 460 379 489 239 60 262 293 302 82 503 188 267 378 447 397 185 339 83 110 336 88 510 57 13 220 166 592 132 557 359 270 480 419 377 243 325 587 67 561 268 274 556 516 61 585 329 559 43 484 186 554 505 427 151 161 58 385 314 3 33 99 579 388 87 552 381 453 531 545 439 35 482 117 213 189 564 506 74 434 446 280 549 328 485 254 170 253 331 330 184 17 148 165 217 59 590 211 275 396 307 345 133 594 240 518 340 47 7 104 456 212 581 540 405 327 39 511 14 172 371 529 146 399 109 62 27 224 333 322 431 602 519 277 546 171 181 483 497 466 10 400 287 251 596 124 389 113 495 493 26 591 492 428 226 69 137 459 64 469 392 75 68 98 597 202 81 451 101 479 550 292 179 578 2 402 273 438 264 222 102 233 395 238 464 15 201 24 468 544 100 404 116 263 422 79 413 478 85 276 271 398 45 41 420 435 231 244 572 209 38 576 514 445 90 227 123 288 361 344 25 248 332 443 488 323 183 278 84 193 429 91 524 299 571 19 304 29 324 1 159 225 160 103 48 95 326 111 541 63 282 207 426 145 418 551 316 269 598 191 542 548 28 107 138 515 167 569 23 589 114 261 433 367 230 56 115 12 520 412 256 568 513 417 357 228 362 423 155 106 508 463 335 252 175 122 237 235 93 8 390 467 152 92 507 89 16 558 42 500 296 289 279 306 286 194 318 424 584 526 205 317 44 257 22 430 406 509 358 408 366 180 436 247 437 363 140 11 34 573 577 210 580 281 176 309 583 97 342 195 21 356 498 536 458 76 52 364 353 32 501 487 490 471 218 334 36 409 283 30 65 112 163 120 348 305 80 421 574 249 245 174 582 178 535 603 192 512 337 440 502 255 51 553 96 534 86 300 46 177 452 266 321 9 53 476 410 312 523 50 260 246 130 347 250 164 143 108 203 196 272 197 504 319 575 208 182 37 595 346 360 320 407 341 308 77 18 593 190 349 169 570 157 297 234 54 156 562 355 432 310 6 599 119 78 199 105 338 94 470 
c [Incremental] Max used label: 603.
c [Incremental] Label 603 is removed from searching.
c [Incremental] Solving for max label = 602:
c [Incremental] Solving duration: 736 ms.
s [Incremental] SAT (label = 602).
Label assignment: 499 538 121 563 411 588 457 416 462 491 425 414 259 403 384 391 547 473 173 567 533 265 350 375 352 494 66 600 49 560 601 71 4 586 134 555 315 444 566 5 70 55 20 517 460 379 489 239 60 262 293 302 82 503 188 267 378 447 397 185 339 83 110 336 88 510 57 13 220 166 592 132 558 359 270 480 419 377 243 325 587 67 561 268 274 556 516 61 585 329 559 43 484 186 554 505 427 151 161 58 385 314 3 33 99 579 388 87 552 381 453 531 545 439 35 482 117 213 189 564 506 74 434 446 280 549 328 485 254 170 253 331 330 184 17 148 165 217 59 590 211 275 396 307 345 133 594 240 518 340 47 7 104 456 212 572 540 405 327 39 511 14 172 371 530 146 399 109 62 27 224 333 322 431 602 519 277 546 171 181 483 497 466 10 400 287 251 596 124 389 113 495 493 26 577 492 428 226 69 137 459 64 469 392 75 68 98 597 202 81 451 101 479 550 292 179 578 2 402 273 438 264 222 102 233 395 238 464 15 201 24 468 529 100 404 116 263 422 79 413 478 85 276 271 398 45 41 420 435 231 244 573 209 38 576 514 445 90 227 123 288 361 344 25 248 332 443 488 323 183 278 84 193 429 91 524 299 571 19 304 29 324 1 159 225 160 103 48 95 326 111 541 63 282 207 426 145 418 551 316 269 591 191 542 548 28 107 138 515 167 569 23 589 114 261 433 367 230 56 115 12 520 412 256 544 513 417 357 228 362 423 155 106 508 463 335 252 175 122 237 235 93 8 390 467 152 92 507 89 16 570 42 500 296 289 279 306 286 194 318 424 584 526 205 317 44 257 22 430 406 509 358 408 366 180 436 247 437 363 140 11 34 575 581 210 580 281 176 309 583 97 342 195 21 356 498 536 458 76 52 364 353 32 501 487 490 471 218 334 36 409 283 30 65 112 163 120 348 305 80 421 574 249 245 174 582 178 535 599 192 512 337 440 502 255 51 553 96 534 86 300 46 177 452 266 321 9 53 476 410 312 521 50 260 246 130 347 250 164 143 108 203 196 272 197 504 319 557 208 182 37 595 346 360 320 407 341 308 77 18 593 190 349 169 568 157 297 234 54 156 562 355 432 310 6 598 119 78 199 105 338 94 470 
c [Incremental] Max used label: 602.
c [Incremental] Label 602 is removed from searching.
c [Incremental] Solving for max label = 601:
c [Incremental] Solving duration: 640 ms.
s [Incremental] SAT (label = 601).
Label assignment: 499 538 121 563 411 588 457 416 462 491 425 414 259 403 384 391 547 473 173 567 533 265 350 375 352 494 66 522 49 560 600 71 4 586 134 555 315 444 566 5 70 55 20 517 460 379 489 239 60 262 293 302 82 503 188 267 378 447 397 185 339 83 110 336 88 510 57 13 220 166 592 132 558 359 270 480 419 377 243 325 587 67 561 268 274 556 516 61 585 329 559 43 484 186 554 505 427 151 161 58 385 314 3 33 99 579 388 87 552 381 453 531 545 439 35 482 117 213 189 564 506 74 434 446 280 549 328 485 254 170 253 331 330 184 17 148 165 217 59 590 211 275 396 307 345 133 594 240 601 340 47 7 104 456 212 572 540 405 327 39 511 14 172 371 530 146 399 109 62 27 224 333 322 431 598 519 277 546 171 181 483 497 466 10 400 287 251 596 124 389 113 495 493 26 577 492 428 226 69 137 459 64 469 392 75 68 98 597 202 81 451 101 479 550 292 179 578 2 402 273 438 264 222 102 233 395 238 464 15 201 24 468 529 100 404 116 263 422 79 413 478 85 276 271 398 45 41 420 435 231 244 573 209 38 576 514 445 90 227 123 288 361 344 25 248 332 443 488 323 183 278 84 193 429 91 524 299 571 19 304 29 324 1 159 225 160 103 48 95 326 111 541 63 282 207 426 145 418 551 316 269 591 191 542 548 28 107 138 515 167 569 23 589 114 261 433 367 230 56 115 12 520 412 256 544 513 417 357 228 362 423 155 106 508 463 335 252 175 122 237 235 93 8 390 467 152 92 507 89 16 570 42 500 296 289 279 306 286 194 318 424 584 526 205 317 44 257 22 430 406 509 358 408 366 180 436 247 437 363 140 11 34 575 581 210 580 281 176 309 583 97 342 195 21 356 498 536 458 76 52 364 353 32 501 487 490 471 218 334 36 409 283 30 65 112 163 120 348 305 80 421 574 249 245 174 582 178 535 599 192 512 337 440 502 255 51 553 96 534 86 300 46 177 452 266 321 9 53 476 410 312 521 50 260 246 130 347 250 164 143 108 203 196 272 197 504 319 557 208 182 37 595 346 360 320 407 341 308 77 18 593 190 349 169 568 157 297 234 54 156 562 355 432 310 6 523 119 78 199 105 338 94 470 
c [Incremental] Max used label: 601.
c [Incremental] Label 601 is removed from searching.
c [Incremental] Solving for max label = 600:
c [Incremental] Solving duration: 32965 ms.
s [Incremental] SAT (label = 600).
Label assignment: 499 206 494 563 411 591 457 7 461 475 425 414 259 403 384 391 547 473 173 566 60 265 350 375 351 5 66 508 49 560 600 71 416 586 134 565 315 125 567 4 70 40 20 154 460 395 489 239 573 262 293 302 88 503 188 267 162 447 397 185 339 79 110 336 82 510 57 13 220 166 592 132 558 359 270 480 419 377 212 325 585 75 559 228 353 556 516 43 587 329 415 61 484 186 550 505 427 151 150 214 385 477 3 33 99 580 161 87 553 381 55 129 127 439 35 482 117 213 187 30 506 525 434 446 280 549 328 450 254 170 118 331 330 184 17 399 165 217 59 588 211 352 564 268 343 133 594 240 590 340 47 6 104 456 189 571 518 545 327 39 511 14 172 243 472 146 496 109 62 27 224 333 322 431 598 519 276 546 171 181 417 497 483 10 299 72 251 596 73 362 113 492 493 26 577 485 428 219 69 137 459 64 300 392 126 149 98 597 307 81 541 101 479 451 466 179 579 2 464 273 438 264 222 345 233 292 238 454 15 201 38 468 532 102 465 400 263 422 85 413 495 100 287 271 554 244 116 420 435 209 552 572 45 63 576 514 123 90 136 374 288 393 344 25 248 332 443 488 323 183 278 84 193 429 91 29 304 555 19 401 524 324 1 159 225 160 103 56 95 326 111 474 76 308 207 426 145 424 282 316 269 581 191 542 548 28 107 138 515 167 561 23 589 114 261 433 367 296 470 115 12 520 412 256 544 513 404 357 147 575 423 155 106 501 175 335 252 41 122 398 402 93 8 390 237 235 92 507 89 16 42 50 500 441 289 279 551 463 376 318 418 584 526 218 205 317 257 24 421 405 509 358 408 295 180 436 247 437 363 569 11 34 570 578 366 83 281 176 309 583 97 342 195 21 354 498 440 124 562 65 364 274 52 487 312 490 471 36 334 462 409 46 68 67 112 51 48 348 305 80 372 568 249 245 174 582 178 535 599 32 517 337 432 502 255 284 574 96 481 86 197 74 177 543 321 266 9 54 476 410 537 521 53 260 246 130 347 250 164 44 108 452 192 272 310 504 319 236 208 182 539 595 346 360 388 407 341 78 467 18 593 190 349 169 77 196 389 234 241 156 557 355 430 313 22 512 199 119 198 105 338 94 365 
c [Incremental] Max used label: 600.
c [Incremental] Label 600 is removed from searching.
c [Incremental] Solving for max label = 599:
c [Incremental] Solving duration: 56843 ms.
s [Incremental] SAT (label = 599).
Label assignment: 497 311 290 563 411 591 457 7 461 475 425 415 257 403 384 391 547 566 173 473 60 265 353 375 356 488 66 507 49 560 590 71 420 581 134 562 554 125 567 4 70 40 276 154 460 379 489 147 77 262 464 302 88 503 188 278 162 397 378 184 339 259 585 564 82 513 57 13 220 166 105 132 558 359 270 478 416 377 212 325 575 291 561 228 27 553 518 43 574 329 559 61 484 186 531 505 427 226 150 214 385 127 3 32 99 579 161 87 453 216 55 129 126 442 406 482 117 149 192 30 506 58 436 472 280 399 328 441 254 170 118 330 171 26 5 449 165 217 59 580 544 277 396 545 345 133 597 233 102 340 47 6 106 448 361 571 549 366 205 39 514 14 172 371 297 146 313 586 62 33 539 333 322 435 598 520 274 546 160 181 450 494 483 10 299 72 251 596 73 479 587 493 487 431 342 485 25 428 69 137 456 64 525 300 327 131 98 594 202 80 541 101 565 400 451 179 577 2 474 17 439 264 222 343 455 394 465 454 15 201 38 468 319 112 294 227 422 495 85 414 81 100 283 271 388 392 116 419 438 209 532 569 45 63 338 28 401 90 136 232 288 446 346 185 248 332 34 540 323 183 273 84 193 22 91 29 304 555 519 229 310 589 1 320 247 393 592 56 95 282 111 152 76 326 207 426 145 499 365 526 268 573 191 542 548 31 107 138 515 167 557 23 103 114 261 263 367 230 470 115 12 21 412 256 550 19 35 351 305 237 424 155 110 501 459 336 252 471 122 552 238 93 8 390 402 235 92 421 89 16 42 50 500 374 372 272 463 523 200 324 496 584 292 364 158 218 258 24 423 405 509 358 409 452 180 432 124 437 219 199 11 284 572 341 210 570 281 176 309 583 97 344 196 512 352 498 208 153 236 65 363 355 52 440 312 490 143 36 334 462 408 46 68 67 113 51 48 348 287 79 556 568 163 245 174 582 178 296 599 231 504 576 430 417 255 398 537 96 316 86 389 74 177 321 157 314 9 54 466 410 476 433 53 260 246 130 347 250 164 44 108 241 195 275 481 418 543 225 197 182 535 595 349 360 318 407 337 78 467 18 104 190 350 331 335 203 286 234 368 156 551 354 434 317 20 508 298 119 194 588 578 94 381 
c [Incremental] Max used label: 599.
c [Incremental] Label 599 is removed from searching.
c [Incremental] Solving for max label = 598:
c [Incremental] Solving duration: 31837 ms.
s [Incremental] SAT (label = 598).
Label assignment: 492 311 290 293 236 591 457 7 473 475 420 501 257 360 461 391 547 322 173 533 60 263 269 71 356 240 375 585 49 150 109 522 415 581 134 40 563 468 554 22 70 278 265 154 379 524 488 147 66 262 387 397 88 503 426 277 162 441 444 184 339 494 527 57 82 513 403 13 449 166 103 132 561 350 111 396 413 26 212 324 570 75 553 207 353 316 518 43 574 329 382 61 291 185 560 422 507 226 151 228 406 477 3 27 107 577 161 87 483 216 55 129 126 428 33 297 447 149 187 542 502 58 437 464 276 451 326 438 497 170 148 333 171 181 5 399 566 217 59 580 362 355 211 459 342 548 597 133 83 340 47 6 102 307 306 568 308 442 30 366 514 14 172 243 304 146 368 505 539 62 224 408 565 435 586 99 268 546 160 176 448 491 367 10 536 72 251 596 549 285 589 28 487 18 572 485 508 376 69 137 479 64 194 465 453 131 98 594 446 80 295 101 294 445 159 179 571 2 52 25 439 264 222 419 454 128 525 116 15 45 112 63 538 506 286 38 254 495 108 416 81 97 141 598 520 244 472 414 434 388 532 145 279 73 578 21 165 90 136 456 394 359 341 17 248 332 31 32 323 183 267 118 511 510 91 230 253 555 517 541 371 325 1 280 540 283 592 56 95 328 512 443 392 292 327 427 76 499 381 48 177 573 430 74 579 157 104 138 515 167 557 23 270 110 259 431 261 300 402 432 12 29 412 256 519 24 274 345 531 552 424 238 347 500 197 337 252 155 544 450 545 93 8 390 393 235 92 338 89 16 363 50 498 463 523 266 54 372 282 400 496 584 365 241 455 218 258 4 421 405 191 354 409 535 175 425 124 105 452 567 11 284 575 576 210 551 272 192 471 583 113 343 186 188 504 493 556 153 249 77 289 273 201 321 312 490 68 36 334 470 411 143 462 46 352 486 287 351 42 79 380 569 163 245 174 582 178 296 595 232 51 335 255 417 315 458 398 96 358 86 204 37 196 357 44 374 9 476 440 410 53 433 370 260 246 130 271 250 164 67 106 301 189 590 35 418 543 225 481 182 65 593 344 467 317 407 330 78 364 20 100 349 348 331 550 120 521 234 299 156 318 346 436 320 19 587 231 378 190 588 336 94 466 
c [Incremental] Max used label: 598.
c [Incremental] Label 598 is removed from searching.
c [Incremental] Solving for max label = 597:
c [Incremental] Solving duration: 39305 ms.
s [Incremental] SAT (label = 597).
Label assignment: 492 473 290 293 236 591 457 7 522 475 423 501 257 360 461 391 168 322 173 43 57 263 593 71 356 240 375 585 49 66 109 150 415 581 134 53 552 316 554 22 545 216 265 154 40 555 488 239 63 262 387 397 88 503 426 278 162 441 444 185 339 494 527 60 82 513 403 13 449 166 103 132 551 350 111 396 413 228 212 324 570 117 386 207 352 313 518 442 574 329 524 34 291 184 526 422 507 151 477 215 406 38 3 27 107 577 220 87 47 308 369 129 383 428 33 297 447 149 187 529 502 445 438 464 276 399 326 439 497 170 542 333 171 181 5 148 566 217 59 580 362 353 531 459 342 548 597 133 83 340 39 6 102 563 221 568 307 567 30 41 514 14 172 368 304 146 456 505 539 62 48 408 564 435 586 99 268 546 160 176 373 491 367 10 56 75 251 596 549 553 589 28 487 18 572 485 511 376 69 137 479 64 194 465 453 131 98 594 446 80 467 101 128 388 159 179 571 2 52 26 440 264 561 420 454 45 279 116 15 525 112 381 138 506 286 85 254 495 108 419 81 97 141 269 565 244 472 414 434 327 532 145 319 73 578 21 295 90 136 285 359 180 341 17 248 332 31 378 323 183 267 118 515 510 91 230 226 560 517 557 371 325 1 283 229 253 592 224 95 328 512 443 392 247 292 427 37 499 462 51 177 573 433 261 579 135 104 139 516 167 558 23 270 110 259 431 144 233 402 432 12 29 412 256 519 24 274 345 535 25 424 237 347 500 559 337 252 114 469 70 163 93 8 390 393 309 92 338 89 16 363 50 498 35 523 266 54 372 238 400 496 584 365 416 455 218 258 4 421 405 191 354 409 157 175 425 124 105 219 140 11 284 575 576 210 550 272 199 471 583 113 343 186 188 504 493 556 235 208 72 289 273 42 380 312 490 155 470 334 321 411 562 280 67 355 528 287 351 317 79 486 569 197 245 174 582 178 296 595 152 36 335 255 417 315 55 398 96 534 86 204 521 196 358 74 374 9 481 476 410 231 437 370 260 246 130 271 250 164 44 106 320 189 277 77 418 543 225 169 182 65 590 344 203 544 407 330 78 364 20 100 349 348 331 540 120 489 234 318 156 463 346 436 314 19 587 298 389 190 588 336 94 466 
c [Incremental] Max used label: 597.
c [Incremental] Label 597 is removed from searching.
c [Incremental] Solving for max label = 596:
c [Incremental] Solving duration: 187724 ms.
s [Incremental] SAT (label = 596).
Label assignment: 570 529 138 293 573 98 457 160 53 362 426 490 245 373 461 391 554 552 181 384 57 256 593 311 100 40 377 88 33 240 95 561 409 581 55 381 551 125 555 3 548 216 273 154 366 550 83 302 574 265 397 38 328 505 173 274 169 387 392 191 342 488 262 46 97 508 322 167 269 206 109 132 538 349 94 477 417 150 190 325 403 148 39 212 378 483 518 442 582 341 489 47 361 178 215 412 502 151 526 559 383 66 495 4 110 86 197 491 385 562 369 469 480 427 565 297 217 61 194 537 501 170 438 389 281 451 335 280 119 179 232 340 180 192 498 544 246 569 294 587 200 276 49 283 348 542 354 539 514 344 59 164 589 533 64 579 310 70 171 367 510 11 182 146 112 43 459 592 304 74 219 408 564 430 591 90 267 306 19 25 243 1 456 8 156 540 259 596 549 478 330 32 567 428 80 524 512 376 137 547 45 487 449 201 68 241 89 594 48 104 176 586 163 37 525 177 84 24 41 13 439 270 235 307 222 36 279 486 14 115 248 75 479 506 209 52 429 499 249 421 159 263 141 266 34 65 454 414 433 78 532 324 520 229 331 30 258 102 285 371 136 394 345 29 257 338 436 231 116 187 355 203 515 507 101 77 347 467 511 404 157 492 183 124 388 230 588 73 91 168 268 145 443 292 315 425 60 184 462 51 9 577 174 284 568 504 352 560 516 247 556 20 252 108 264 210 470 300 402 111 21 15 418 253 566 22 484 275 58 76 423 237 346 509 67 333 261 63 393 69 424 99 18 401 517 400 96 390 500 12 318 50 578 527 410 353 372 455 282 158 186 580 133 305 142 130 255 251 431 485 16 359 575 236 503 434 250 437 233 317 23 298 494 326 320 26 271 572 452 165 244 351 193 188 513 493 398 155 363 557 358 113 466 312 42 497 152 123 336 543 419 218 131 364 350 120 563 590 122 27 143 415 227 6 175 583 2 380 595 296 35 81 435 420 161 395 458 576 534 85 536 234 82 519 299 277 5 314 407 416 521 17 374 106 7 357 329 260 105 523 92 31 195 272 528 422 365 225 54 28 62 584 334 546 370 413 339 476 553 189 107 172 332 337 496 44 471 289 545 535 463 356 432 327 185 93 313 287 10 585 571 103 72 
c [Incremental] Max used label: 596.
c [Incremental] Label 596 is removed from searching.
c [Incremental] Solving for max label = 595:
c [Signal] Signal interruption. Caught signal: SIGTERM (15).
c [Main] Lim pid ends with result: 254.
r [Main] 
r [Main] Final results: 
r [Main] Total real time: 1806429 ms.
r [Main] Total memory consumed: 2839.6 MB.
r [Main] 
