c [Version] Minimize Makespan Labeling Encoder version 1.0.0.
c [Param] LB is predefined as 158.
c [Param] UB is predefined as 638.
c [Param] Memory limit is set to 30000.
c [Param] Real time limit is set to 1800.
c [Param] Worker count is set to 8.
c [Main] Search strategy: Iterating from upper bound.
c [Main] Search order: 638 637 636 635 634 633 632 631 630 629 628 627 626 625 624 623 622 621 620 619 618 617 616 615 614 613 612 611 610 609 608 607 606 605 604 603 602 601 600 599 598 597 596 595 594 593 592 591 590 589 588 587 586 585 584 583 582 581 580 579 578 577 576 575 574 573 572 571 570 569 568 567 566 565 564 563 562 561 560 559 558 557 556 555 554 553 552 551 550 549 548 547 546 545 544 543 542 541 540 539 538 537 536 535 534 533 532 531 530 529 528 527 526 525 524 523 522 521 520 519 518 517 516 515 514 513 512 511 510 509 508 507 506 505 504 503 502 501 500 499 498 497 496 495 494 493 492 491 490 489 488 487 486 485 484 483 482 481 480 479 478 477 476 475 474 473 472 471 470 469 468 467 466 465 464 463 462 461 460 459 458 457 456 455 454 453 452 451 450 449 448 447 446 445 444 443 442 441 440 439 438 437 436 435 434 433 432 431 430 429 428 427 426 425 424 423 422 421 420 419 418 417 416 415 414 413 412 411 410 409 408 407 406 405 404 403 402 401 400 399 398 397 396 395 394 393 392 391 390 389 388 387 386 385 384 383 382 381 380 379 378 377 376 375 374 373 372 371 370 369 368 367 366 365 364 363 362 361 360 359 358 357 356 355 354 353 352 351 350 349 348 347 346 345 344 343 342 341 340 339 338 337 336 335 334 333 332 331 330 329 328 327 326 325 324 323 322 321 320 319 318 317 316 315 314 313 312 311 310 309 308 307 306 305 304 303 302 301 300 299 298 297 296 295 294 293 292 291 290 289 288 287 286 285 284 283 282 281 280 279 278 277 276 275 274 273 272 271 270 269 268 267 266 265 264 263 262 261 260 259 258 257 256 255 254 253 252 251 250 249 248 247 246 245 244 243 242 241 240 239 238 237 236 235 234 233 232 231 230 229 228 227 226 225 224 223 222 221 220 219 218 217 216 215 214 213 212 211 210 209 208 207 206 205 204 203 202 201 200 199 198 197 196 195 194 193 192 191 190 189 188 187 186 185 184 183 182 181 180 179 178 177 176 175 174 173 172 171 170 169 168 167 166 165 164 163 162 161 160 159 158.
c [Main] Encoding and solving for graph: O-impcol_d.mtx.rnd.
c [Label = 635] Minimize Makespan Labeling problem (O-impcol_d.mtx.rnd):
c [Label = 634] Minimize Makespan Labeling problem (O-impcol_d.mtx.rnd):
c [Label = 638] Minimize Makespan Labeling problem (O-impcol_d.mtx.rnd):
c [Label = 636] Minimize Makespan Labeling problem (O-impcol_d.mtx.rnd):
c [Label = 637] Minimize Makespan Labeling problem (O-impcol_d.mtx.rnd):
c [Label = 633] Minimize Makespan Labeling problem (O-impcol_d.mtx.rnd):
c [Label = 631] Minimize Makespan Labeling problem (O-impcol_d.mtx.rnd):
c [Label = 632] Minimize Makespan Labeling problem (O-impcol_d.mtx.rnd):
c [Label = 635] Encoding starts with target value = 157:
c [Label = 635] Encoding duration: 7966ms.
c [Label = 635] Number of clauses: 5602017.
c [Label = 635] Number of variables: 867000.
c [Label = 635] Solving duration: 21358 ms.
s [Label = 635] SAT (w = 157).
c [Label = 635]Label assignment: 1 1 1 1 1 1 1 1 1 1 1 1 1 158 1 1 1 1 1 158 1 1 1 152 1 1 158 158 1 1 158 158 477 1 158 1 1 1 158 1 1 1 1 1 158 1 1 158 1 315 1 1 1 158 1 479 158 158 158 1 315 1 1 158 1 158 1 478 315 158 1 158 1 1 1 1 1 479 1 1 321 156 1 158 1 158 1 3 1 315 1 158 314 1 315 635 158 158 1 8 158 322 158 322 158 158 316 315 315 315 315 479 158 315 158 1 1 1 1 472 1 1 1 1 158 478 315 1 315 158 1 159 1 158 472 158 479 479 159 158 158 479 159 165 1 1 1 158 473 158 158 479 158 1 315 1 1 158 158 1 1 158 315 158 158 315 472 1 315 157 158 158 315 478 478 479 158 158 315 479 158 479 316 1 630 158 479 158 315 314 479 315 479 158 479 315 472 158 158 479 473 158 158 315 478 473 472 315 479 1 472 158 1 315 1 321 158 158 322 315 315 472 321 322 1 635 1 158 322 158 165 473 315 322 1 635 635 1 479 1 158 1 158 1 1 1 158 1 158 1 322 157 158 321 321 158 315 165 315 479 158 478 158 1 159 315 315 1 1 321 479 158 158 321 158 321 478 158 479 164 315 472 471 158 158 472 158 158 315 1 472 322 158 158 1 481 315 315 479 158 472 158 158 1 165 158 1 1 158 315 635 1 479 158 320 629 1 322 316 479 472 158 472 634 321 315 315 635 1 472 321 315 316 634 158 478 158 315 322 158 315 479 315 316 1 164 1 165 473 158 158 158 478 472 472 321 472 472 1 1 7 478 1 1 472 158 1 472 164 158 158 322 473 1 315 315 1 164 473 635 158 315 315 479 315 478 479 1 479 1 474 322 321 479 635 315 479 473 315 322 479 322 321 477 315 479 158 322 158 158 315 479 315 159 479 315 158 479 321 158 315 472 321 158 479 
c [Label = 633] Encoding starts with target value = 157:
c [Label = 633] Encoding duration: 7810ms.
c [Label = 633] Number of clauses: 5587630.
c [Label = 633] Number of variables: 865300.
c [Label = 633] Solving duration: 21644 ms.
s [Label = 633] SAT (w = 157).
c [Label = 633]Label assignment: 1 1 1 1 1 1 1 1 1 1 1 1 1 158 1 1 1 1 1 158 1 1 1 154 1 1 158 158 1 1 158 158 475 1 158 1 1 1 158 1 1 1 1 1 158 1 1 158 1 315 1 1 1 158 1 477 158 158 158 1 315 1 1 158 1 158 1 476 315 158 1 158 1 1 1 1 1 477 1 1 319 156 1 158 1 158 1 3 1 315 1 158 314 1 315 633 158 158 1 6 158 320 158 320 158 158 316 315 315 315 315 477 158 315 158 1 1 1 1 472 1 1 1 1 158 476 315 1 315 158 1 159 1 158 472 158 477 477 159 158 158 477 159 163 1 1 1 158 473 158 158 477 158 1 315 1 1 158 158 1 1 158 315 158 158 315 472 1 315 157 158 158 315 476 476 477 158 158 315 477 158 477 316 1 630 158 477 158 315 314 477 315 477 158 477 315 472 158 158 477 473 158 158 315 476 473 472 315 477 1 472 158 1 315 1 319 158 158 320 315 315 472 319 320 1 633 1 158 320 158 163 473 315 320 1 633 633 1 477 1 158 1 158 1 1 1 158 1 158 1 320 157 158 319 319 158 315 163 315 477 158 476 158 1 159 315 315 1 1 319 477 158 158 319 158 319 476 158 477 162 315 472 471 158 158 472 158 158 315 1 472 320 158 158 1 479 315 315 477 158 472 158 158 1 163 158 1 1 158 315 633 1 477 158 318 629 1 320 316 477 472 158 472 632 319 315 315 633 1 472 319 315 316 632 158 476 158 315 320 158 315 477 315 316 1 162 1 163 473 158 158 158 476 472 472 319 472 472 1 1 5 476 1 1 472 158 1 472 162 158 158 320 473 1 315 315 1 162 472 633 158 315 315 477 315 476 477 1 477 1 474 320 319 477 633 315 477 473 315 320 477 320 319 475 315 477 158 320 158 158 315 477 315 159 477 315 158 477 319 158 315 472 319 158 477 
c [Label = 638] Encoding starts with target value = 157:
c [Label = 638] Encoding duration: 7815ms.
c [Label = 638] Number of clauses: 5623598.
c [Label = 638] Number of variables: 869550.
c [Label = 638] Solving duration: 21705 ms.
s [Label = 638] SAT (w = 157).
c [Label = 638]Label assignment: 1 1 1 1 1 1 1 1 1 1 1 1 1 158 1 1 1 1 1 158 1 1 1 149 1 1 158 158 1 1 158 158 480 1 158 1 1 1 158 1 1 1 1 1 158 1 1 158 1 315 1 1 1 158 1 482 158 158 158 1 315 1 1 158 1 158 1 480 315 158 1 158 1 1 1 1 1 482 1 1 324 156 1 158 1 158 1 3 1 315 1 158 314 1 315 637 158 158 1 11 158 325 158 325 158 158 316 315 315 315 315 482 158 315 158 1 1 1 1 472 1 1 1 1 158 481 315 1 315 158 1 159 1 158 472 158 482 482 149 158 158 481 159 168 1 1 1 158 473 158 158 482 158 1 315 1 1 158 158 1 1 158 315 158 158 315 472 1 315 148 158 158 315 481 472 482 158 158 315 482 158 482 316 1 630 158 482 158 315 314 482 315 473 158 482 315 472 158 158 482 473 158 158 315 481 473 472 315 482 1 472 158 1 315 1 168 158 158 325 315 315 472 324 316 1 638 1 158 325 158 168 473 315 325 1 638 638 1 482 1 158 1 158 1 1 1 158 1 158 1 325 157 158 315 638 158 315 168 315 482 158 472 158 1 159 315 315 1 638 315 167 158 158 324 158 315 472 158 482 167 315 472 471 158 158 472 158 158 315 1 472 325 158 158 1 484 315 315 482 158 472 157 158 1 168 158 1 1 158 315 629 1 473 158 323 629 1 325 316 482 472 158 472 637 324 315 315 324 1 472 315 315 316 637 158 481 158 315 325 158 315 482 315 316 1 167 1 168 473 158 158 158 481 472 472 324 472 472 1 1 10 481 1 1 472 158 1 472 325 158 158 316 473 1 315 315 1 158 476 638 158 315 315 482 315 481 482 1 482 630 474 325 324 482 638 315 482 473 315 325 482 325 324 480 315 482 158 325 158 158 315 481 315 159 482 315 158 473 324 158 315 472 324 158 482 
c [Main] Lowest label SAT is set to 635.
c [Main] Kill higher label pid 636.
c [Main] Kill higher label pid 637.
c [Main] Kill higher label pid 638.
c [Label = 637] Encoding starts with target value = 157:
c [Label = 637] Encoding duration: 8120ms.
c [Label = 637] Number of clauses: 5616404.
c [Label = 637] Number of variables: 868700.
c [Label = 637] Solving duration: 21667 ms.
s [Label = 637] SAT (w = 157).
c [Label = 637]Label assignment: 1 1 1 1 1 1 1 1 1 1 1 1 1 158 1 1 1 1 1 158 1 1 1 150 1 1 158 158 1 1 158 158 479 1 158 1 1 1 158 1 1 1 1 1 158 1 1 158 1 315 1 1 1 158 1 481 158 158 158 1 315 1 1 158 1 158 1 480 315 158 1 158 1 1 1 1 1 481 1 1 323 156 1 158 1 158 1 3 1 315 1 158 314 1 315 637 158 158 1 10 158 324 158 324 158 158 316 315 315 315 315 481 158 315 158 1 1 1 1 472 1 1 1 1 158 480 315 1 315 158 1 159 1 158 472 158 481 481 150 158 158 480 159 167 1 1 1 158 473 158 158 481 158 1 315 1 1 158 158 1 1 158 315 158 158 315 472 1 315 149 158 158 315 480 472 481 158 158 315 481 158 481 316 1 630 158 481 158 315 314 481 315 473 158 481 315 472 158 158 481 473 158 158 315 480 473 472 315 481 1 472 158 1 315 1 167 158 158 324 315 315 472 323 316 1 637 1 158 324 158 167 473 315 324 1 637 637 1 481 1 158 1 158 1 1 1 158 1 158 1 324 157 158 315 637 158 315 167 315 481 158 472 158 1 159 315 315 1 637 315 166 158 158 323 158 315 472 158 481 166 315 472 471 158 158 472 158 158 315 1 472 324 158 158 1 483 315 315 481 158 472 157 158 1 167 158 1 1 158 315 629 1 473 158 322 629 1 324 316 481 472 158 472 636 323 315 315 323 1 472 315 315 316 636 158 480 158 315 324 158 315 481 315 316 1 166 1 167 473 158 158 158 480 472 472 323 472 472 1 1 9 480 1 1 472 158 1 472 324 158 158 316 473 1 315 315 1 158 475 637 158 315 315 481 315 480 481 1 481 630 474 324 323 481 637 315 481 473 315 324 481 324 323 479 315 481 158 324 158 158 315 480 315 159 481 315 158 474 323 158 315 472 323 158 481 
c [Signal] Signal interruption. Caught signal: SIGTERM (15).
c [Label = 636] Encoding starts with target value = 157:
c [Label = 636] Encoding duration: 8257ms.
c [Label = 636] Number of clauses: 5609211.
c [Label = 636] Number of variables: 867850.
c [Label = 636] Solving duration: 21563 ms.
s [Label = 636] SAT (w = 157).
c [Label = 636]Label assignment: 1 1 1 1 1 1 1 1 1 1 1 1 1 158 1 1 1 1 1 158 1 1 1 151 1 1 158 158 1 1 158 158 478 1 158 1 1 1 158 1 1 1 1 1 158 1 1 158 1 315 1 1 1 158 1 480 158 158 158 1 315 1 1 158 1 158 1 479 315 158 1 158 1 1 1 1 1 480 1 1 322 156 1 158 1 158 1 3 1 315 1 158 314 1 315 636 158 158 1 9 158 323 158 323 158 158 316 315 315 315 315 480 158 315 158 1 1 1 1 472 1 1 1 1 158 479 315 1 315 158 1 159 1 158 472 158 480 480 151 158 158 479 159 166 1 1 1 158 473 158 158 480 158 1 315 1 1 158 158 1 1 158 315 158 158 315 472 1 315 150 158 158 315 479 472 480 158 158 315 480 158 480 316 1 630 158 480 158 315 314 480 315 473 158 480 315 472 158 158 480 473 158 158 315 479 473 472 315 480 1 472 158 1 315 1 166 158 158 323 315 315 472 322 316 1 636 1 158 323 158 166 473 315 323 1 636 636 1 480 1 158 1 158 1 1 1 158 1 158 1 323 157 158 315 636 158 315 166 315 480 158 472 158 1 159 315 315 1 636 315 165 158 158 322 158 315 472 158 480 165 315 472 471 158 158 472 158 158 315 1 472 323 158 158 1 482 315 315 480 158 472 157 158 1 166 158 1 1 158 315 629 1 473 158 321 629 1 323 316 480 472 158 472 635 322 315 315 322 1 472 315 315 316 635 158 479 158 315 323 158 315 480 315 316 1 165 1 166 473 158 158 158 479 472 472 322 472 472 1 1 8 479 1 1 472 158 1 472 323 158 158 316 473 1 315 315 1 158 474 636 158 315 315 480 315 479 480 1 480 630 474 323 322 480 636 315 480 473 315 323 480 323 322 478 315 480 158 323 158 158 315 479 315 159 480 315 158 473 322 158 315 472 322 158 480 
c [Signal] Signal interruption. Caught signal: SIGTERM (15).
c [Label = 630] Minimize Makespan Labeling problem (O-impcol_d.mtx.rnd):
c [Label = 632] Encoding starts with target value = 157:
c [Label = 632] Encoding duration: 8167ms.
c [Label = 632] Number of clauses: 5580437.
c [Label = 632] Number of variables: 864450.
c [Label = 632] Solving duration: 21331 ms.
s [Label = 632] SAT (w = 157).
c [Label = 632]Label assignment: 1 1 1 1 1 1 1 1 1 1 1 1 1 158 1 1 1 1 1 158 1 1 1 155 1 1 158 158 1 1 158 158 474 1 158 1 1 1 158 1 1 1 1 1 158 1 1 158 1 315 1 1 1 158 1 476 158 158 158 1 315 1 1 158 1 158 1 475 315 158 1 158 1 1 1 1 1 476 1 1 318 156 1 158 1 158 1 3 1 315 1 158 314 1 315 632 158 158 1 5 158 319 158 319 158 158 316 315 315 315 315 476 158 315 158 1 1 1 1 472 1 1 1 1 158 475 315 1 315 158 1 159 1 158 472 158 476 476 159 158 158 476 159 162 1 1 1 158 473 158 158 476 158 1 315 1 1 158 158 1 1 158 315 158 158 315 472 1 315 157 158 158 315 475 475 476 158 158 315 476 158 476 316 1 630 158 476 158 315 314 476 315 476 158 476 315 472 158 158 476 473 158 158 315 475 473 472 315 476 1 472 158 1 315 1 318 158 158 319 315 315 472 318 319 1 632 1 158 319 158 162 473 315 319 1 632 632 1 476 1 158 1 158 1 1 1 158 1 158 1 319 157 158 318 318 158 315 162 315 476 158 475 158 1 159 315 315 1 1 318 476 158 158 318 158 318 475 158 476 161 315 472 471 158 158 472 158 158 315 1 472 319 158 158 1 478 315 315 476 158 472 158 158 1 162 158 1 1 158 315 632 1 476 158 317 629 1 319 316 476 472 158 472 631 318 315 315 632 1 472 318 315 316 631 158 475 158 315 319 158 315 476 315 316 1 161 1 162 473 158 158 158 475 472 472 318 472 472 1 1 4 475 1 1 472 158 1 472 161 158 158 319 473 1 315 315 1 161 472 632 158 315 315 476 315 475 476 1 476 1 474 319 318 476 632 315 476 473 315 319 476 319 318 474 315 476 158 319 158 158 315 476 315 159 476 315 158 476 318 158 315 472 318 158 476 
c [Main] Lowest label SAT is set to 633.
c [Main] Kill higher label pid 634.
c [Main] Kill higher label pid 636.
c [Main] Kill higher label pid 637.
c [Main] Kill higher label pid 638.
c [Label = 634] Encoding starts with target value = 157:
c [Label = 634] Encoding duration: 7804ms.
c [Label = 634] Number of clauses: 5594824.
c [Label = 634] Number of variables: 866150.
c [Label = 634] Solving duration: 21723 ms.
s [Label = 634] SAT (w = 157).
c [Label = 634]Label assignment: 1 1 1 1 1 1 1 1 1 1 1 1 1 158 1 1 1 1 1 158 1 1 1 153 1 1 158 158 1 1 158 158 476 1 158 1 1 1 158 1 1 1 1 1 158 1 1 158 1 315 1 1 1 158 1 478 158 158 158 1 315 1 1 158 1 158 1 477 315 158 1 158 1 1 1 1 1 478 1 1 320 156 1 158 1 158 1 3 1 315 1 158 314 1 315 634 158 158 1 7 158 321 158 321 158 158 316 315 315 315 315 478 158 315 158 1 1 1 1 472 1 1 1 1 158 477 315 1 315 158 1 159 1 158 472 158 478 478 159 158 158 478 159 164 1 1 1 158 473 158 158 478 158 1 315 1 1 158 158 1 1 158 315 158 158 315 472 1 315 157 158 158 315 477 477 478 158 158 315 478 158 478 316 1 630 158 478 158 315 314 478 315 478 158 478 315 472 158 158 478 473 158 158 315 477 473 472 315 478 1 472 158 1 315 1 320 158 158 321 315 315 472 320 321 1 634 1 158 321 158 164 473 315 321 1 7 634 1 478 1 158 1 158 1 1 1 158 1 158 1 321 157 158 320 320 158 315 164 315 478 158 477 158 1 159 315 315 1 1 320 478 158 158 320 158 320 477 158 478 163 315 472 471 158 158 472 158 158 315 1 472 321 158 158 1 480 315 315 478 158 472 158 158 1 164 158 1 1 158 315 634 1 478 158 319 629 1 321 316 478 472 158 472 633 320 315 315 634 1 472 320 315 316 633 158 477 158 315 321 158 315 478 315 316 1 163 1 164 473 158 158 158 477 472 472 320 472 472 1 1 6 477 1 1 472 158 1 472 163 158 158 321 473 1 315 315 1 163 472 634 158 315 315 478 315 477 478 1 478 1 474 321 320 478 634 315 478 473 315 321 478 321 320 476 315 478 158 321 158 158 315 478 315 159 478 315 158 478 320 158 315 472 320 158 478 
c [Signal] Signal interruption. Caught signal: SIGTERM (15).
c [Label = 629] Minimize Makespan Labeling problem (O-impcol_d.mtx.rnd):
c [Label = 628] Minimize Makespan Labeling problem (O-impcol_d.mtx.rnd):
c [Main] Child pid 637 - 809966 terminated by signal 15.
c [Main] Child pid 636 - 809967 terminated by signal 15.
c [Label = 627] Minimize Makespan Labeling problem (O-impcol_d.mtx.rnd):
c [Label = 626] Minimize Makespan Labeling problem (O-impcol_d.mtx.rnd):
c [Main] Lowest label SAT is set to 632.
c [Main] Kill higher label pid 634.
c [Main] Child pid 634 - 809969 terminated by signal 15.
c [Label = 624] Minimize Makespan Labeling problem (O-impcol_d.mtx.rnd):
c [Label = 625] Minimize Makespan Labeling problem (O-impcol_d.mtx.rnd):
c [Label = 631] Encoding starts with target value = 157:
c [Label = 631] Encoding duration: 7806ms.
c [Label = 631] Number of clauses: 5573243.
c [Label = 631] Number of variables: 863600.
c [Label = 631] Solving duration: 24339 ms.
s [Label = 631] SAT (w = 157).
c [Label = 631]Label assignment: 1 1 1 1 1 1 1 1 1 1 1 1 1 158 1 1 1 1 1 158 1 1 1 156 1 1 158 158 1 1 158 158 473 1 158 1 1 1 158 1 1 1 1 1 158 1 1 158 1 315 1 1 1 158 1 475 158 158 158 1 315 1 1 158 1 158 1 474 315 158 1 158 1 1 1 1 1 475 1 1 317 156 1 158 1 158 1 3 1 315 1 158 314 1 315 631 158 158 1 4 158 318 158 318 158 158 316 315 315 315 315 475 158 315 158 1 1 1 1 472 1 1 1 631 158 474 315 1 315 158 1 159 1 158 472 158 475 475 159 158 158 474 157 161 1 1 1 158 473 158 158 475 158 1 315 1 1 158 158 1 1 158 315 158 158 315 472 1 315 158 158 158 315 474 474 475 158 158 315 475 158 475 316 1 630 158 475 158 315 314 475 315 475 158 475 315 472 158 158 475 473 158 158 315 474 473 472 315 475 1 472 158 1 315 1 317 158 158 318 315 315 472 317 318 1 631 1 158 318 158 161 473 315 318 1 631 631 1 475 1 158 1 158 1 1 1 158 1 158 1 318 157 158 317 631 158 315 161 315 475 158 472 158 1 159 315 315 1 631 315 160 158 158 317 158 317 474 158 475 160 315 472 471 158 158 472 158 158 315 1 472 318 158 158 1 477 315 315 475 158 472 157 158 1 161 158 1 1 158 315 631 1 475 158 316 629 1 318 316 475 472 158 472 630 317 315 315 317 1 472 317 315 316 630 158 474 158 315 318 158 315 474 315 316 1 160 1 156 473 158 158 158 474 472 472 317 472 472 1 1 3 474 1 1 472 158 1 472 160 158 158 318 473 1 315 315 1 160 472 631 158 315 315 475 315 474 474 1 475 1 474 314 317 475 631 315 475 473 315 318 475 318 317 473 315 475 158 318 158 158 315 474 315 159 474 315 158 475 317 158 315 472 317 158 475 
c [Main] Lowest label SAT is set to 631.
c [Label = 623] Minimize Makespan Labeling problem (O-impcol_d.mtx.rnd):
c [Label = 630] Encoding starts with target value = 157:
c [Label = 630] Encoding duration: 7437ms.
c [Label = 630] Number of clauses: 5566050.
c [Label = 630] Number of variables: 862750.
c [Label = 630] Solving duration: 20811 ms.
s [Label = 630] SAT (w = 157).
c [Label = 630]Label assignment: 1 1 1 1 1 1 1 1 1 1 1 1 1 158 1 1 1 1 1 158 1 1 1 157 1 1 158 158 1 1 158 158 473 1 158 1 1 1 158 1 1 1 1 1 158 1 1 158 1 315 1 1 1 158 1 474 158 158 158 1 315 1 1 158 1 158 1 473 315 158 1 158 1 1 1 1 1 474 1 1 474 159 1 474 1 158 1 3 317 315 1 158 314 1 315 630 158 158 1 3 158 317 158 317 158 158 316 315 315 315 315 474 474 315 158 1 1 1 1 472 1 1 1 630 158 473 474 1 315 474 1 160 1 158 472 158 474 474 316 158 158 315 157 160 1 1 1 158 473 158 158 474 158 1 315 1 1 158 158 1 1 158 1 158 158 315 159 1 474 157 158 158 315 1 472 474 315 158 315 474 158 474 316 1 630 158 474 158 159 314 474 315 316 158 474 317 472 158 158 474 317 158 158 315 158 474 472 315 474 1 472 158 1 315 1 158 158 158 317 315 315 472 1 1 1 473 1 160 317 158 1 472 315 315 1 630 473 1 317 1 630 1 158 1 1 1 158 1 158 1 317 157 158 315 630 158 315 160 315 474 158 316 158 1 159 315 315 1 474 630 159 158 158 474 158 159 159 158 473 474 315 472 471 158 158 315 158 158 315 1 472 317 158 158 1 476 315 315 317 158 472 1 473 1 160 158 1 1 473 315 630 1 316 474 316 630 1 317 474 474 472 158 473 630 630 315 315 159 1 472 630 315 315 630 158 316 158 158 317 158 315 317 316 474 1 1 1 160 474 158 158 158 316 472 472 159 472 472 1 1 158 316 1 1 472 158 1 472 316 158 158 630 473 630 315 158 1 317 316 473 158 315 315 316 315 316 316 1 474 473 474 317 473 473 317 315 474 474 317 316 474 317 316 473 315 474 158 317 158 158 630 317 317 159 317 315 158 474 316 158 315 472 1 158 474 
c [Main] Lowest label SAT is set to 630.
c [Label = 622] Minimize Makespan Labeling problem (O-impcol_d.mtx.rnd):
c [Label = 627] Encoding starts with target value = 157:
c [Label = 627] Encoding duration: 6864ms.
c [Label = 627] Number of clauses: 5349795.
c [Label = 627] Number of variables: 794750.
c [Label = 627] Solving duration: 21816 ms.
s [Label = 627] UNSAT (w = 157).
c [Label = 622] Encoding starts with target value = 157:
c [Signal] Signal interruption. Caught signal: SIGTERM (15).
c [Main] Highest label UNSAT is set to 627
c [Main] Kill lower label pid 622.
c [Main] Kill lower label pid 623.
c [Main] Kill lower label pid 624.
c [Main] Kill lower label pid 625.
c [Main] Kill lower label pid 626.
c [Label = 623] Encoding starts with target value = 157:
c [Label = 623] Encoding duration: 6954ms.
c [Label = 623] Number of clauses: 5321021.
c [Label = 623] Number of variables: 791350.
c [Signal] Signal interruption. Caught signal: SIGTERM (15).
c [Label = 625] Encoding starts with target value = 157:
c [Label = 625] Encoding duration: 6880ms.
c [Label = 625] Number of clauses: 5335408.
c [Label = 625] Number of variables: 793050.
c [Signal] Signal interruption. Caught signal: SIGTERM (15).
c [Label = 626] Encoding starts with target value = 157:
c [Label = 626] Encoding duration: 6977ms.
c [Label = 626] Number of clauses: 5342602.
c [Label = 626] Number of variables: 793900.
c [Label = 626] Solving duration: 22385 ms.
s [Label = 626] UNSAT (w = 157).
c [Signal] Signal interruption. Caught signal: SIGTERM (15).
c [Label = 624] Encoding starts with target value = 157:
c [Label = 624] Encoding duration: 6682ms.
c [Label = 624] Number of clauses: 5328215.
c [Label = 624] Number of variables: 792200.
c [Label = 624] Solving duration: 22249 ms.
s [Label = 624] UNSAT (w = 157).
c [Signal] Signal interruption. Caught signal: SIGTERM (15).
c [Main] Child pid 622 - 810000 terminated by signal 15.
c [Main] Child pid 625 - 809988 terminated by signal 15.
c [Main] Child pid 623 - 809990 terminated by signal 15.
c [Main] Child pid 626 - 809987 terminated by signal 15.
c [Main] Child pid 624 - 809989 terminated by signal 15.
c [Label = 628] Encoding starts with target value = 157:
c [Label = 628] Encoding duration: 6729ms.
c [Label = 628] Number of clauses: 5356989.
c [Label = 628] Number of variables: 795600.
c [Label = 628] Solving duration: 22948 ms.
s [Label = 628] SAT (w = 157).
c [Label = 628]Label assignment: 1 1 1 1 1 1 1 1 1 1 1 1 1 158 1 1 1 1 1 158 1 1 1 158 1 1 158 158 1 1 158 158 472 1 158 1 1 1 158 1 1 1 1 1 158 1 1 158 1 315 1 1 1 158 1 472 158 158 158 1 315 1 1 158 1 158 470 315 315 158 1 158 1 1 1 1 1 472 1 1 315 158 1 315 1 158 1 1 1 158 1 158 158 1 315 1 158 158 1 1 158 158 158 315 158 158 315 315 315 315 315 472 315 315 158 1 1 1 1 472 1 1 1 1 158 472 158 1 315 158 1 158 1 158 472 158 472 472 472 472 158 472 158 158 1 1 1 158 472 158 472 472 158 1 315 1 1 158 158 1 1 315 315 158 158 315 2 1 315 158 158 158 315 1 472 472 315 158 315 158 158 158 1 1 315 158 472 472 158 472 315 315 315 158 472 472 472 158 158 472 472 158 158 315 472 158 472 315 472 1 472 315 1 315 1 158 158 472 315 315 315 472 472 315 1 1 1 315 315 158 1 158 315 472 1 1 1 1 472 1 315 315 158 1 1 1 158 1 158 1 1 472 158 315 1 158 315 315 315 472 158 315 158 1 158 315 315 1 1 158 158 158 158 315 158 158 158 472 472 158 315 472 315 472 158 315 158 158 315 472 472 158 158 158 1 472 315 315 472 158 472 158 315 1 158 158 1 1 158 315 1 1 472 158 315 1 1 158 315 472 472 472 472 1 315 315 315 315 1 472 315 472 472 1 158 315 158 472 315 315 315 472 315 315 1 158 1 1 158 158 158 158 315 472 158 472 158 472 1 1 472 472 472 1 472 315 1 158 472 158 158 158 472 1 315 315 1 472 315 1 158 315 315 472 315 315 472 1 472 1 315 158 315 158 472 315 472 315 315 315 158 315 315 472 315 472 158 158 315 158 1 472 472 158 472 315 315 1 315 158 315 472 315 1 1 
c [Main] Lowest label SAT is set to 628.
c [Main] Kill higher label pid 629.
c [Label = 629] Encoding starts with target value = 157:
c [Label = 629] Encoding duration: 6807ms.
c [Label = 629] Number of clauses: 5361656.
c [Label = 629] Number of variables: 796450.
c [Label = 629] Solving duration: 24111 ms.
s [Label = 629] SAT (w = 157).
c [Label = 629]Label assignment: 157 157 157 157 157 157 157 157 157 157 157 1 157 314 157 157 157 157 157 314 157 157 157 472 157 157 314 314 157 157 314 314 472 157 314 157 157 157 314 157 157 157 157 157 314 157 157 158 157 471 157 157 157 629 157 472 314 314 314 157 471 157 157 314 157 314 157 629 471 314 157 314 157 157 157 157 157 472 157 157 472 470 157 629 157 314 157 314 157 471 157 627 471 157 471 157 314 314 157 157 628 315 627 315 314 314 314 471 471 314 471 315 472 471 314 157 157 157 157 628 157 157 628 157 314 471 627 157 629 314 157 315 157 314 629 314 157 628 157 314 314 629 314 629 157 157 157 314 471 314 314 471 629 157 628 157 157 314 314 157 157 314 472 314 314 471 315 157 471 157 314 314 471 157 314 472 470 314 471 314 314 314 315 157 158 473 628 314 315 1 628 472 157 314 472 472 315 475 314 315 629 314 314 471 628 629 629 472 472 157 629 314 157 472 157 471 629 314 472 471 471 314 472 627 157 157 157 315 472 314 315 628 471 471 157 471 157 157 314 155 629 157 314 157 157 157 629 157 314 157 472 314 314 471 472 314 629 629 471 315 315 629 314 157 471 471 472 157 157 471 629 314 629 471 314 471 315 314 314 315 471 315 629 472 629 628 314 315 471 157 628 315 314 314 157 157 471 471 628 314 314 314 314 157 629 314 157 157 314 471 629 629 157 314 315 156 157 314 472 315 629 627 471 157 472 471 157 158 157 314 472 471 471 157 314 629 314 471 472 471 471 629 629 471 157 315 629 157 629 472 472 314 629 629 628 472 315 472 157 157 158 629 157 157 472 471 157 629 314 314 629 472 629 629 471 472 157 314 628 157 314 315 314 629 472 629 629 629 629 629 314 314 471 629 629 472 472 314 471 472 629 158 314 472 471 628 629 314 471 314 471 629 472 472 629 314 314 629 158 472 315 629 472 628 629 
c [Signal] Signal interruption. Caught signal: SIGTERM (15).
c [Main] Child pid 629 - 809984 terminated by signal 15.
c [Signal] Signal interruption. Caught signal: SIGTERM (15).
c [Main] All children have completed.
r [Main] 
r [Main] Final results: 
r [Main] Lowest label SAT:  	628.
r [Main] Highest label UNSAT:	627.
r [Main] Total real time: 62682 ms.
r [Main] Total memory consumed: 14630.5 MB.
r [Main] 
