c [Version] Minimize Makespan Labeling Encoder version 1.0.0.
c [Param] LB is predefined as 248.
c [Param] UB is predefined as 993.
c [Param] Memory limit is set to 30000.
c [Param] Real time limit is set to 1800.
c [Param] Worker count is set to 8.
c [Main] Search strategy: Iterating from upper bound.
c [Main] Search order: 993 992 991 990 989 988 987 986 985 984 983 982 981 980 979 978 977 976 975 974 973 972 971 970 969 968 967 966 965 964 963 962 961 960 959 958 957 956 955 954 953 952 951 950 949 948 947 946 945 944 943 942 941 940 939 938 937 936 935 934 933 932 931 930 929 928 927 926 925 924 923 922 921 920 919 918 917 916 915 914 913 912 911 910 909 908 907 906 905 904 903 902 901 900 899 898 897 896 895 894 893 892 891 890 889 888 887 886 885 884 883 882 881 880 879 878 877 876 875 874 873 872 871 870 869 868 867 866 865 864 863 862 861 860 859 858 857 856 855 854 853 852 851 850 849 848 847 846 845 844 843 842 841 840 839 838 837 836 835 834 833 832 831 830 829 828 827 826 825 824 823 822 821 820 819 818 817 816 815 814 813 812 811 810 809 808 807 806 805 804 803 802 801 800 799 798 797 796 795 794 793 792 791 790 789 788 787 786 785 784 783 782 781 780 779 778 777 776 775 774 773 772 771 770 769 768 767 766 765 764 763 762 761 760 759 758 757 756 755 754 753 752 751 750 749 748 747 746 745 744 743 742 741 740 739 738 737 736 735 734 733 732 731 730 729 728 727 726 725 724 723 722 721 720 719 718 717 716 715 714 713 712 711 710 709 708 707 706 705 704 703 702 701 700 699 698 697 696 695 694 693 692 691 690 689 688 687 686 685 684 683 682 681 680 679 678 677 676 675 674 673 672 671 670 669 668 667 666 665 664 663 662 661 660 659 658 657 656 655 654 653 652 651 650 649 648 647 646 645 644 643 642 641 640 639 638 637 636 635 634 633 632 631 630 629 628 627 626 625 624 623 622 621 620 619 618 617 616 615 614 613 612 611 610 609 608 607 606 605 604 603 602 601 600 599 598 597 596 595 594 593 592 591 590 589 588 587 586 585 584 583 582 581 580 579 578 577 576 575 574 573 572 571 570 569 568 567 566 565 564 563 562 561 560 559 558 557 556 555 554 553 552 551 550 549 548 547 546 545 544 543 542 541 540 539 538 537 536 535 534 533 532 531 530 529 528 527 526 525 524 523 522 521 520 519 518 517 516 515 514 513 512 511 510 509 508 507 506 505 504 503 502 501 500 499 498 497 496 495 494 493 492 491 490 489 488 487 486 485 484 483 482 481 480 479 478 477 476 475 474 473 472 471 470 469 468 467 466 465 464 463 462 461 460 459 458 457 456 455 454 453 452 451 450 449 448 447 446 445 444 443 442 441 440 439 438 437 436 435 434 433 432 431 430 429 428 427 426 425 424 423 422 421 420 419 418 417 416 415 414 413 412 411 410 409 408 407 406 405 404 403 402 401 400 399 398 397 396 395 394 393 392 391 390 389 388 387 386 385 384 383 382 381 380 379 378 377 376 375 374 373 372 371 370 369 368 367 366 365 364 363 362 361 360 359 358 357 356 355 354 353 352 351 350 349 348 347 346 345 344 343 342 341 340 339 338 337 336 335 334 333 332 331 330 329 328 327 326 325 324 323 322 321 320 319 318 317 316 315 314 313 312 311 310 309 308 307 306 305 304 303 302 301 300 299 298 297 296 295 294 293 292 291 290 289 288 287 286 285 284 283 282 281 280 279 278 277 276 275 274 273 272 271 270 269 268 267 266 265 264 263 262 261 260 259 258 257 256 255 254 253 252 251 250 249 248.
c [Main] Encoding and solving for graph: U-662_bus.mtx.rnd.
c [Label = 992] Minimize Makespan Labeling problem (U-662_bus.mtx.rnd):
c [Label = 989] Minimize Makespan Labeling problem (U-662_bus.mtx.rnd):
c [Label = 990] Minimize Makespan Labeling problem (U-662_bus.mtx.rnd):
c [Label = 993] Minimize Makespan Labeling problem (U-662_bus.mtx.rnd):
c [Label = 988] Minimize Makespan Labeling problem (U-662_bus.mtx.rnd):
c [Label = 991] Minimize Makespan Labeling problem (U-662_bus.mtx.rnd):
c [Label = 986] Minimize Makespan Labeling problem (U-662_bus.mtx.rnd):
c [Label = 987] Minimize Makespan Labeling problem (U-662_bus.mtx.rnd):
c [Label = 989] Encoding starts with target value = 247:
c [Label = 989] Encoding duration: 15213ms.
c [Label = 989] Number of clauses: 8952438.
c [Label = 989] Number of variables: 1955548.
c [Label = 989] Solving duration: 514 ms.
s [Label = 989] SAT (w = 247).
c [Label = 989]Label assignment: 989 989 989 989 989 989 989 989 989 989 742 989 989 989 989 989 989 989 989 989 989 989 742 742 989 989 989 989 989 989 989 989 989 989 989 989 989 989 989 989 989 989 989 989 742 989 989 989 989 989 989 989 989 989 989 989 989 989 989 742 989 989 989 989 989 989 989 742 989 742 989 989 742 742 742 989 989 989 989 989 989 989 989 989 742 989 989 989 989 742 989 742 989 989 742 989 989 989 989 989 742 989 989 989 495 742 989 742 989 989 989 989 989 989 989 742 742 989 742 989 989 989 989 742 989 742 989 989 742 989 989 742 742 989 742 989 989 989 989 742 989 742 742 989 742 742 989 742 742 742 989 989 989 989 989 989 989 989 989 989 989 989 742 989 989 989 495 742 989 495 742 989 989 989 742 742 495 989 989 989 742 742 742 989 742 989 742 742 989 989 742 989 989 742 989 742 742 989 742 742 989 989 742 989 989 495 989 989 989 742 742 989 989 989 989 742 989 742 989 742 495 989 989 742 742 495 989 989 989 989 495 742 742 742 989 989 989 742 742 495 989 989 742 742 742 989 989 989 989 742 495 742 742 742 742 989 495 989 742 742 742 742 495 989 742 742 742 989 989 742 742 742 742 989 742 989 989 742 742 989 989 989 742 989 989 248 742 495 742 742 742 742 742 989 989 495 742 989 742 742 495 742 495 989 989 742 989 989 742 742 495 742 742 742 495 495 742 989 989 495 248 989 742 742 495 495 742 989 989 248 742 989 248 989 742 742 989 742 742 742 989 742 742 248 742 989 989 742 989 989 989 742 742 989 742 495 989 989 989 989 742 742 742 742 742 742 495 742 742 742 742 989 495 989 989 495 989 742 742 989 495 989 742 742 742 495 742 495 742 742 495 989 742 495 742 495 742 742 742 742 248 989 989 742 495 989 742 742 989 742 495 989 989 989 495 495 495 742 989 742 989 742 742 989 495 742 989 742 742 495 742 742 742 742 989 989 742 742 495 742 989 742 495 248 742 495 742 742 742 989 495 989 495 742 248 989 989 989 989 989 248 989 742 742 742 495 742 989 989 495 742 742 495 742 495 742 742 742 989 989 742 742 742 248 495 989 989 742 989 989 989 742 495 742 989 742 742 495 742 742 495 248 495 989 989 742 989 495 989 495 742 495 495 495 495 742 495 495 742 495 495 742 742 248 742 495 742 989 989 989 495 742 989 742 742 742 495 742 742 495 742 742 989 495 989 742 742 495 989 989 495 742 495 495 989 495 989 495 495 742 742 495 989 742 742 495 989 742 495 989 495 248 742 742 989 989 495 742 495 742 495 495 495 495 742 742 248 495 742 742 742 989 495 248 742 989 248 989 742 495 742 495 495 989 742 989 495 989 495 248 495 495 495 989 989 989 989 248 989 989 495 742 742 495 495 742 742 989 248 495 495 248 495 989 742 495 742 742 495 248 989 248 989 989 742 495 495 248 495 989 742 495 742 742 989 989 495 248 495 495 248 742 
c [Main] Lowest label SAT is set to 989.
c [Main] Kill higher label pid 990.
c [Main] Kill higher label pid 991.
c [Main] Kill higher label pid 992.
c [Main] Kill higher label pid 993.
c [Label = 991] Encoding starts with target value = 247:
c [Label = 991] Encoding duration: 16545ms.
c [Label = 991] Number of clauses: 9452215.
c [Label = 991] Number of variables: 2119724.
c [Label = 991] Solving duration: 645 ms.
s [Label = 991] SAT (w = 247).
c [Label = 991]Label assignment: 991 991 991 991 991 991 991 991 991 991 744 991 991 991 991 991 991 991 991 991 991 991 744 744 991 991 991 991 991 991 991 991 991 991 991 991 991 991 991 991 991 991 991 991 744 991 991 991 991 991 991 991 991 991 991 991 991 991 991 744 991 991 991 991 991 991 991 744 991 744 991 991 744 744 744 991 991 991 991 991 991 991 991 991 744 991 991 991 991 744 991 744 991 991 744 991 991 991 991 991 744 991 991 991 497 744 991 744 991 991 991 991 991 991 991 744 744 991 744 991 991 991 991 744 991 744 991 991 744 991 991 744 744 991 744 991 991 991 991 744 991 744 744 991 744 744 991 744 744 744 991 991 991 991 991 991 991 991 991 991 991 991 744 991 991 991 497 744 991 497 744 991 991 991 744 744 497 991 991 991 744 744 744 991 744 991 744 744 991 991 744 991 991 744 991 744 744 991 744 744 991 991 744 991 991 497 991 991 991 744 744 991 991 991 991 744 991 744 991 744 496 991 991 744 744 497 991 991 991 991 497 744 744 744 991 991 991 744 744 497 991 991 744 744 744 991 991 991 991 744 497 744 744 744 744 991 497 991 744 744 744 744 497 991 744 744 744 991 991 744 744 744 744 991 744 991 991 744 744 991 991 991 744 991 991 250 744 497 744 744 744 744 744 991 991 497 744 991 744 744 497 744 497 991 991 744 991 991 744 744 497 744 744 744 497 497 744 991 991 497 250 991 744 744 497 497 744 991 991 250 744 991 250 991 744 744 991 744 744 744 991 744 744 250 744 991 991 744 991 991 991 744 744 991 744 497 991 991 991 991 744 744 744 744 744 744 497 744 744 744 744 991 497 991 991 497 991 744 744 991 497 991 744 744 744 497 744 497 744 744 497 991 744 497 744 497 744 744 744 744 250 991 991 744 497 991 744 744 991 744 497 991 991 991 497 497 497 744 991 744 991 744 744 991 497 744 991 744 744 497 744 744 744 744 991 991 744 744 497 744 991 744 497 250 744 497 744 744 744 991 497 991 497 744 250 991 991 991 991 991 250 991 744 744 744 497 744 991 991 497 744 744 497 744 497 744 744 744 991 991 744 744 744 250 497 991 991 744 991 991 991 744 497 744 991 744 744 497 744 744 497 250 497 991 991 744 991 497 991 497 744 497 497 497 497 744 497 497 744 497 497 744 744 250 744 497 744 991 991 991 497 744 991 744 744 744 497 744 744 497 744 744 991 497 991 744 744 497 991 991 497 744 497 497 991 497 991 497 497 744 744 497 991 744 744 497 991 744 497 991 497 250 744 744 991 991 497 744 497 744 497 497 497 497 744 744 250 497 744 744 744 991 497 250 744 991 250 991 744 497 744 497 497 991 744 991 497 991 497 250 497 497 497 991 991 991 991 250 991 991 497 744 744 497 497 744 744 991 250 497 497 250 497 991 744 497 744 744 497 250 991 250 991 991 744 497 497 250 497 991 744 497 744 744 991 991 497 250 497 497 250 744 
c [Signal] Signal interruption. Caught signal: SIGTERM (15).
c [Label = 990] Encoding starts with target value = 247:
c [Label = 990] Encoding duration: 16569ms.
c [Label = 990] Number of clauses: 9445281.
c [Label = 990] Number of variables: 2118400.
c [Label = 990] Solving duration: 672 ms.
s [Label = 990] SAT (w = 247).
c [Label = 990]Label assignment: 990 990 990 990 990 990 990 990 990 990 743 990 990 990 990 990 990 990 990 990 990 990 743 743 990 990 990 990 990 990 990 990 990 990 990 990 990 990 990 990 990 990 990 990 743 990 990 990 990 990 990 990 990 990 990 990 990 990 990 743 990 990 990 990 990 990 990 743 990 743 990 990 743 743 743 990 990 990 990 990 990 990 990 990 743 990 990 990 990 743 990 743 990 990 743 990 990 990 990 990 743 990 990 990 496 743 990 743 990 990 990 990 990 990 990 743 743 990 743 990 990 990 990 743 990 743 990 990 743 990 990 743 743 990 743 990 990 990 990 743 990 743 743 990 743 743 990 743 743 743 990 990 990 990 990 990 990 990 990 990 990 990 743 990 990 990 496 743 990 496 743 990 990 990 743 743 496 990 990 990 743 743 743 990 743 990 743 743 990 990 743 990 990 743 990 743 743 990 743 743 990 990 743 990 990 496 990 990 990 743 743 990 990 990 990 743 990 743 990 743 495 990 990 743 743 496 990 990 990 990 496 743 743 743 990 990 990 743 743 496 990 990 743 743 743 990 990 990 990 743 496 743 743 743 743 990 496 990 743 743 743 743 496 990 743 743 743 990 990 743 743 743 743 990 743 990 990 743 743 990 990 990 743 990 990 249 743 496 743 743 743 743 743 990 990 496 743 990 743 743 496 743 496 990 990 743 990 990 743 743 496 743 743 743 496 496 743 990 990 496 249 990 743 743 496 496 743 990 990 249 743 990 249 990 743 743 990 743 743 743 990 743 743 249 743 990 990 743 990 990 990 743 743 990 743 496 990 990 990 990 743 743 743 743 743 743 496 743 743 743 743 990 496 990 990 496 990 743 743 990 496 990 743 743 743 496 743 496 743 743 496 990 743 496 743 496 743 743 743 743 249 990 990 743 496 990 743 743 990 743 496 990 990 990 496 496 496 743 990 743 990 743 743 990 496 743 990 743 743 496 743 743 743 743 990 990 743 743 496 743 990 743 496 249 743 496 743 743 743 990 496 990 496 743 249 990 990 990 990 990 249 990 743 743 743 496 743 990 990 496 743 743 496 743 496 743 743 743 990 990 743 743 743 249 496 990 990 743 990 990 990 743 496 743 990 743 743 496 743 743 496 249 496 990 990 743 990 496 990 496 743 496 496 496 496 743 496 496 743 496 496 743 743 249 743 496 743 990 990 990 496 743 990 743 743 743 496 743 743 496 743 743 990 496 990 743 743 496 990 990 496 743 496 496 990 496 990 496 496 743 743 496 990 743 743 496 990 743 496 990 496 249 743 743 990 990 496 743 496 743 496 496 496 496 743 743 249 496 743 743 743 990 496 249 743 990 249 990 743 496 743 496 496 990 743 990 496 990 496 249 496 496 496 990 990 990 990 249 990 990 496 743 743 496 496 743 743 990 249 496 496 249 496 990 743 496 743 743 496 249 990 249 990 990 743 496 496 249 496 990 743 496 743 743 990 990 496 249 496 496 249 743 
c [Signal] Signal interruption. Caught signal: SIGTERM (15).
c [Label = 993] Encoding starts with target value = 247:
c [Label = 993] Encoding duration: 16554ms.
c [Label = 993] Number of clauses: 9466084.
c [Label = 993] Number of variables: 2122372.
c [Label = 993] Solving duration: 676 ms.
s [Label = 993] SAT (w = 247).
c [Label = 993]Label assignment: 993 993 993 993 993 993 993 993 993 993 746 993 993 993 993 993 993 993 993 993 993 993 746 746 993 993 993 993 993 993 993 993 993 993 993 993 993 993 993 993 993 993 993 993 746 993 993 993 993 993 993 993 993 993 993 993 993 993 993 746 993 993 993 993 993 993 993 746 993 746 993 993 746 746 746 993 993 993 993 993 993 993 993 993 746 993 993 993 993 746 993 746 993 993 746 993 993 993 993 993 746 993 993 993 499 746 993 746 993 993 993 993 993 993 993 746 746 993 746 993 993 993 993 746 993 746 993 993 746 993 993 746 746 993 746 993 993 993 993 746 993 746 746 993 746 746 993 746 746 746 993 993 993 993 993 993 993 993 993 993 993 993 746 993 993 993 499 746 993 499 746 993 993 993 746 746 499 993 993 993 746 746 746 993 746 993 746 746 993 993 746 993 993 746 993 746 746 993 746 746 993 993 746 993 993 499 993 993 993 746 746 993 993 993 993 746 993 746 993 746 497 993 993 746 746 499 993 993 993 993 499 746 746 746 993 993 993 746 746 499 993 993 746 746 746 993 993 993 993 746 499 746 746 746 746 993 499 993 746 746 746 746 499 993 746 746 746 993 993 746 746 746 746 993 746 993 993 746 746 993 993 993 746 993 993 252 746 499 746 746 746 746 746 993 993 499 746 993 746 746 499 746 499 993 993 746 993 993 746 746 499 746 746 746 499 499 746 993 993 499 252 993 746 746 499 499 746 993 993 252 746 993 252 993 746 746 993 746 746 746 993 746 746 252 746 993 993 746 993 993 993 746 746 993 746 499 993 993 993 993 746 746 746 746 746 746 499 746 746 746 746 993 499 993 993 499 993 746 746 993 499 993 746 746 746 499 746 499 746 746 499 993 746 499 746 499 746 746 746 746 252 993 993 746 499 993 746 746 993 746 499 993 993 993 499 499 499 746 993 746 993 746 746 993 499 746 993 746 746 499 746 746 746 746 993 993 746 746 499 746 993 746 499 252 746 499 746 746 746 993 499 993 499 746 252 993 993 993 993 993 252 993 746 746 746 499 746 993 993 499 746 746 499 746 499 746 746 746 993 993 746 746 746 252 499 993 993 746 993 993 993 746 499 746 993 746 746 499 746 746 499 252 499 993 993 746 993 499 993 499 746 499 499 499 499 746 499 499 746 499 499 746 746 252 746 499 746 993 993 993 499 746 993 746 746 746 499 746 746 499 746 746 993 499 993 746 746 499 993 993 499 746 499 499 993 499 993 499 499 746 746 499 993 746 746 499 993 746 499 993 499 252 746 746 993 993 499 746 499 746 499 499 499 499 746 746 252 499 746 746 746 993 499 252 746 993 252 993 746 499 746 499 499 993 746 993 499 993 499 252 499 499 499 993 993 993 993 252 993 993 499 746 746 499 499 746 746 993 252 499 499 252 499 993 746 499 746 746 499 252 993 252 993 993 746 499 499 252 499 993 746 499 746 746 993 993 499 252 499 499 252 746 
c [Signal] Signal interruption. Caught signal: SIGTERM (15).
c [Label = 992] Encoding starts with target value = 247:
c [Label = 992] Encoding duration: 16739ms.
c [Label = 992] Number of clauses: 9459150.
c [Label = 992] Number of variables: 2121048.
c [Label = 992] Solving duration: 675 ms.
s [Label = 992] SAT (w = 247).
c [Label = 992]Label assignment: 992 992 992 992 992 992 992 992 992 992 745 992 992 992 992 992 992 992 992 992 992 992 745 745 992 992 992 992 992 992 992 992 992 992 992 992 992 992 992 992 992 992 992 992 745 992 992 992 992 992 992 992 992 992 992 992 992 992 992 745 992 992 992 992 992 992 992 745 992 745 992 992 745 745 745 992 992 992 992 992 992 992 992 992 745 992 992 992 992 745 992 745 992 992 745 992 992 992 992 992 745 992 992 992 498 745 992 745 992 992 992 992 992 992 992 745 745 992 745 992 992 992 992 745 992 745 992 992 745 992 992 745 745 992 745 992 992 992 992 745 992 745 745 992 745 745 992 745 745 745 992 992 992 992 992 992 992 992 992 992 992 992 745 992 992 992 498 745 992 498 745 992 992 992 745 745 498 992 992 992 745 745 745 992 745 992 745 745 992 992 745 992 992 745 992 745 745 992 745 745 992 992 745 992 992 498 992 992 992 745 745 992 992 992 992 745 992 745 992 745 496 992 992 745 745 498 992 992 992 992 498 745 745 745 992 992 992 745 745 498 992 992 745 745 745 992 992 992 992 745 498 745 745 745 745 992 498 992 745 745 745 745 498 992 745 745 745 992 992 745 745 745 745 992 745 992 992 745 745 992 992 992 745 992 992 251 745 498 745 745 745 745 745 992 992 498 745 992 745 745 498 745 498 992 992 745 992 992 745 745 498 745 745 745 498 498 745 992 992 498 251 992 745 745 498 498 745 992 992 251 745 992 251 992 745 745 992 745 745 745 992 745 745 251 745 992 992 745 992 992 992 745 745 992 745 498 992 992 992 992 745 745 745 745 745 745 498 745 745 745 745 992 498 992 992 498 992 745 745 992 498 992 745 745 745 498 745 498 745 745 498 992 745 498 745 498 745 745 745 745 251 992 992 745 498 992 745 745 992 745 498 992 992 992 498 498 498 745 992 745 992 745 745 992 498 745 992 745 745 498 745 745 745 745 992 992 745 745 498 745 992 745 498 251 745 498 745 745 745 992 498 992 498 745 251 992 992 992 992 992 251 992 745 745 745 498 745 992 992 498 745 745 498 745 498 745 745 745 992 992 745 745 745 251 498 992 992 745 992 992 992 745 498 745 992 745 745 498 745 745 498 251 498 992 992 745 992 498 992 498 745 498 498 498 498 745 498 498 745 498 498 745 745 251 745 498 745 992 992 992 498 745 992 745 745 745 498 745 745 498 745 745 992 498 992 745 745 498 992 992 498 745 498 498 992 498 992 498 498 745 745 498 992 745 745 498 992 745 498 992 498 251 745 745 992 992 498 745 498 745 498 498 498 498 745 745 251 498 745 745 745 992 498 251 745 992 251 992 745 498 745 498 498 992 745 992 498 992 498 251 498 498 498 992 992 992 992 251 992 992 498 745 745 498 498 745 745 992 251 498 498 251 498 992 745 498 745 745 498 251 992 251 992 992 745 498 498 251 498 992 745 498 745 745 992 992 498 251 498 498 251 745 
c [Signal] Signal interruption. Caught signal: SIGTERM (15).
c [Label = 985] Minimize Makespan Labeling problem (U-662_bus.mtx.rnd):
c [Label = 988] Encoding starts with target value = 247:
c [Label = 988] Encoding duration: 15157ms.
c [Label = 988] Number of clauses: 8946236.
c [Label = 988] Number of variables: 1954224.
c [Label = 988] Solving duration: 539 ms.
s [Label = 988] SAT (w = 247).
c [Label = 988]Label assignment: 988 988 988 988 988 988 988 988 988 988 741 988 988 988 988 988 988 988 988 988 988 988 741 741 988 988 988 988 988 988 988 988 988 988 988 988 988 988 988 988 988 988 988 988 741 988 988 988 988 988 988 988 988 988 988 988 988 988 988 741 988 988 988 988 988 988 988 741 988 741 988 988 741 741 741 988 988 988 988 988 988 988 988 988 741 988 988 988 988 741 988 741 988 988 741 988 988 988 988 988 741 988 988 988 494 741 988 741 988 988 988 988 988 988 988 741 741 988 741 988 988 988 988 741 988 741 988 988 741 988 988 741 741 988 741 988 988 988 988 741 988 741 741 988 741 741 988 741 741 741 988 988 988 988 988 988 988 988 988 988 988 988 741 988 988 988 494 741 988 494 741 988 988 988 741 741 494 988 988 988 741 741 741 988 741 988 741 741 988 988 741 988 988 741 988 741 741 988 741 741 988 988 741 988 988 494 988 988 988 741 741 988 988 988 988 741 988 741 988 741 494 988 988 741 741 494 988 988 988 988 494 741 741 741 988 988 988 741 741 494 988 988 741 741 741 988 988 988 988 741 494 741 741 741 741 988 494 988 741 741 741 741 494 988 741 741 741 988 988 741 741 741 741 988 741 988 988 741 741 988 988 988 741 988 988 247 741 494 741 741 741 741 741 988 988 494 741 988 741 741 494 741 494 988 988 741 988 988 741 741 494 741 741 741 494 494 741 988 988 494 247 988 741 741 494 494 741 988 988 247 741 988 247 988 741 741 988 741 741 741 988 741 741 247 741 988 988 741 988 988 988 741 741 988 741 494 988 988 988 988 741 741 741 741 741 741 494 741 741 741 741 988 494 988 988 494 988 741 741 988 494 988 741 741 741 494 741 494 741 741 494 988 741 494 741 494 741 741 741 741 247 988 988 741 494 988 741 741 988 741 494 988 988 988 494 494 494 741 988 741 988 741 741 988 494 741 988 741 741 494 741 741 741 741 988 988 741 741 494 741 988 741 494 247 741 494 741 741 741 988 494 988 494 741 247 988 988 988 988 988 247 988 741 741 741 494 741 988 988 494 741 741 494 741 494 741 741 741 988 988 741 741 741 247 494 988 988 741 988 988 988 741 494 741 988 741 741 494 741 741 494 247 494 988 988 741 988 494 988 494 741 494 494 494 494 741 494 494 741 494 494 741 741 247 741 494 741 988 988 988 494 741 988 741 741 741 494 741 741 494 741 741 988 494 988 741 741 494 988 988 494 741 494 494 988 494 988 494 494 741 741 494 988 741 741 494 988 741 494 988 494 247 741 741 988 988 494 741 494 741 494 494 494 494 741 741 247 494 741 741 741 988 494 247 741 988 247 988 741 494 741 494 494 988 741 988 494 988 494 247 494 494 494 988 988 988 988 247 988 988 494 741 741 494 494 741 741 988 247 494 494 247 494 988 741 494 741 741 494 247 988 247 988 988 741 494 494 247 494 988 741 494 741 741 988 988 494 247 494 494 247 741 
c [Main] Lowest label SAT is set to 988.
c [Main] Kill higher label pid 990.
c [Main] Kill higher label pid 991.
c [Main] Kill higher label pid 992.
c [Main] Kill higher label pid 993.
c [Label = 984] Minimize Makespan Labeling problem (U-662_bus.mtx.rnd):
c [Main] Child pid 990 - 813011 terminated by signal 15.
c [Main] Child pid 991 - 813010 terminated by signal 15.
c [Label = 983] Minimize Makespan Labeling problem (U-662_bus.mtx.rnd):
c [Label = 982] Minimize Makespan Labeling problem (U-662_bus.mtx.rnd):
c [Main] Child pid 992 - 813009 terminated by signal 15.
c [Label = 981] Minimize Makespan Labeling problem (U-662_bus.mtx.rnd):
c [Main] Child pid 993 - 813008 terminated by signal 15.
c [Label = 980] Minimize Makespan Labeling problem (U-662_bus.mtx.rnd):
c [Label = 987] Encoding starts with target value = 247:
c [Label = 987] Encoding duration: 15167ms.
c [Label = 987] Number of clauses: 8939301.
c [Label = 987] Number of variables: 1952900.
c [Label = 987] Solving duration: 27727 ms.
s [Label = 987] UNSAT (w = 247).
c [Label = 980] Encoding starts with target value = 247:
c [Label = 980] Encoding duration: 14770ms.
c [Label = 980] Number of clauses: 8890760.
c [Label = 980] Number of variables: 1943632.
c [Signal] Signal interruption. Caught signal: SIGTERM (15).
c [Label = 982] Encoding starts with target value = 247:
c [Label = 982] Encoding duration: 14843ms.
c [Label = 982] Number of clauses: 8904629.
c [Label = 982] Number of variables: 1946280.
c [Signal] Signal interruption. Caught signal: SIGTERM (15).
c [Label = 981] Encoding starts with target value = 247:
c [Label = 981] Encoding duration: 15000ms.
c [Label = 981] Number of clauses: 8897694.
c [Label = 981] Number of variables: 1944956.
c [Signal] Signal interruption. Caught signal: SIGTERM (15).
c [Label = 983] Encoding starts with target value = 247:
c [Label = 983] Encoding duration: 14833ms.
c [Label = 983] Number of clauses: 8911563.
c [Label = 983] Number of variables: 1947604.
c [Signal] Signal interruption. Caught signal: SIGTERM (15).
c [Main] Highest label UNSAT is set to 987
c [Main] Kill lower label pid 980.
c [Main] Kill lower label pid 981.
c [Main] Kill lower label pid 982.
c [Main] Kill lower label pid 983.
c [Main] Kill lower label pid 984.
c [Main] Kill lower label pid 985.
c [Main] Kill lower label pid 986.
c [Label = 984] Encoding starts with target value = 247:
c [Label = 984] Encoding duration: 14919ms.
c [Label = 984] Number of clauses: 8918498.
c [Label = 984] Number of variables: 1948928.
c [Signal] Signal interruption. Caught signal: SIGTERM (15).
c [Label = 985] Encoding starts with target value = 247:
c [Label = 985] Encoding duration: 14992ms.
c [Label = 985] Number of clauses: 8925432.
c [Label = 985] Number of variables: 1950252.
c [Signal] Signal interruption. Caught signal: SIGTERM (15).
c [Label = 986] Encoding starts with target value = 247:
c [Label = 986] Encoding duration: 15306ms.
c [Label = 986] Number of clauses: 8932367.
c [Label = 986] Number of variables: 1951576.
c [Label = 986] Solving duration: 28260 ms.
s [Label = 986] UNSAT (w = 247).
c [Signal] Signal interruption. Caught signal: SIGTERM (15).
c [Main] Child pid 984 - 813023 terminated by signal 15.
c [Main] Child pid 986 - 813015 terminated by signal 15.
c [Main] Child pid 981 - 813026 terminated by signal 15.
c [Main] Child pid 985 - 813020 terminated by signal 15.
c [Main] Child pid 983 - 813024 terminated by signal 15.
c [Main] Child pid 982 - 813025 terminated by signal 15.
c [Main] Child pid 980 - 813027 terminated by signal 15.
c [Signal] Signal interruption. Caught signal: SIGTERM (15).
c [Main] All children have completed.
r [Main] 
r [Main] Final results: 
r [Main] Lowest label SAT:  	988.
r [Main] Highest label UNSAT:	987.
r [Main] Total real time: 47009 ms.
r [Main] Total memory consumed: 29234.6 MB.
r [Main] 
