c [Version] Minimize Makespan Labeling Encoder version 1.0.0.
c [Param] Target value is set to 17.
c [Param] LB is predefined as 18.
c [Param] UB is predefined as 210.
c [Param] Target value is set to Antibandwidth.
c [Param] Vertices mode is set to Has hole.
c [Param] Result verification is ON.
c [Param] Memory limit is set to 30000.
c [Param] Real time limit is set to 1800.
c [Param] Max CNF size is set to 10.
c [Main] Search strategy: Incremental from upper bound.
c [Main] Encoding and solving for graph: M-bcsstk06.mtx.rnd.
c [Incremental] Minimize Makespan Labeling problem (M-bcsstk06.mtx.rnd):
c [Incremental] Encoding starts with target value = 17:
c [Incremental] Encoding duration: 3198ms.
c [Incremental] Number of clauses: 3415712.
c [Incremental] Number of variables: 240706.
c [Incremental] Solving for max label = 210:
c [Incremental] Solving duration: 7237 ms.
s [Incremental] SAT (label = 210).
c [Incremental] Label assignment: 210 210 210 210 193 210 210 210 210 210 210 210 210 193 210 210 210 210 210 104 193 23 193 193 193 210 210 193 210 176 193 193 193 176 176 193 210 193 159 193 176 210 193 159 176 193 176 210 193 210 193 210 176 193 176 176 210 176 176 159 159 159 159 176 210 159 193 142 142 193 159 176 193 159 193 125 193 193 176 193 210 159 176 210 193 142 159 125 193 159 159 142 159 193 193 142 159 159 210 210 125 159 142 176 210 176 193 125 125 210 210 159 193 193 210 125 159 87 108 159 210 23 108 142 142 210 159 142 142 142 142 176 142 142 176 142 210 159 142 210 159 125 142 125 176 125 125 193 193 159 193 176 125 2 159 125 193 159 108 159 142 193 108 74 125 108 159 176 108 40 176 159 210 125 91 70 108 176 176 193 142 210 108 142 125 125 91 57 142 176 91 176 108 125 74 108 193 176 108 176 108 108 142 193 210 57 91 142 125 159 108 108 74 74 210 70 176 142 74 125 57 91 176 91 125 108 108 142 23 108 91 57 210 125 74 91 125 74 210 91 108 125 142 125 210 176 70 74 159 210 125 108 159 125 108 176 210 91 108 53 57 2 91 57 193 40 23 193 2 210 74 125 159 210 57 176 210 74 36 36 74 142 40 210 91 159 108 74 125 74 91 91 19 23 91 36 125 159 57 19 74 108 19 19 108 57 91 193 40 74 2 40 2 57 40 108 193 74 74 142 2 36 125 91 91 74 108 91 91 74 210 23 53 108 91 125 108 142 176 57 74 57 57 108 91 193 74 159 142 176 2 40 125 57 36 210 23 176 91 40 91 23 142 40 159 193 74 210 108 125 23 19 91 53 53 91 210 57 40 108 74 40 23 57 193 125 2 91 210 210 40 210 91 23 2 2 210 23 193 57 40 176 176 74 142 40 57 74 142 40 57 74 1 40 57 74 1 23 1 1 
c [Incremental] Max used label: 210.
c [Incremental] Label 210 is removed from searching.
c [Incremental] Solving for max label = 209:
c [Incremental] Solving duration: 1828 ms.
s [Incremental] SAT (label = 209).
c [Incremental] Label assignment: 209 209 209 209 141 209 209 108 209 209 209 209 209 192 209 209 209 209 209 104 169 22 192 192 192 209 209 192 209 186 192 74 192 192 175 192 209 169 159 192 186 209 192 2 175 192 175 209 192 209 192 209 175 192 175 175 209 175 175 158 158 158 158 175 209 158 192 108 74 192 158 186 175 158 192 125 192 192 175 125 209 159 175 209 192 142 159 125 192 158 192 141 158 203 192 141 158 158 209 209 125 158 141 175 209 175 192 124 125 209 209 159 192 192 209 124 158 87 107 135 209 23 91 141 141 209 158 141 152 192 141 175 142 141 175 142 209 158 142 209 125 124 141 124 175 192 125 175 192 158 192 175 124 2 158 192 192 158 108 158 141 192 108 74 124 108 158 175 107 40 176 158 209 124 90 70 175 107 192 192 90 209 107 152 108 118 91 57 141 175 91 175 107 124 73 101 192 175 107 141 23 107 141 192 209 56 91 124 57 158 108 107 74 73 209 70 175 141 74 124 57 108 175 2 124 108 107 141 23 90 90 56 209 124 73 90 124 40 209 90 107 124 124 158 209 142 70 57 158 209 124 73 158 23 107 175 209 73 107 53 57 2 90 2 175 39 23 192 2 209 73 108 158 209 57 176 209 74 36 36 73 141 39 209 73 158 107 39 125 56 90 90 19 22 91 36 124 2 56 19 74 107 19 19 91 39 90 192 40 73 2 40 2 73 39 107 192 74 73 141 2 36 74 90 90 124 108 57 90 90 209 22 53 107 90 124 107 142 141 57 74 56 57 107 90 192 56 158 141 175 2 22 124 40 36 209 22 175 90 40 90 22 141 56 158 192 40 209 107 125 23 19 91 53 53 40 209 57 2 107 74 39 22 56 192 125 2 91 209 209 40 209 90 23 2 2 209 23 192 56 39 175 91 73 141 39 57 56 23 39 23 73 1 40 39 74 1 23 1 1 
c [Incremental] Max used label: 209.
c [Incremental] Label 209 is removed from searching.
c [Incremental] Solving for max label = 208:
c [Incremental] Solving duration: 1262 ms.
s [Incremental] SAT (label = 208).
c [Incremental] Label assignment: 208 208 208 208 135 208 208 208 208 208 208 208 208 191 208 208 208 208 208 104 125 23 191 174 191 208 208 191 208 176 57 191 191 174 174 191 208 159 157 208 176 208 191 2 174 191 174 208 191 208 191 208 174 191 174 186 208 174 174 169 157 157 157 174 208 157 191 191 74 191 157 176 191 157 208 125 191 191 125 125 191 157 174 208 191 142 159 40 191 157 169 140 157 142 191 140 157 157 208 208 125 157 140 174 135 174 191 123 159 208 208 159 191 191 208 123 157 87 106 125 208 23 108 140 140 208 159 142 142 191 140 174 140 140 186 140 208 169 108 208 125 123 140 123 174 118 125 191 191 57 191 174 123 2 157 208 191 157 108 157 140 191 108 74 123 108 157 174 106 191 174 157 208 123 89 70 40 174 174 191 108 208 106 142 108 40 91 57 140 174 91 174 106 123 72 108 191 174 106 174 91 106 140 191 208 55 91 152 208 157 108 91 74 74 208 70 174 140 74 123 57 91 174 33 123 108 106 140 23 106 89 57 208 123 72 89 123 74 208 89 106 123 140 77 208 142 70 57 157 208 123 72 157 23 106 174 208 89 106 53 57 2 89 2 152 38 23 191 2 208 72 108 157 208 57 176 208 74 36 36 72 140 40 208 74 159 106 33 125 2 89 89 19 23 91 36 123 2 55 19 74 106 19 19 91 57 89 191 40 72 2 40 2 67 38 106 191 74 72 140 2 36 74 89 89 123 108 91 89 40 208 21 53 106 89 123 111 142 135 57 74 55 57 106 89 191 40 157 140 174 2 23 123 57 36 208 23 174 94 40 89 23 140 50 157 191 40 208 106 91 23 19 91 53 53 40 191 57 2 106 74 38 21 55 191 152 2 91 208 208 40 208 89 23 2 2 108 23 191 55 40 174 40 72 140 38 57 57 23 135 23 72 1 40 33 74 1 23 1 1 
c [Incremental] Max used label: 208.
c [Incremental] Label 208 is removed from searching.
c [Incremental] Solving for max label = 207:
c [Incremental] Solving duration: 285 ms.
s [Incremental] SAT (label = 207).
c [Incremental] Label assignment: 40 207 207 176 193 207 207 207 207 207 207 207 207 190 207 207 207 207 207 104 125 142 190 190 190 159 207 190 207 176 125 193 190 125 173 190 207 40 159 23 176 207 190 2 173 190 173 207 190 207 190 207 173 190 173 176 207 173 173 159 156 156 156 173 207 156 190 108 74 190 156 176 190 156 169 142 190 190 186 125 207 159 173 207 190 142 159 125 190 156 125 139 156 142 190 139 156 156 207 207 125 156 139 173 204 142 190 122 159 207 207 159 190 190 207 122 156 87 105 159 125 23 108 139 108 207 159 142 91 190 139 173 142 139 176 142 207 159 108 207 159 122 139 122 173 91 125 193 190 159 190 173 122 2 156 125 190 156 108 156 139 190 108 74 122 108 156 173 105 40 176 156 207 122 88 70 190 173 108 190 91 207 105 142 108 125 91 57 139 173 91 173 105 122 71 108 190 173 105 176 23 105 139 190 207 54 91 142 57 156 108 74 74 74 207 70 173 139 74 122 57 91 173 2 122 108 105 139 23 105 88 57 207 122 71 88 122 74 207 88 105 122 108 74 207 142 70 57 156 207 125 71 156 23 91 173 207 74 105 53 57 2 88 23 190 37 23 190 2 207 71 125 156 207 57 176 207 74 36 36 71 139 40 207 23 125 105 33 57 40 88 88 19 23 91 36 122 2 54 19 74 105 19 19 108 57 88 190 40 71 2 40 2 173 37 105 190 74 71 91 2 36 74 88 88 74 108 91 88 40 207 20 53 105 88 122 108 142 142 57 74 54 57 139 88 190 40 156 139 173 2 2 122 57 36 207 23 173 91 40 88 2 139 50 156 190 40 207 54 125 23 19 91 53 53 40 207 57 2 20 74 37 2 54 190 125 19 91 207 207 40 207 74 23 2 2 207 23 190 37 40 173 91 71 139 20 57 40 142 40 23 71 1 40 33 74 1 23 1 1 
c [Incremental] Max used label: 207.
c [Incremental] Label 207 is removed from searching.
c [Incremental] Solving for max label = 206:
c [Incremental] Solving duration: 264 ms.
s [Incremental] SAT (label = 206).
c [Incremental] Label assignment: 40 206 206 176 193 206 206 206 206 206 206 206 206 189 206 206 206 206 206 104 125 142 189 189 189 159 206 189 206 176 125 193 189 125 172 189 206 40 159 23 176 206 189 2 172 189 172 206 189 206 189 206 172 189 172 176 206 172 172 159 155 155 155 172 206 155 189 108 74 189 155 176 189 155 169 142 189 189 186 125 206 159 172 206 189 142 159 125 189 155 125 138 155 142 189 138 155 155 206 206 125 155 138 172 204 142 189 121 159 206 206 159 189 189 206 121 155 87 104 159 125 23 108 138 108 206 159 142 91 189 138 172 142 138 176 142 206 159 108 206 159 121 138 121 172 91 125 193 189 159 189 172 121 2 155 125 189 155 108 155 138 189 108 74 121 108 155 172 104 40 176 155 206 121 87 70 189 172 108 189 91 206 104 142 108 125 91 57 138 172 91 172 104 121 70 108 189 172 104 176 23 104 138 189 206 53 91 142 57 155 108 74 74 74 206 70 172 138 74 121 57 91 172 2 121 108 104 138 23 104 87 57 206 121 70 87 121 74 206 87 104 121 108 74 206 142 70 57 155 206 125 70 155 23 91 172 206 74 104 53 57 2 87 23 189 36 23 189 2 206 70 125 155 206 57 176 206 74 36 36 70 138 40 206 23 125 104 33 57 40 87 87 19 23 91 36 121 2 53 19 74 104 19 19 108 57 87 189 40 70 2 40 2 172 36 104 189 74 70 91 2 36 74 87 87 74 108 91 87 40 206 19 53 104 87 121 108 142 142 57 74 53 57 138 87 189 40 155 138 172 2 2 121 57 36 206 23 172 91 40 87 2 138 50 155 189 40 206 53 125 23 19 91 53 53 40 206 57 2 19 74 36 2 53 189 125 19 91 206 206 40 206 74 23 2 2 206 23 189 36 40 172 91 70 138 19 57 40 142 40 23 70 1 40 33 74 1 23 1 1 
c [Incremental] Max used label: 206.
c [Incremental] Label 206 is removed from searching.
c [Incremental] Solving for max label = 205:
c [Incremental] Solving duration: 880 ms.
s [Incremental] SAT (label = 205).
c [Incremental] Label assignment: 40 205 205 176 193 205 186 205 205 205 138 205 205 203 205 205 205 205 205 103 125 142 203 188 189 159 155 188 205 176 125 193 186 125 169 186 205 40 159 23 176 19 188 2 171 135 186 205 189 121 142 205 205 33 176 176 205 176 171 159 154 154 154 169 205 152 186 108 74 135 155 176 188 138 169 142 186 186 186 125 205 159 171 205 186 142 159 125 186 2 125 118 152 142 186 137 152 33 205 205 125 101 186 169 204 142 152 120 159 205 205 159 189 189 172 84 152 86 169 159 125 23 108 50 108 205 159 142 91 108 118 36 142 121 176 142 205 159 108 205 159 84 135 120 172 91 125 193 186 159 186 169 120 2 118 125 188 155 108 152 67 101 108 74 84 108 159 172 103 40 176 152 205 135 86 69 186 169 108 186 91 205 101 142 57 125 91 57 137 176 91 169 118 135 69 108 103 101 159 176 23 103 205 186 205 52 91 142 57 152 108 74 74 74 205 69 172 137 74 120 57 91 1 2 87 108 137 172 23 138 101 57 205 120 121 152 101 74 205 18 104 118 108 74 205 142 69 57 154 205 125 23 154 23 91 118 120 23 103 52 57 2 86 23 186 35 23 188 1 205 69 125 33 205 57 176 205 74 35 35 84 1 40 205 23 125 2 2 57 40 155 67 18 23 91 35 87 2 154 2 74 67 18 18 108 2 101 155 40 2 2 40 1 74 188 18 186 74 84 84 2 70 74 86 33 118 108 91 138 40 205 18 52 67 1 101 108 142 142 57 74 52 91 118 135 155 40 67 137 171 1 57 50 57 35 205 23 171 91 40 86 2 135 40 50 186 152 101 50 125 23 104 91 52 35 40 205 57 2 74 74 35 137 53 186 125 188 91 205 205 40 205 67 23 52 1 205 23 186 33 40 169 91 69 33 1 57 40 142 40 23 33 1 40 23 74 1 23 1 1 
c [Incremental] Max used label: 205.
c [Incremental] Label 205 is removed from searching.
c [Incremental] Solving for max label = 204:
c [Incremental] Solving duration: 254 ms.
s [Incremental] SAT (label = 204).
c [Incremental] Label assignment: 40 204 125 176 193 67 186 125 142 204 138 204 204 142 52 204 204 186 169 103 204 142 203 193 189 159 155 152 169 176 91 125 186 23 169 204 204 40 159 23 176 19 203 2 186 135 186 204 189 121 142 67 204 33 176 176 204 176 172 159 155 169 103 169 204 152 186 108 74 135 155 176 188 138 169 142 186 186 186 159 204 159 186 204 186 142 159 204 186 2 91 84 152 142 186 137 152 33 169 204 204 101 186 169 152 142 152 120 159 186 204 159 189 189 172 67 152 86 103 159 125 23 108 50 108 125 159 142 91 108 118 36 142 121 186 142 204 169 108 204 159 84 125 135 172 91 204 193 186 57 186 169 120 2 118 91 203 155 108 152 57 152 125 74 57 108 159 172 118 40 176 152 204 135 101 69 186 74 108 186 91 204 101 142 57 125 204 57 137 186 91 169 118 135 84 108 204 101 159 176 23 103 204 186 204 50 91 142 57 152 108 74 74 74 204 69 172 152 74 135 57 91 1 2 87 108 86 172 23 138 50 57 204 120 121 152 101 74 204 18 104 118 108 74 204 125 69 57 169 125 125 23 204 23 91 118 120 23 84 52 57 2 86 23 186 33 23 138 1 204 69 108 118 204 57 176 204 74 35 35 84 1 40 204 23 91 2 2 57 40 155 67 18 23 91 35 87 2 169 2 74 50 18 18 40 2 101 155 40 2 2 40 1 74 203 18 186 74 84 84 2 70 74 101 33 108 108 91 138 40 204 18 52 67 1 101 108 142 142 57 74 50 91 118 135 155 40 67 152 186 1 57 40 57 35 204 2 186 125 40 86 2 135 40 50 186 152 23 50 91 23 104 91 169 35 125 108 57 2 74 74 118 152 53 186 204 203 91 186 204 40 204 67 23 52 1 125 23 186 33 40 169 176 69 33 1 57 40 135 40 23 33 1 40 1 74 91 23 1 1 
c [Incremental] Max used label: 204.
c [Incremental] Label 204 is removed from searching.
c [Incremental] Solving for max label = 203:
c [Incremental] Solving duration: 268 ms.
s [Incremental] SAT (label = 203).
c [Incremental] Label assignment: 40 203 203 176 193 69 186 203 142 203 138 203 203 203 186 203 203 186 69 103 125 142 203 186 189 159 155 203 35 176 125 193 186 125 169 203 203 40 159 23 176 19 188 2 171 135 152 203 52 121 142 35 203 18 176 176 203 176 172 159 155 154 154 169 203 152 186 108 74 135 155 176 188 138 169 142 186 186 186 125 203 159 171 203 186 142 159 125 186 1 125 118 152 142 186 137 152 33 108 203 125 101 186 169 203 142 152 120 159 186 203 159 189 189 172 84 203 86 169 159 125 23 108 52 108 57 159 142 91 108 118 36 142 121 176 142 203 159 108 203 159 84 125 120 172 91 125 193 186 159 186 169 120 2 33 125 188 155 108 152 67 86 203 74 84 108 159 172 103 40 176 152 203 135 86 69 186 169 108 186 91 203 86 142 57 125 91 57 203 176 91 169 118 135 69 108 103 101 159 176 23 103 69 186 203 52 91 142 57 152 108 74 74 74 203 203 172 137 74 120 57 91 1 2 87 108 137 172 23 138 101 57 203 120 121 152 101 74 203 18 104 118 108 74 203 142 69 57 154 203 125 23 154 23 91 118 120 23 35 52 193 2 86 23 186 18 23 189 1 203 52 125 33 203 57 176 203 74 35 35 103 1 40 203 23 125 2 2 57 40 155 67 18 23 91 35 87 2 154 2 74 67 18 18 108 2 101 155 40 2 2 40 1 74 203 18 186 74 84 84 2 70 74 86 33 108 108 91 138 40 203 18 138 67 1 101 108 142 142 57 74 52 91 118 135 155 40 67 137 171 1 57 50 57 35 203 23 103 91 40 86 2 135 40 203 186 152 23 50 125 23 104 91 52 203 40 108 57 2 74 74 103 137 53 186 125 188 91 169 203 40 203 67 23 52 1 203 23 186 33 40 169 91 69 1 1 57 40 142 40 23 33 1 40 1 74 1 23 1 1 
c [Incremental] Max used label: 203.
c [Incremental] Label 203 is removed from searching.
c [Incremental] Solving for max label = 202:
c [Incremental] Solving duration: 247 ms.
s [Incremental] SAT (label = 202).
c [Incremental] Label assignment: 40 202 202 176 193 69 185 202 142 202 138 202 202 202 185 202 202 185 69 103 125 142 202 185 189 159 155 202 35 176 125 193 185 125 168 202 202 40 159 23 176 19 188 2 171 185 151 202 52 121 142 35 202 18 176 176 202 176 172 159 155 154 154 168 202 151 185 108 74 134 155 176 188 138 168 142 185 185 185 125 202 159 171 202 185 142 159 125 185 1 125 118 151 142 185 137 151 33 108 202 125 101 185 168 202 142 152 120 159 185 202 159 189 189 172 84 202 86 168 159 125 23 108 52 108 57 159 142 91 108 118 36 142 121 176 142 202 159 108 202 159 84 125 120 172 91 125 193 185 159 185 168 120 2 33 125 188 155 108 151 67 86 202 74 84 108 159 172 103 40 176 151 202 135 86 69 185 168 108 185 91 202 86 142 57 125 91 57 202 176 91 168 118 101 69 108 103 101 159 176 23 103 69 185 202 52 91 142 57 151 108 74 74 74 202 202 172 137 74 120 57 91 1 2 87 108 137 172 23 138 101 57 202 120 121 152 101 74 202 18 104 117 108 74 202 142 69 57 154 202 125 23 154 23 91 118 120 23 35 52 193 2 86 23 185 18 23 189 1 202 52 125 33 202 57 176 202 74 35 35 103 1 40 202 23 125 2 2 57 40 155 67 18 23 91 35 87 2 154 2 74 67 18 18 108 2 101 155 40 2 2 40 1 74 202 18 185 74 84 84 2 70 74 86 33 108 108 91 138 40 202 18 138 67 1 101 108 142 142 57 74 52 91 118 67 155 40 67 137 171 1 57 50 57 35 202 23 103 91 40 86 2 134 40 202 185 151 23 50 125 23 104 91 52 202 40 108 57 2 74 74 103 137 53 185 125 188 91 169 202 40 202 67 23 52 1 202 23 185 33 40 168 91 69 1 1 57 40 142 40 23 33 1 40 1 74 1 23 1 1 
c [Incremental] Max used label: 202.
c [Incremental] Label 202 is removed from searching.
c [Incremental] Solving for max label = 201:
c [Incremental] Solving duration: 249 ms.
s [Incremental] SAT (label = 201).
c [Incremental] Label assignment: 40 201 201 176 193 69 184 201 142 201 138 201 201 201 184 201 201 184 69 103 125 142 201 184 189 159 155 201 35 176 125 193 184 125 167 201 201 40 159 23 176 19 188 2 171 184 150 201 52 121 142 35 201 18 176 176 201 176 172 159 155 154 154 167 201 150 184 108 74 133 155 176 188 138 167 142 184 184 184 125 201 159 171 201 184 142 159 125 184 1 125 118 150 142 184 137 150 33 108 201 125 101 184 167 201 142 152 120 159 184 201 159 189 189 172 84 201 86 167 159 125 23 108 52 108 57 159 142 91 108 118 36 142 121 176 142 201 159 108 201 159 84 125 120 172 91 125 193 184 159 184 167 120 2 33 125 188 155 108 150 67 86 201 74 84 108 159 172 103 40 176 150 201 135 86 69 184 167 108 184 91 201 86 142 57 125 91 57 201 176 91 167 118 101 69 108 103 101 159 176 23 103 69 184 201 52 91 142 57 150 108 74 74 74 201 201 172 137 74 120 57 91 1 2 87 108 137 172 23 138 101 57 201 120 121 152 101 74 201 18 104 116 108 74 201 142 69 57 154 201 125 23 154 23 91 118 120 23 35 52 193 2 86 23 184 18 23 189 1 201 52 125 33 201 57 176 201 74 35 35 103 1 40 201 23 125 2 2 57 40 155 67 18 23 91 35 87 2 154 2 74 67 18 18 108 2 101 155 40 2 2 40 1 74 201 18 184 74 84 84 2 70 74 86 33 108 108 91 138 40 201 18 138 67 1 101 108 142 142 57 74 52 91 118 67 155 40 67 137 171 1 57 50 57 35 201 23 103 91 40 86 2 133 40 201 184 150 23 50 125 23 104 91 52 201 40 108 57 2 74 74 103 137 53 184 125 188 91 169 201 40 201 67 23 52 1 201 23 184 33 40 167 91 69 1 1 57 40 142 40 23 33 1 40 1 74 1 23 1 1 
c [Incremental] Max used label: 201.
c [Incremental] Label 201 is removed from searching.
c [Incremental] Solving for max label = 200:
c [Incremental] Solving duration: 258 ms.
s [Incremental] SAT (label = 200).
c [Incremental] Label assignment: 40 200 200 176 193 69 183 200 142 200 138 200 200 200 183 200 200 183 69 103 125 142 200 183 189 159 155 200 35 176 125 193 183 125 166 200 200 40 159 23 176 19 188 2 171 183 149 200 52 121 142 35 200 18 176 176 200 176 172 159 155 154 154 166 200 149 183 108 74 132 155 176 188 138 166 142 183 183 183 125 200 159 171 200 183 142 159 125 183 1 125 118 149 142 183 137 149 33 108 200 125 101 183 166 200 142 152 120 159 183 200 159 189 189 172 84 200 86 166 159 125 23 108 52 108 57 159 142 91 108 118 36 142 121 176 142 200 159 108 200 159 84 125 120 172 91 125 193 183 159 183 166 120 2 33 125 188 155 108 149 67 86 200 74 84 108 159 172 103 40 176 149 200 135 86 69 183 166 108 183 91 200 86 142 57 125 91 57 200 176 91 166 118 101 69 108 103 101 159 176 23 103 69 183 200 52 91 142 57 149 108 74 74 74 200 200 172 137 74 120 57 91 1 2 87 108 137 172 23 138 101 57 200 120 121 152 101 74 200 18 104 115 108 74 200 142 69 57 154 200 125 23 154 23 91 118 120 23 35 52 193 2 86 23 183 18 23 189 1 200 52 125 33 200 57 176 200 74 35 35 103 1 40 200 23 125 2 2 57 40 155 67 18 23 91 35 87 2 154 2 74 67 18 18 108 2 101 155 40 2 2 40 1 74 200 18 183 74 84 84 2 70 74 86 33 108 108 91 138 40 200 18 138 67 1 101 108 142 142 57 74 52 91 118 67 155 40 67 137 171 1 57 50 57 35 200 23 103 91 40 86 2 132 40 200 183 149 23 50 125 23 104 91 52 200 40 108 57 2 74 74 103 137 53 183 125 188 91 169 200 40 200 67 23 52 1 200 23 183 33 40 166 91 69 1 1 57 40 142 40 23 33 1 40 1 74 1 23 1 1 
c [Incremental] Max used label: 200.
c [Incremental] Label 200 is removed from searching.
c [Incremental] Solving for max label = 199:
c [Incremental] Solving duration: 258 ms.
s [Incremental] SAT (label = 199).
c [Incremental] Label assignment: 40 199 199 176 193 69 182 199 142 199 138 199 199 199 182 199 199 182 69 103 125 142 199 182 189 159 155 199 35 176 125 193 182 125 165 199 199 40 159 23 176 19 188 2 171 182 148 199 52 121 142 35 199 18 176 176 199 176 172 159 155 154 154 165 199 148 182 108 74 131 155 176 188 138 165 142 182 182 182 125 199 159 171 199 182 142 159 125 182 1 125 118 148 142 182 137 148 33 108 199 125 101 182 165 199 142 152 120 159 182 199 159 189 189 172 84 199 86 165 159 125 23 108 52 108 57 159 142 91 108 118 36 142 121 176 142 199 159 108 199 159 84 125 120 172 91 125 193 182 159 182 165 120 2 33 125 188 155 108 148 67 86 199 74 84 108 159 172 103 40 176 148 199 135 86 69 182 165 108 182 91 199 86 142 57 125 91 57 199 176 91 165 118 101 69 108 103 101 159 176 23 103 69 182 199 52 91 142 57 148 108 74 74 74 199 199 172 137 74 120 57 91 1 2 87 108 137 172 23 138 101 57 199 120 121 152 101 74 199 18 104 114 108 74 199 142 69 57 154 199 125 23 154 23 91 118 120 23 35 52 193 2 86 23 182 18 23 189 1 199 52 125 33 199 57 176 199 74 35 35 103 1 40 199 23 125 2 2 57 40 155 67 18 23 91 35 87 2 154 2 74 67 18 18 108 2 101 155 40 2 2 40 1 74 199 18 182 74 84 84 2 70 74 86 33 108 108 91 138 40 199 18 138 67 1 101 108 142 142 57 74 52 91 118 67 155 40 67 137 171 1 57 50 57 35 199 23 103 91 40 86 2 131 40 199 182 148 23 50 125 23 104 91 52 199 40 108 57 2 74 74 103 137 53 182 125 188 91 169 199 40 199 67 23 52 1 199 23 182 33 40 165 91 69 1 1 57 40 142 40 23 33 1 40 1 74 1 23 1 1 
c [Incremental] Max used label: 199.
c [Incremental] Label 199 is removed from searching.
c [Incremental] Solving for max label = 198:
c [Incremental] Solving duration: 254 ms.
s [Incremental] SAT (label = 198).
c [Incremental] Label assignment: 40 198 198 176 193 69 181 198 142 198 138 198 198 198 181 198 198 181 69 103 125 142 198 181 189 159 155 198 35 176 125 193 181 125 164 198 198 40 159 23 176 19 188 2 171 181 147 198 52 121 142 35 198 18 176 176 198 176 172 159 155 154 154 164 198 147 181 108 74 130 155 176 188 138 164 142 181 181 181 125 198 159 171 198 181 142 159 125 181 1 125 118 147 142 181 137 147 33 108 198 125 101 181 164 198 142 152 120 159 181 198 159 189 189 172 84 198 86 164 159 125 23 108 52 108 57 159 142 91 108 118 36 142 121 176 142 198 159 108 198 159 84 125 120 172 91 125 193 181 159 181 164 120 2 33 125 188 155 108 147 67 86 198 74 84 108 159 172 103 40 176 147 198 135 86 69 181 164 108 181 91 198 86 142 57 125 91 57 198 176 91 164 118 101 69 108 103 101 159 176 23 103 69 181 198 52 91 142 57 147 108 74 74 74 198 198 172 137 74 120 57 91 1 2 87 108 137 172 23 138 101 57 198 120 121 152 101 74 198 18 104 113 108 74 198 142 69 57 154 198 125 23 154 23 91 118 120 23 35 52 193 2 86 23 181 18 23 189 1 198 52 125 33 198 57 176 198 74 35 35 103 1 40 198 23 125 2 2 57 40 155 67 18 23 91 35 87 2 154 2 74 67 18 18 108 2 101 155 40 2 2 40 1 74 198 18 181 74 84 84 2 70 74 86 33 108 108 91 138 40 198 18 138 67 1 101 108 142 142 57 74 52 91 118 67 155 40 67 137 171 1 57 50 57 35 198 23 103 91 40 86 2 130 40 198 181 147 23 50 125 23 104 91 52 198 40 108 57 2 74 74 103 137 53 181 125 188 91 169 198 40 198 67 23 52 1 198 23 181 33 40 164 91 69 1 1 57 40 142 40 23 33 1 40 1 74 1 23 1 1 
c [Incremental] Max used label: 198.
c [Incremental] Label 198 is removed from searching.
c [Incremental] Solving for max label = 197:
c [Incremental] Solving duration: 255 ms.
s [Incremental] SAT (label = 197).
c [Incremental] Label assignment: 40 197 197 176 193 69 180 197 142 197 138 197 197 197 180 197 197 180 69 103 125 142 197 180 189 159 155 197 35 176 125 193 180 125 163 197 197 40 159 23 176 19 188 2 171 180 146 197 52 121 142 35 197 18 176 176 197 176 172 159 155 154 154 163 197 146 180 108 74 129 155 176 188 138 163 142 180 180 180 125 197 159 171 197 180 142 159 125 180 1 125 118 146 142 180 137 146 33 108 197 125 101 180 163 197 142 152 120 159 180 197 159 189 189 172 84 197 86 163 159 125 23 108 52 108 57 159 142 91 108 118 36 142 121 176 142 197 159 108 197 159 84 125 120 172 91 125 193 180 159 180 163 120 2 33 125 188 155 108 146 67 86 197 74 84 108 159 172 103 40 176 146 197 135 86 69 180 163 108 180 91 197 86 142 57 125 91 57 197 176 91 163 118 101 69 108 103 101 159 176 23 103 69 180 197 52 91 142 57 146 108 74 74 74 197 197 172 137 74 120 57 91 1 2 87 108 137 172 23 138 101 57 197 120 121 152 101 74 197 18 104 112 108 74 197 142 69 57 154 197 125 23 154 23 91 118 120 23 35 52 193 2 86 23 180 18 23 189 1 197 52 125 33 197 57 176 197 74 35 35 103 1 40 197 23 125 2 2 57 40 155 67 18 23 91 35 87 2 154 2 74 67 18 18 108 2 101 155 40 2 2 40 1 74 197 18 180 74 84 84 2 70 74 86 33 108 108 91 138 40 197 18 138 67 1 101 108 142 142 57 74 52 91 118 67 155 40 67 137 171 1 57 50 57 35 197 23 103 91 40 86 2 129 40 197 180 146 23 50 125 23 104 91 52 197 40 108 57 2 74 74 103 137 53 180 125 188 91 169 197 40 197 67 23 52 1 197 23 180 33 40 163 91 69 1 1 57 40 142 40 23 33 1 40 1 74 1 23 1 1 
c [Incremental] Max used label: 197.
c [Incremental] Label 197 is removed from searching.
c [Incremental] Solving for max label = 196:
c [Incremental] Solving duration: 255 ms.
s [Incremental] SAT (label = 196).
c [Incremental] Label assignment: 40 196 196 176 193 69 179 196 142 196 138 196 196 196 179 196 196 179 69 103 125 142 196 179 189 159 155 196 35 176 125 193 179 125 162 196 196 40 159 23 176 19 188 2 171 179 145 196 52 121 142 35 196 18 176 176 196 176 172 159 155 154 154 162 196 145 179 108 74 128 155 176 188 138 162 142 179 179 179 125 196 159 171 196 179 142 159 125 179 1 125 118 145 142 179 137 145 33 108 196 125 101 179 162 196 142 152 120 159 179 196 159 189 189 172 84 196 86 162 159 125 23 108 52 108 57 159 142 91 108 118 36 142 121 176 142 196 159 108 196 159 84 125 120 172 91 125 193 179 159 179 162 120 2 33 125 188 155 108 145 67 86 196 74 84 108 159 172 103 40 176 145 196 135 86 69 179 162 108 179 91 196 86 142 57 125 91 57 196 176 91 162 118 101 69 108 103 101 159 176 23 103 69 179 196 52 91 142 57 145 108 74 74 74 196 196 172 137 74 120 57 91 1 2 87 108 137 172 23 138 101 57 196 120 121 152 101 74 196 18 104 111 108 74 196 142 69 57 154 196 125 23 154 23 91 118 120 23 35 52 193 2 86 23 179 18 23 189 1 196 52 125 33 196 57 176 196 74 35 35 103 1 40 196 23 125 2 2 57 40 155 67 18 23 91 35 87 2 154 2 74 67 18 18 108 2 101 155 40 2 2 40 1 74 196 18 179 74 84 84 2 70 74 86 33 108 108 91 138 40 196 18 138 67 1 101 108 142 142 57 74 52 91 118 67 155 40 67 137 171 1 57 50 57 35 196 23 103 91 40 86 2 128 40 196 179 145 23 50 125 23 104 91 52 196 40 108 57 2 74 74 103 137 53 179 125 188 91 169 196 40 196 67 23 52 1 196 23 179 33 40 162 91 69 1 1 57 40 142 40 23 33 1 40 1 74 1 23 1 1 
c [Incremental] Max used label: 196.
c [Incremental] Label 196 is removed from searching.
c [Incremental] Solving for max label = 195:
c [Incremental] Solving duration: 261 ms.
s [Incremental] SAT (label = 195).
c [Incremental] Label assignment: 40 195 195 176 193 69 178 195 142 195 138 195 195 195 178 195 195 178 69 103 125 142 195 178 189 159 155 195 35 176 125 193 178 125 161 195 195 40 159 23 176 19 188 2 171 178 144 195 52 121 142 35 195 18 176 176 195 176 172 159 155 154 154 161 195 144 178 108 74 127 155 176 188 138 161 142 178 178 178 125 195 159 171 195 178 142 159 125 178 1 125 118 144 142 178 137 144 33 108 195 125 101 178 161 195 142 152 120 159 178 195 159 189 189 172 84 195 86 161 159 125 23 108 52 108 57 159 142 91 108 118 36 142 121 176 142 195 159 108 195 159 84 125 120 172 91 125 193 178 159 178 161 120 2 33 125 188 155 108 144 67 86 195 74 84 108 159 172 103 40 176 144 195 135 86 69 178 161 108 178 91 195 86 142 57 125 91 57 195 176 91 161 118 101 69 108 103 101 159 176 23 103 69 178 195 52 91 142 57 144 108 74 74 74 195 195 172 137 74 120 57 91 1 2 87 108 137 172 23 138 101 57 195 120 121 152 101 74 195 18 104 110 108 74 195 142 69 57 154 195 125 23 154 23 91 118 120 23 35 52 193 2 86 23 178 18 23 189 1 195 52 125 33 195 57 176 195 74 35 35 103 1 40 195 23 125 2 2 57 40 155 67 18 23 91 35 87 2 154 2 74 67 18 18 108 2 101 155 40 2 2 40 1 74 195 18 178 74 84 84 2 70 74 86 33 108 108 91 138 40 195 18 138 67 1 101 108 142 142 57 74 52 91 118 67 155 40 67 137 171 1 57 50 57 35 195 23 103 91 40 86 2 127 40 195 178 144 23 50 125 23 104 91 52 195 40 108 57 2 74 74 103 137 53 178 125 188 91 169 195 40 195 67 23 52 1 195 23 178 33 40 161 91 69 1 1 57 40 142 40 23 33 1 40 1 74 1 23 1 1 
c [Incremental] Max used label: 195.
c [Incremental] Label 195 is removed from searching.
c [Incremental] Solving for max label = 194:
c [Incremental] Solving duration: 253 ms.
s [Incremental] SAT (label = 194).
c [Incremental] Label assignment: 40 194 194 176 193 69 177 194 142 194 138 194 194 194 177 194 194 177 69 103 125 142 194 177 189 159 155 194 35 176 125 193 177 125 160 194 194 40 159 23 176 19 188 2 171 177 143 194 52 121 142 35 194 18 176 176 194 176 172 159 155 154 154 160 194 143 177 108 74 126 155 176 188 138 160 142 177 177 177 125 194 159 171 194 177 142 159 125 177 1 125 118 143 142 177 137 143 33 108 194 125 101 177 160 194 142 152 120 159 177 194 159 189 189 172 84 194 86 160 159 125 23 108 52 108 57 159 142 91 108 118 36 142 121 176 142 194 159 108 194 159 84 125 120 172 91 125 193 177 159 177 160 120 2 33 125 188 155 108 143 67 86 194 74 84 108 159 172 103 40 176 143 194 135 86 69 177 160 108 177 91 194 86 142 57 125 91 57 194 176 91 160 118 101 69 108 103 101 159 176 23 103 69 177 194 52 91 142 57 143 108 74 74 74 194 194 172 137 74 120 57 91 1 2 87 108 137 172 23 138 101 57 194 120 121 152 101 74 194 18 104 109 108 74 194 142 69 57 154 194 125 23 154 23 91 118 120 23 35 52 193 2 86 23 177 18 23 189 1 194 52 125 33 194 57 176 194 74 35 35 103 1 40 194 23 125 2 2 57 40 155 67 18 23 91 35 87 2 154 2 74 67 18 18 108 2 101 155 40 2 2 40 1 74 194 18 177 74 84 84 2 70 74 86 33 108 108 91 138 40 194 18 138 67 1 101 108 142 142 57 74 52 91 118 67 155 40 67 137 171 1 57 50 57 35 194 23 103 91 40 86 2 126 40 194 177 143 23 50 125 23 104 91 52 194 40 108 57 2 74 74 103 137 53 177 125 188 91 169 194 40 194 67 23 52 1 194 23 177 33 40 160 91 69 1 1 57 40 142 40 23 33 1 40 1 74 1 23 1 1 
c [Incremental] Max used label: 194.
c [Incremental] Label 194 is removed from searching.
c [Incremental] Solving for max label = 193:
c [Incremental] Solving duration: 252 ms.
s [Incremental] SAT (label = 193).
c [Incremental] Label assignment: 40 193 193 176 193 69 176 193 142 193 138 193 193 193 176 193 193 176 69 103 125 142 193 176 189 159 155 193 35 176 125 193 176 125 159 193 193 40 159 23 176 19 188 2 171 176 142 193 52 121 142 35 193 18 176 176 193 176 172 159 155 154 154 159 193 142 176 108 74 125 155 176 188 138 159 142 176 176 176 125 193 159 171 193 176 142 159 125 176 1 125 118 142 142 176 137 142 33 108 193 125 101 176 159 193 142 152 120 159 176 193 159 189 189 172 84 193 86 159 159 125 23 108 52 108 57 159 142 91 108 118 36 142 121 176 142 193 159 108 193 159 84 125 120 172 91 125 193 176 159 176 159 120 2 33 125 188 155 108 142 67 86 193 74 84 108 159 172 103 40 176 142 193 135 86 69 176 159 108 176 91 193 86 142 57 125 91 57 193 176 91 159 118 101 69 108 103 101 159 176 23 103 69 176 193 52 91 142 57 142 108 74 74 74 193 193 172 137 74 120 57 91 1 2 87 108 137 172 23 138 101 57 193 120 121 152 101 74 193 18 104 108 108 74 193 142 69 57 154 193 125 23 154 23 91 118 120 23 35 52 193 2 86 23 176 18 23 189 1 193 52 125 33 193 57 176 193 74 35 35 103 1 40 193 23 125 2 2 57 40 155 67 18 23 91 35 87 2 154 2 74 67 18 18 108 2 101 155 40 2 2 40 1 74 193 18 176 74 84 84 2 70 74 86 33 108 108 91 138 40 193 18 138 67 1 101 108 142 142 57 74 52 91 118 67 155 40 67 137 171 1 57 50 57 35 193 23 103 91 40 86 2 125 40 193 176 142 23 50 125 23 104 91 52 193 40 108 57 2 74 74 103 137 53 176 125 188 91 169 193 40 193 67 23 52 1 193 23 176 33 40 159 91 69 1 1 57 40 142 40 23 33 1 40 1 74 1 23 1 1 
c [Incremental] Max used label: 193.
c [Incremental] Label 193 is removed from searching.
c [Incremental] Solving for max label = 192:
c [Incremental] Solving duration: 3159 ms.
s [Incremental] SAT (label = 192).
c [Incremental] Label assignment: 39 192 192 175 192 69 175 141 141 192 138 192 175 192 175 192 175 175 69 103 124 141 192 175 189 158 155 192 35 175 124 192 175 124 158 192 192 39 158 22 175 19 188 2 171 175 141 192 52 121 141 35 192 18 175 175 192 175 172 158 155 154 154 158 192 141 175 107 73 124 155 158 188 138 158 141 175 175 175 158 192 158 171 192 175 141 158 124 158 1 124 118 141 192 175 137 141 33 107 192 124 101 175 158 192 141 152 120 158 175 192 158 189 189 172 84 192 86 158 192 124 22 107 52 107 56 158 141 90 108 118 36 141 121 175 90 192 158 107 192 158 84 107 120 172 90 124 192 175 158 175 158 120 2 33 124 188 155 107 141 67 86 192 73 84 107 158 172 103 39 175 141 192 135 86 69 175 158 107 175 90 192 86 141 57 124 90 56 192 175 90 158 118 101 69 107 103 138 158 175 22 103 69 175 192 52 90 141 56 141 107 73 73 73 192 192 172 137 73 120 56 90 1 2 87 107 137 172 22 101 101 56 192 120 121 152 101 73 192 18 104 107 158 73 192 141 69 56 154 192 124 23 154 124 90 118 120 22 35 52 192 2 86 22 175 18 22 189 1 192 52 124 33 192 56 175 192 73 35 35 103 1 39 192 22 124 2 2 56 39 155 67 18 22 90 35 87 2 154 2 73 67 18 18 107 2 101 155 39 2 2 39 1 124 192 18 175 73 84 84 2 70 73 86 33 90 107 90 138 39 192 18 138 67 1 101 107 141 141 56 73 52 90 118 67 155 40 67 137 171 1 56 50 56 35 192 22 103 90 39 86 2 124 40 192 175 141 23 50 124 22 104 90 52 192 39 107 56 2 73 73 103 137 53 175 124 188 90 169 192 39 192 67 22 52 1 192 22 192 33 39 158 141 69 1 1 56 39 141 39 22 33 1 39 1 73 1 22 1 1 
c [Incremental] Max used label: 192.
c [Incremental] Label 192 is removed from searching.
c [Incremental] Solving for max label = 191:
c [Incremental] Solving duration: 257 ms.
s [Incremental] SAT (label = 191).
c [Incremental] Label assignment: 38 191 191 174 191 69 174 140 140 191 138 191 174 191 174 191 174 174 69 103 123 140 191 174 189 157 155 191 35 174 123 191 174 123 157 191 191 38 157 21 174 19 188 2 171 174 140 191 52 121 140 35 191 18 174 174 191 174 172 157 155 154 154 157 191 140 174 106 72 123 155 157 188 138 157 140 174 174 174 157 191 157 171 191 174 140 157 123 157 1 123 118 140 191 174 137 140 33 106 191 123 101 174 157 191 140 152 120 157 174 191 157 189 189 172 84 191 86 157 191 123 21 106 52 106 55 157 140 89 108 118 36 140 121 174 89 191 157 106 191 157 84 106 120 172 89 123 191 174 157 174 157 120 2 33 123 188 155 106 140 67 86 191 72 84 106 157 172 103 38 174 140 191 135 86 69 174 157 106 174 89 191 86 140 57 123 89 55 191 174 89 157 118 101 69 106 103 138 157 174 21 103 69 174 191 52 89 140 55 140 106 72 72 72 191 191 172 137 72 120 55 89 1 2 87 106 137 172 21 101 101 55 191 120 121 152 101 72 191 18 104 106 157 72 191 140 69 55 154 191 123 23 154 123 89 118 120 21 35 52 191 2 86 21 174 18 21 189 1 191 52 123 33 191 55 174 191 72 35 35 103 1 38 191 21 123 2 2 55 38 155 67 18 21 89 35 87 2 154 2 72 67 18 18 106 2 101 155 38 2 2 38 1 123 191 18 174 72 84 84 2 70 72 86 33 89 106 89 138 38 191 18 138 67 1 101 106 140 140 55 72 52 89 118 67 155 40 67 137 171 1 55 50 55 35 191 21 103 89 38 86 2 123 40 191 174 140 23 50 123 21 104 89 52 191 38 106 55 2 72 72 103 137 53 174 123 188 89 169 191 38 191 67 21 52 1 191 21 191 33 38 157 140 69 1 1 55 38 140 38 21 33 1 38 1 72 1 21 1 1 
c [Incremental] Max used label: 191.
c [Incremental] Label 191 is removed from searching.
c [Incremental] Solving for max label = 190:
c [Incremental] Solving duration: 317 ms.
s [Incremental] SAT (label = 190).
c [Incremental] Label assignment: 37 190 190 71 122 69 173 139 139 190 138 190 173 190 173 190 173 173 69 103 122 139 190 173 189 190 155 190 35 173 190 190 173 2 156 190 190 37 156 20 173 19 188 2 171 173 139 190 52 121 139 35 190 18 173 173 190 173 172 156 155 154 154 156 190 139 173 105 71 122 155 156 188 138 190 139 173 173 173 156 173 156 171 190 173 139 156 122 156 1 156 118 139 190 173 137 139 33 106 190 122 101 173 156 190 139 152 120 156 173 190 156 189 189 172 84 190 86 156 190 156 173 105 52 106 54 156 139 88 108 118 36 139 121 173 88 173 156 105 190 156 84 105 120 172 89 122 190 173 156 173 156 120 2 33 190 188 155 105 139 67 86 105 71 84 105 156 172 103 37 20 139 190 135 86 69 190 156 105 173 88 190 86 139 57 122 88 54 190 173 88 156 118 101 69 105 103 138 156 173 20 103 69 173 190 52 88 139 54 139 105 71 71 71 190 190 172 137 71 120 54 88 1 2 87 105 137 172 20 101 101 54 190 120 121 152 101 71 190 18 104 105 122 71 190 139 69 54 154 190 89 23 154 122 72 118 120 20 35 52 190 2 86 20 139 18 20 189 1 190 52 122 33 190 54 173 190 71 35 35 103 1 37 190 20 156 2 2 54 37 155 67 18 20 88 35 87 2 154 2 71 67 18 18 105 2 101 155 37 2 2 37 1 122 190 18 173 71 84 84 2 70 71 86 33 88 105 88 138 37 190 18 138 67 1 101 105 139 122 54 71 52 88 118 67 155 40 67 137 171 1 54 50 54 35 190 20 103 88 37 86 2 122 40 190 173 139 23 50 122 20 104 88 52 190 37 122 54 2 71 71 103 137 53 173 122 188 88 169 190 37 190 67 20 52 1 173 20 190 33 37 156 139 69 1 1 54 37 139 37 20 33 1 37 1 71 173 20 1 1 
c [Incremental] Max used label: 190.
c [Incremental] Label 190 is removed from searching.
c [Incremental] Solving for max label = 189:
c [Incremental] Solving duration: 249 ms.
s [Incremental] SAT (label = 189).
c [Incremental] Label assignment: 36 189 189 70 121 69 172 138 138 189 138 189 172 189 172 189 172 172 69 103 121 138 189 172 189 189 155 189 35 172 189 189 172 2 155 189 189 36 155 19 172 19 188 2 171 172 138 189 52 121 138 35 189 18 172 172 189 172 172 155 155 154 154 155 189 138 172 104 70 121 155 155 188 138 189 138 172 172 172 155 172 155 171 189 172 138 155 121 155 1 155 118 138 189 172 137 138 33 106 189 121 101 172 155 189 138 152 120 155 172 189 155 189 189 172 84 189 86 155 189 155 172 104 52 106 53 155 138 87 108 118 36 138 121 172 87 172 155 104 189 155 84 104 120 172 89 121 189 172 155 172 155 120 2 33 189 188 155 104 138 67 86 104 70 84 104 155 172 103 36 19 138 189 135 86 69 189 155 104 172 87 189 86 138 57 121 87 53 189 172 87 155 118 101 69 104 103 138 155 172 19 103 69 172 189 52 87 138 53 138 104 70 70 70 189 189 172 137 70 120 53 87 1 2 87 104 137 172 19 101 101 53 189 120 121 152 101 70 189 18 104 104 121 70 189 138 69 53 154 189 89 23 154 121 72 118 120 19 35 52 189 2 86 19 138 18 19 189 1 189 52 121 33 189 53 172 189 70 35 35 103 1 36 189 19 155 2 2 53 36 155 67 18 19 87 35 87 2 154 2 70 67 18 18 104 2 101 155 36 2 2 36 1 121 189 18 172 70 84 84 2 70 70 86 33 87 104 87 138 36 189 18 138 67 1 101 104 138 121 53 70 52 87 118 67 155 40 67 137 171 1 53 50 53 35 189 19 103 87 36 86 2 121 40 189 172 138 23 50 121 19 104 87 52 189 36 121 53 2 70 70 103 137 53 172 121 188 87 169 189 36 189 67 19 52 1 172 19 189 33 36 155 138 69 1 1 53 36 138 36 19 33 1 36 1 70 172 19 1 1 
c [Incremental] Max used label: 189.
c [Incremental] Label 189 is removed from searching.
c [Incremental] Solving for max label = 188:
c [Incremental] Solving duration: 258 ms.
s [Incremental] SAT (label = 188).
c [Incremental] Label assignment: 35 186 188 69 120 69 171 137 74 186 137 84 169 188 171 186 154 171 69 103 120 137 152 171 188 2 152 188 35 171 188 188 67 1 135 135 186 35 154 18 171 18 188 1 171 118 137 186 52 120 137 35 186 18 171 171 188 135 171 154 154 154 154 154 152 118 171 103 69 120 155 137 188 137 2 135 169 172 171 154 135 154 171 186 171 137 154 120 152 1 67 67 50 188 84 137 137 33 108 186 120 101 169 155 188 137 152 120 154 118 188 154 186 186 169 50 188 86 154 188 2 171 103 52 118 52 154 137 86 108 118 35 137 50 171 86 171 154 103 186 154 84 186 120 171 89 120 186 169 154 169 152 120 1 33 188 188 154 103 135 67 86 103 69 67 103 154 169 103 35 18 138 84 135 86 69 188 155 108 169 91 186 86 171 57 120 86 52 188 171 86 155 67 101 69 103 103 138 154 118 18 103 69 169 186 52 86 137 52 135 103 70 69 69 186 188 118 137 69 120 52 86 1 1 86 103 137 171 18 101 101 52 186 120 120 152 101 69 186 18 103 103 53 188 186 137 69 52 154 188 101 23 154 120 2 101 120 18 35 52 188 1 86 1 118 18 18 188 1 84 52 120 33 152 52 171 188 69 35 35 103 1 35 186 154 67 2 2 53 36 154 186 18 18 86 35 86 1 154 1 69 118 18 18 103 1 101 101 35 2 1 35 1 125 188 18 135 69 84 84 1 69 188 86 33 91 103 86 135 35 186 18 137 118 1 84 103 137 101 52 69 52 86 50 118 152 40 67 137 171 1 52 50 52 35 186 18 103 86 35 86 18 2 40 2 169 137 23 118 120 18 103 86 52 188 35 120 52 1 69 69 103 137 52 169 120 188 86 169 186 35 188 67 18 52 1 171 18 186 33 35 155 137 69 188 1 52 36 137 35 18 33 1 35 1 69 171 18 1 1 
c [Incremental] Max used label: 188.
c [Incremental] Label 188 is removed from searching.
c [Incremental] Solving for max label = 187:
c [Signal] Signal interruption. Caught signal: SIGTERM (15).
c [Main] Lim pid ends with result: 254.
r [Main] 
r [Main] Final results: 
r [Main] Total real time: 1806412 ms.
r [Main] Total memory consumed: 963.2 MB.
r [Main] 
