c [Version] Minimize Makespan Labeling Encoder version 1.0.0.
c [Param] Target value is set to 60.
c [Param] LB is predefined as 61.
c [Param] UB is predefined as 212.
c [Param] Target value is set to Antibandwidth.
c [Param] Vertices mode is set to Has hole.
c [Param] Result verification is ON.
c [Param] Memory limit is set to 30000.
c [Param] Real time limit is set to 1800.
c [Param] Max CNF size is set to 10.
c [Main] Search strategy: Incremental from upper bound.
c [Main] Encoding and solving for graph: O-impcol_d.mtx.rnd.
c [Incremental] Minimize Makespan Labeling problem (O-impcol_d.mtx.rnd):
c [Incremental] Encoding starts with target value = 60:
c [Incremental] Encoding duration: 1290ms.
c [Incremental] Number of clauses: 1334930.
c [Incremental] Number of variables: 227847.
c [Incremental] Solving for max label = 212:
c [Incremental] Solving duration: 4888 ms.
s [Incremental] SAT (label = 212).
c [Incremental] Label assignment: 1 1 1 1 1 1 1 1 1 1 1 1 1 61 1 1 1 1 1 61 1 1 1 92 1 1 61 61 1 1 61 61 212 1 61 1 1 1 61 1 1 1 1 1 61 1 1 61 1 121 1 1 1 61 1 212 61 61 61 1 121 1 1 61 1 61 152 121 121 61 1 61 1 1 1 1 1 212 1 1 152 92 1 152 1 61 1 1 1 92 1 61 61 1 121 1 61 61 1 1 61 92 61 121 61 61 123 121 121 121 121 181 152 121 61 1 1 1 1 181 1 1 1 1 61 181 61 1 121 61 1 92 1 61 181 61 181 181 212 152 61 212 92 61 1 1 1 61 183 61 181 181 61 1 121 1 1 61 61 1 1 121 121 61 61 121 92 1 121 61 61 61 121 1 181 212 121 61 121 61 61 61 1 1 152 61 212 212 92 212 152 121 212 61 181 181 181 61 61 181 212 61 61 121 212 61 212 121 181 1 212 152 1 121 1 61 61 181 121 121 121 212 192 121 1 1 1 121 121 61 1 61 121 212 1 1 1 1 212 1 152 152 61 1 1 1 61 1 61 1 1 192 61 121 1 61 121 152 121 181 61 131 61 1 63 121 121 1 1 63 212 61 61 152 61 92 92 212 212 68 121 181 121 181 61 121 61 62 152 212 181 92 61 61 1 181 121 121 212 61 181 61 152 1 61 61 1 1 61 121 1 1 212 61 152 1 1 92 152 181 181 181 212 1 152 121 121 152 1 212 152 181 181 1 61 131 61 181 121 121 121 212 152 152 1 67 1 1 61 61 92 61 132 182 61 192 61 212 1 1 212 212 181 1 212 121 1 61 212 61 61 92 212 32 121 152 1 212 121 1 61 121 121 212 122 131 212 1 212 1 121 61 152 61 181 122 181 121 212 152 212 121 121 212 121 181 61 92 121 61 1 212 181 63 212 152 152 1 121 63 152 181 152 1 1 
c [Incremental] Max used label: 212.
c [Incremental] Label 212 is removed from searching.
c [Incremental] Solving for max label = 211:
c [Incremental] Solving duration: 193 ms.
s [Incremental] SAT (label = 211).
c [Incremental] Label assignment: 1 1 1 1 1 1 1 1 1 1 1 1 1 61 1 1 1 1 1 61 1 1 1 91 1 1 61 61 1 1 61 61 211 1 61 1 1 1 61 1 1 1 1 1 61 1 1 61 1 121 1 1 1 61 1 211 61 61 61 1 121 1 1 61 1 61 151 121 121 61 1 61 1 1 1 1 1 211 1 1 151 91 1 151 1 61 1 1 1 91 1 61 61 1 121 1 61 61 1 1 61 91 61 121 61 61 123 121 121 121 121 181 151 121 61 1 1 1 1 181 1 1 1 1 61 181 61 1 121 61 1 91 1 61 181 61 181 181 211 151 61 211 91 61 1 1 1 61 183 61 181 181 61 1 121 1 1 61 61 1 1 121 121 61 61 121 91 1 121 61 61 61 121 1 181 211 121 61 121 61 61 61 1 1 151 61 211 211 91 211 151 121 211 61 181 181 181 61 61 181 211 61 61 121 211 61 211 121 181 1 211 151 1 121 1 61 61 181 121 121 121 211 192 121 1 1 1 121 121 61 1 61 121 211 1 1 1 1 211 1 151 151 61 1 1 1 61 1 61 1 1 192 61 121 1 61 121 151 121 181 61 131 61 1 63 121 121 1 1 63 211 61 61 151 61 91 91 211 211 68 121 181 121 181 61 121 61 62 151 211 181 91 61 61 1 181 121 121 211 61 181 61 151 1 61 61 1 1 61 121 1 1 211 61 151 1 1 91 151 181 181 181 211 1 151 121 121 151 1 211 151 181 181 1 61 131 61 181 121 121 121 211 151 151 1 67 1 1 61 61 91 61 132 182 61 192 61 211 1 1 211 211 181 1 211 121 1 61 211 61 61 91 211 31 121 151 1 211 121 1 61 121 121 211 122 131 211 1 211 1 121 61 151 61 181 122 181 121 211 151 211 121 121 211 121 181 61 91 121 61 1 211 181 63 211 152 151 1 121 63 151 181 151 1 1 
c [Incremental] Max used label: 211.
c [Incremental] Label 211 is removed from searching.
c [Incremental] Solving for max label = 210:
c [Incremental] Solving duration: 194 ms.
s [Incremental] SAT (label = 210).
c [Incremental] Label assignment: 1 1 1 1 1 1 1 1 1 1 1 1 1 61 1 1 1 1 1 61 1 1 1 90 1 1 61 61 1 1 61 61 210 1 61 1 1 1 61 1 1 1 1 1 61 1 1 61 1 121 1 1 1 61 1 210 61 61 61 1 121 1 1 61 1 61 150 121 121 61 1 61 1 1 1 1 1 210 1 1 150 90 1 150 1 61 1 1 1 90 1 61 61 1 121 1 61 61 1 1 61 90 61 121 61 61 123 121 121 121 121 181 150 121 61 1 1 1 1 181 1 1 1 1 61 181 61 1 121 61 1 90 1 61 181 61 181 181 210 150 61 210 90 61 1 1 1 61 183 61 181 181 61 1 121 1 1 61 61 1 1 121 121 61 61 121 90 1 121 61 61 61 121 1 181 210 121 61 121 61 61 61 1 1 150 61 210 210 90 210 150 121 210 61 181 181 181 61 61 181 210 61 61 121 210 61 210 121 181 1 210 150 1 121 1 61 61 181 121 121 121 210 192 121 1 1 1 121 121 61 1 61 121 210 1 1 1 1 210 1 150 150 61 1 1 1 61 1 61 1 1 192 61 121 1 61 121 150 121 181 61 131 61 1 63 121 121 1 1 63 210 61 61 150 61 90 90 210 210 68 121 181 121 181 61 121 61 62 150 210 181 90 61 61 1 181 121 121 210 61 181 61 150 1 61 61 1 1 61 121 1 1 210 61 150 1 1 90 150 181 181 181 210 1 150 121 121 150 1 210 150 181 181 1 61 131 61 181 121 121 121 210 150 150 1 67 1 1 61 61 90 61 132 182 61 192 61 210 1 1 210 210 181 1 210 121 1 61 210 61 61 90 210 30 121 150 1 210 121 1 61 121 121 210 122 131 210 1 210 1 121 61 150 61 181 122 181 121 210 150 210 121 121 210 121 181 61 90 121 61 1 210 181 63 210 152 150 1 121 63 150 181 150 1 1 
c [Incremental] Max used label: 210.
c [Incremental] Label 210 is removed from searching.
c [Incremental] Solving for max label = 209:
c [Incremental] Solving duration: 192 ms.
s [Incremental] SAT (label = 209).
c [Incremental] Label assignment: 1 1 1 1 1 1 1 1 1 1 1 1 1 61 1 1 1 1 1 61 1 1 1 89 1 1 61 61 1 1 61 61 209 1 61 1 1 1 61 1 1 1 1 1 61 1 1 61 1 121 1 1 1 61 1 209 61 61 61 1 121 1 1 61 1 61 149 121 121 61 1 61 1 1 1 1 1 209 1 1 149 89 1 149 1 61 1 1 1 89 1 61 61 1 121 1 61 61 1 1 61 89 61 121 61 61 123 121 121 121 121 181 149 121 61 1 1 1 1 181 1 1 1 1 61 181 61 1 121 61 1 89 1 61 181 61 181 181 209 149 61 209 89 61 1 1 1 61 183 61 181 181 61 1 121 1 1 61 61 1 1 121 121 61 61 121 89 1 121 61 61 61 121 1 181 209 121 61 121 61 61 61 1 1 149 61 209 209 89 209 149 121 209 61 181 181 181 61 61 181 209 61 61 121 209 61 209 121 181 1 209 149 1 121 1 61 61 181 121 121 121 209 192 121 1 1 1 121 121 61 1 61 121 209 1 1 1 1 209 1 149 149 61 1 1 1 61 1 61 1 1 192 61 121 1 61 121 149 121 181 61 131 61 1 63 121 121 1 1 63 209 61 61 149 61 89 89 209 209 68 121 181 121 181 61 121 61 62 149 209 181 89 61 61 1 181 121 121 209 61 181 61 149 1 61 61 1 1 61 121 1 1 209 61 149 1 1 89 149 181 181 181 209 1 149 121 121 149 1 209 149 181 181 1 61 131 61 181 121 121 121 209 149 149 1 67 1 1 61 61 89 61 132 182 61 192 61 209 1 1 209 209 181 1 209 121 1 61 209 61 61 89 209 29 121 149 1 209 121 1 61 121 121 209 122 131 209 1 209 1 121 61 149 61 181 122 181 121 209 149 209 121 121 209 121 181 61 89 121 61 1 209 181 63 209 152 149 1 121 63 149 181 149 1 1 
c [Incremental] Max used label: 209.
c [Incremental] Label 209 is removed from searching.
c [Incremental] Solving for max label = 208:
c [Incremental] Solving duration: 189 ms.
s [Incremental] SAT (label = 208).
c [Incremental] Label assignment: 1 1 1 1 1 1 1 1 1 1 1 1 1 61 1 1 1 1 1 61 1 1 1 88 1 1 61 61 1 1 61 61 208 1 61 1 1 1 61 1 1 1 1 1 61 1 1 61 1 121 1 1 1 61 1 208 61 61 61 1 121 1 1 61 1 61 148 121 121 61 1 61 1 1 1 1 1 208 1 1 148 88 1 148 1 61 1 1 1 88 1 61 61 1 121 1 61 61 1 1 61 88 61 121 61 61 123 121 121 121 121 181 148 121 61 1 1 1 1 181 1 1 1 1 61 181 61 1 121 61 1 88 1 61 181 61 181 181 208 148 61 208 88 61 1 1 1 61 183 61 181 181 61 1 121 1 1 61 61 1 1 121 121 61 61 121 88 1 121 61 61 61 121 1 181 208 121 61 121 61 61 61 1 1 148 61 208 208 88 208 148 121 208 61 181 181 181 61 61 181 208 61 61 121 208 61 208 121 181 1 208 148 1 121 1 61 61 181 121 121 121 208 192 121 1 1 1 121 121 61 1 61 121 208 1 1 1 1 208 1 148 148 61 1 1 1 61 1 61 1 1 192 61 121 1 61 121 148 121 181 61 131 61 1 63 121 121 1 1 63 208 61 61 148 61 88 88 208 208 68 121 181 121 181 61 121 61 62 148 208 181 88 61 61 1 181 121 121 208 61 181 61 148 1 61 61 1 1 61 121 1 1 208 61 148 1 1 88 148 181 181 181 208 1 148 121 121 148 1 208 148 181 181 1 61 131 61 181 121 121 121 208 148 148 1 67 1 1 61 61 88 61 132 182 61 192 61 208 1 1 208 208 181 1 208 121 1 61 208 61 61 88 208 28 121 148 1 208 121 1 61 121 121 208 122 131 208 1 208 1 121 61 148 61 181 122 181 121 208 148 208 121 121 208 121 181 61 88 121 61 1 208 181 63 208 152 148 1 121 63 148 181 148 1 1 
c [Incremental] Max used label: 208.
c [Incremental] Label 208 is removed from searching.
c [Incremental] Solving for max label = 207:
c [Incremental] Solving duration: 186 ms.
s [Incremental] SAT (label = 207).
c [Incremental] Label assignment: 1 1 1 1 1 1 1 1 1 1 1 1 1 61 1 1 1 1 1 61 1 1 1 87 1 1 61 61 1 1 61 61 207 1 61 1 1 1 61 1 1 1 1 1 61 1 1 61 1 121 1 1 1 61 1 207 61 61 61 1 121 1 1 61 1 61 147 121 121 61 1 61 1 1 1 1 1 207 1 1 147 87 1 147 1 61 1 1 1 87 1 61 61 1 121 1 61 61 1 1 61 87 61 121 61 61 123 121 121 121 121 181 147 121 61 1 1 1 1 181 1 1 1 1 61 181 61 1 121 61 1 87 1 61 181 61 181 181 207 147 61 207 87 61 1 1 1 61 183 61 181 181 61 1 121 1 1 61 61 1 1 121 121 61 61 121 87 1 121 61 61 61 121 1 181 207 121 61 121 61 61 61 1 1 147 61 207 207 87 207 147 121 207 61 181 181 181 61 61 181 207 61 61 121 207 61 207 121 181 1 207 147 1 121 1 61 61 181 121 121 121 207 192 121 1 1 1 121 121 61 1 61 121 207 1 1 1 1 207 1 147 147 61 1 1 1 61 1 61 1 1 192 61 121 1 61 121 147 121 181 61 131 61 1 63 121 121 1 1 63 207 61 61 147 61 87 87 207 207 68 121 181 121 181 61 121 61 62 147 207 181 87 61 61 1 181 121 121 207 61 181 61 147 1 61 61 1 1 61 121 1 1 207 61 147 1 1 87 147 181 181 181 207 1 147 121 121 147 1 207 147 181 181 1 61 131 61 181 121 121 121 207 147 147 1 67 1 1 61 61 87 61 132 182 61 192 61 207 1 1 207 207 181 1 207 121 1 61 207 61 61 87 207 27 121 147 1 207 121 1 61 121 121 207 122 131 207 1 207 1 121 61 147 61 181 122 181 121 207 147 207 121 121 207 121 181 61 87 121 61 1 207 181 63 207 152 147 1 121 63 147 181 147 1 1 
c [Incremental] Max used label: 207.
c [Incremental] Label 207 is removed from searching.
c [Incremental] Solving for max label = 206:
c [Incremental] Solving duration: 198 ms.
s [Incremental] SAT (label = 206).
c [Incremental] Label assignment: 1 1 1 1 1 1 1 1 1 1 1 1 1 61 1 1 1 1 1 61 1 1 1 86 1 1 61 61 1 1 61 61 206 1 61 1 1 1 61 1 1 1 1 1 61 1 1 61 1 121 1 1 1 61 1 206 61 61 61 1 121 1 1 61 1 61 146 121 121 61 1 61 1 1 1 1 1 206 1 1 146 86 1 146 1 61 1 1 1 86 1 61 61 1 121 1 61 61 1 1 61 86 61 121 61 61 123 121 121 121 121 181 146 121 61 1 1 1 1 181 1 1 1 1 61 181 61 1 121 61 1 86 1 61 181 61 181 181 206 146 61 206 86 61 1 1 1 61 183 61 181 181 61 1 121 1 1 61 61 1 1 121 121 61 61 121 86 1 121 61 61 61 121 1 181 206 121 61 121 61 61 61 1 1 146 61 206 206 86 206 146 121 206 61 181 181 181 61 61 181 206 61 61 121 206 61 206 121 181 1 206 146 1 121 1 61 61 181 121 121 121 206 192 121 1 1 1 121 121 61 1 61 121 206 1 1 1 1 206 1 146 146 61 1 1 1 61 1 61 1 1 192 61 121 1 61 121 146 121 181 61 131 61 1 63 121 121 1 1 63 206 61 61 146 61 86 86 206 206 68 121 181 121 181 61 121 61 62 146 206 181 86 61 61 1 181 121 121 206 61 181 61 146 1 61 61 1 1 61 121 1 1 206 61 146 1 1 86 146 181 181 181 206 1 146 121 121 146 1 206 146 181 181 1 61 131 61 181 121 121 121 206 146 146 1 67 1 1 61 61 86 61 132 182 61 192 61 206 1 1 206 206 181 1 206 121 1 61 206 61 61 86 206 26 121 146 1 206 121 1 61 121 121 206 122 131 206 1 206 1 121 61 146 61 181 122 181 121 206 146 206 121 121 206 121 181 61 86 121 61 1 206 181 63 206 152 146 1 121 63 146 181 146 1 1 
c [Incremental] Max used label: 206.
c [Incremental] Label 206 is removed from searching.
c [Incremental] Solving for max label = 205:
c [Incremental] Solving duration: 191 ms.
s [Incremental] SAT (label = 205).
c [Incremental] Label assignment: 1 1 1 1 1 1 1 1 1 1 1 1 1 61 1 1 1 1 1 61 1 1 1 85 1 1 61 61 1 1 61 61 205 1 61 1 1 1 61 1 1 1 1 1 61 1 1 61 1 121 1 1 1 61 1 205 61 61 61 1 121 1 1 61 1 61 145 121 121 61 1 61 1 1 1 1 1 205 1 1 145 85 1 145 1 61 1 1 1 85 1 61 61 1 121 1 61 61 1 1 61 85 61 121 61 61 123 121 121 121 121 181 145 121 61 1 1 1 1 181 1 1 1 1 61 181 61 1 121 61 1 85 1 61 181 61 181 181 205 145 61 205 85 61 1 1 1 61 183 61 181 181 61 1 121 1 1 61 61 1 1 121 121 61 61 121 85 1 121 61 61 61 121 1 181 205 121 61 121 61 61 61 1 1 145 61 205 205 85 205 145 121 205 61 181 181 181 61 61 181 205 61 61 121 205 61 205 121 181 1 205 145 1 121 1 61 61 181 121 121 121 205 192 121 1 1 1 121 121 61 1 61 121 205 1 1 1 1 205 1 145 145 61 1 1 1 61 1 61 1 1 192 61 121 1 61 121 145 121 181 61 131 61 1 63 121 121 1 1 63 205 61 61 145 61 85 85 205 205 68 121 181 121 181 61 121 61 62 145 205 181 85 61 61 1 181 121 121 205 61 181 61 145 1 61 61 1 1 61 121 1 1 205 61 145 1 1 85 145 181 181 181 205 1 145 121 121 145 1 205 145 181 181 1 61 131 61 181 121 121 121 205 145 145 1 67 1 1 61 61 85 61 132 182 61 192 61 205 1 1 205 205 181 1 205 121 1 61 205 61 61 85 205 25 121 145 1 205 121 1 61 121 121 205 122 131 205 1 205 1 121 61 145 61 181 122 181 121 205 145 205 121 121 205 121 181 61 85 121 61 1 205 181 63 205 152 145 1 121 63 145 181 145 1 1 
c [Incremental] Max used label: 205.
c [Incremental] Label 205 is removed from searching.
c [Incremental] Solving for max label = 204:
c [Incremental] Solving duration: 191 ms.
s [Incremental] SAT (label = 204).
c [Incremental] Label assignment: 1 1 1 1 1 1 1 1 1 1 1 1 1 61 1 1 1 1 1 61 1 1 1 84 1 1 61 61 1 1 61 61 204 1 61 1 1 1 61 1 1 1 1 1 61 1 1 61 1 121 1 1 1 61 1 204 61 61 61 1 121 1 1 61 1 61 144 121 121 61 1 61 1 1 1 1 1 204 1 1 144 84 1 144 1 61 1 1 1 84 1 61 61 1 121 1 61 61 1 1 61 84 61 121 61 61 123 121 121 121 121 181 144 121 61 1 1 1 1 181 1 1 1 1 61 181 61 1 121 61 1 84 1 61 181 61 181 181 204 144 61 204 84 61 1 1 1 61 183 61 181 181 61 1 121 1 1 61 61 1 1 121 121 61 61 121 84 1 121 61 61 61 121 1 181 204 121 61 121 61 61 61 1 1 144 61 204 204 84 204 144 121 204 61 181 181 181 61 61 181 204 61 61 121 204 61 204 121 181 1 204 144 1 121 1 61 61 181 121 121 121 204 192 121 1 1 1 121 121 61 1 61 121 204 1 1 1 1 204 1 144 144 61 1 1 1 61 1 61 1 1 192 61 121 1 61 121 144 121 181 61 131 61 1 63 121 121 1 1 63 204 61 61 144 61 84 84 204 204 68 121 181 121 181 61 121 61 62 144 204 181 84 61 61 1 181 121 121 204 61 181 61 144 1 61 61 1 1 61 121 1 1 204 61 144 1 1 84 144 181 181 181 204 1 144 121 121 144 1 204 144 181 181 1 61 131 61 181 121 121 121 204 144 144 1 67 1 1 61 61 84 61 132 182 61 192 61 204 1 1 204 204 181 1 204 121 1 61 204 61 61 84 204 24 121 144 1 204 121 1 61 121 121 204 122 131 204 1 204 1 121 61 144 61 181 122 181 121 204 144 204 121 121 204 121 181 61 84 121 61 1 204 181 63 204 152 144 1 121 63 144 181 144 1 1 
c [Incremental] Max used label: 204.
c [Incremental] Label 204 is removed from searching.
c [Incremental] Solving for max label = 203:
c [Incremental] Solving duration: 194 ms.
s [Incremental] SAT (label = 203).
c [Incremental] Label assignment: 1 1 1 1 1 1 1 1 1 1 1 1 1 61 1 1 1 1 1 61 1 1 1 83 1 1 61 61 1 1 61 61 203 1 61 1 1 1 61 1 1 1 1 1 61 1 1 61 1 121 1 1 1 61 1 203 61 61 61 1 121 1 1 61 1 61 143 121 121 61 1 61 1 1 1 1 1 203 1 1 143 83 1 143 1 61 1 1 1 83 1 61 61 1 121 1 61 61 1 1 61 83 61 121 61 61 123 121 121 121 121 181 143 121 61 1 1 1 1 181 1 1 1 1 61 181 61 1 121 61 1 83 1 61 181 61 181 181 203 143 61 203 83 61 1 1 1 61 183 61 181 181 61 1 121 1 1 61 61 1 1 121 121 61 61 121 83 1 121 61 61 61 121 1 181 203 121 61 121 61 61 61 1 1 143 61 203 203 83 203 143 121 203 61 181 181 181 61 61 181 203 61 61 121 203 61 203 121 181 1 203 143 1 121 1 61 61 181 121 121 121 203 192 121 1 1 1 121 121 61 1 61 121 203 1 1 1 1 203 1 143 143 61 1 1 1 61 1 61 1 1 192 61 121 1 61 121 143 121 181 61 131 61 1 63 121 121 1 1 63 203 61 61 143 61 83 83 203 203 68 121 181 121 181 61 121 61 62 143 203 181 83 61 61 1 181 121 121 203 61 181 61 143 1 61 61 1 1 61 121 1 1 203 61 143 1 1 83 143 181 181 181 203 1 143 121 121 143 1 203 143 181 181 1 61 131 61 181 121 121 121 203 143 143 1 67 1 1 61 61 83 61 132 182 61 192 61 203 1 1 203 203 181 1 203 121 1 61 203 61 61 83 203 23 121 143 1 203 121 1 61 121 121 203 122 131 203 1 203 1 121 61 143 61 181 122 181 121 203 143 203 121 121 203 121 181 61 83 121 61 1 203 181 63 203 152 143 1 121 63 143 181 143 1 1 
c [Incremental] Max used label: 203.
c [Incremental] Label 203 is removed from searching.
c [Incremental] Solving for max label = 202:
c [Incremental] Solving duration: 195 ms.
s [Incremental] SAT (label = 202).
c [Incremental] Label assignment: 1 1 1 1 1 1 1 1 1 1 1 1 1 61 1 1 1 1 1 61 1 1 1 82 1 1 61 61 1 1 61 61 202 1 61 1 1 1 61 1 1 1 1 1 61 1 1 61 1 121 1 1 1 61 1 202 61 61 61 1 121 1 1 61 1 61 142 121 121 61 1 61 1 1 1 1 1 202 1 1 142 82 1 142 1 61 1 1 1 82 1 61 61 1 121 1 61 61 1 1 61 82 61 121 61 61 123 121 121 121 121 181 142 121 61 1 1 1 1 181 1 1 1 1 61 181 61 1 121 61 1 82 1 61 181 61 181 181 202 142 61 202 82 61 1 1 1 61 183 61 181 181 61 1 121 1 1 61 61 1 1 121 121 61 61 121 82 1 121 61 61 61 121 1 181 202 121 61 121 61 61 61 1 1 142 61 202 202 82 202 142 121 202 61 181 181 181 61 61 181 202 61 61 121 202 61 202 121 181 1 202 142 1 121 1 61 61 181 121 121 121 202 192 121 1 1 1 121 121 61 1 61 121 202 1 1 1 1 202 1 142 142 61 1 1 1 61 1 61 1 1 192 61 121 1 61 121 142 121 181 61 131 61 1 63 121 121 1 1 63 202 61 61 142 61 82 82 202 202 68 121 181 121 181 61 121 61 62 142 202 181 82 61 61 1 181 121 121 202 61 181 61 142 1 61 61 1 1 61 121 1 1 202 61 142 1 1 82 142 181 181 181 202 1 142 121 121 142 1 202 142 181 181 1 61 131 61 181 121 121 121 202 142 142 1 67 1 1 61 61 82 61 132 182 61 192 61 202 1 1 202 202 181 1 202 121 1 61 202 61 61 82 202 22 121 142 1 202 121 1 61 121 121 202 122 131 202 1 202 1 121 61 142 61 181 122 181 121 202 142 202 121 121 202 121 181 61 82 121 61 1 202 181 63 202 152 142 1 121 63 142 181 142 1 1 
c [Incremental] Max used label: 202.
c [Incremental] Label 202 is removed from searching.
c [Incremental] Solving for max label = 201:
c [Incremental] Solving duration: 197 ms.
s [Incremental] SAT (label = 201).
c [Incremental] Label assignment: 1 1 1 1 1 1 1 1 1 1 1 1 1 61 1 1 1 1 1 61 1 1 1 81 1 1 61 61 1 1 61 61 201 1 61 1 1 1 61 1 1 1 1 1 61 1 1 61 1 121 1 1 1 61 1 201 61 61 61 1 121 1 1 61 1 61 141 121 121 61 1 61 1 1 1 1 1 201 1 1 141 81 1 141 1 61 1 1 1 81 1 61 61 1 121 1 61 61 1 1 61 81 61 121 61 61 123 121 121 121 121 181 141 121 61 1 1 1 1 181 1 1 1 1 61 181 61 1 121 61 1 81 1 61 181 61 181 181 201 141 61 201 81 61 1 1 1 61 183 61 181 181 61 1 121 1 1 61 61 1 1 121 121 61 61 121 81 1 121 61 61 61 121 1 181 201 121 61 121 61 61 61 1 1 141 61 201 201 81 201 141 121 201 61 181 181 181 61 61 181 201 61 61 121 201 61 201 121 181 1 201 141 1 121 1 61 61 181 121 121 121 201 192 121 1 1 1 121 121 61 1 61 121 201 1 1 1 1 201 1 141 141 61 1 1 1 61 1 61 1 1 192 61 121 1 61 121 141 121 181 61 131 61 1 63 121 121 1 1 63 201 61 61 141 61 81 81 201 201 68 121 181 121 181 61 121 61 62 141 201 181 81 61 61 1 181 121 121 201 61 181 61 141 1 61 61 1 1 61 121 1 1 201 61 141 1 1 81 141 181 181 181 201 1 141 121 121 141 1 201 141 181 181 1 61 131 61 181 121 121 121 201 141 141 1 67 1 1 61 61 81 61 132 182 61 192 61 201 1 1 201 201 181 1 201 121 1 61 201 61 61 81 201 21 121 141 1 201 121 1 61 121 121 201 122 131 201 1 201 1 121 61 141 61 181 122 181 121 201 141 201 121 121 201 121 181 61 81 121 61 1 201 181 63 201 152 141 1 121 63 141 181 141 1 1 
c [Incremental] Max used label: 201.
c [Incremental] Label 201 is removed from searching.
c [Incremental] Solving for max label = 200:
c [Incremental] Solving duration: 192 ms.
s [Incremental] SAT (label = 200).
c [Incremental] Label assignment: 1 1 1 1 1 1 1 1 1 1 1 1 1 61 1 1 1 1 1 61 1 1 1 80 1 1 61 61 1 1 61 61 200 1 61 1 1 1 61 1 1 1 1 1 61 1 1 61 1 121 1 1 1 61 1 200 61 61 61 1 121 1 1 61 1 61 140 121 121 61 1 61 1 1 1 1 1 200 1 1 140 80 1 140 1 61 1 1 1 80 1 61 61 1 121 1 61 61 1 1 61 80 61 121 61 61 123 121 121 121 121 181 140 121 61 1 1 1 1 181 1 1 1 1 61 181 61 1 121 61 1 80 1 61 181 61 181 181 200 140 61 200 80 61 1 1 1 61 183 61 181 181 61 1 121 1 1 61 61 1 1 121 121 61 61 121 80 1 121 61 61 61 121 1 181 200 121 61 121 61 61 61 1 1 140 61 200 200 80 200 140 121 200 61 181 181 181 61 61 181 200 61 61 121 200 61 200 121 181 1 200 140 1 121 1 61 61 181 121 121 121 200 192 121 1 1 1 121 121 61 1 61 121 200 1 1 1 1 200 1 140 140 61 1 1 1 61 1 61 1 1 192 61 121 1 61 121 140 121 181 61 131 61 1 63 121 121 1 1 63 200 61 61 140 61 80 80 200 200 68 121 181 121 181 61 121 61 62 140 200 181 80 61 61 1 181 121 121 200 61 181 61 140 1 61 61 1 1 61 121 1 1 200 61 140 1 1 80 140 181 181 181 200 1 140 121 121 140 1 200 140 181 181 1 61 131 61 181 121 121 121 200 140 140 1 67 1 1 61 61 80 61 132 182 61 192 61 200 1 1 200 200 181 1 200 121 1 61 200 61 61 80 200 20 121 140 1 200 121 1 61 121 121 200 122 131 200 1 200 1 121 61 140 61 181 122 181 121 200 140 200 121 121 200 121 181 61 80 121 61 1 200 181 63 200 152 140 1 121 63 140 181 140 1 1 
c [Incremental] Max used label: 200.
c [Incremental] Label 200 is removed from searching.
c [Incremental] Solving for max label = 199:
c [Incremental] Solving duration: 189 ms.
s [Incremental] SAT (label = 199).
c [Incremental] Label assignment: 1 1 1 1 1 1 1 1 1 1 1 1 1 61 1 1 1 1 1 61 1 1 1 79 1 1 61 61 1 1 61 61 199 1 61 1 1 1 61 1 1 1 1 1 61 1 1 61 1 121 1 1 1 61 1 199 61 61 61 1 121 1 1 61 1 61 139 121 121 61 1 61 1 1 1 1 1 199 1 1 139 79 1 139 1 61 1 1 1 79 1 61 61 1 121 1 61 61 1 1 61 79 61 121 61 61 123 121 121 121 121 181 139 121 61 1 1 1 1 181 1 1 1 1 61 181 61 1 121 61 1 79 1 61 181 61 181 181 199 139 61 199 79 61 1 1 1 61 183 61 181 181 61 1 121 1 1 61 61 1 1 121 121 61 61 121 79 1 121 61 61 61 121 1 181 199 121 61 121 61 61 61 1 1 139 61 199 199 79 199 139 121 199 61 181 181 181 61 61 181 199 61 61 121 199 61 199 121 181 1 199 139 1 121 1 61 61 181 121 121 121 199 192 121 1 1 1 121 121 61 1 61 121 199 1 1 1 1 199 1 139 139 61 1 1 1 61 1 61 1 1 192 61 121 1 61 121 139 121 181 61 131 61 1 63 121 121 1 1 63 199 61 61 139 61 79 79 199 199 68 121 181 121 181 61 121 61 62 139 199 181 79 61 61 1 181 121 121 199 61 181 61 139 1 61 61 1 1 61 121 1 1 199 61 139 1 1 79 139 181 181 181 199 1 139 121 121 139 1 199 139 181 181 1 61 131 61 181 121 121 121 199 139 139 1 67 1 1 61 61 79 61 132 182 61 192 61 199 1 1 199 199 181 1 199 121 1 61 199 61 61 79 199 19 121 139 1 199 121 1 61 121 121 199 122 131 199 1 199 1 121 61 139 61 181 122 181 121 199 139 199 121 121 199 121 181 61 79 121 61 1 199 181 63 199 152 139 1 121 63 139 181 139 1 1 
c [Incremental] Max used label: 199.
c [Incremental] Label 199 is removed from searching.
c [Incremental] Solving for max label = 198:
c [Incremental] Solving duration: 194 ms.
s [Incremental] SAT (label = 198).
c [Incremental] Label assignment: 1 1 1 1 1 1 1 1 1 1 1 1 1 61 1 1 1 1 1 61 1 1 1 78 1 1 61 61 1 1 61 61 198 1 61 1 1 1 61 1 1 1 1 1 61 1 1 61 1 121 1 1 1 61 1 198 61 61 61 1 121 1 1 61 1 61 138 121 121 61 1 61 1 1 1 1 1 198 1 1 138 78 1 138 1 61 1 1 1 78 1 61 61 1 121 1 61 61 1 1 61 78 61 121 61 61 123 121 121 121 121 181 138 121 61 1 1 1 1 181 1 1 1 1 61 181 61 1 121 61 1 78 1 61 181 61 181 181 198 138 61 198 78 61 1 1 1 61 183 61 181 181 61 1 121 1 1 61 61 1 1 121 121 61 61 121 78 1 121 61 61 61 121 1 181 198 121 61 121 61 61 61 1 1 138 61 198 198 78 198 138 121 198 61 181 181 181 61 61 181 198 61 61 121 198 61 198 121 181 1 198 138 1 121 1 61 61 181 121 121 121 198 192 121 1 1 1 121 121 61 1 61 121 198 1 1 1 1 198 1 138 138 61 1 1 1 61 1 61 1 1 192 61 121 1 61 121 138 121 181 61 131 61 1 63 121 121 1 1 63 198 61 61 138 61 78 78 198 198 68 121 181 121 181 61 121 61 62 138 198 181 78 61 61 1 181 121 121 198 61 181 61 138 1 61 61 1 1 61 121 1 1 198 61 138 1 1 78 138 181 181 181 198 1 138 121 121 138 1 198 138 181 181 1 61 131 61 181 121 121 121 198 138 138 1 67 1 1 61 61 78 61 132 182 61 192 61 198 1 1 198 198 181 1 198 121 1 61 198 61 61 78 198 18 121 138 1 198 121 1 61 121 121 198 122 131 198 1 198 1 121 61 138 61 181 122 181 121 198 138 198 121 121 198 121 181 61 78 121 61 1 198 181 63 198 152 138 1 121 63 138 181 138 1 1 
c [Incremental] Max used label: 198.
c [Incremental] Label 198 is removed from searching.
c [Incremental] Solving for max label = 197:
c [Incremental] Solving duration: 202 ms.
s [Incremental] SAT (label = 197).
c [Incremental] Label assignment: 1 1 1 1 1 1 1 1 1 1 1 1 1 61 1 1 1 1 1 61 1 1 1 77 1 1 61 61 1 1 61 61 197 1 61 1 1 1 61 1 1 1 1 1 61 1 1 61 1 121 1 1 1 61 1 197 61 61 61 1 121 1 1 61 1 61 137 121 121 61 1 61 1 1 1 1 1 197 1 1 137 77 1 137 1 61 1 1 1 77 1 61 61 1 121 1 61 61 1 1 61 77 61 121 61 61 123 121 121 121 121 181 137 121 61 1 1 1 1 181 1 1 1 1 61 181 61 1 121 61 1 77 1 61 181 61 181 181 197 137 61 197 77 61 1 1 1 61 183 61 181 181 61 1 121 1 1 61 61 1 1 121 121 61 61 121 77 1 121 61 61 61 121 1 181 197 121 61 121 61 61 61 1 1 137 61 197 197 77 197 137 121 197 61 181 181 181 61 61 181 197 61 61 121 197 61 197 121 181 1 197 137 1 121 1 61 61 181 121 121 121 197 192 121 1 1 1 121 121 61 1 61 121 197 1 1 1 1 197 1 137 137 61 1 1 1 61 1 61 1 1 192 61 121 1 61 121 137 121 181 61 131 61 1 63 121 121 1 1 63 197 61 61 137 61 77 77 197 197 68 121 181 121 181 61 121 61 62 137 197 181 77 61 61 1 181 121 121 197 61 181 61 137 1 61 61 1 1 61 121 1 1 197 61 137 1 1 77 137 181 181 181 197 1 137 121 121 137 1 197 137 181 181 1 61 131 61 181 121 121 121 197 137 137 1 67 1 1 61 61 77 61 132 182 61 192 61 197 1 1 197 197 181 1 197 121 1 61 197 61 61 77 197 17 121 137 1 197 121 1 61 121 121 197 122 131 197 1 197 1 121 61 137 61 181 122 181 121 197 137 197 121 121 197 121 181 61 77 121 61 1 197 181 63 197 152 137 1 121 63 137 181 137 1 1 
c [Incremental] Max used label: 197.
c [Incremental] Label 197 is removed from searching.
c [Incremental] Solving for max label = 196:
c [Incremental] Solving duration: 196 ms.
s [Incremental] SAT (label = 196).
c [Incremental] Label assignment: 1 1 1 1 1 1 1 1 1 1 1 1 1 61 1 1 1 1 1 61 1 1 1 76 1 1 61 61 1 1 61 61 196 1 61 1 1 1 61 1 1 1 1 1 61 1 1 61 1 121 1 1 1 61 1 196 61 61 61 1 121 1 1 61 1 61 136 121 121 61 1 61 1 1 1 1 1 196 1 1 136 76 1 136 1 61 1 1 1 76 1 61 61 1 121 1 61 61 1 1 61 76 61 121 61 61 123 121 121 121 121 181 136 121 61 1 1 1 1 181 1 1 1 1 61 181 61 1 121 61 1 76 1 61 181 61 181 181 196 136 61 196 76 61 1 1 1 61 183 61 181 181 61 1 121 1 1 61 61 1 1 121 121 61 61 121 76 1 121 61 61 61 121 1 181 196 121 61 121 61 61 61 1 1 136 61 196 196 76 196 136 121 196 61 181 181 181 61 61 181 196 61 61 121 196 61 196 121 181 1 196 136 1 121 1 61 61 181 121 121 121 196 192 121 1 1 1 121 121 61 1 61 121 196 1 1 1 1 196 1 136 136 61 1 1 1 61 1 61 1 1 192 61 121 1 61 121 136 121 181 61 131 61 1 63 121 121 1 1 63 196 61 61 136 61 76 76 196 196 68 121 181 121 181 61 121 61 62 136 196 181 76 61 61 1 181 121 121 196 61 181 61 136 1 61 61 1 1 61 121 1 1 196 61 136 1 1 76 136 181 181 181 196 1 136 121 121 136 1 196 136 181 181 1 61 131 61 181 121 121 121 196 136 136 1 67 1 1 61 61 76 61 132 182 61 192 61 196 1 1 196 196 181 1 196 121 1 61 196 61 61 76 196 16 121 136 1 196 121 1 61 121 121 196 122 131 196 1 196 1 121 61 136 61 181 122 181 121 196 136 196 121 121 196 121 181 61 76 121 61 1 196 181 63 196 152 136 1 121 63 136 181 136 1 1 
c [Incremental] Max used label: 196.
c [Incremental] Label 196 is removed from searching.
c [Incremental] Solving for max label = 195:
c [Incremental] Solving duration: 197 ms.
s [Incremental] SAT (label = 195).
c [Incremental] Label assignment: 1 1 1 1 1 1 1 1 1 1 1 1 1 61 1 1 1 1 1 61 1 1 1 75 1 1 61 61 1 1 61 61 195 1 61 1 1 1 61 1 1 1 1 1 61 1 1 61 1 121 1 1 1 61 1 195 61 61 61 1 121 1 1 61 1 61 135 121 121 61 1 61 1 1 1 1 1 195 1 1 135 75 1 135 1 61 1 1 1 75 1 61 61 1 121 1 61 61 1 1 61 75 61 121 61 61 123 121 121 121 121 181 135 121 61 1 1 1 1 181 1 1 1 1 61 181 61 1 121 61 1 75 1 61 181 61 181 181 195 135 61 195 75 61 1 1 1 61 183 61 181 181 61 1 121 1 1 61 61 1 1 121 121 61 61 121 75 1 121 61 61 61 121 1 181 195 121 61 121 61 61 61 1 1 135 61 195 195 75 195 135 121 195 61 181 181 181 61 61 181 195 61 61 121 195 61 195 121 181 1 195 135 1 121 1 61 61 181 121 121 121 195 192 121 1 1 1 121 121 61 1 61 121 195 1 1 1 1 195 1 135 135 61 1 1 1 61 1 61 1 1 192 61 121 1 61 121 135 121 181 61 131 61 1 63 121 121 1 1 63 195 61 61 135 61 75 75 195 195 68 121 181 121 181 61 121 61 62 135 195 181 75 61 61 1 181 121 121 195 61 181 61 135 1 61 61 1 1 61 121 1 1 195 61 135 1 1 75 135 181 181 181 195 1 135 121 121 135 1 195 135 181 181 1 61 131 61 181 121 121 121 195 135 135 1 67 1 1 61 61 75 61 132 182 61 192 61 195 1 1 195 195 181 1 195 121 1 61 195 61 61 75 195 15 121 135 1 195 121 1 61 121 121 195 122 131 195 1 195 1 121 61 135 61 181 122 181 121 195 135 195 121 121 195 121 181 61 75 121 61 1 195 181 63 195 152 135 1 121 63 135 181 135 1 1 
c [Incremental] Max used label: 195.
c [Incremental] Label 195 is removed from searching.
c [Incremental] Solving for max label = 194:
c [Incremental] Solving duration: 192 ms.
s [Incremental] SAT (label = 194).
c [Incremental] Label assignment: 1 1 1 1 1 1 1 1 1 1 1 1 1 61 1 1 1 1 1 61 1 1 1 74 1 1 61 61 1 1 61 61 194 1 61 1 1 1 61 1 1 1 1 1 61 1 1 61 1 121 1 1 1 61 1 194 61 61 61 1 121 1 1 61 1 61 134 121 121 61 1 61 1 1 1 1 1 194 1 1 134 74 1 134 1 61 1 1 1 74 1 61 61 1 121 1 61 61 1 1 61 74 61 121 61 61 123 121 121 121 121 181 134 121 61 1 1 1 1 181 1 1 1 1 61 181 61 1 121 61 1 74 1 61 181 61 181 181 194 134 61 194 74 61 1 1 1 61 183 61 181 181 61 1 121 1 1 61 61 1 1 121 121 61 61 121 74 1 121 61 61 61 121 1 181 194 121 61 121 61 61 61 1 1 134 61 194 194 74 194 134 121 194 61 181 181 181 61 61 181 194 61 61 121 194 61 194 121 181 1 194 134 1 121 1 61 61 181 121 121 121 194 192 121 1 1 1 121 121 61 1 61 121 194 1 1 1 1 194 1 134 134 61 1 1 1 61 1 61 1 1 192 61 121 1 61 121 134 121 181 61 131 61 1 63 121 121 1 1 63 194 61 61 134 61 74 74 194 194 68 121 181 121 181 61 121 61 62 134 194 181 74 61 61 1 181 121 121 194 61 181 61 134 1 61 61 1 1 61 121 1 1 194 61 134 1 1 74 134 181 181 181 194 1 134 121 121 134 1 194 134 181 181 1 61 131 61 181 121 121 121 194 134 134 1 67 1 1 61 61 74 61 132 182 61 192 61 194 1 1 194 194 181 1 194 121 1 61 194 61 61 74 194 14 121 134 1 194 121 1 61 121 121 194 122 131 194 1 194 1 121 61 134 61 181 122 181 121 194 134 194 121 121 194 121 181 61 74 121 61 1 194 181 63 194 152 134 1 121 63 134 181 134 1 1 
c [Incremental] Max used label: 194.
c [Incremental] Label 194 is removed from searching.
c [Incremental] Solving for max label = 193:
c [Incremental] Solving duration: 198 ms.
s [Incremental] SAT (label = 193).
c [Incremental] Label assignment: 1 1 1 1 1 1 1 1 1 1 1 1 1 61 1 1 1 1 1 61 1 1 1 73 1 1 61 61 1 1 61 61 193 1 61 1 1 1 61 1 1 1 1 1 61 1 1 61 1 121 1 1 1 61 1 193 61 61 61 1 121 1 1 61 1 61 133 121 121 61 1 61 1 1 1 1 1 193 1 1 133 73 1 133 1 61 1 1 1 73 1 61 61 1 121 1 61 61 1 1 61 73 61 121 61 61 123 121 121 121 121 181 133 121 61 1 1 1 1 181 1 1 1 1 61 181 61 1 121 61 1 73 1 61 181 61 181 181 193 133 61 193 73 61 1 1 1 61 183 61 181 181 61 1 121 1 1 61 61 1 1 121 121 61 61 121 73 1 121 61 61 61 121 1 181 193 121 61 121 61 61 61 1 1 133 61 193 193 73 193 133 121 193 61 181 181 181 61 61 181 193 61 61 121 193 61 193 121 181 1 193 133 1 121 1 61 61 181 121 121 121 193 192 121 1 1 1 121 121 61 1 61 121 193 1 1 1 1 193 1 133 133 61 1 1 1 61 1 61 1 1 192 61 121 1 61 121 133 121 181 61 131 61 1 63 121 121 1 1 63 193 61 61 133 61 73 73 193 193 68 121 181 121 181 61 121 61 62 133 193 181 73 61 61 1 181 121 121 193 61 181 61 133 1 61 61 1 1 61 121 1 1 193 61 133 1 1 73 133 181 181 181 193 1 133 121 121 133 1 193 133 181 181 1 61 131 61 181 121 121 121 193 133 133 1 67 1 1 61 61 73 61 132 182 61 192 61 193 1 1 193 193 181 1 193 121 1 61 193 61 61 73 193 13 121 133 1 193 121 1 61 121 121 193 122 131 193 1 193 1 121 61 133 61 181 122 181 121 193 133 193 121 121 193 121 181 61 73 121 61 1 193 181 63 193 152 133 1 121 63 133 181 133 1 1 
c [Incremental] Max used label: 193.
c [Incremental] Label 193 is removed from searching.
c [Incremental] Solving for max label = 192:
c [Incremental] Solving duration: 197 ms.
s [Incremental] SAT (label = 192).
c [Incremental] Label assignment: 1 1 1 1 1 1 1 1 1 1 1 1 1 61 1 1 1 1 1 61 1 1 1 72 1 1 61 61 1 1 61 61 192 1 61 1 1 1 61 1 1 1 1 1 61 1 1 61 1 121 1 1 1 61 1 192 61 61 61 1 121 1 1 61 1 61 132 121 121 61 1 61 1 1 1 1 1 192 1 1 132 72 1 132 1 61 1 1 1 72 1 61 61 1 121 1 61 61 1 1 61 72 61 121 61 61 123 121 121 121 121 181 132 121 61 1 1 1 1 181 1 1 1 1 61 181 61 1 121 61 1 72 1 61 181 61 181 181 192 132 61 192 72 61 1 1 1 61 183 61 181 181 61 1 121 1 1 61 61 1 1 121 121 61 61 121 72 1 121 61 61 61 121 1 181 192 121 61 121 61 61 61 1 1 132 61 192 192 72 192 132 121 192 61 181 181 181 61 61 181 192 61 61 121 192 61 192 121 181 1 192 132 1 121 1 61 61 181 121 121 121 192 192 121 1 1 1 121 121 61 1 61 121 192 1 1 1 1 192 1 132 132 61 1 1 1 61 1 61 1 1 192 61 121 1 61 121 132 121 181 61 131 61 1 63 121 121 1 1 63 192 61 61 132 61 72 72 192 192 68 121 181 121 181 61 121 61 62 132 192 181 72 61 61 1 181 121 121 192 61 181 61 132 1 61 61 1 1 61 121 1 1 192 61 132 1 1 72 132 181 181 181 192 1 132 121 121 132 1 192 132 181 181 1 61 131 61 181 121 121 121 192 132 132 1 67 1 1 61 61 72 61 132 182 61 192 61 192 1 1 192 192 181 1 192 121 1 61 192 61 61 72 192 12 121 132 1 192 121 1 61 121 121 192 122 131 192 1 192 1 121 61 132 61 181 122 181 121 192 132 192 121 121 192 121 181 61 72 121 61 1 192 181 63 192 152 132 1 121 63 132 181 132 1 1 
c [Incremental] Max used label: 192.
c [Incremental] Label 192 is removed from searching.
c [Incremental] Solving for max label = 191:
c [Incremental] Solving duration: 192 ms.
s [Incremental] SAT (label = 191).
c [Incremental] Label assignment: 1 1 1 1 1 1 1 1 1 1 1 1 1 61 1 1 1 1 1 61 1 1 1 71 1 1 61 61 1 1 61 61 191 1 61 1 1 1 61 1 1 1 1 1 61 1 1 61 1 121 1 1 1 61 1 191 61 61 61 1 121 1 1 61 1 61 131 121 121 61 1 61 1 1 1 1 1 191 1 1 131 71 1 131 1 61 1 1 1 71 1 61 61 1 121 1 61 61 1 1 61 71 61 121 61 61 123 121 121 121 121 181 131 121 61 1 1 1 1 181 1 1 1 1 61 181 61 1 121 61 1 71 1 61 181 61 181 181 191 131 61 191 71 61 1 1 1 61 183 61 181 181 61 1 121 1 1 61 61 1 1 121 121 61 61 121 71 1 121 61 61 61 121 1 181 191 121 61 121 61 61 61 1 1 131 61 191 191 71 191 131 121 191 61 181 181 181 61 61 181 191 61 61 121 191 61 191 121 181 1 191 131 1 121 1 61 61 181 121 121 121 191 191 121 1 1 1 121 121 61 1 61 121 191 1 1 1 1 191 1 131 131 61 1 1 1 61 1 61 1 1 191 61 121 1 61 121 131 121 181 61 131 61 1 63 121 121 1 1 63 191 61 61 131 61 71 71 191 191 68 121 181 121 181 61 121 61 62 131 191 181 71 61 61 1 181 121 121 191 61 181 61 131 1 61 61 1 1 61 121 1 1 191 61 131 1 1 71 131 181 181 181 191 1 131 121 121 131 1 191 131 181 181 1 61 131 61 181 121 121 121 191 131 131 1 67 1 1 61 61 71 61 131 182 61 191 61 191 1 1 191 191 181 1 191 121 1 61 191 61 61 71 191 11 121 131 1 191 121 1 61 121 121 191 122 131 191 1 191 1 121 61 131 61 181 122 181 121 191 131 191 121 121 191 121 181 61 71 121 61 1 191 181 63 191 152 131 1 121 63 131 181 131 1 1 
c [Incremental] Max used label: 191.
c [Incremental] Label 191 is removed from searching.
c [Incremental] Solving for max label = 190:
c [Incremental] Solving duration: 195 ms.
s [Incremental] SAT (label = 190).
c [Incremental] Label assignment: 1 1 1 1 1 1 1 1 1 1 1 1 1 61 1 1 1 1 1 61 1 1 1 70 1 1 61 61 1 1 61 61 190 1 61 1 1 1 61 1 1 1 1 1 61 1 1 61 1 121 1 1 1 61 1 190 61 61 61 1 121 1 1 61 1 61 130 121 121 61 1 61 1 1 1 1 1 190 1 1 130 70 1 130 1 61 1 1 1 70 1 61 61 1 121 1 61 61 1 1 61 70 61 121 61 61 123 121 121 121 121 181 130 121 61 1 1 1 1 181 1 1 1 1 61 181 61 1 121 61 1 70 1 61 181 61 181 181 190 130 61 190 70 61 1 1 1 61 183 61 181 181 61 1 121 1 1 61 61 1 1 121 121 61 61 121 70 1 121 61 61 61 121 1 181 190 121 61 121 61 61 61 1 1 130 61 190 190 70 190 130 121 190 61 181 181 181 61 61 181 190 61 61 121 190 61 190 121 181 1 190 130 1 121 1 61 61 181 121 121 121 190 190 121 1 1 1 121 121 61 1 61 121 190 1 1 1 1 190 1 130 130 61 1 1 1 61 1 61 1 1 190 61 121 1 61 121 130 121 181 61 130 61 1 63 121 121 1 1 63 190 61 61 130 61 70 70 190 190 68 121 181 121 181 61 121 61 62 130 190 181 70 61 61 1 181 121 121 190 61 181 61 130 1 61 61 1 1 61 121 1 1 190 61 130 1 1 70 130 181 181 181 190 1 130 121 121 130 1 190 130 181 181 1 61 130 61 181 121 121 121 190 130 130 1 67 1 1 61 61 70 61 130 182 61 190 61 190 1 1 190 190 181 1 190 121 1 61 190 61 61 70 190 10 121 130 1 190 121 1 61 121 121 190 122 130 190 1 190 1 121 61 130 61 181 122 181 121 190 130 190 121 121 190 121 181 61 70 121 61 1 190 181 63 190 152 130 1 121 63 130 181 130 1 1 
c [Incremental] Max used label: 190.
c [Incremental] Label 190 is removed from searching.
c [Incremental] Solving for max label = 189:
c [Incremental] Solving duration: 197 ms.
s [Incremental] SAT (label = 189).
c [Incremental] Label assignment: 1 1 1 1 1 1 1 1 1 1 1 1 1 61 1 1 1 1 1 61 1 1 1 69 1 1 61 61 1 1 61 61 189 1 61 1 1 1 61 1 1 1 1 1 61 1 1 61 1 121 1 1 1 61 1 189 61 61 61 1 121 1 1 61 1 61 129 121 121 61 1 61 1 1 1 1 1 189 1 1 129 69 1 129 1 61 1 1 1 69 1 61 61 1 121 1 61 61 1 1 61 69 61 121 61 61 123 121 121 121 121 181 129 121 61 1 1 1 1 181 1 1 1 1 61 181 61 1 121 61 1 69 1 61 181 61 181 181 189 129 61 189 69 61 1 1 1 61 183 61 181 181 61 1 121 1 1 61 61 1 1 121 121 61 61 121 69 1 121 61 61 61 121 1 181 189 121 61 121 61 61 61 1 1 129 61 189 189 69 189 129 121 189 61 181 181 181 61 61 181 189 61 61 121 189 61 189 121 181 1 189 129 1 121 1 61 61 181 121 121 121 189 189 121 1 1 1 121 121 61 1 61 121 189 1 1 1 1 189 1 129 129 61 1 1 1 61 1 61 1 1 189 61 121 1 61 121 129 121 181 61 129 61 1 63 121 121 1 1 63 189 61 61 129 61 69 69 189 189 68 121 181 121 181 61 121 61 62 129 189 181 69 61 61 1 181 121 121 189 61 181 61 129 1 61 61 1 1 61 121 1 1 189 61 129 1 1 69 129 181 181 181 189 1 129 121 121 129 1 189 129 181 181 1 61 129 61 181 121 121 121 189 129 129 1 67 1 1 61 61 69 61 129 182 61 189 61 189 1 1 189 189 181 1 189 121 1 61 189 61 61 69 189 9 121 129 1 189 121 1 61 121 121 189 122 129 189 1 189 1 121 61 129 61 181 122 181 121 189 129 189 121 121 189 121 181 61 69 121 61 1 189 181 63 189 152 129 1 121 63 129 181 129 1 1 
c [Incremental] Max used label: 189.
c [Incremental] Label 189 is removed from searching.
c [Incremental] Solving for max label = 188:
c [Incremental] Solving duration: 196 ms.
s [Incremental] SAT (label = 188).
c [Incremental] Label assignment: 1 1 1 1 1 1 1 1 1 1 1 1 1 61 1 1 1 1 1 61 1 1 1 68 1 1 61 61 1 1 61 61 188 1 61 1 1 1 61 1 1 1 1 1 61 1 1 61 1 121 1 1 1 61 1 188 61 61 61 1 121 1 1 61 1 61 128 121 121 61 1 61 1 1 1 1 1 188 1 1 128 68 1 128 1 61 1 1 1 68 1 61 61 1 121 1 61 61 1 1 61 68 61 121 61 61 123 121 121 121 121 181 128 121 61 1 1 1 1 181 1 1 1 1 61 181 61 1 121 61 1 68 1 61 181 61 181 181 188 128 61 188 68 61 1 1 1 61 183 61 181 181 61 1 121 1 1 61 61 1 1 121 121 61 61 121 68 1 121 61 61 61 121 1 181 188 121 61 121 61 61 61 1 1 128 61 188 188 68 188 128 121 188 61 181 181 181 61 61 181 188 61 61 121 188 61 188 121 181 1 188 128 1 121 1 61 61 181 121 121 121 188 188 121 1 1 1 121 121 61 1 61 121 188 1 1 1 1 188 1 128 128 61 1 1 1 61 1 61 1 1 188 61 121 1 61 121 128 121 181 61 128 61 1 63 121 121 1 1 63 188 61 61 128 61 68 68 188 188 68 121 181 121 181 61 121 61 62 128 188 181 68 61 61 1 181 121 121 188 61 181 61 128 1 61 61 1 1 61 121 1 1 188 61 128 1 1 68 128 181 181 181 188 1 128 121 121 128 1 188 128 181 181 1 61 128 61 181 121 121 121 188 128 128 1 67 1 1 61 61 68 61 128 182 61 188 61 188 1 1 188 188 181 1 188 121 1 61 188 61 61 68 188 8 121 128 1 188 121 1 61 121 121 188 122 128 188 1 188 1 121 61 128 61 181 122 181 121 188 128 188 121 121 188 121 181 61 68 121 61 1 188 181 63 188 152 128 1 121 63 128 181 128 1 1 
c [Incremental] Max used label: 188.
c [Incremental] Label 188 is removed from searching.
c [Incremental] Solving for max label = 187:
c [Incremental] Solving duration: 200 ms.
s [Incremental] SAT (label = 187).
c [Incremental] Label assignment: 1 1 1 1 1 1 1 1 1 1 1 1 1 61 1 1 1 1 1 61 1 1 1 67 1 1 61 61 1 1 61 61 187 1 61 1 1 1 61 1 1 1 1 1 61 1 1 61 1 121 1 1 1 61 1 187 61 61 61 1 121 1 1 61 1 61 127 121 121 61 1 61 1 1 1 1 1 187 1 1 127 67 1 127 1 61 1 1 1 67 1 61 61 1 121 1 61 61 1 1 61 67 61 121 61 61 123 121 121 121 121 181 127 121 61 1 1 1 1 181 1 1 1 1 61 181 61 1 121 61 1 67 1 61 181 61 181 181 187 127 61 187 67 61 1 1 1 61 183 61 181 181 61 1 121 1 1 61 61 1 1 121 121 61 61 121 67 1 121 61 61 61 121 1 181 187 121 61 121 61 61 61 1 1 127 61 187 187 67 187 127 121 187 61 181 181 181 61 61 181 187 61 61 121 187 61 187 121 181 1 187 127 1 121 1 61 61 181 121 121 121 187 187 121 1 1 1 121 121 61 1 61 121 187 1 1 1 1 187 1 127 127 61 1 1 1 61 1 61 1 1 187 61 121 1 61 121 127 121 181 61 127 61 1 63 121 121 1 1 63 187 61 61 127 61 67 67 187 187 67 121 181 121 181 61 121 61 62 127 187 181 67 61 61 1 181 121 121 187 61 181 61 127 1 61 61 1 1 61 121 1 1 187 61 127 1 1 67 127 181 181 181 187 1 127 121 121 127 1 187 127 181 181 1 61 127 61 181 121 121 121 187 127 127 1 67 1 1 61 61 67 61 127 182 61 187 61 187 1 1 187 187 181 1 187 121 1 61 187 61 61 67 187 7 121 127 1 187 121 1 61 121 121 187 122 127 187 1 187 1 121 61 127 61 181 122 181 121 187 127 187 121 121 187 121 181 61 67 121 61 1 187 181 63 187 152 127 1 121 63 127 181 127 1 1 
c [Incremental] Max used label: 187.
c [Incremental] Label 187 is removed from searching.
c [Incremental] Solving for max label = 186:
c [Incremental] Solving duration: 196 ms.
s [Incremental] SAT (label = 186).
c [Incremental] Label assignment: 1 1 1 1 1 1 1 1 1 1 1 1 1 61 1 1 1 1 1 61 1 1 1 66 1 1 61 61 1 1 61 61 186 1 61 1 1 1 61 1 1 1 1 1 61 1 1 61 1 121 1 1 1 61 1 186 61 61 61 1 121 1 1 61 1 61 126 121 121 61 1 61 1 1 1 1 1 186 1 1 126 66 1 126 1 61 1 1 1 66 1 61 61 1 121 1 61 61 1 1 61 66 61 121 61 61 123 121 121 121 121 181 126 121 61 1 1 1 1 181 1 1 1 1 61 181 61 1 121 61 1 66 1 61 181 61 181 181 186 126 61 186 66 61 1 1 1 61 183 61 181 181 61 1 121 1 1 61 61 1 1 121 121 61 61 121 66 1 121 61 61 61 121 1 181 186 121 61 121 61 61 61 1 1 126 61 186 186 66 186 126 121 186 61 181 181 181 61 61 181 186 61 61 121 186 61 186 121 181 1 186 126 1 121 1 61 61 181 121 121 121 186 186 121 1 1 1 121 121 61 1 61 121 186 1 1 1 1 186 1 126 126 61 1 1 1 61 1 61 1 1 186 61 121 1 61 121 126 121 181 61 126 61 1 63 121 121 1 1 63 186 61 61 126 61 66 66 186 186 66 121 181 121 181 61 121 61 62 126 186 181 66 61 61 1 181 121 121 186 61 181 61 126 1 61 61 1 1 61 121 1 1 186 61 126 1 1 66 126 181 181 181 186 1 126 121 121 126 1 186 126 181 181 1 61 126 61 181 121 121 121 186 126 126 1 66 1 1 61 61 66 61 126 182 61 186 61 186 1 1 186 186 181 1 186 121 1 61 186 61 61 66 186 6 121 126 1 186 121 1 61 121 121 186 122 126 186 1 186 1 121 61 126 61 181 122 181 121 186 126 186 121 121 186 121 181 61 66 121 61 1 186 181 63 186 152 126 1 121 63 126 181 126 1 1 
c [Incremental] Max used label: 186.
c [Incremental] Label 186 is removed from searching.
c [Incremental] Solving for max label = 185:
c [Incremental] Solving duration: 196 ms.
s [Incremental] SAT (label = 185).
c [Incremental] Label assignment: 1 1 1 1 1 1 1 1 1 1 1 1 1 61 1 1 1 1 1 61 1 1 1 65 1 1 61 61 1 1 61 61 185 1 61 1 1 1 61 1 1 1 1 1 61 1 1 61 1 121 1 1 1 61 1 185 61 61 61 1 121 1 1 61 1 61 125 121 121 61 1 61 1 1 1 1 1 185 1 1 125 65 1 125 1 61 1 1 1 65 1 61 61 1 121 1 61 61 1 1 61 65 61 121 61 61 123 121 121 121 121 181 125 121 61 1 1 1 1 181 1 1 1 1 61 181 61 1 121 61 1 65 1 61 181 61 181 181 185 125 61 185 65 61 1 1 1 61 183 61 181 181 61 1 121 1 1 61 61 1 1 121 121 61 61 121 65 1 121 61 61 61 121 1 181 185 121 61 121 61 61 61 1 1 125 61 185 185 65 185 125 121 185 61 181 181 181 61 61 181 185 61 61 121 185 61 185 121 181 1 185 125 1 121 1 61 61 181 121 121 121 185 185 121 1 1 1 121 121 61 1 61 121 185 1 1 1 1 185 1 125 125 61 1 1 1 61 1 61 1 1 185 61 121 1 61 121 125 121 181 61 125 61 1 63 121 121 1 1 63 185 61 61 125 61 65 65 185 185 65 121 181 121 181 61 121 61 62 125 185 181 65 61 61 1 181 121 121 185 61 181 61 125 1 61 61 1 1 61 121 1 1 185 61 125 1 1 65 125 181 181 181 185 1 125 121 121 125 1 185 125 181 181 1 61 125 61 181 121 121 121 185 125 125 1 65 1 1 61 61 65 61 125 182 61 185 61 185 1 1 185 185 181 1 185 121 1 61 185 61 61 65 185 5 121 125 1 185 121 1 61 121 121 185 122 125 185 1 185 1 121 61 125 61 181 122 181 121 185 125 185 121 121 185 121 181 61 65 121 61 1 185 181 63 185 152 125 1 121 63 125 181 125 1 1 
c [Incremental] Max used label: 185.
c [Incremental] Label 185 is removed from searching.
c [Incremental] Solving for max label = 184:
c [Incremental] Solving duration: 193 ms.
s [Incremental] SAT (label = 184).
c [Incremental] Label assignment: 1 1 1 1 1 1 1 1 1 1 1 1 1 61 1 1 1 1 1 61 1 1 1 64 1 1 61 61 1 1 61 61 184 1 61 1 1 1 61 1 1 1 1 1 61 1 1 61 1 121 1 1 1 61 1 184 61 61 61 1 121 1 1 61 1 61 124 121 121 61 1 61 1 1 1 1 1 184 1 1 124 64 1 124 1 61 1 1 1 64 1 61 61 1 121 1 61 61 1 1 61 64 61 121 61 61 123 121 121 121 121 181 124 121 61 1 1 1 1 181 1 1 1 1 61 181 61 1 121 61 1 64 1 61 181 61 181 181 184 124 61 184 64 61 1 1 1 61 183 61 181 181 61 1 121 1 1 61 61 1 1 121 121 61 61 121 64 1 121 61 61 61 121 1 181 184 121 61 121 61 61 61 1 1 124 61 184 184 64 184 124 121 184 61 181 181 181 61 61 181 184 61 61 121 184 61 184 121 181 1 184 124 1 121 1 61 61 181 121 121 121 184 184 121 1 1 1 121 121 61 1 61 121 184 1 1 1 1 184 1 124 124 61 1 1 1 61 1 61 1 1 184 61 121 1 61 121 124 121 181 61 124 61 1 63 121 121 1 1 63 184 61 61 124 61 64 64 184 184 64 121 181 121 181 61 121 61 62 124 184 181 64 61 61 1 181 121 121 184 61 181 61 124 1 61 61 1 1 61 121 1 1 184 61 124 1 1 64 124 181 181 181 184 1 124 121 121 124 1 184 124 181 181 1 61 124 61 181 121 121 121 184 124 124 1 64 1 1 61 61 64 61 124 182 61 184 61 184 1 1 184 184 181 1 184 121 1 61 184 61 61 64 184 4 121 124 1 184 121 1 61 121 121 184 122 124 184 1 184 1 121 61 124 61 181 122 181 121 184 124 184 121 121 184 121 181 61 64 121 61 1 184 181 63 184 152 124 1 121 63 124 181 124 1 1 
c [Incremental] Max used label: 184.
c [Incremental] Label 184 is removed from searching.
c [Incremental] Solving for max label = 183:
c [Incremental] Solving duration: 198 ms.
s [Incremental] SAT (label = 183).
c [Incremental] Label assignment: 1 1 1 1 1 1 1 1 1 1 1 1 1 61 1 1 1 1 1 61 1 1 1 63 1 1 61 61 1 1 61 61 183 1 61 1 1 1 61 1 1 1 1 1 61 1 1 61 1 121 1 1 1 61 1 183 61 61 61 1 121 1 1 61 1 61 123 121 121 61 1 61 1 1 1 1 1 183 1 1 123 63 1 123 1 61 1 1 1 63 1 61 61 1 121 1 61 61 1 1 61 63 61 121 61 61 123 121 121 121 121 181 123 121 61 1 1 1 1 181 1 1 1 1 61 181 61 1 121 61 1 63 1 61 181 61 181 181 183 123 61 183 63 61 1 1 1 61 183 61 181 181 61 1 121 1 1 61 61 1 1 121 121 61 61 121 63 1 121 61 61 61 121 1 181 183 121 61 121 61 61 61 1 1 123 61 183 183 63 183 123 121 183 61 181 181 181 61 61 181 183 61 61 121 183 61 183 121 181 1 183 123 1 121 1 61 61 181 121 121 121 183 183 121 1 1 1 121 121 61 1 61 121 183 1 1 1 1 183 1 123 123 61 1 1 1 61 1 61 1 1 183 61 121 1 61 121 123 121 181 61 123 61 1 63 121 121 1 1 63 183 61 61 123 61 63 63 183 183 63 121 181 121 181 61 121 61 62 123 183 181 63 61 61 1 181 121 121 183 61 181 61 123 1 61 61 1 1 61 121 1 1 183 61 123 1 1 63 123 181 181 181 183 1 123 121 121 123 1 183 123 181 181 1 61 123 61 181 121 121 121 183 123 123 1 63 1 1 61 61 63 61 123 182 61 183 61 183 1 1 183 183 181 1 183 121 1 61 183 61 61 63 183 3 121 123 1 183 121 1 61 121 121 183 122 123 183 1 183 1 121 61 123 61 181 122 181 121 183 123 183 121 121 183 121 181 61 63 121 61 1 183 181 63 183 152 123 1 121 63 123 181 123 1 1 
c [Incremental] Max used label: 183.
c [Incremental] Label 183 is removed from searching.
c [Incremental] Solving for max label = 182:
c [Incremental] Solving duration: 196 ms.
s [Incremental] SAT (label = 182).
c [Incremental] Label assignment: 1 1 1 1 1 1 1 1 1 1 1 1 1 61 1 1 1 1 1 61 1 1 1 62 1 1 61 61 1 1 61 61 182 1 61 1 1 1 61 1 1 1 1 1 61 1 1 61 1 121 1 1 1 61 1 182 61 61 61 1 121 1 1 61 1 61 122 121 121 61 1 61 1 1 1 1 1 182 1 1 122 62 1 122 1 61 1 1 1 62 1 61 61 1 121 1 61 61 1 1 61 62 61 121 61 61 122 121 121 121 121 181 122 121 61 1 1 1 1 181 1 1 1 1 61 181 61 1 121 61 1 62 1 61 181 61 181 181 182 122 61 182 62 61 1 1 1 61 182 61 181 181 61 1 121 1 1 61 61 1 1 121 121 61 61 121 62 1 121 61 61 61 121 1 181 182 121 61 121 61 61 61 1 1 122 61 182 182 62 182 122 121 182 61 181 181 181 61 61 181 182 61 61 121 182 61 182 121 181 1 182 122 1 121 1 61 61 181 121 121 121 182 182 121 1 1 1 121 121 61 1 61 121 182 1 1 1 1 182 1 122 122 61 1 1 1 61 1 61 1 1 182 61 121 1 61 121 122 121 181 61 122 61 1 62 121 121 1 1 62 182 61 61 122 61 62 62 182 182 62 121 181 121 181 61 121 61 62 122 182 181 62 61 61 1 181 121 121 182 61 181 61 122 1 61 61 1 1 61 121 1 1 182 61 122 1 1 62 122 181 181 181 182 1 122 121 121 122 1 182 122 181 181 1 61 122 61 181 121 121 121 182 122 122 1 62 1 1 61 61 62 61 122 182 61 182 61 182 1 1 182 182 181 1 182 121 1 61 182 61 61 62 182 2 121 122 1 182 121 1 61 121 121 182 122 122 182 1 182 1 121 61 122 61 181 122 181 121 182 122 182 121 121 182 121 181 61 62 121 61 1 182 181 62 182 152 122 1 121 62 122 181 122 1 1 
c [Incremental] Max used label: 182.
c [Incremental] Label 182 is removed from searching.
c [Incremental] Solving for max label = 181:
c [Incremental] Solving duration: 188 ms.
s [Incremental] SAT (label = 181).
c [Incremental] Label assignment: 1 1 1 1 1 1 1 1 1 1 1 1 1 61 1 1 1 1 1 61 1 1 1 61 1 1 61 61 1 1 61 61 181 1 61 1 1 1 61 1 1 1 1 1 61 1 1 61 1 121 1 1 1 61 1 181 61 61 61 1 121 1 1 61 1 61 181 121 121 61 1 61 1 1 1 1 1 181 1 1 121 61 1 121 1 61 1 1 1 61 1 61 61 1 121 1 61 61 1 1 61 61 61 121 61 61 121 121 121 121 121 181 121 121 61 1 1 1 1 181 1 1 1 1 61 181 61 1 121 61 1 61 1 61 181 61 181 181 181 121 61 181 61 61 1 1 1 61 181 61 181 181 61 1 121 1 1 61 61 1 1 121 121 61 61 121 60 1 121 61 61 61 121 1 181 181 121 61 121 61 61 61 1 1 121 61 181 181 61 181 121 121 181 61 181 181 181 61 61 181 181 61 61 121 181 61 181 121 181 1 181 121 1 121 1 61 61 181 121 121 121 181 181 121 1 1 1 121 121 61 1 61 121 181 1 1 1 1 181 1 121 121 61 1 1 1 61 1 61 1 1 181 61 121 1 61 121 121 121 181 61 121 61 1 61 121 121 1 1 61 181 61 61 121 61 61 61 181 181 61 121 181 121 181 61 121 61 61 121 181 181 61 61 61 1 181 121 121 181 61 181 61 121 1 61 61 1 1 61 121 1 1 181 61 121 1 1 61 121 181 181 181 181 1 121 121 121 121 1 181 121 181 181 1 61 121 61 181 121 121 121 181 121 121 1 61 1 1 61 61 61 61 121 181 61 181 61 181 1 1 181 181 181 1 181 121 1 61 181 61 61 61 181 1 121 121 1 181 121 1 61 121 121 181 121 121 181 1 181 1 121 61 121 61 181 121 181 121 181 121 61 121 121 181 121 181 61 61 121 61 1 181 181 61 181 181 121 1 121 61 121 181 121 1 1 
c [Incremental] Max used label: 181.
c [Incremental] Label 181 is removed from searching.
c [Incremental] Solving for max label = 180:
c [Incremental] Solving duration: 26 ms.
s [Incremental] UNSAT (label = 180).
c [Signal] Signal interruption. Caught signal: SIGTERM (15).
c [Main] Work pid ends with result: 0.
r [Main] 
r [Main] Final results: 
r [Main] Total real time: 12887 ms.
r [Main] Total memory consumed: 443.8 MB.
r [Main] 
