c [Version] Minimize Makespan Labeling Encoder version 1.0.0.
c [Param] Target value is set to 113.
c [Param] LB is predefined as 114.
c [Param] UB is predefined as 247.
c [Param] Target value is set to Antibandwidth.
c [Param] Vertices mode is set to Has hole.
c [Param] Result verification is ON.
c [Param] Memory limit is set to 30000.
c [Param] Real time limit is set to 1800.
c [Param] Max CNF size is set to 10.
c [Main] Search strategy: Incremental from upper bound.
c [Main] Encoding and solving for graph: Q-494_bus.mtx.rnd.
c [Incremental] Minimize Makespan Labeling problem (Q-494_bus.mtx.rnd):
c [Incremental] Encoding starts with target value = 113:
c [Incremental] Encoding duration: 1163ms.
c [Incremental] Number of clauses: 1028908.
c [Incremental] Number of variables: 297442.
c [Incremental] Solving for max label = 247:
c [Incremental] Solving duration: 43 ms.
s [Incremental] SAT (label = 247).
c [Incremental] Label assignment: 247 247 247 247 247 247 247 247 247 247 247 247 247 247 247 134 247 134 247 247 247 247 247 134 247 134 247 247 247 247 247 247 247 247 247 247 134 247 247 247 247 134 134 247 247 247 247 134 247 21 247 134 247 247 247 247 247 247 247 247 134 247 247 247 247 247 247 247 247 247 247 247 247 247 247 247 134 247 247 247 134 247 247 247 247 247 247 134 134 247 21 134 134 247 247 247 134 247 134 21 134 247 247 247 134 247 134 247 21 247 247 247 134 247 21 134 247 134 134 134 247 134 134 134 247 134 247 247 247 247 247 247 247 247 21 134 247 134 134 247 247 247 21 247 247 247 247 134 134 247 247 247 134 134 134 134 247 247 21 247 247 247 134 247 247 247 134 247 247 134 247 247 247 134 134 134 247 134 134 247 247 247 247 247 247 247 247 247 247 134 247 21 247 134 247 134 247 247 247 247 134 21 247 134 247 134 247 247 134 134 21 21 247 247 21 247 247 134 134 134 247 134 134 134 134 134 247 21 134 247 134 21 247 247 247 247 21 134 247 21 247 247 247 247 21 134 134 247 247 21 134 21 21 21 134 21 134 134 134 247 134 247 21 247 247 134 247 247 247 21 247 247 247 247 134 247 134 134 247 134 134 247 247 134 21 134 247 134 247 134 21 247 134 247 247 247 247 21 134 21 134 134 134 247 134 247 247 247 247 134 21 134 247 21 134 134 21 247 134 21 134 134 134 134 247 134 134 134 134 134 21 134 247 247 134 247 247 134 21 247 134 247 134 247 134 21 21 247 21 21 247 134 21 21 134 134 134 134 134 134 247 21 134 134 134 134 247 247 134 134 247 21 134 21 247 134 134 247 134 134 134 21 21 134 247 247 21 21 134 134 247 247 21 247 134 247 247 134 247 247 134 247 21 21 134 247 247 21 134 247 247 247 134 134 247 134 21 134 247 134 247 134 134 247 21 247 134 247 247 134 247 247 134 21 134 21 247 247 21 247 21 21 134 134 247 134 134 21 134 134 21 247 247 134 247 134 21 21 134 247 134 247 134 247 21 134 247 21 134 134 134 134 134 21 134 21 21 247 247 134 134 134 21 21 134 247 134 247 134 247 21 134 1 247 
c [Incremental] Max used label: 247.
c [Incremental] Label 247 is removed from searching.
c [Incremental] Solving for max label = 246:
c [Incremental] Solving duration: 25 ms.
s [Incremental] SAT (label = 246).
c [Incremental] Label assignment: 246 246 246 246 246 246 246 246 246 246 246 246 246 246 246 133 246 133 246 246 246 246 246 133 246 133 246 246 246 246 246 246 246 246 246 246 133 246 246 246 246 133 133 246 246 246 246 133 246 20 246 133 246 246 246 246 246 246 246 246 133 246 246 246 246 246 246 246 246 246 246 246 246 246 246 246 133 246 246 246 133 246 246 246 246 246 246 133 133 246 20 133 133 246 246 246 133 246 133 20 133 246 246 246 133 246 133 246 20 246 246 246 133 246 20 133 246 133 133 133 246 133 133 133 246 133 246 246 246 246 246 246 246 246 20 133 246 133 133 246 246 246 20 246 246 246 246 133 133 246 246 246 133 133 133 133 246 246 20 246 246 246 133 246 246 246 133 246 246 133 246 246 246 133 133 133 246 133 133 246 246 246 246 246 246 246 246 246 246 133 246 20 246 133 246 133 246 246 246 246 133 20 246 133 246 133 246 246 133 133 20 20 246 246 20 246 246 133 133 133 246 133 133 133 133 133 246 20 133 246 133 20 246 246 246 246 20 133 246 20 246 246 246 246 20 133 133 246 246 20 133 20 20 20 133 20 133 133 133 246 133 246 20 246 246 133 246 246 246 20 246 246 246 246 133 246 133 133 246 133 133 246 246 133 20 133 246 133 246 133 20 246 133 246 246 246 246 20 133 20 133 133 133 246 133 246 246 246 246 133 20 133 246 20 133 133 20 246 133 20 133 133 133 133 246 133 133 133 133 133 20 133 246 246 133 246 246 133 20 246 133 246 133 246 133 20 20 246 20 20 246 133 20 20 133 133 133 133 133 133 246 20 133 133 133 133 246 246 133 133 246 20 133 20 246 133 133 246 133 133 133 20 20 133 246 246 20 20 133 133 246 246 20 246 133 246 246 133 246 246 133 246 20 20 133 246 246 20 133 246 246 246 133 133 246 133 20 133 246 133 246 133 133 246 20 246 133 246 246 133 246 246 133 20 133 20 246 246 20 246 20 20 133 133 246 133 133 20 133 133 20 246 246 133 246 133 20 20 133 246 133 246 133 246 20 133 246 20 133 133 133 133 133 20 133 20 20 246 246 133 133 133 20 20 133 246 133 246 133 246 20 133 1 246 
c [Incremental] Max used label: 246.
c [Incremental] Label 246 is removed from searching.
c [Incremental] Solving for max label = 245:
c [Incremental] Solving duration: 25 ms.
s [Incremental] SAT (label = 245).
c [Incremental] Label assignment: 245 245 245 245 245 245 245 245 245 245 245 245 245 245 245 132 245 132 245 245 245 245 245 132 245 132 245 245 245 245 245 245 245 245 245 245 132 245 245 245 245 132 132 245 245 245 245 132 245 19 245 132 245 245 245 245 245 245 245 245 132 245 245 245 245 245 245 245 245 245 245 245 245 245 245 245 132 245 245 245 132 245 245 245 245 245 245 132 132 245 19 132 132 245 245 245 132 245 132 19 132 245 245 245 132 245 132 245 19 245 245 245 132 245 19 132 245 132 132 132 245 132 132 132 245 132 245 245 245 245 245 245 245 245 19 132 245 132 132 245 245 245 19 245 245 245 245 132 132 245 245 245 132 132 132 132 245 245 19 245 245 245 132 245 245 245 132 245 245 132 245 245 245 132 132 132 245 132 132 245 245 245 245 245 245 245 245 245 245 132 245 19 245 132 245 132 245 245 245 245 132 19 245 132 245 132 245 245 132 132 19 19 245 245 19 245 245 132 132 132 245 132 132 132 132 132 245 19 132 245 132 19 245 245 245 245 19 132 245 19 245 245 245 245 19 132 132 245 245 19 132 19 19 19 132 19 132 132 132 245 132 245 19 245 245 132 245 245 245 19 245 245 245 245 132 245 132 132 245 132 132 245 245 132 19 132 245 132 245 132 19 245 132 245 245 245 245 19 132 19 132 132 132 245 132 245 245 245 245 132 19 132 245 19 132 132 19 245 132 19 132 132 132 132 245 132 132 132 132 132 19 132 245 245 132 245 245 132 19 245 132 245 132 245 132 19 19 245 19 19 245 132 19 19 132 132 132 132 132 132 245 19 132 132 132 132 245 245 132 132 245 19 132 19 245 132 132 245 132 132 132 19 19 132 245 245 19 19 132 132 245 245 19 245 132 245 245 132 245 245 132 245 19 19 132 245 245 19 132 245 245 245 132 132 245 132 19 132 245 132 245 132 132 245 19 245 132 245 245 132 245 245 132 19 132 19 245 245 19 245 19 19 132 132 245 132 132 19 132 132 19 245 245 132 245 132 19 19 132 245 132 245 132 245 19 132 245 19 132 132 132 132 132 19 132 19 19 245 245 132 132 132 19 19 132 245 132 245 132 245 19 132 1 245 
c [Incremental] Max used label: 245.
c [Incremental] Label 245 is removed from searching.
c [Incremental] Solving for max label = 244:
c [Incremental] Solving duration: 25 ms.
s [Incremental] SAT (label = 244).
c [Incremental] Label assignment: 244 244 244 244 244 244 244 244 244 244 244 244 244 244 244 131 244 131 244 244 244 244 244 131 244 131 244 244 244 244 244 244 244 244 244 244 131 244 244 244 244 131 131 244 244 244 244 131 244 18 244 131 244 244 244 244 244 244 244 244 131 244 244 244 244 244 244 244 244 244 244 244 244 244 244 244 131 244 244 244 131 244 244 244 244 244 244 131 131 244 18 131 131 244 244 244 131 244 131 18 131 244 244 244 131 244 131 244 18 244 244 244 131 244 18 131 244 131 131 131 244 131 131 131 244 131 244 244 244 244 244 244 244 244 18 131 244 131 131 244 244 244 18 244 244 244 244 131 131 244 244 244 131 131 131 131 244 244 18 244 244 244 131 244 244 244 131 244 244 131 244 244 244 131 131 131 244 131 131 244 244 244 244 244 244 244 244 244 244 131 244 18 244 131 244 131 244 244 244 244 131 18 244 131 244 131 244 244 131 131 18 18 244 244 18 244 244 131 131 131 244 131 131 131 131 131 244 18 131 244 131 18 244 244 244 244 18 131 244 18 244 244 244 244 18 131 131 244 244 18 131 18 18 18 131 18 131 131 131 244 131 244 18 244 244 131 244 244 244 18 244 244 244 244 131 244 131 131 244 131 131 244 244 131 18 131 244 131 244 131 18 244 131 244 244 244 244 18 131 18 131 131 131 244 131 244 244 244 244 131 18 131 244 18 131 131 18 244 131 18 131 131 131 131 244 131 131 131 131 131 18 131 244 244 131 244 244 131 18 244 131 244 131 244 131 18 18 244 18 18 244 131 18 18 131 131 131 131 131 131 244 18 131 131 131 131 244 244 131 131 244 18 131 18 244 131 131 244 131 131 131 18 18 131 244 244 18 18 131 131 244 244 18 244 131 244 244 131 244 244 131 244 18 18 131 244 244 18 131 244 244 244 131 131 244 131 18 131 244 131 244 131 131 244 18 244 131 244 244 131 244 244 131 18 131 18 244 244 18 244 18 18 131 131 244 131 131 18 131 131 18 244 244 131 244 131 18 18 131 244 131 244 131 244 18 131 244 18 131 131 131 131 131 18 131 18 18 244 244 131 131 131 18 18 131 244 131 244 131 244 18 131 1 244 
c [Incremental] Max used label: 244.
c [Incremental] Label 244 is removed from searching.
c [Incremental] Solving for max label = 243:
c [Incremental] Solving duration: 25 ms.
s [Incremental] SAT (label = 243).
c [Incremental] Label assignment: 243 243 243 243 243 243 243 243 243 243 243 243 243 243 243 130 243 130 243 243 243 243 243 130 243 130 243 243 243 243 243 243 243 243 243 243 130 243 243 243 243 130 130 243 243 243 243 130 243 17 243 130 243 243 243 243 243 243 243 243 130 243 243 243 243 243 243 243 243 243 243 243 243 243 243 243 130 243 243 243 130 243 243 243 243 243 243 130 130 243 17 130 130 243 243 243 130 243 130 17 130 243 243 243 130 243 130 243 17 243 243 243 130 243 17 130 243 130 130 130 243 130 130 130 243 130 243 243 243 243 243 243 243 243 17 130 243 130 130 243 243 243 17 243 243 243 243 130 130 243 243 243 130 130 130 130 243 243 17 243 243 243 130 243 243 243 130 243 243 130 243 243 243 130 130 130 243 130 130 243 243 243 243 243 243 243 243 243 243 130 243 17 243 130 243 130 243 243 243 243 130 17 243 130 243 130 243 243 130 130 17 17 243 243 17 243 243 130 130 130 243 130 130 130 130 130 243 17 130 243 130 17 243 243 243 243 17 130 243 17 243 243 243 243 17 130 130 243 243 17 130 17 17 17 130 17 130 130 130 243 130 243 17 243 243 130 243 243 243 17 243 243 243 243 130 243 130 130 243 130 130 243 243 130 17 130 243 130 243 130 17 243 130 243 243 243 243 17 130 17 130 130 130 243 130 243 243 243 243 130 17 130 243 17 130 130 17 243 130 17 130 130 130 130 243 130 130 130 130 130 17 130 243 243 130 243 243 130 17 243 130 243 130 243 130 17 17 243 17 17 243 130 17 17 130 130 130 130 130 130 243 17 130 130 130 130 243 243 130 130 243 17 130 17 243 130 130 243 130 130 130 17 17 130 243 243 17 17 130 130 243 243 17 243 130 243 243 130 243 243 130 243 17 17 130 243 243 17 130 243 243 243 130 130 243 130 17 130 243 130 243 130 130 243 17 243 130 243 243 130 243 243 130 17 130 17 243 243 17 243 17 17 130 130 243 130 130 17 130 130 17 243 243 130 243 130 17 17 130 243 130 243 130 243 17 130 243 17 130 130 130 130 130 17 130 17 17 243 243 130 130 130 17 17 130 243 130 243 130 243 17 130 1 243 
c [Incremental] Max used label: 243.
c [Incremental] Label 243 is removed from searching.
c [Incremental] Solving for max label = 242:
c [Incremental] Solving duration: 25 ms.
s [Incremental] SAT (label = 242).
c [Incremental] Label assignment: 242 242 242 242 242 242 242 242 242 242 242 242 242 242 242 129 242 129 242 242 242 242 242 129 242 129 242 242 242 242 242 242 242 242 242 242 129 242 242 242 242 129 129 242 242 242 242 129 242 16 242 129 242 242 242 242 242 242 242 242 129 242 242 242 242 242 242 242 242 242 242 242 242 242 242 242 129 242 242 242 129 242 242 242 242 242 242 129 129 242 16 129 129 242 242 242 129 242 129 16 129 242 242 242 129 242 129 242 16 242 242 242 129 242 16 129 242 129 129 129 242 129 129 129 242 129 242 242 242 242 242 242 242 242 16 129 242 129 129 242 242 242 16 242 242 242 242 129 129 242 242 242 129 129 129 129 242 242 16 242 242 242 129 242 242 242 129 242 242 129 242 242 242 129 129 129 242 129 129 242 242 242 242 242 242 242 242 242 242 129 242 16 242 129 242 129 242 242 242 242 129 16 242 129 242 129 242 242 129 129 16 16 242 242 16 242 242 129 129 129 242 129 129 129 129 129 242 16 129 242 129 16 242 242 242 242 16 129 242 16 242 242 242 242 16 129 129 242 242 16 129 16 16 16 129 16 129 129 129 242 129 242 16 242 242 129 242 242 242 16 242 242 242 242 129 242 129 129 242 129 129 242 242 129 16 129 242 129 242 129 16 242 129 242 242 242 242 16 129 16 129 129 129 242 129 242 242 242 242 129 16 129 242 16 129 129 16 242 129 16 129 129 129 129 242 129 129 129 129 129 16 129 242 242 129 242 242 129 16 242 129 242 129 242 129 16 16 242 16 16 242 129 16 16 129 129 129 129 129 129 242 16 129 129 129 129 242 242 129 129 242 16 129 16 242 129 129 242 129 129 129 16 16 129 242 242 16 16 129 129 242 242 16 242 129 242 242 129 242 242 129 242 16 16 129 242 242 16 129 242 242 242 129 129 242 129 16 129 242 129 242 129 129 242 16 242 129 242 242 129 242 242 129 16 129 16 242 242 16 242 16 16 129 129 242 129 129 16 129 129 16 242 242 129 242 129 16 16 129 242 129 242 129 242 16 129 242 16 129 129 129 129 129 16 129 16 16 242 242 129 129 129 16 16 129 242 129 242 129 242 16 129 1 242 
c [Incremental] Max used label: 242.
c [Incremental] Label 242 is removed from searching.
c [Incremental] Solving for max label = 241:
c [Incremental] Solving duration: 25 ms.
s [Incremental] SAT (label = 241).
c [Incremental] Label assignment: 241 241 241 241 241 241 241 241 241 241 241 241 241 241 241 128 241 128 241 241 241 241 241 128 241 128 241 241 241 241 241 241 241 241 241 241 128 241 241 241 241 128 128 241 241 241 241 128 241 15 241 128 241 241 241 241 241 241 241 241 128 241 241 241 241 241 241 241 241 241 241 241 241 241 241 241 128 241 241 241 128 241 241 241 241 241 241 128 128 241 15 128 128 241 241 241 128 241 128 15 128 241 241 241 128 241 128 241 15 241 241 241 128 241 15 128 241 128 128 128 241 128 128 128 241 128 241 241 241 241 241 241 241 241 15 128 241 128 128 241 241 241 15 241 241 241 241 128 128 241 241 241 128 128 128 128 241 241 15 241 241 241 128 241 241 241 128 241 241 128 241 241 241 128 128 128 241 128 128 241 241 241 241 241 241 241 241 241 241 128 241 15 241 128 241 128 241 241 241 241 128 15 241 128 241 128 241 241 128 128 15 15 241 241 15 241 241 128 128 128 241 128 128 128 128 128 241 15 128 241 128 15 241 241 241 241 15 128 241 15 241 241 241 241 15 128 128 241 241 15 128 15 15 15 128 15 128 128 128 241 128 241 15 241 241 128 241 241 241 15 241 241 241 241 128 241 128 128 241 128 128 241 241 128 15 128 241 128 241 128 15 241 128 241 241 241 241 15 128 15 128 128 128 241 128 241 241 241 241 128 15 128 241 15 128 128 15 241 128 15 128 128 128 128 241 128 128 128 128 128 15 128 241 241 128 241 241 128 15 241 128 241 128 241 128 15 15 241 15 15 241 128 15 15 128 128 128 128 128 128 241 15 128 128 128 128 241 241 128 128 241 15 128 15 241 128 128 241 128 128 128 15 15 128 241 241 15 15 128 128 241 241 15 241 128 241 241 128 241 241 128 241 15 15 128 241 241 15 128 241 241 241 128 128 241 128 15 128 241 128 241 128 128 241 15 241 128 241 241 128 241 241 128 15 128 15 241 241 15 241 15 15 128 128 241 128 128 15 128 128 15 241 241 128 241 128 15 15 128 241 128 241 128 241 15 128 241 15 128 128 128 128 128 15 128 15 15 241 241 128 128 128 15 15 128 241 128 241 128 241 15 128 1 241 
c [Incremental] Max used label: 241.
c [Incremental] Label 241 is removed from searching.
c [Incremental] Solving for max label = 240:
c [Incremental] Solving duration: 25 ms.
s [Incremental] SAT (label = 240).
c [Incremental] Label assignment: 240 240 240 240 240 240 240 240 240 240 240 240 240 240 240 127 240 127 240 240 240 240 240 127 240 127 240 240 240 240 240 240 240 240 240 240 127 240 240 240 240 127 127 240 240 240 240 127 240 14 240 127 240 240 240 240 240 240 240 240 127 240 240 240 240 240 240 240 240 240 240 240 240 240 240 240 127 240 240 240 127 240 240 240 240 240 240 127 127 240 14 127 127 240 240 240 127 240 127 14 127 240 240 240 127 240 127 240 14 240 240 240 127 240 14 127 240 127 127 127 240 127 127 127 240 127 240 240 240 240 240 240 240 240 14 127 240 127 127 240 240 240 14 240 240 240 240 127 127 240 240 240 127 127 127 127 240 240 14 240 240 240 127 240 240 240 127 240 240 127 240 240 240 127 127 127 240 127 127 240 240 240 240 240 240 240 240 240 240 127 240 14 240 127 240 127 240 240 240 240 127 14 240 127 240 127 240 240 127 127 14 14 240 240 14 240 240 127 127 127 240 127 127 127 127 127 240 14 127 240 127 14 240 240 240 240 14 127 240 14 240 240 240 240 14 127 127 240 240 14 127 14 14 14 127 14 127 127 127 240 127 240 14 240 240 127 240 240 240 14 240 240 240 240 127 240 127 127 240 127 127 240 240 127 14 127 240 127 240 127 14 240 127 240 240 240 240 14 127 14 127 127 127 240 127 240 240 240 240 127 14 127 240 14 127 127 14 240 127 14 127 127 127 127 240 127 127 127 127 127 14 127 240 240 127 240 240 127 14 240 127 240 127 240 127 14 14 240 14 14 240 127 14 14 127 127 127 127 127 127 240 14 127 127 127 127 240 240 127 127 240 14 127 14 240 127 127 240 127 127 127 14 14 127 240 240 14 14 127 127 240 240 14 240 127 240 240 127 240 240 127 240 14 14 127 240 240 14 127 240 240 240 127 127 240 127 14 127 240 127 240 127 127 240 14 240 127 240 240 127 240 240 127 14 127 14 240 240 14 240 14 14 127 127 240 127 127 14 127 127 14 240 240 127 240 127 14 14 127 240 127 240 127 240 14 127 240 14 127 127 127 127 127 14 127 14 14 240 240 127 127 127 14 14 127 240 127 240 127 240 14 127 1 240 
c [Incremental] Max used label: 240.
c [Incremental] Label 240 is removed from searching.
c [Incremental] Solving for max label = 239:
c [Incremental] Solving duration: 25 ms.
s [Incremental] SAT (label = 239).
c [Incremental] Label assignment: 239 239 239 239 239 239 239 239 239 239 239 239 239 239 239 126 239 126 239 239 239 239 239 126 239 126 239 239 239 239 239 239 239 239 239 239 126 239 239 239 239 126 126 239 239 239 239 126 239 13 239 126 239 239 239 239 239 239 239 239 126 239 239 239 239 239 239 239 239 239 239 239 239 239 239 239 126 239 239 239 126 239 239 239 239 239 239 126 126 239 13 126 126 239 239 239 126 239 126 13 126 239 239 239 126 239 126 239 13 239 239 239 126 239 13 126 239 126 126 126 239 126 126 126 239 126 239 239 239 239 239 239 239 239 13 126 239 126 126 239 239 239 13 239 239 239 239 126 126 239 239 239 126 126 126 126 239 239 13 239 239 239 126 239 239 239 126 239 239 126 239 239 239 126 126 126 239 126 126 239 239 239 239 239 239 239 239 239 239 126 239 13 239 126 239 126 239 239 239 239 126 13 239 126 239 126 239 239 126 126 13 13 239 239 13 239 239 126 126 126 239 126 126 126 126 126 239 13 126 239 126 13 239 239 239 239 13 126 239 13 239 239 239 239 13 126 126 239 239 13 126 13 13 13 126 13 126 126 126 239 126 239 13 239 239 126 239 239 239 13 239 239 239 239 126 239 126 126 239 126 126 239 239 126 13 126 239 126 239 126 13 239 126 239 239 239 239 13 126 13 126 126 126 239 126 239 239 239 239 126 13 126 239 13 126 126 13 239 126 13 126 126 126 126 239 126 126 126 126 126 13 126 239 239 126 239 239 126 13 239 126 239 126 239 126 13 13 239 13 13 239 126 13 13 126 126 126 126 126 126 239 13 126 126 126 126 239 239 126 126 239 13 126 13 239 126 126 239 126 126 126 13 13 126 239 239 13 13 126 126 239 239 13 239 126 239 239 126 239 239 126 239 13 13 126 239 239 13 126 239 239 239 126 126 239 126 13 126 239 126 239 126 126 239 13 239 126 239 239 126 239 239 126 13 126 13 239 239 13 239 13 13 126 126 239 126 126 13 126 126 13 239 239 126 239 126 13 13 126 239 126 239 126 239 13 126 239 13 126 126 126 126 126 13 126 13 13 239 239 126 126 126 13 13 126 239 126 239 126 239 13 126 1 239 
c [Incremental] Max used label: 239.
c [Incremental] Label 239 is removed from searching.
c [Incremental] Solving for max label = 238:
c [Incremental] Solving duration: 26 ms.
s [Incremental] SAT (label = 238).
c [Incremental] Label assignment: 238 238 238 238 238 238 238 238 238 238 238 238 238 238 238 125 238 125 238 238 238 238 238 125 238 125 238 238 238 238 238 238 238 238 238 238 125 238 238 238 238 125 125 238 238 238 238 125 238 12 238 125 238 238 238 238 238 238 238 238 125 238 238 238 238 238 238 238 238 238 238 238 238 238 238 238 125 238 238 238 125 238 238 238 238 238 238 125 125 238 12 125 125 238 238 238 125 238 125 12 125 238 238 238 125 238 125 238 12 238 238 238 125 238 12 125 238 125 125 125 238 125 125 125 238 125 238 238 238 238 238 238 238 238 12 125 238 125 125 238 238 238 12 238 238 238 238 125 125 238 238 238 125 125 125 125 238 238 12 238 238 238 125 238 238 238 125 238 238 125 238 238 238 125 125 125 238 125 125 238 238 238 238 238 238 238 238 238 238 125 238 12 238 125 238 125 238 238 238 238 125 12 238 125 238 125 238 238 125 125 12 12 238 238 12 238 238 125 125 125 238 125 125 125 125 125 238 12 125 238 125 12 238 238 238 238 12 125 238 12 238 238 238 238 12 125 125 238 238 12 125 12 12 12 125 12 125 125 125 238 125 238 12 238 238 125 238 238 238 12 238 238 238 238 125 238 125 125 238 125 125 238 238 125 12 125 238 125 238 125 12 238 125 238 238 238 238 12 125 12 125 125 125 238 125 238 238 238 238 125 12 125 238 12 125 125 12 238 125 12 125 125 125 125 238 125 125 125 125 125 12 125 238 238 125 238 238 125 12 238 125 238 125 238 125 12 12 238 12 12 238 125 12 12 125 125 125 125 125 125 238 12 125 125 125 125 238 238 125 125 238 12 125 12 238 125 125 238 125 125 125 12 12 125 238 238 12 12 125 125 238 238 12 238 125 238 238 125 238 238 125 238 12 12 125 238 238 12 125 238 238 238 125 125 238 125 12 125 238 125 238 125 125 238 12 238 125 238 238 125 238 238 125 12 125 12 238 238 12 238 12 12 125 125 238 125 125 12 125 125 12 238 238 125 238 125 12 12 125 238 125 238 125 238 12 125 238 12 125 125 125 125 125 12 125 12 12 238 238 125 125 125 12 12 125 238 125 238 125 238 12 125 1 238 
c [Incremental] Max used label: 238.
c [Incremental] Label 238 is removed from searching.
c [Incremental] Solving for max label = 237:
c [Incremental] Solving duration: 25 ms.
s [Incremental] SAT (label = 237).
c [Incremental] Label assignment: 237 237 237 237 237 237 237 237 237 237 237 237 237 237 237 124 237 124 237 237 237 237 237 124 237 124 237 237 237 237 237 237 237 237 237 237 124 237 237 237 237 124 124 237 237 237 237 124 237 11 237 124 237 237 237 237 237 237 237 237 124 237 237 237 237 237 237 237 237 237 237 237 237 237 237 237 124 237 237 237 124 237 237 237 237 237 237 124 124 237 11 124 124 237 237 237 124 237 124 11 124 237 237 237 124 237 124 237 11 237 237 237 124 237 11 124 237 124 124 124 237 124 124 124 237 124 237 237 237 237 237 237 237 237 11 124 237 124 124 237 237 237 11 237 237 237 237 124 124 237 237 237 124 124 124 124 237 237 11 237 237 237 124 237 237 237 124 237 237 124 237 237 237 124 124 124 237 124 124 237 237 237 237 237 237 237 237 237 237 124 237 11 237 124 237 124 237 237 237 237 124 11 237 124 237 124 237 237 124 124 11 11 237 237 11 237 237 124 124 124 237 124 124 124 124 124 237 11 124 237 124 11 237 237 237 237 11 124 237 11 237 237 237 237 11 124 124 237 237 11 124 11 11 11 124 11 124 124 124 237 124 237 11 237 237 124 237 237 237 11 237 237 237 237 124 237 124 124 237 124 124 237 237 124 11 124 237 124 237 124 11 237 124 237 237 237 237 11 124 11 124 124 124 237 124 237 237 237 237 124 11 124 237 11 124 124 11 237 124 11 124 124 124 124 237 124 124 124 124 124 11 124 237 237 124 237 237 124 11 237 124 237 124 237 124 11 11 237 11 11 237 124 11 11 124 124 124 124 124 124 237 11 124 124 124 124 237 237 124 124 237 11 124 11 237 124 124 237 124 124 124 11 11 124 237 237 11 11 124 124 237 237 11 237 124 237 237 124 237 237 124 237 11 11 124 237 237 11 124 237 237 237 124 124 237 124 11 124 237 124 237 124 124 237 11 237 124 237 237 124 237 237 124 11 124 11 237 237 11 237 11 11 124 124 237 124 124 11 124 124 11 237 237 124 237 124 11 11 124 237 124 237 124 237 11 124 237 11 124 124 124 124 124 11 124 11 11 237 237 124 124 124 11 11 124 237 124 237 124 237 11 124 1 237 
c [Incremental] Max used label: 237.
c [Incremental] Label 237 is removed from searching.
c [Incremental] Solving for max label = 236:
c [Incremental] Solving duration: 25 ms.
s [Incremental] SAT (label = 236).
c [Incremental] Label assignment: 236 236 236 236 236 236 236 236 236 236 236 236 236 236 236 123 236 123 236 236 236 236 236 123 236 123 236 236 236 236 236 236 236 236 236 236 123 236 236 236 236 123 123 236 236 236 236 123 236 10 236 123 236 236 236 236 236 236 236 236 123 236 236 236 236 236 236 236 236 236 236 236 236 236 236 236 123 236 236 236 123 236 236 236 236 236 236 123 123 236 10 123 123 236 236 236 123 236 123 10 123 236 236 236 123 236 123 236 10 236 236 236 123 236 10 123 236 123 123 123 236 123 123 123 236 123 236 236 236 236 236 236 236 236 10 123 236 123 123 236 236 236 10 236 236 236 236 123 123 236 236 236 123 123 123 123 236 236 10 236 236 236 123 236 236 236 123 236 236 123 236 236 236 123 123 123 236 123 123 236 236 236 236 236 236 236 236 236 236 123 236 10 236 123 236 123 236 236 236 236 123 10 236 123 236 123 236 236 123 123 10 10 236 236 10 236 236 123 123 123 236 123 123 123 123 123 236 10 123 236 123 10 236 236 236 236 10 123 236 10 236 236 236 236 10 123 123 236 236 10 123 10 10 10 123 10 123 123 123 236 123 236 10 236 236 123 236 236 236 10 236 236 236 236 123 236 123 123 236 123 123 236 236 123 10 123 236 123 236 123 10 236 123 236 236 236 236 10 123 10 123 123 123 236 123 236 236 236 236 123 10 123 236 10 123 123 10 236 123 10 123 123 123 123 236 123 123 123 123 123 10 123 236 236 123 236 236 123 10 236 123 236 123 236 123 10 10 236 10 10 236 123 10 10 123 123 123 123 123 123 236 10 123 123 123 123 236 236 123 123 236 10 123 10 236 123 123 236 123 123 123 10 10 123 236 236 10 10 123 123 236 236 10 236 123 236 236 123 236 236 123 236 10 10 123 236 236 10 123 236 236 236 123 123 236 123 10 123 236 123 236 123 123 236 10 236 123 236 236 123 236 236 123 10 123 10 236 236 10 236 10 10 123 123 236 123 123 10 123 123 10 236 236 123 236 123 10 10 123 236 123 236 123 236 10 123 236 10 123 123 123 123 123 10 123 10 10 236 236 123 123 123 10 10 123 236 123 236 123 236 10 123 1 236 
c [Incremental] Max used label: 236.
c [Incremental] Label 236 is removed from searching.
c [Incremental] Solving for max label = 235:
c [Incremental] Solving duration: 25 ms.
s [Incremental] SAT (label = 235).
c [Incremental] Label assignment: 235 235 235 235 235 235 235 235 235 235 235 235 235 235 235 122 235 122 235 235 235 235 235 122 235 122 235 235 235 235 235 235 235 235 235 235 122 235 235 235 235 122 122 235 235 235 235 122 235 9 235 122 235 235 235 235 235 235 235 235 122 235 235 235 235 235 235 235 235 235 235 235 235 235 235 235 122 235 235 235 122 235 235 235 235 235 235 122 122 235 9 122 122 235 235 235 122 235 122 9 122 235 235 235 122 235 122 235 9 235 235 235 122 235 9 122 235 122 122 122 235 122 122 122 235 122 235 235 235 235 235 235 235 235 9 122 235 122 122 235 235 235 9 235 235 235 235 122 122 235 235 235 122 122 122 122 235 235 9 235 235 235 122 235 235 235 122 235 235 122 235 235 235 122 122 122 235 122 122 235 235 235 235 235 235 235 235 235 235 122 235 9 235 122 235 122 235 235 235 235 122 9 235 122 235 122 235 235 122 122 9 9 235 235 9 235 235 122 122 122 235 122 122 122 122 122 235 9 122 235 122 9 235 235 235 235 9 122 235 9 235 235 235 235 9 122 122 235 235 9 122 9 9 9 122 9 122 122 122 235 122 235 9 235 235 122 235 235 235 9 235 235 235 235 122 235 122 122 235 122 122 235 235 122 9 122 235 122 235 122 9 235 122 235 235 235 235 9 122 9 122 122 122 235 122 235 235 235 235 122 9 122 235 9 122 122 9 235 122 9 122 122 122 122 235 122 122 122 122 122 9 122 235 235 122 235 235 122 9 235 122 235 122 235 122 9 9 235 9 9 235 122 9 9 122 122 122 122 122 122 235 9 122 122 122 122 235 235 122 122 235 9 122 9 235 122 122 235 122 122 122 9 9 122 235 235 9 9 122 122 235 235 9 235 122 235 235 122 235 235 122 235 9 9 122 235 235 9 122 235 235 235 122 122 235 122 9 122 235 122 235 122 122 235 9 235 122 235 235 122 235 235 122 9 122 9 235 235 9 235 9 9 122 122 235 122 122 9 122 122 9 235 235 122 235 122 9 9 122 235 122 235 122 235 9 122 235 9 122 122 122 122 122 9 122 9 9 235 235 122 122 122 9 9 122 235 122 235 122 235 9 122 1 235 
c [Incremental] Max used label: 235.
c [Incremental] Label 235 is removed from searching.
c [Incremental] Solving for max label = 234:
c [Incremental] Solving duration: 25 ms.
s [Incremental] SAT (label = 234).
c [Incremental] Label assignment: 234 234 234 234 234 234 234 234 234 234 234 234 234 234 234 121 234 121 234 234 234 234 234 121 234 121 234 234 234 234 234 234 234 234 234 234 121 234 234 234 234 121 121 234 234 234 234 121 234 8 234 121 234 234 234 234 234 234 234 234 121 234 234 234 234 234 234 234 234 234 234 234 234 234 234 234 121 234 234 234 121 234 234 234 234 234 234 121 121 234 8 121 121 234 234 234 121 234 121 8 121 234 234 234 121 234 121 234 8 234 234 234 121 234 8 121 234 121 121 121 234 121 121 121 234 121 234 234 234 234 234 234 234 234 8 121 234 121 121 234 234 234 8 234 234 234 234 121 121 234 234 234 121 121 121 121 234 234 8 234 234 234 121 234 234 234 121 234 234 121 234 234 234 121 121 121 234 121 121 234 234 234 234 234 234 234 234 234 234 121 234 8 234 121 234 121 234 234 234 234 121 8 234 121 234 121 234 234 121 121 8 8 234 234 8 234 234 121 121 121 234 121 121 121 121 121 234 8 121 234 121 8 234 234 234 234 8 121 234 8 234 234 234 234 8 121 121 234 234 8 121 8 8 8 121 8 121 121 121 234 121 234 8 234 234 121 234 234 234 8 234 234 234 234 121 234 121 121 234 121 121 234 234 121 8 121 234 121 234 121 8 234 121 234 234 234 234 8 121 8 121 121 121 234 121 234 234 234 234 121 8 121 234 8 121 121 8 234 121 8 121 121 121 121 234 121 121 121 121 121 8 121 234 234 121 234 234 121 8 234 121 234 121 234 121 8 8 234 8 8 234 121 8 8 121 121 121 121 121 121 234 8 121 121 121 121 234 234 121 121 234 8 121 8 234 121 121 234 121 121 121 8 8 121 234 234 8 8 121 121 234 234 8 234 121 234 234 121 234 234 121 234 8 8 121 234 234 8 121 234 234 234 121 121 234 121 8 121 234 121 234 121 121 234 8 234 121 234 234 121 234 234 121 8 121 8 234 234 8 234 8 8 121 121 234 121 121 8 121 121 8 234 234 121 234 121 8 8 121 234 121 234 121 234 8 121 234 8 121 121 121 121 121 8 121 8 8 234 234 121 121 121 8 8 121 234 121 234 121 234 8 121 1 234 
c [Incremental] Max used label: 234.
c [Incremental] Label 234 is removed from searching.
c [Incremental] Solving for max label = 233:
c [Incremental] Solving duration: 25 ms.
s [Incremental] SAT (label = 233).
c [Incremental] Label assignment: 233 233 233 233 233 233 233 233 233 233 233 233 233 233 233 120 233 120 233 233 233 233 233 120 233 120 233 233 233 233 233 233 233 233 233 233 120 233 233 233 233 120 120 233 233 233 233 120 233 7 233 120 233 233 233 233 233 233 233 233 120 233 233 233 233 233 233 233 233 233 233 233 233 233 233 233 120 233 233 233 120 233 233 233 233 233 233 120 120 233 7 120 120 233 233 233 120 233 120 7 120 233 233 233 120 233 120 233 7 233 233 233 120 233 7 120 233 120 120 120 233 120 120 120 233 120 233 233 233 233 233 233 233 233 7 120 233 120 120 233 233 233 7 233 233 233 233 120 120 233 233 233 120 120 120 120 233 233 7 233 233 233 120 233 233 233 120 233 233 120 233 233 233 120 120 120 233 120 120 233 233 233 233 233 233 233 233 233 233 120 233 7 233 120 233 120 233 233 233 233 120 7 233 120 233 120 233 233 120 120 7 7 233 233 7 233 233 120 120 120 233 120 120 120 120 120 233 7 120 233 120 7 233 233 233 233 7 120 233 7 233 233 233 233 7 120 120 233 233 7 120 7 7 7 120 7 120 120 120 233 120 233 7 233 233 120 233 233 233 7 233 233 233 233 120 233 120 120 233 120 120 233 233 120 7 120 233 120 233 120 7 233 120 233 233 233 233 7 120 7 120 120 120 233 120 233 233 233 233 120 7 120 233 7 120 120 7 233 120 7 120 120 120 120 233 120 120 120 120 120 7 120 233 233 120 233 233 120 7 233 120 233 120 233 120 7 7 233 7 7 233 120 7 7 120 120 120 120 120 120 233 7 120 120 120 120 233 233 120 120 233 7 120 7 233 120 120 233 120 120 120 7 7 120 233 233 7 7 120 120 233 233 7 233 120 233 233 120 233 233 120 233 7 7 120 233 233 7 120 233 233 233 120 120 233 120 7 120 233 120 233 120 120 233 7 233 120 233 233 120 233 233 120 7 120 7 233 233 7 233 7 7 120 120 233 120 120 7 120 120 7 233 233 120 233 120 7 7 120 233 120 233 120 233 7 120 233 7 120 120 120 120 120 7 120 7 7 233 233 120 120 120 7 7 120 233 120 233 120 233 7 120 1 233 
c [Incremental] Max used label: 233.
c [Incremental] Label 233 is removed from searching.
c [Incremental] Solving for max label = 232:
c [Incremental] Solving duration: 25 ms.
s [Incremental] SAT (label = 232).
c [Incremental] Label assignment: 232 232 232 232 232 232 232 232 232 232 232 232 232 232 232 119 232 119 232 232 232 232 232 119 232 119 232 232 232 232 232 232 232 232 232 232 119 232 232 232 232 119 119 232 232 232 232 119 232 6 232 119 232 232 232 232 232 232 232 232 119 232 232 232 232 232 232 232 232 232 232 232 232 232 232 232 119 232 232 232 119 232 232 232 232 232 232 119 119 232 6 119 119 232 232 232 119 232 119 6 119 232 232 232 119 232 119 232 6 232 232 232 119 232 6 119 232 119 119 119 232 119 119 119 232 119 232 232 232 232 232 232 232 232 6 119 232 119 119 232 232 232 6 232 232 232 232 119 119 232 232 232 119 119 119 119 232 232 6 232 232 232 119 232 232 232 119 232 232 119 232 232 232 119 119 119 232 119 119 232 232 232 232 232 232 232 232 232 232 119 232 6 232 119 232 119 232 232 232 232 119 6 232 119 232 119 232 232 119 119 6 6 232 232 6 232 232 119 119 119 232 119 119 119 119 119 232 6 119 232 119 6 232 232 232 232 6 119 232 6 232 232 232 232 6 119 119 232 232 6 119 6 6 6 119 6 119 119 119 232 119 232 6 232 232 119 232 232 232 6 232 232 232 232 119 232 119 119 232 119 119 232 232 119 6 119 232 119 232 119 6 232 119 232 232 232 232 6 119 6 119 119 119 232 119 232 232 232 232 119 6 119 232 6 119 119 6 232 119 6 119 119 119 119 232 119 119 119 119 119 6 119 232 232 119 232 232 119 6 232 119 232 119 232 119 6 6 232 6 6 232 119 6 6 119 119 119 119 119 119 232 6 119 119 119 119 232 232 119 119 232 6 119 6 232 119 119 232 119 119 119 6 6 119 232 232 6 6 119 119 232 232 6 232 119 232 232 119 232 232 119 232 6 6 119 232 232 6 119 232 232 232 119 119 232 119 6 119 232 119 232 119 119 232 6 232 119 232 232 119 232 232 119 6 119 6 232 232 6 232 6 6 119 119 232 119 119 6 119 119 6 232 232 119 232 119 6 6 119 232 119 232 119 232 6 119 232 6 119 119 119 119 119 6 119 6 6 232 232 119 119 119 6 6 119 232 119 232 119 232 6 119 1 232 
c [Incremental] Max used label: 232.
c [Incremental] Label 232 is removed from searching.
c [Incremental] Solving for max label = 231:
c [Incremental] Solving duration: 25 ms.
s [Incremental] SAT (label = 231).
c [Incremental] Label assignment: 231 231 231 231 231 231 231 231 231 231 231 231 231 231 231 118 231 118 231 231 231 231 231 118 231 118 231 231 231 231 231 231 231 231 231 231 118 231 231 231 231 118 118 231 231 231 231 118 231 5 231 118 231 231 231 231 231 231 231 231 118 231 231 231 231 231 231 231 231 231 231 231 231 231 231 231 118 231 231 231 118 231 231 231 231 231 231 118 118 231 5 118 118 231 231 231 118 231 118 5 118 231 231 231 118 231 118 231 5 231 231 231 118 231 5 118 231 118 118 118 231 118 118 118 231 118 231 231 231 231 231 231 231 231 5 118 231 118 118 231 231 231 5 231 231 231 231 118 118 231 231 231 118 118 118 118 231 231 5 231 231 231 118 231 231 231 118 231 231 118 231 231 231 118 118 118 231 118 118 231 231 231 231 231 231 231 231 231 231 118 231 5 231 118 231 118 231 231 231 231 118 5 231 118 231 118 231 231 118 118 5 5 231 231 5 231 231 118 118 118 231 118 118 118 118 118 231 5 118 231 118 5 231 231 231 231 5 118 231 5 231 231 231 231 5 118 118 231 231 5 118 5 5 5 118 5 118 118 118 231 118 231 5 231 231 118 231 231 231 5 231 231 231 231 118 231 118 118 231 118 118 231 231 118 5 118 231 118 231 118 5 231 118 231 231 231 231 5 118 5 118 118 118 231 118 231 231 231 231 118 5 118 231 5 118 118 5 231 118 5 118 118 118 118 231 118 118 118 118 118 5 118 231 231 118 231 231 118 5 231 118 231 118 231 118 5 5 231 5 5 231 118 5 5 118 118 118 118 118 118 231 5 118 118 118 118 231 231 118 118 231 5 118 5 231 118 118 231 118 118 118 5 5 118 231 231 5 5 118 118 231 231 5 231 118 231 231 118 231 231 118 231 5 5 118 231 231 5 118 231 231 231 118 118 231 118 5 118 231 118 231 118 118 231 5 231 118 231 231 118 231 231 118 5 118 5 231 231 5 231 5 5 118 118 231 118 118 5 118 118 5 231 231 118 231 118 5 5 118 231 118 231 118 231 5 118 231 5 118 118 118 118 118 5 118 5 5 231 231 118 118 118 5 5 118 231 118 231 118 231 5 118 1 231 
c [Incremental] Max used label: 231.
c [Incremental] Label 231 is removed from searching.
c [Incremental] Solving for max label = 230:
c [Incremental] Solving duration: 25 ms.
s [Incremental] SAT (label = 230).
c [Incremental] Label assignment: 230 230 230 230 230 230 230 230 230 230 230 230 230 230 230 117 230 117 230 230 230 230 230 117 230 117 230 230 230 230 230 230 230 230 230 230 117 230 230 230 230 117 117 230 230 230 230 117 230 4 230 117 230 230 230 230 230 230 230 230 117 230 230 230 230 230 230 230 230 230 230 230 230 230 230 230 117 230 230 230 117 230 230 230 230 230 230 117 117 230 4 117 117 230 230 230 117 230 117 4 117 230 230 230 117 230 117 230 4 230 230 230 117 230 4 117 230 117 117 117 230 117 117 117 230 117 230 230 230 230 230 230 230 230 4 117 230 117 117 230 230 230 4 230 230 230 230 117 117 230 230 230 117 117 117 117 230 230 4 230 230 230 117 230 230 230 117 230 230 117 230 230 230 117 117 117 230 117 117 230 230 230 230 230 230 230 230 230 230 117 230 4 230 117 230 117 230 230 230 230 117 4 230 117 230 117 230 230 117 117 4 4 230 230 4 230 230 117 117 117 230 117 117 117 117 117 230 4 117 230 117 4 230 230 230 230 4 117 230 4 230 230 230 230 4 117 117 230 230 4 117 4 4 4 117 4 117 117 117 230 117 230 4 230 230 117 230 230 230 4 230 230 230 230 117 230 117 117 230 117 117 230 230 117 4 117 230 117 230 117 4 230 117 230 230 230 230 4 117 4 117 117 117 230 117 230 230 230 230 117 4 117 230 4 117 117 4 230 117 4 117 117 117 117 230 117 117 117 117 117 4 117 230 230 117 230 230 117 4 230 117 230 117 230 117 4 4 230 4 4 230 117 4 4 117 117 117 117 117 117 230 4 117 117 117 117 230 230 117 117 230 4 117 4 230 117 117 230 117 117 117 4 4 117 230 230 4 4 117 117 230 230 4 230 117 230 230 117 230 230 117 230 4 4 117 230 230 4 117 230 230 230 117 117 230 117 4 117 230 117 230 117 117 230 4 230 117 230 230 117 230 230 117 4 117 4 230 230 4 230 4 4 117 117 230 117 117 4 117 117 4 230 230 117 230 117 4 4 117 230 117 230 117 230 4 117 230 4 117 117 117 117 117 4 117 4 4 230 230 117 117 117 4 4 117 230 117 230 117 230 4 117 1 230 
c [Incremental] Max used label: 230.
c [Incremental] Label 230 is removed from searching.
c [Incremental] Solving for max label = 229:
c [Incremental] Solving duration: 25 ms.
s [Incremental] SAT (label = 229).
c [Incremental] Label assignment: 229 229 229 229 229 229 229 229 229 229 229 229 229 229 229 116 229 116 229 229 229 229 229 116 229 116 229 229 229 229 229 229 229 229 229 229 116 229 229 229 229 116 116 229 229 229 229 116 229 3 229 116 229 229 229 229 229 229 229 229 116 229 229 229 229 229 229 229 229 229 229 229 229 229 229 229 116 229 229 229 116 229 229 229 229 229 229 116 116 229 3 116 116 229 229 229 116 229 116 3 116 229 229 229 116 229 116 229 3 229 229 229 116 229 3 116 229 116 116 116 229 116 116 116 229 116 229 229 229 229 229 229 229 229 3 116 229 116 116 229 229 229 3 229 229 229 229 116 116 229 229 229 116 116 116 116 229 229 3 229 229 229 116 229 229 229 116 229 229 116 229 229 229 116 116 116 229 116 116 229 229 229 229 229 229 229 229 229 229 116 229 3 229 116 229 116 229 229 229 229 116 3 229 116 229 116 229 229 116 116 3 3 229 229 3 229 229 116 116 116 229 116 116 116 116 116 229 3 116 229 116 3 229 229 229 229 3 116 229 3 229 229 229 229 3 116 116 229 229 3 116 3 3 3 116 3 116 116 116 229 116 229 3 229 229 116 229 229 229 3 229 229 229 229 116 229 116 116 229 116 116 229 229 116 3 116 229 116 229 116 3 229 116 229 229 229 229 3 116 3 116 116 116 229 116 229 229 229 229 116 3 116 229 3 116 116 3 229 116 3 116 116 116 116 229 116 116 116 116 116 3 116 229 229 116 229 229 116 3 229 116 229 116 229 116 3 3 229 3 3 229 116 3 3 116 116 116 116 116 116 229 3 116 116 116 116 229 229 116 116 229 3 116 3 229 116 116 229 116 116 116 3 3 116 229 229 3 3 116 116 229 229 3 229 116 229 229 116 229 229 116 229 3 3 116 229 229 3 116 229 229 229 116 116 229 116 3 116 229 116 229 116 116 229 3 229 116 229 229 116 229 229 116 3 116 3 229 229 3 229 3 3 116 116 229 116 116 3 116 116 3 229 229 116 229 116 3 3 116 229 116 229 116 229 3 116 229 3 116 116 116 116 116 3 116 3 3 229 229 116 116 116 3 3 116 229 116 229 116 229 3 116 1 229 
c [Incremental] Max used label: 229.
c [Incremental] Label 229 is removed from searching.
c [Incremental] Solving for max label = 228:
c [Incremental] Solving duration: 25 ms.
s [Incremental] SAT (label = 228).
c [Incremental] Label assignment: 228 228 228 228 228 228 228 228 228 228 228 228 228 228 228 115 228 115 228 228 228 228 228 115 228 115 228 228 228 228 228 228 228 228 228 228 115 228 228 228 228 115 115 228 228 228 228 115 228 2 228 115 228 228 228 228 228 228 228 228 115 228 228 228 228 228 228 228 228 228 228 228 228 228 228 228 115 228 228 228 115 228 228 228 228 228 228 115 115 228 2 115 115 228 228 228 115 228 115 2 115 228 228 228 115 228 115 228 2 228 228 228 115 228 2 115 228 115 115 115 228 115 115 115 228 115 228 228 228 228 228 228 228 228 2 115 228 115 115 228 228 228 2 228 228 228 228 115 115 228 228 228 115 115 115 115 228 228 2 228 228 228 115 228 228 228 115 228 228 115 228 228 228 115 115 115 228 115 115 228 228 228 228 228 228 228 228 228 228 115 228 2 228 115 228 115 228 228 228 228 115 2 228 115 228 115 228 228 115 115 2 2 228 228 2 228 228 115 115 115 228 115 115 115 115 115 228 2 115 228 115 2 228 228 228 228 2 115 228 2 228 228 228 228 2 115 115 228 228 2 115 2 2 2 115 2 115 115 115 228 115 228 2 228 228 115 228 228 228 2 228 228 228 228 115 228 115 115 228 115 115 228 228 115 2 115 228 115 228 115 2 228 115 228 228 228 228 2 115 2 115 115 115 228 115 228 228 228 228 115 2 115 228 2 115 115 2 228 115 2 115 115 115 115 228 115 115 115 115 115 2 115 228 228 115 228 228 115 2 228 115 228 115 228 115 2 2 228 2 2 228 115 2 2 115 115 115 115 115 115 228 2 115 115 115 115 228 228 115 115 228 2 115 2 228 115 115 228 115 115 115 2 2 115 228 228 2 2 115 115 228 228 2 228 115 228 228 115 228 228 115 228 2 2 115 228 228 2 115 228 228 228 115 115 228 115 2 115 228 115 228 115 115 228 2 228 115 228 228 115 228 228 115 2 115 2 228 228 2 228 2 2 115 115 228 115 115 2 115 115 2 228 228 115 228 115 2 2 115 228 115 228 115 228 2 115 228 2 115 115 115 115 115 2 115 2 2 228 228 115 115 115 2 2 115 228 115 228 115 228 2 115 1 228 
c [Incremental] Max used label: 228.
c [Incremental] Label 228 is removed from searching.
c [Incremental] Solving for max label = 227:
c [Incremental] Solving duration: 24 ms.
s [Incremental] SAT (label = 227).
c [Incremental] Label assignment: 227 227 227 227 227 227 227 227 227 227 227 227 227 227 227 114 227 114 227 227 227 227 227 114 227 114 227 227 227 227 227 227 227 227 227 227 114 227 227 227 227 114 114 227 227 227 227 114 227 1 227 114 227 227 227 227 227 227 227 227 114 227 227 227 227 227 227 227 227 227 227 227 227 227 227 227 114 227 227 227 114 227 227 227 227 227 227 114 114 227 1 114 114 227 227 227 114 227 114 1 114 227 227 227 114 227 114 227 1 227 227 227 114 227 1 114 227 114 114 114 227 114 114 114 227 114 227 227 227 227 227 227 227 227 1 114 227 114 114 227 227 227 1 227 227 227 227 114 114 227 227 227 114 114 114 114 227 227 1 227 227 227 114 227 227 227 114 227 227 114 227 227 227 114 114 114 227 114 114 227 227 227 227 227 227 227 227 227 227 114 227 1 227 114 227 114 227 227 227 227 114 1 227 114 227 114 227 227 114 114 1 1 227 227 1 227 227 114 114 114 227 114 114 114 114 114 227 1 114 227 114 1 227 227 227 227 1 114 227 1 227 227 227 227 1 114 114 227 227 1 114 1 1 1 114 1 114 114 114 227 114 227 1 227 227 114 227 227 227 1 227 227 227 227 114 227 114 114 227 114 114 227 227 114 1 114 227 114 227 114 1 227 114 227 227 227 227 1 114 1 114 114 114 227 114 227 227 227 227 114 1 114 227 1 114 114 1 227 114 1 114 114 114 114 227 114 114 114 114 114 1 114 227 227 114 227 227 114 1 227 114 227 114 227 114 1 1 227 1 1 227 114 1 1 114 114 114 114 114 114 227 1 114 114 114 114 227 227 114 114 227 1 114 1 227 114 114 227 114 114 114 1 1 114 227 227 1 1 114 114 227 227 1 227 114 227 227 114 227 227 114 227 1 1 114 227 227 1 114 227 227 227 114 114 227 114 1 114 227 114 227 114 114 227 1 227 114 227 227 114 227 227 114 1 114 1 227 227 1 227 1 1 114 114 227 114 114 1 114 114 1 227 227 114 227 114 1 1 114 227 114 227 114 227 1 114 227 1 114 114 114 114 114 1 114 1 1 227 227 114 114 114 1 1 114 227 114 227 114 227 1 114 114 227 
c [Incremental] Max used label: 227.
c [Incremental] Label 227 is removed from searching.
c [Incremental] Solving for max label = 226:
c [Incremental] Solving duration: 1 ms.
s [Incremental] UNSAT (label = 226).
c [Signal] Signal interruption. Caught signal: SIGTERM (15).
c [Main] Work pid ends with result: 0.
r [Main] 
r [Main] Final results: 
r [Main] Total real time: 1915 ms.
r [Main] Total memory consumed: 271.1 MB.
r [Main] 
