c [Version] Minimize Makespan Labeling Encoder version 1.0.0.
c [Param] Target value is set to 110.
c [Param] LB is predefined as 111.
c [Param] UB is predefined as 331.
c [Param] Target value is set to Antibandwidth.
c [Param] Vertices mode is set to Has hole.
c [Param] Result verification is ON.
c [Param] Memory limit is set to 30000.
c [Param] Real time limit is set to 1800.
c [Param] Max CNF size is set to 10.
c [Main] Search strategy: Incremental from upper bound.
c [Main] Encoding and solving for graph: U-662_bus.mtx.rnd.
c [Incremental] Minimize Makespan Labeling problem (U-662_bus.mtx.rnd):
c [Incremental] Encoding starts with target value = 110:
c [Incremental] Encoding duration: 2641ms.
c [Incremental] Number of clauses: 2245069.
c [Incremental] Number of variables: 578661.
c [Incremental] Solving for max label = 331:
c [Incremental] Solving duration: 85 ms.
s [Incremental] SAT (label = 331).
c [Incremental] Label assignment: 331 331 331 331 331 331 331 331 331 331 221 331 331 331 331 331 331 331 331 331 331 331 221 221 331 331 331 331 331 331 331 331 331 331 331 331 331 331 331 331 331 331 331 331 221 331 331 331 331 331 331 331 331 331 331 331 331 331 331 221 331 331 331 331 331 331 331 221 331 221 331 331 221 221 221 331 331 331 331 331 331 331 331 331 221 331 331 331 331 221 331 221 331 331 221 331 331 331 331 331 221 331 331 331 111 221 331 221 331 331 331 331 331 331 331 221 221 331 221 331 331 331 331 221 331 221 331 331 221 331 331 221 221 331 221 331 331 331 331 221 331 221 221 331 221 221 331 221 221 221 331 331 331 331 331 331 331 331 331 331 331 331 221 331 331 331 111 221 331 111 221 331 331 331 221 221 111 331 331 331 221 221 221 331 221 331 221 221 331 331 221 331 331 221 331 221 221 331 221 221 331 331 221 331 331 111 331 331 331 221 221 331 331 331 331 221 331 221 331 221 166 331 331 221 221 111 331 331 331 331 111 221 221 221 331 331 331 221 221 111 331 331 221 221 221 331 331 331 331 221 111 221 221 221 221 331 111 331 221 221 221 221 111 331 221 221 221 331 331 221 221 221 221 331 221 331 331 221 221 331 331 331 221 331 331 1 221 111 221 1 221 221 221 331 331 111 221 331 221 221 111 221 111 331 331 221 331 331 56 221 111 221 221 221 111 111 221 331 331 111 1 331 221 221 1 111 221 331 331 1 221 331 1 331 221 221 331 221 221 221 331 221 221 111 221 331 331 221 331 331 331 221 221 331 221 111 331 331 331 331 221 221 221 221 221 221 111 221 221 221 221 331 111 331 331 111 331 221 221 331 111 331 221 221 221 111 221 111 221 221 111 331 221 111 221 111 221 221 221 221 1 331 331 221 111 331 221 221 331 221 111 331 331 331 111 111 111 221 331 221 331 221 221 331 111 221 331 221 221 111 221 221 221 221 331 331 221 221 111 221 331 221 111 1 221 111 221 221 221 331 111 331 111 221 1 331 331 331 331 331 1 331 221 221 221 111 221 331 331 111 221 221 111 221 111 221 221 221 331 331 221 56 221 1 111 331 331 221 331 331 331 221 111 221 331 221 221 111 221 221 111 1 111 331 331 221 331 111 331 111 221 111 111 111 111 221 111 111 221 111 111 221 221 1 221 111 221 331 331 331 111 221 331 221 221 221 111 221 221 111 221 221 331 111 331 221 221 111 331 331 111 221 111 111 331 111 331 111 111 221 221 111 331 221 221 111 331 221 111 331 111 1 221 221 331 331 111 221 111 221 111 111 111 111 221 221 1 221 221 221 221 331 111 1 221 331 1 331 221 111 221 111 111 331 221 331 111 331 111 1 111 111 111 331 331 331 331 1 331 331 111 221 221 111 111 221 221 331 1 111 111 1 111 331 221 111 221 221 111 1 331 1 331 331 221 111 111 1 111 331 221 111 221 221 331 331 111 1 111 111 1 221 
c [Incremental] Max used label: 331.
c [Incremental] Label 331 is removed from searching.
c [Incremental] Solving for max label = 330:
c [Incremental] Solving duration: 246 ms.
s [Incremental] UNSAT (label = 330).
c [Signal] Signal interruption. Caught signal: SIGTERM (15).
c [Main] Work pid ends with result: 0.
r [Main] 
r [Main] Final results: 
r [Main] Total real time: 3028 ms.
r [Main] Total memory consumed: 564.6 MB.
r [Main] 
