c [Version] Minimize Makespan Labeling Encoder version 1.0.0.
c [Param] LB is predefined as 61.
c [Param] UB is predefined as 212.
c [Param] Memory limit is set to 30000.
c [Param] Real time limit is set to 1800.
c [Param] Max CNF size is set to 10.
c [Main] Search strategy: Incremental from upper bound.
c [Main] Encoding and solving for graph: O-impcol_d.mtx.rnd.
c [Incremental] Minimize Makespan Labeling Antibandwidth problem (O-impcol_d.mtx.rnd):
c [Incremental] Encoding starts with target value = 60:
c [Incremental] Encoding duration: 1159ms.
c [Incremental] Number of clauses: 1435369.
c [Incremental] Number of variables: 237976.
c [Incremental] Solving for max label = 212:
c [Incremental] Solving duration: 47652 ms.
s [Incremental] SAT (label = 212).
Label assignment: 152 101 152 116 117 212 212 92 107 212 46 1 185 90 212 77 14 1 120 100 167 1 1 1 194 41 1 78 190 1 80 92 152 212 14 152 97 212 81 152 90 48 40 96 1 212 152 79 102 152 195 152 203 64 118 1 61 112 212 1 212 212 1 121 142 63 160 152 152 1 212 1 1 152 1 53 1 202 9 60 58 108 109 212 197 61 61 212 152 152 193 24 115 212 72 1 152 69 134 22 212 1 153 152 174 69 132 171 61 212 191 212 1 26 178 212 180 92 144 152 92 212 3 1 212 212 152 129 18 17 3 152 212 152 212 212 212 111 186 90 119 92 212 92 13 92 92 212 212 212 92 163 82 158 3 130 16 61 61 114 127 201 212 71 212 200 124 55 92 156 92 177 212 161 66 212 212 212 1 3 33 62 89 21 149 74 13 212 67 212 39 212 212 13 212 204 198 54 1 212 212 189 65 152 86 139 188 1 1 128 1 92 14 92 113 164 14 61 133 1 212 92 211 212 152 138 34 43 152 110 212 125 123 131 124 207 146 155 212 212 1 61 105 173 138 142 212 36 14 165 104 61 212 184 1 92 182 142 14 212 106 1 38 166 212 212 181 94 152 209 154 126 121 1 147 150 61 122 212 151 120 45 175 70 1 1 92 14 152 35 52 1 49 32 44 56 31 14 183 92 152 92 212 172 92 91 1 98 121 176 1 121 152 141 88 14 61 82 25 208 152 1 212 14 11 152 187 68 30 84 121 199 212 212 212 1 61 196 23 212 152 159 14 92 4 206 76 6 103 37 2 14 1 63 212 73 5 121 212 143 93 212 1 212 168 152 29 10 99 179 51 152 212 50 152 57 85 210 42 135 169 136 59 12 170 7 152 8 171 1 22 157 61 121 1 192 4 142 19 27 15 148 137 152 23 75 83 82 95 28 212 212 205 47 152 162 212 121 140 26 87 145 20 1 152 
c [Incremental] Max used label: 212.
c [Incremental] Label 212 is removed from searching.
c [Incremental] Solving for max label = 211:
c [Incremental] Solving duration: 342 ms.
s [Incremental] SAT (label = 211).
Label assignment: 151 101 151 116 117 211 211 91 107 211 46 1 185 90 211 77 14 1 120 100 167 1 1 1 194 41 1 78 190 1 96 91 151 211 14 151 97 211 81 151 90 48 40 92 1 211 152 79 102 151 195 151 203 64 118 1 61 112 211 1 211 211 1 121 142 63 160 151 151 16 211 1 1 151 1 53 1 202 9 60 58 108 109 211 197 61 61 211 151 151 193 24 115 211 72 1 151 69 134 22 211 1 153 151 174 69 132 171 61 211 191 211 1 26 178 211 180 90 144 147 90 211 3 1 211 211 151 129 18 17 3 151 211 151 211 211 211 111 186 90 119 90 211 90 13 90 90 211 211 211 90 163 82 158 3 130 144 61 61 114 127 201 211 71 211 200 124 55 90 156 90 177 211 161 66 211 211 211 1 3 33 62 89 21 149 74 13 211 67 211 39 211 211 31 4 204 198 54 1 211 211 189 65 151 86 139 188 1 1 128 1 90 14 90 113 164 14 61 133 1 211 90 211 211 151 138 34 43 151 110 211 125 123 131 124 207 146 155 211 211 1 61 105 173 138 142 211 36 14 165 104 61 211 184 1 92 182 142 14 211 106 1 38 166 211 211 181 94 151 209 154 126 121 1 147 150 61 122 211 151 120 45 175 70 1 1 90 14 151 35 52 1 49 28 44 56 28 14 183 80 151 90 211 172 90 91 1 98 121 176 1 121 151 141 88 14 61 82 25 208 151 1 211 14 11 151 187 68 30 84 121 199 211 211 211 1 61 196 23 211 151 159 14 90 4 206 76 6 103 37 2 14 1 63 211 73 5 121 211 143 93 211 1 211 168 151 29 10 99 179 51 150 211 50 151 57 85 210 42 135 169 136 59 12 170 7 151 8 162 1 22 157 61 121 1 192 4 142 19 27 15 148 137 151 20 75 83 82 95 28 211 211 205 47 151 152 211 121 140 26 87 145 32 1 151 
c [Incremental] Max used label: 211.
c [Incremental] Label 211 is removed from searching.
c [Incremental] Solving for max label = 210:
c [Incremental] Solving duration: 13301 ms.
s [Incremental] SAT (label = 210).
Label assignment: 150 101 150 116 117 210 210 90 107 210 46 1 185 90 210 77 14 1 120 100 167 1 1 1 194 41 1 78 190 1 80 90 150 210 14 150 100 210 81 150 90 48 40 96 1 210 150 79 112 150 152 150 196 64 118 1 61 108 210 1 210 210 1 124 142 104 160 150 150 1 203 1 1 150 1 53 1 202 9 60 58 119 109 210 197 61 61 210 150 150 193 24 102 210 72 1 150 69 134 22 210 1 153 150 174 69 130 171 61 210 191 210 1 26 178 210 180 90 144 147 90 210 3 1 210 210 150 129 18 17 3 150 210 150 210 210 210 111 186 90 115 90 210 90 13 90 90 210 210 210 90 163 82 158 3 97 16 61 61 114 127 201 210 71 210 200 95 55 90 156 90 177 210 161 66 210 210 210 1 3 33 65 89 21 149 74 13 210 67 210 39 210 210 13 210 204 198 54 1 210 210 189 4 150 86 139 188 1 1 128 1 90 14 90 113 164 14 61 133 1 210 90 210 210 150 138 34 43 150 110 210 125 123 131 124 207 146 155 210 210 1 61 105 173 132 94 210 36 14 165 108 61 210 183 1 92 182 142 14 210 106 1 38 166 210 210 181 98 150 210 154 126 121 1 147 150 61 122 210 150 120 45 175 70 1 1 90 14 150 35 52 1 49 30 44 56 30 14 184 90 150 90 210 172 84 90 1 109 121 176 1 121 150 141 88 14 61 82 25 208 150 1 210 14 11 150 187 68 30 85 121 199 210 210 210 1 61 195 23 210 150 159 14 90 4 206 76 6 103 37 10 14 1 63 210 73 5 121 151 143 93 210 1 210 168 150 29 15 99 179 51 150 209 50 150 57 89 210 42 135 169 136 59 12 170 7 150 8 171 1 22 157 62 121 1 192 2 142 19 27 20 148 137 150 28 75 83 82 91 31 210 210 205 47 145 162 210 121 140 26 87 149 32 1 150 
c [Incremental] Max used label: 210.
c [Incremental] Label 210 is removed from searching.
c [Incremental] Solving for max label = 209:
c [Incremental] Solving duration: 313 ms.
s [Incremental] SAT (label = 209).
Label assignment: 149 101 149 116 117 209 209 89 107 209 46 1 185 89 209 77 14 1 120 100 167 1 1 1 194 41 1 78 190 1 80 89 149 209 14 149 100 209 81 149 89 48 40 96 1 209 149 79 112 149 152 149 196 64 118 1 61 108 209 1 209 209 1 124 142 104 160 149 149 1 203 1 1 149 1 53 1 202 9 60 58 119 109 209 197 90 61 209 149 149 193 24 102 209 72 1 126 69 134 22 209 1 153 149 174 69 130 171 61 209 191 209 1 26 178 209 180 89 144 147 89 209 3 1 209 209 149 129 18 17 3 120 209 149 209 209 209 111 186 89 115 89 209 89 13 89 89 209 209 209 89 163 82 158 3 97 16 61 61 114 127 201 209 71 209 200 95 55 89 156 89 177 209 161 66 209 209 209 1 3 33 65 89 21 149 74 13 209 67 209 39 209 209 13 209 204 198 54 1 209 209 189 4 149 86 139 188 1 1 128 1 89 14 89 113 164 14 61 133 1 209 89 209 209 149 138 34 43 149 110 209 125 123 131 124 207 146 155 209 209 1 61 105 173 132 94 209 36 14 165 108 61 209 183 1 92 182 142 14 209 106 1 38 166 209 209 181 98 149 209 154 126 121 1 147 149 61 122 209 149 120 45 175 70 1 1 89 14 149 35 52 1 49 29 44 56 29 14 184 89 149 89 209 172 84 89 30 109 121 176 1 121 149 141 88 14 61 82 25 208 149 1 209 14 11 149 187 68 25 85 121 199 209 209 209 1 61 195 23 209 149 159 14 89 4 206 76 6 103 37 10 14 1 63 209 73 5 121 151 143 93 150 1 209 168 149 29 15 99 179 51 149 209 50 149 57 89 209 42 135 169 136 59 12 170 7 149 8 171 1 22 157 62 121 1 192 2 142 19 27 20 148 137 149 28 75 83 82 91 31 209 209 205 47 145 162 209 121 140 26 87 149 32 1 149 
c [Incremental] Max used label: 209.
c [Incremental] Label 209 is removed from searching.
c [Incremental] Solving for max label = 208:
c [Incremental] Solving duration: 321 ms.
s [Incremental] SAT (label = 208).
Label assignment: 148 101 148 116 117 205 208 86 107 207 46 1 185 86 207 77 14 1 120 100 167 1 89 1 194 41 1 78 190 1 80 88 148 208 14 147 100 205 81 148 88 48 40 96 1 205 148 79 112 148 152 147 196 64 118 1 61 108 208 1 208 207 1 124 142 104 160 148 147 1 203 1 1 148 1 53 1 202 9 60 58 119 109 208 197 90 61 208 148 148 193 24 102 208 72 1 126 69 134 22 207 1 153 148 174 69 130 171 61 207 191 207 1 26 178 150 180 88 144 147 88 208 3 1 207 204 148 129 18 17 3 120 208 147 208 208 208 111 186 88 115 88 207 88 13 88 88 207 207 207 88 163 82 158 3 97 16 61 61 114 127 201 208 71 207 200 95 55 88 156 88 177 207 161 66 204 208 208 1 3 33 65 88 21 148 74 13 208 67 208 39 208 208 13 208 204 198 54 1 207 208 189 4 147 86 139 188 1 29 128 1 86 14 86 113 164 14 61 133 1 207 86 208 208 148 138 34 43 148 110 207 125 123 131 124 207 146 155 208 208 1 61 105 173 132 94 208 36 14 165 108 61 208 183 1 92 182 142 14 208 106 1 38 166 207 207 181 98 148 207 154 126 121 1 147 148 61 122 208 148 120 45 175 70 1 1 86 14 147 35 52 1 49 25 44 56 25 14 184 86 148 88 208 172 84 88 30 109 121 176 1 121 148 141 88 14 61 82 25 208 148 1 208 14 11 147 187 68 25 85 121 199 208 208 208 1 61 195 23 208 147 159 14 88 4 206 76 6 103 37 10 14 1 63 207 73 5 121 151 143 93 149 1 208 168 148 25 15 99 179 51 148 208 50 148 57 88 208 42 135 169 136 59 12 170 7 148 8 171 1 22 157 62 121 1 192 2 142 19 27 20 148 137 148 28 75 83 82 91 31 207 208 205 47 145 162 208 121 140 26 87 148 32 1 148 
c [Incremental] Max used label: 208.
c [Incremental] Label 208 is removed from searching.
c [Incremental] Solving for max label = 207:
c [Incremental] Solving duration: 1128 ms.
s [Incremental] SAT (label = 207).
Label assignment: 147 101 147 116 117 205 207 87 107 207 46 1 185 87 207 77 14 1 120 100 167 1 93 1 194 41 1 78 190 1 88 86 147 207 14 147 100 205 80 147 87 48 40 96 1 205 150 79 112 147 152 147 196 64 118 1 61 108 207 1 207 207 1 124 142 104 160 147 147 1 203 1 1 147 1 53 1 202 9 60 58 119 109 207 197 90 61 207 147 147 193 24 102 207 72 1 126 69 134 22 207 1 153 147 174 69 130 171 61 207 191 207 1 26 178 207 180 86 144 147 87 207 3 1 207 204 147 129 18 17 3 120 207 147 207 207 207 111 186 86 115 86 207 86 13 86 81 207 207 207 86 163 82 158 3 97 144 61 61 114 127 201 207 71 207 200 95 55 86 156 86 177 207 161 66 204 207 207 1 3 33 65 86 28 147 74 13 207 67 207 39 207 207 16 4 204 198 54 1 207 207 189 4 147 86 139 188 1 30 128 1 86 14 86 113 164 14 61 133 1 207 86 207 207 147 138 34 43 147 110 207 125 123 131 124 207 146 155 207 207 1 61 105 173 132 94 207 36 14 165 108 61 207 183 1 89 182 142 14 207 106 1 38 166 207 207 181 98 147 207 154 126 121 1 147 147 61 122 207 147 120 45 175 70 1 1 86 14 147 35 52 1 49 25 44 56 25 14 184 86 147 87 207 172 84 87 29 109 121 176 1 121 147 141 86 14 61 82 25 207 147 1 207 14 11 147 187 68 25 85 121 199 207 207 207 1 61 195 23 207 147 159 14 87 4 206 76 6 103 37 10 14 1 63 207 73 5 121 151 143 92 148 1 207 168 147 22 15 99 179 51 147 207 50 147 57 87 207 42 135 169 136 59 12 170 7 147 8 149 1 21 157 62 121 1 192 2 142 19 27 20 147 137 147 27 75 83 82 91 31 207 207 205 47 145 162 207 121 140 26 87 147 32 1 147 
c [Incremental] Max used label: 207.
c [Incremental] Label 207 is removed from searching.
c [Incremental] Solving for max label = 206:
c [Incremental] Solving duration: 602 ms.
s [Incremental] SAT (label = 206).
Label assignment: 146 101 146 116 117 205 206 206 107 206 46 1 185 79 206 77 14 1 120 100 167 1 90 1 194 41 1 78 190 1 87 86 146 206 14 146 100 206 81 146 80 48 40 96 1 205 150 79 112 146 152 146 196 64 118 1 61 108 206 1 206 206 1 124 142 104 160 146 146 1 203 1 1 146 1 53 1 202 9 60 58 119 109 206 197 89 61 206 146 146 193 24 102 206 72 1 126 69 130 22 206 1 153 146 174 69 128 171 61 204 191 204 1 26 178 205 180 86 144 146 86 206 3 1 206 204 146 129 18 17 3 144 206 146 206 206 206 111 186 86 115 86 205 86 13 86 86 206 205 206 86 163 82 149 28 97 144 61 61 114 91 201 206 71 206 200 95 55 86 147 86 177 206 161 66 204 206 206 1 3 33 65 86 27 146 74 13 206 67 206 39 206 206 16 4 204 198 54 1 205 206 189 4 146 86 139 188 1 29 113 1 86 14 86 148 164 14 61 133 1 206 86 206 30 146 138 34 43 146 110 206 125 123 132 124 204 146 155 206 206 1 61 105 173 134 94 206 36 14 165 108 61 206 183 1 92 182 142 14 206 106 1 38 166 206 206 181 98 146 206 154 127 121 1 146 144 61 122 206 146 162 45 175 70 1 1 86 14 146 35 52 1 49 146 44 56 25 14 184 86 146 86 206 172 84 86 1 109 121 176 1 121 146 141 86 14 61 82 25 206 146 1 206 14 11 146 187 68 23 85 121 199 206 206 206 1 61 195 22 206 146 159 14 86 4 206 76 6 103 37 10 14 1 63 206 73 5 121 151 143 93 158 1 206 168 146 21 15 99 179 51 146 206 50 146 57 86 204 42 135 169 136 59 12 170 7 146 8 171 1 18 157 62 121 1 192 2 142 19 25 20 146 137 146 25 75 83 82 88 31 204 206 205 47 145 156 206 121 140 26 86 146 32 131 146 
c [Incremental] Max used label: 206.
c [Incremental] Label 206 is removed from searching.
c [Incremental] Solving for max label = 205:
c [Incremental] Solving duration: 24939 ms.
s [Incremental] SAT (label = 205).
Label assignment: 205 205 170 61 197 2 72 204 117 122 60 106 3 76 145 72 1 186 167 205 3 9 205 16 188 157 1 86 203 79 99 189 145 5 54 145 85 201 85 205 205 200 145 205 71 5 72 205 85 185 161 205 119 108 159 145 85 92 63 1 136 144 83 145 142 184 158 182 180 194 7 1 202 192 1 44 179 7 205 57 55 96 151 69 90 80 72 120 129 183 5 74 5 39 77 63 84 67 205 14 205 145 18 205 4 62 112 178 131 74 145 7 34 25 205 191 196 134 144 2 145 198 3 145 205 8 108 134 8 205 107 115 190 187 123 145 40 118 73 83 116 94 205 85 13 145 85 205 177 205 2 145 8 145 3 160 205 101 6 91 153 33 205 92 205 1 146 50 132 163 109 164 134 193 66 1 6 17 8 7 102 74 85 21 145 36 13 103 95 81 11 205 205 26 6 1 145 205 205 9 205 195 152 145 97 139 205 1 11 205 2 83 14 85 150 145 14 76 205 205 11 76 72 205 205 205 29 205 205 111 70 154 123 127 125 11 205 205 89 93 1 73 176 174 11 85 205 149 14 6 147 72 205 6 1 205 205 205 14 38 120 133 41 205 205 145 85 85 1 11 205 205 205 1 205 145 133 205 85 1 172 11 162 104 205 1 35 9 145 132 46 132 58 42 30 56 11 205 205 85 145 61 61 165 138 76 145 72 205 180 1 199 145 141 76 14 145 85 12 12 85 4 145 14 45 145 98 61 205 85 205 68 17 205 76 135 64 145 205 205 142 22 16 85 110 1 88 145 87 145 12 37 145 28 15 66 19 134 166 43 205 124 27 75 145 148 65 31 85 173 47 143 205 121 205 59 113 205 24 205 169 171 205 1 145 126 205 114 32 1 128 205 61 12 1 140 10 155 205 130 20 205 168 137 23 3 105 82 78 156 145 175 48 49 145 100 52 205 181 1 85 53 51 205 205 
c [Incremental] Max used label: 205.
c [Incremental] Label 205 is removed from searching.
c [Incremental] Solving for max label = 204:
c [Incremental] Solving duration: 288 ms.
s [Incremental] SAT (label = 204).
Label assignment: 204 84 170 54 197 2 72 204 117 122 60 106 3 76 144 72 1 186 167 204 3 9 204 16 188 157 1 86 203 79 99 189 136 5 53 144 84 201 76 204 204 200 136 25 71 5 72 204 84 185 161 204 119 108 159 144 84 92 63 1 136 144 76 136 142 184 158 182 180 194 7 1 202 192 1 44 179 7 2 57 55 96 151 69 90 80 72 120 129 183 5 74 5 39 77 63 84 67 204 14 204 143 18 204 4 62 112 178 131 74 144 7 34 25 204 191 196 134 144 2 144 198 3 144 76 8 108 134 8 204 107 115 190 187 123 144 40 118 73 83 116 94 204 84 13 144 84 204 177 84 2 144 8 144 3 160 204 101 6 91 153 33 204 92 82 1 146 50 132 163 109 164 134 193 66 1 6 17 8 7 102 74 84 21 144 36 13 103 95 81 11 204 204 26 6 1 144 204 2 9 204 195 152 144 97 139 204 1 11 204 2 83 14 84 150 144 14 76 198 204 11 76 72 198 204 204 29 204 204 111 70 154 123 127 125 11 204 70 89 93 1 73 176 174 11 83 84 149 28 6 147 72 204 6 1 204 204 204 14 38 120 133 41 198 204 144 76 85 1 11 198 84 204 1 198 144 133 204 84 1 172 11 162 104 204 1 35 9 144 132 46 132 58 42 30 56 11 198 198 84 144 61 61 165 138 76 144 72 204 180 1 199 136 141 76 14 144 84 12 12 84 4 144 14 45 136 98 61 204 84 198 68 17 198 76 135 64 136 204 204 142 22 16 76 110 1 88 144 87 144 12 24 144 62 15 66 19 134 166 43 204 124 27 75 145 148 65 31 84 173 47 143 204 121 204 59 113 204 24 198 169 171 204 1 145 126 204 114 32 1 128 204 61 12 1 140 10 155 204 130 20 204 168 137 23 3 105 82 78 156 144 175 48 49 144 100 52 198 181 1 84 37 51 204 198 
c [Incremental] Max used label: 204.
c [Incremental] Label 204 is removed from searching.
c [Incremental] Solving for max label = 203:
c [Incremental] Solving duration: 404 ms.
s [Incremental] SAT (label = 203).
Label assignment: 203 83 170 46 197 2 72 77 117 122 60 106 3 76 143 72 1 186 167 76 3 9 24 16 188 157 1 86 203 79 99 189 136 5 54 143 83 201 76 203 72 200 145 25 71 5 72 203 83 185 161 2 119 108 159 139 83 92 63 1 136 143 76 136 142 184 158 182 180 194 7 1 202 192 1 52 179 7 2 57 55 98 151 69 90 80 72 120 129 183 5 74 5 39 77 63 83 67 203 14 203 143 144 199 4 62 112 178 131 74 143 7 34 25 203 191 196 134 143 2 143 198 3 143 76 8 108 134 8 203 107 115 190 187 123 143 42 118 73 83 116 96 203 79 13 143 83 203 177 83 2 143 8 143 3 160 203 101 6 91 153 33 203 94 82 1 146 50 132 163 109 164 134 193 66 1 6 17 8 7 102 74 83 21 143 36 13 103 95 81 11 203 203 26 6 1 143 203 203 9 203 195 152 143 97 139 203 1 11 74 2 83 14 83 150 145 14 76 198 203 8 76 72 198 203 203 29 203 203 111 70 154 123 127 125 11 203 70 89 93 1 73 176 174 11 83 83 149 35 6 147 68 203 6 1 203 203 203 14 44 120 128 62 198 203 145 85 83 1 8 198 83 203 1 198 143 133 203 83 1 172 11 162 104 203 1 38 40 143 132 14 132 58 41 30 56 11 198 198 83 143 61 61 165 138 76 143 72 203 180 1 199 136 141 76 14 143 79 12 12 83 4 143 14 45 136 136 61 203 83 198 68 17 198 76 135 64 136 203 203 142 22 16 76 110 1 88 143 87 143 15 23 143 28 10 66 19 134 166 43 203 124 27 75 143 148 65 31 84 173 47 143 203 121 203 59 113 203 23 198 169 171 203 1 145 126 203 114 32 1 132 203 61 8 1 140 18 155 203 130 20 203 168 137 23 3 105 82 78 156 143 175 48 49 143 100 53 198 181 1 83 37 51 203 198 
c [Incremental] Max used label: 203.
c [Incremental] Label 203 is removed from searching.
c [Incremental] Solving for max label = 202:
c [Incremental] Solving duration: 31228 ms.
s [Incremental] SAT (label = 202).
Label assignment: 202 82 170 61 202 35 82 202 118 199 34 81 3 76 142 73 24 182 162 202 5 9 64 16 202 37 7 86 202 79 103 189 139 202 54 142 82 202 82 202 202 36 120 4 74 137 76 202 82 199 161 141 202 82 163 3 66 96 84 9 142 141 33 142 146 187 155 177 178 202 6 1 202 202 1 40 179 8 8 8 50 109 144 69 85 81 75 102 129 202 185 45 5 17 82 63 202 82 202 141 202 125 171 142 1 80 112 158 140 44 142 141 39 27 202 202 202 202 127 202 82 202 2 128 202 8 108 181 8 202 107 115 75 139 123 142 21 98 82 66 113 99 202 77 13 135 80 202 180 202 2 202 8 202 9 202 202 104 9 82 153 57 202 95 202 1 151 8 142 157 106 159 179 202 76 5 7 17 23 8 94 89 82 25 142 21 13 110 100 82 11 142 202 32 9 8 142 142 133 9 202 121 90 138 91 139 192 9 202 119 4 82 14 79 150 142 14 78 9 149 11 76 72 202 198 202 26 200 202 111 70 154 147 142 132 11 202 202 87 67 9 61 176 174 202 186 202 148 14 6 143 71 199 8 31 202 142 202 14 21 202 131 60 142 202 202 1 73 1 11 197 196 62 1 116 142 142 202 75 6 172 202 169 97 142 3 32 9 138 130 59 142 38 56 29 42 7 173 202 73 202 61 82 156 81 76 142 78 202 168 6 195 142 142 76 14 124 71 12 2 202 5 136 14 51 138 117 184 202 75 202 68 28 202 76 135 30 101 202 142 136 22 16 62 92 6 80 131 88 202 12 19 142 52 17 66 19 202 166 43 202 122 41 141 194 140 65 19 71 10 55 142 202 142 183 58 202 202 15 191 152 167 83 1 165 126 188 93 53 1 134 71 61 202 1 193 10 164 202 135 20 142 160 142 22 18 81 81 105 145 142 175 46 45 142 114 49 190 201 6 82 48 47 1 202 
c [Incremental] Max used label: 202.
c [Incremental] Label 202 is removed from searching.
c [Incremental] Solving for max label = 201:
c [Incremental] Solving duration: 258 ms.
s [Incremental] SAT (label = 201).
Label assignment: 201 82 170 61 201 35 81 201 118 199 34 81 3 76 141 73 24 182 162 201 5 9 64 16 201 37 7 86 201 79 103 189 139 201 54 141 81 201 81 201 201 36 120 4 74 137 76 201 81 199 161 141 201 81 163 3 66 96 84 9 141 141 33 141 146 187 155 177 178 201 6 1 201 201 1 40 179 8 8 8 50 109 144 69 85 81 75 102 129 201 185 45 5 17 81 63 201 81 201 141 201 125 171 141 1 80 112 158 140 44 142 141 39 27 201 201 201 201 127 201 81 201 2 128 201 8 108 181 8 201 107 115 75 139 123 141 21 98 81 66 113 99 201 77 13 135 80 201 180 201 2 201 8 201 9 201 201 104 9 81 153 57 201 95 201 1 151 8 141 157 106 159 179 201 76 5 7 17 23 8 94 89 81 25 141 21 13 110 100 81 11 141 201 32 9 8 141 141 133 9 201 121 90 138 91 139 192 9 8 119 4 81 14 79 150 141 14 78 9 149 11 76 72 201 198 201 26 200 201 111 70 154 147 141 132 11 201 201 87 67 9 61 176 174 201 186 201 148 14 6 143 71 199 8 31 201 141 201 14 21 201 131 60 141 201 201 1 73 1 11 197 196 62 1 116 141 141 201 75 6 172 201 169 97 141 3 32 9 138 130 59 141 38 56 29 42 7 173 201 73 201 61 81 156 81 76 141 78 201 168 6 195 141 141 76 14 124 71 12 2 201 5 136 14 51 138 117 184 201 75 201 68 28 201 76 135 30 101 201 141 136 19 16 62 92 6 80 131 88 201 9 19 141 52 17 66 19 201 166 43 201 122 41 141 194 140 65 18 71 141 55 141 201 141 183 58 201 201 15 191 152 167 83 1 165 126 188 93 53 1 134 71 61 201 1 193 10 164 201 135 20 142 160 141 21 22 81 81 105 145 141 175 46 45 141 114 49 190 201 6 69 48 47 1 201 
c [Incremental] Max used label: 201.
c [Incremental] Label 201 is removed from searching.
c [Incremental] Solving for max label = 200:
c [Incremental] Solving duration: 247 ms.
s [Incremental] SAT (label = 200).
Label assignment: 200 82 170 61 200 35 80 200 118 199 34 80 3 76 140 73 24 182 162 200 5 9 81 16 200 37 7 86 200 79 103 189 139 200 54 140 80 200 80 200 200 36 120 4 74 137 76 200 80 199 161 140 200 80 163 3 66 96 84 9 140 140 33 140 146 187 155 177 178 200 6 1 200 200 1 40 179 8 8 8 50 109 144 69 85 80 75 102 129 200 185 45 5 17 80 63 200 80 200 140 200 125 171 140 1 80 112 158 140 44 141 140 39 27 200 200 200 200 127 200 80 200 2 128 200 8 108 181 8 200 107 115 75 139 123 140 20 98 80 66 113 99 200 77 13 135 80 200 180 200 2 200 8 200 9 200 200 104 9 80 153 57 200 95 200 1 151 8 140 157 106 159 179 200 76 5 7 17 23 8 94 89 80 25 140 20 13 110 100 80 11 140 200 32 9 8 140 140 133 9 200 121 90 138 91 139 192 9 8 119 4 80 14 79 150 140 14 78 9 149 11 76 72 200 198 200 26 200 200 111 70 154 147 140 132 11 200 200 87 67 9 61 176 174 200 186 200 148 14 6 143 71 199 8 31 200 140 200 14 19 200 131 60 140 200 200 1 73 1 11 197 196 64 1 116 140 140 200 75 6 172 200 169 97 140 3 32 9 138 130 59 140 38 56 29 42 7 173 200 73 200 61 80 156 80 76 140 78 200 168 6 195 140 140 76 14 124 71 12 2 200 5 136 14 51 138 117 184 200 75 200 68 28 200 76 135 30 101 200 140 136 19 16 62 92 6 80 131 88 200 12 21 140 52 17 66 19 200 166 43 200 122 41 140 194 140 65 19 71 140 55 140 200 140 183 58 200 200 15 191 152 167 83 1 165 126 188 93 53 1 134 71 61 200 1 193 10 164 200 135 20 142 160 140 18 22 80 80 105 145 140 175 46 45 140 114 49 190 200 6 80 48 47 1 200 
c [Incremental] Max used label: 200.
c [Incremental] Label 200 is removed from searching.
c [Incremental] Solving for max label = 199:
c [Incremental] Solving duration: 18840 ms.
s [Incremental] SAT (label = 199).
Label assignment: 199 79 170 34 6 35 69 27 118 199 11 61 3 4 135 73 24 182 162 199 5 9 64 4 199 37 7 95 197 79 103 189 139 130 54 137 78 196 76 186 74 36 120 4 74 137 76 121 66 199 161 139 199 69 163 3 66 96 84 9 139 139 33 136 146 187 155 177 178 192 1 199 199 192 1 40 179 1 8 39 47 2 144 69 83 68 75 102 129 185 136 45 5 9 66 63 199 79 189 1 3 199 171 190 5 80 112 158 134 94 140 130 44 26 199 196 196 122 127 199 68 199 2 128 1 1 109 181 79 197 107 115 75 139 123 128 1 98 70 66 111 105 199 77 76 135 20 197 180 8 2 139 8 1 3 65 199 104 9 79 153 59 199 91 199 1 151 8 132 157 106 159 179 199 76 5 7 17 23 6 100 108 68 25 129 1 199 110 105 198 10 199 199 32 9 8 198 142 133 6 192 121 191 138 88 139 2 9 8 119 4 78 68 79 150 142 14 78 1 149 11 199 72 197 66 199 28 199 199 113 70 154 147 139 132 11 199 199 87 99 9 108 176 174 128 89 198 148 14 6 143 71 76 8 30 199 139 139 90 1 75 131 58 139 16 199 1 73 1 11 197 5 62 1 116 139 139 196 75 6 172 199 169 70 199 3 32 9 138 130 56 199 38 57 29 13 199 166 199 73 82 61 65 156 66 6 132 92 199 168 6 195 137 131 76 65 124 71 9 1 138 5 126 67 51 138 117 184 194 199 199 68 22 199 2 135 50 101 199 199 136 194 66 62 97 6 93 131 86 199 12 19 139 41 10 66 31 7 173 43 199 122 19 139 194 199 65 18 81 199 60 139 198 125 183 42 113 199 15 191 152 167 85 1 165 126 188 61 55 1 141 71 61 199 1 193 4 164 199 135 5 142 160 139 197 21 70 73 105 145 139 175 46 45 137 114 49 190 193 6 73 53 52 48 79 
c [Incremental] Max used label: 199.
c [Incremental] Label 199 is removed from searching.
c [Incremental] Solving for max label = 198:
c [Incremental] Solving duration: 235 ms.
s [Incremental] SAT (label = 198).
Label assignment: 198 78 170 34 6 35 69 27 118 198 11 61 3 4 135 73 24 182 162 198 5 9 64 4 198 37 7 95 197 78 103 189 138 130 54 137 78 196 76 186 74 36 120 4 74 137 76 121 66 198 161 138 198 69 163 3 66 96 84 9 138 138 33 136 146 187 155 177 178 192 1 198 198 192 1 40 179 1 8 39 47 2 144 69 83 68 75 102 129 185 136 45 5 9 66 63 198 78 189 1 3 198 171 190 5 80 112 158 134 94 140 130 44 26 198 196 196 122 127 198 68 198 2 128 1 1 109 181 78 197 107 115 75 138 123 128 1 98 70 66 111 105 198 77 76 135 20 197 180 8 2 138 8 1 3 65 198 104 9 79 153 59 198 91 198 1 151 8 132 157 106 159 179 198 76 5 7 17 23 6 100 108 68 25 129 1 198 110 105 198 10 198 198 32 9 8 198 142 133 6 192 121 191 138 88 138 2 9 8 119 4 78 68 78 150 142 14 78 1 149 11 198 72 197 66 198 28 198 198 113 70 154 147 138 132 11 198 198 87 99 9 108 176 174 128 89 198 148 14 6 143 71 76 8 30 198 138 138 90 1 75 131 58 138 16 198 1 73 1 11 197 5 62 1 116 138 138 196 75 6 172 198 169 70 198 3 32 9 138 130 56 198 38 57 29 13 198 166 198 73 82 61 65 156 66 6 132 92 198 168 6 195 137 131 76 65 124 71 9 1 138 5 126 67 51 138 117 184 194 198 198 68 22 198 2 135 50 101 198 198 136 194 66 62 97 6 93 139 86 198 12 18 138 41 10 66 31 7 173 43 198 122 18 138 194 198 65 19 81 198 60 138 198 125 183 42 113 198 15 191 152 167 85 1 165 126 188 61 55 1 141 71 61 198 1 193 4 164 198 135 5 142 160 138 197 21 70 73 105 145 138 175 46 45 137 114 49 190 193 6 73 53 52 48 78 
c [Incremental] Max used label: 198.
c [Incremental] Label 198 is removed from searching.
c [Incremental] Solving for max label = 197:
c [Incremental] Solving duration: 268 ms.
s [Incremental] SAT (label = 197).
Label assignment: 197 77 170 34 6 35 69 27 118 197 11 61 3 4 135 73 24 182 162 197 5 9 64 4 197 37 7 95 197 77 103 189 137 130 54 137 77 196 76 186 74 36 120 4 74 137 76 121 66 197 161 137 197 69 163 3 66 96 84 9 137 137 33 136 146 187 155 177 178 192 1 197 197 192 1 40 179 1 8 39 47 2 144 69 83 68 75 102 129 185 136 45 5 9 66 63 197 77 189 1 3 197 171 190 5 80 112 158 134 94 140 130 44 26 197 196 196 122 127 197 68 197 2 128 1 1 109 181 77 197 107 115 75 137 123 128 1 98 70 66 111 105 197 77 76 135 20 197 180 8 2 137 8 1 3 65 197 104 9 79 153 59 197 91 197 1 151 8 132 157 106 159 179 197 76 5 7 17 23 6 100 108 68 25 129 1 197 110 105 197 10 197 197 32 9 8 197 142 133 6 192 121 191 137 88 137 2 9 8 119 4 77 68 77 150 142 14 77 1 149 11 197 72 197 66 197 28 197 197 113 70 154 147 137 132 11 197 197 87 99 9 108 176 174 128 89 197 148 14 6 138 71 76 8 30 197 137 137 90 1 75 131 58 137 16 197 1 73 1 11 197 5 62 1 116 137 137 196 75 6 172 197 169 70 197 3 32 19 137 130 56 197 38 57 29 13 197 166 197 73 82 61 65 156 66 6 132 92 197 168 6 195 137 131 76 65 124 71 9 1 137 5 126 67 51 137 117 184 194 197 197 68 22 197 2 135 50 101 197 197 136 194 66 62 97 6 93 139 86 197 12 17 137 41 10 66 31 7 173 43 197 122 17 137 194 197 65 18 81 197 60 137 197 125 183 42 113 197 15 191 152 167 85 1 165 126 188 61 55 1 141 78 61 197 1 193 4 164 197 135 5 143 160 137 197 21 70 73 105 145 137 175 46 45 137 114 49 190 193 6 73 53 52 48 77 
c [Incremental] Max used label: 197.
c [Incremental] Label 197 is removed from searching.
c [Incremental] Solving for max label = 196:
c [Incremental] Solving duration: 23979 ms.
s [Incremental] SAT (label = 196).
Label assignment: 196 70 170 74 196 35 69 27 108 196 11 61 3 4 135 69 23 182 164 196 5 9 64 4 136 37 7 95 195 71 103 189 129 130 54 136 71 196 76 195 78 36 119 4 62 136 102 121 66 196 161 136 147 69 162 3 66 96 84 9 136 136 33 136 146 187 144 176 177 192 1 196 196 192 1 40 179 1 8 39 47 2 178 69 98 68 75 83 129 136 136 45 5 9 66 63 196 97 189 1 3 196 138 190 5 80 111 158 134 94 140 130 44 26 185 196 196 125 131 196 68 196 2 128 1 1 112 181 69 196 107 115 75 136 3 128 1 24 70 196 111 114 196 76 66 123 7 196 171 4 2 134 8 1 3 65 196 104 9 77 153 59 196 91 3 1 151 8 130 157 106 155 180 190 76 5 34 17 38 6 100 108 68 25 129 1 196 70 105 193 10 196 71 32 9 8 186 137 133 6 192 121 191 136 88 136 2 16 8 116 4 76 66 71 150 142 14 71 1 145 11 196 72 196 63 196 28 196 196 113 70 154 177 196 132 11 196 196 87 99 9 108 120 174 126 89 6 148 21 6 143 71 67 8 30 196 136 136 90 1 76 131 58 136 4 196 1 73 1 11 195 5 62 1 109 139 136 196 75 6 172 196 169 70 195 3 32 20 136 130 56 196 117 57 29 7 196 166 196 22 67 61 65 156 66 1 132 85 196 168 6 195 136 131 76 63 124 71 9 1 136 5 134 68 51 127 118 184 194 196 196 68 19 196 2 135 50 101 196 196 136 194 66 62 92 6 93 131 86 196 12 5 136 41 10 66 31 7 173 43 196 122 16 135 12 195 65 13 81 184 60 136 194 196 183 42 113 70 15 191 152 167 82 1 165 126 188 61 55 1 149 71 61 196 1 193 4 163 71 135 5 141 160 136 189 18 70 73 110 159 132 175 46 45 136 79 49 190 193 6 73 53 52 48 76 
c [Incremental] Max used label: 196.
c [Incremental] Label 196 is removed from searching.
c [Incremental] Solving for max label = 195:
c [Incremental] Solving duration: 246 ms.
s [Incremental] SAT (label = 195).
Label assignment: 195 70 170 74 195 35 69 27 108 195 11 61 3 4 135 69 23 182 164 195 5 9 64 4 135 37 7 95 195 71 103 189 129 130 54 135 71 195 75 195 78 36 119 4 62 135 102 121 66 195 161 135 147 69 162 3 66 96 84 9 135 135 33 135 146 187 144 176 177 192 1 195 195 192 1 40 179 1 8 39 47 2 178 69 98 68 75 83 129 135 135 45 5 9 66 63 195 97 189 1 3 195 138 190 5 80 111 158 134 94 140 130 44 26 185 195 195 125 131 195 68 195 2 128 1 1 112 181 69 195 107 115 75 135 3 128 1 24 70 195 111 114 195 75 66 123 7 195 171 4 2 134 8 1 3 65 195 104 9 77 153 59 195 91 3 1 151 8 130 157 106 155 180 190 75 5 34 17 38 6 100 108 68 25 129 1 195 70 105 193 10 195 71 32 9 8 186 137 133 6 192 121 191 135 88 135 2 15 8 116 4 75 66 71 150 142 14 71 1 145 11 195 72 195 63 195 28 195 195 113 70 154 177 195 132 11 195 195 87 99 9 108 120 174 126 89 6 148 21 6 143 71 67 8 30 195 135 135 90 1 75 131 58 135 4 195 1 73 1 11 195 5 62 1 109 139 135 195 75 6 172 195 169 70 195 3 32 20 135 130 56 195 117 57 29 7 195 166 195 22 67 61 65 156 66 1 132 85 195 168 6 195 135 131 75 63 124 71 9 1 135 5 134 68 51 127 118 184 194 195 195 68 19 195 2 135 50 101 195 195 135 194 66 62 92 6 93 136 86 195 12 5 135 41 10 66 31 7 173 43 195 122 15 135 12 195 65 16 81 184 60 135 194 195 183 42 113 70 13 191 152 167 82 1 165 126 188 61 55 1 149 76 61 195 1 193 4 163 71 135 5 141 160 135 189 18 70 73 110 159 132 175 46 45 135 79 49 190 193 6 73 53 52 48 75 
c [Incremental] Max used label: 195.
c [Incremental] Label 195 is removed from searching.
c [Incremental] Solving for max label = 194:
c [Incremental] Solving duration: 89832 ms.
s [Incremental] SAT (label = 194).
Label assignment: 67 194 3 30 2 76 73 39 62 194 11 70 25 4 14 69 19 194 164 194 74 194 24 2 22 92 13 4 194 71 163 134 129 18 7 65 74 129 62 65 74 70 73 74 93 54 102 134 90 194 162 27 42 82 157 3 66 4 107 64 194 1 67 1 104 2 134 140 175 134 1 194 74 127 135 1 147 1 74 53 68 1 194 69 45 194 69 61 9 134 36 79 1 59 66 63 170 151 131 40 125 194 89 190 5 4 74 194 16 105 141 5 56 64 185 194 101 17 109 153 134 73 194 194 1 5 98 194 194 13 110 193 14 134 134 194 1 14 70 14 186 131 68 114 61 1 15 1 171 5 2 134 8 6 1 84 63 134 134 74 176 6 2 4 5 1 151 32 194 115 86 155 180 134 194 5 34 5 120 6 94 108 194 138 74 1 134 70 194 161 194 194 74 80 3 8 194 136 119 30 126 88 153 194 124 134 2 6 83 117 133 2 65 87 148 134 133 71 194 194 121 1 61 194 63 169 74 194 177 4 1 172 167 91 120 47 194 194 67 112 194 106 134 158 134 77 134 145 8 194 137 61 41 8 194 194 134 131 173 1 97 1 100 20 154 178 134 194 62 124 4 5 194 64 116 134 131 194 69 194 179 74 168 96 194 61 13 2 194 130 28 191 74 57 74 121 194 166 142 6 75 194 31 188 105 3 99 78 194 194 6 43 132 11 194 65 3 194 7 1 74 5 134 61 8 194 134 12 111 1 5 74 23 69 194 1 51 134 61 194 187 113 194 8 95 74 81 122 85 194 58 35 1 55 10 134 14 7 194 37 194 134 29 38 50 152 65 134 46 181 5 134 134 194 194 189 118 48 103 184 139 156 183 194 134 14 133 69 74 194 146 182 73 194 6 194 21 165 150 134 60 149 174 134 194 3 123 192 134 159 33 129 26 2 144 160 49 194 143 1 194 52 72 44 128 
c [Incremental] Max used label: 194.
c [Incremental] Label 194 is removed from searching.
c [Incremental] Solving for max label = 193:
c [Incremental] Solving duration: 252 ms.
s [Incremental] SAT (label = 193).
Label assignment: 67 193 3 30 2 76 73 39 62 193 14 70 25 4 13 69 19 193 164 193 73 193 24 2 22 92 13 4 193 71 163 133 129 18 7 65 73 129 62 65 73 70 73 73 93 54 102 133 90 193 162 27 42 82 140 3 66 4 107 64 193 1 67 1 104 2 133 134 175 133 1 193 73 127 135 1 147 1 73 53 68 1 193 69 45 193 69 61 9 133 36 79 1 59 66 63 170 151 131 40 125 193 89 190 5 4 73 193 16 105 141 5 56 64 185 193 101 17 109 157 133 73 193 193 1 5 98 193 193 13 110 193 13 133 133 193 1 13 70 13 186 131 68 114 61 1 15 1 171 5 2 133 8 6 1 84 63 133 133 73 176 6 2 4 5 1 151 32 193 115 86 155 180 133 193 5 34 5 120 6 94 108 193 138 73 1 133 70 193 161 193 193 73 80 3 8 193 136 119 30 126 88 153 193 124 133 2 6 83 117 133 2 65 87 148 133 133 71 193 193 121 1 61 193 63 169 74 193 177 4 1 172 167 91 120 47 193 193 67 112 193 106 134 158 133 77 133 145 8 73 137 61 41 8 193 193 133 131 173 1 97 1 100 20 154 178 133 193 62 124 4 5 193 64 116 133 131 193 69 193 179 73 168 96 193 61 13 2 193 130 28 191 73 57 74 121 193 166 142 6 75 193 31 188 105 3 99 78 193 193 6 43 132 11 193 65 3 193 7 1 73 5 133 61 8 193 133 12 111 1 5 73 23 69 193 1 51 133 61 193 187 113 193 8 95 73 81 122 85 193 58 35 1 55 10 133 13 7 193 37 193 133 29 38 50 152 65 133 46 181 5 133 133 193 193 189 118 48 103 184 139 156 183 193 133 13 133 69 73 193 146 182 73 193 6 193 21 165 150 133 60 149 174 133 193 3 123 192 133 159 33 129 26 2 144 160 49 193 143 1 193 52 72 44 128 
c [Incremental] Max used label: 193.
c [Incremental] Label 193 is removed from searching.
c [Incremental] Solving for max label = 192:
c [Incremental] Solving duration: 33614 ms.
s [Incremental] SAT (label = 192).
Label assignment: 129 53 3 91 132 75 73 54 62 191 12 70 11 4 14 63 19 28 88 183 74 191 29 192 9 85 13 132 191 71 163 181 189 18 7 65 72 129 62 130 63 70 73 96 84 48 72 8 93 192 192 27 23 82 157 3 66 4 107 64 192 1 76 1 104 133 136 137 173 144 1 192 72 127 102 3 161 1 61 55 61 1 186 42 56 165 69 61 121 129 51 79 1 59 66 63 170 132 95 45 125 191 160 192 192 1 72 147 14 105 156 5 191 64 185 192 101 17 109 145 132 132 1 6 1 5 94 192 70 7 110 189 25 131 3 192 1 16 70 191 38 131 68 114 61 1 15 128 171 5 2 132 8 6 1 86 62 132 122 72 148 6 132 4 5 1 1 58 13 30 99 155 192 126 69 5 34 5 120 3 72 108 72 175 7 1 132 69 40 132 190 192 62 80 1 8 192 135 117 33 126 96 153 192 124 132 2 6 83 116 132 190 65 87 146 3 132 71 164 192 121 1 61 127 63 192 72 192 172 4 1 151 168 72 115 47 192 192 67 112 191 106 134 158 132 77 131 141 43 72 129 61 72 8 192 192 132 131 192 1 97 1 100 22 154 178 9 57 62 124 1 5 176 64 118 130 131 192 69 192 179 89 169 90 192 61 37 2 192 130 35 191 99 192 72 1 192 132 166 6 75 2 12 192 111 3 99 78 180 192 192 192 192 192 6 65 8 192 7 1 72 5 192 61 8 192 26 12 111 1 191 72 21 129 1 1 52 1 66 192 190 113 67 8 98 72 81 122 81 192 192 132 1 16 10 132 72 7 187 50 192 132 32 44 177 152 65 132 119 181 5 126 132 192 192 41 60 49 103 184 139 150 167 192 162 12 138 73 72 2 159 182 72 192 186 192 20 140 11 132 1 143 174 192 192 31 126 192 127 188 24 129 39 2 142 36 192 192 149 192 1 123 70 46 92 
c [Incremental] Max used label: 192.
c [Incremental] Label 192 is removed from searching.
c [Incremental] Solving for max label = 191:
c [Incremental] Solving duration: 270 ms.
s [Incremental] SAT (label = 191).
Label assignment: 129 53 3 91 131 75 73 54 62 191 12 70 11 4 14 63 19 191 88 183 74 191 29 191 9 85 13 11 191 71 163 181 189 18 23 65 71 129 62 130 63 70 73 96 84 48 71 8 93 191 151 27 22 82 157 3 66 4 107 71 191 1 76 1 104 133 136 137 173 144 1 191 71 127 102 3 161 1 61 55 61 1 186 42 56 165 69 61 121 129 51 79 1 59 66 63 170 131 95 45 125 191 160 191 191 1 70 147 14 105 156 5 191 64 185 191 101 17 109 145 131 131 1 6 1 5 94 191 70 7 110 189 25 131 3 191 1 26 70 191 38 131 68 114 61 1 15 128 171 5 2 131 8 6 1 86 62 131 122 71 148 6 131 4 5 1 1 58 13 30 99 155 191 126 69 5 34 5 120 3 71 108 71 175 7 1 131 69 40 131 190 191 62 80 1 8 191 135 117 33 126 96 153 191 131 131 2 6 83 116 131 190 65 87 146 3 131 71 164 191 121 1 61 127 63 191 72 191 172 4 1 152 168 71 115 47 191 191 67 112 191 106 134 158 131 77 131 141 43 71 129 61 71 8 191 191 131 131 191 1 97 1 100 21 154 178 9 57 62 124 1 5 176 71 118 130 131 191 69 191 179 89 169 90 191 61 37 2 191 130 35 191 99 191 72 1 191 131 166 6 75 2 11 191 111 3 99 78 180 191 191 191 191 191 6 65 8 191 7 1 71 5 191 61 8 191 28 11 111 1 191 71 20 129 1 1 52 1 66 191 190 113 67 8 98 71 72 122 81 191 191 131 1 16 10 131 71 7 187 50 191 131 32 44 177 132 65 131 119 181 5 126 131 191 191 41 60 49 103 184 139 150 167 191 162 11 138 73 71 2 159 182 71 191 186 191 12 140 11 131 1 143 174 191 191 31 126 191 127 188 24 129 39 2 142 36 191 191 149 191 1 123 70 46 92 
c [Incremental] Max used label: 191.
c [Incremental] Label 191 is removed from searching.
c [Incremental] Solving for max label = 190:
c [Incremental] Solving duration: 145595 ms.
s [Incremental] SAT (label = 190).
Label assignment: 190 26 6 4 190 19 69 67 118 190 94 5 141 63 98 1 70 4 142 180 157 44 21 7 190 53 7 70 130 70 163 135 130 70 1 1 2 190 130 190 130 3 1 66 17 96 1 66 2 184 133 111 66 3 152 190 4 66 130 2 130 95 22 67 4 140 165 190 190 86 130 190 68 185 1 9 129 126 97 30 13 110 190 130 87 160 66 68 25 190 51 10 8 59 45 2 159 189 130 130 190 190 161 130 93 1 115 177 107 18 164 83 5 6 183 186 151 70 130 190 126 190 2 65 190 82 3 190 3 6 64 73 64 130 66 190 70 16 68 130 58 190 127 1 10 106 74 190 178 190 124 127 5 120 64 3 9 6 70 31 148 190 190 116 190 1 136 4 4 36 189 167 190 132 4 78 68 114 15 119 28 43 67 127 130 72 190 69 76 190 130 188 70 52 70 8 187 149 10 77 190 67 190 130 73 130 117 100 14 101 130 90 9 50 174 70 190 2 156 190 128 70 130 145 5 190 1 190 171 190 65 81 62 67 4 123 190 188 70 57 130 12 158 130 127 47 190 144 2 66 155 61 70 69 35 182 65 3 3 85 4 1 49 102 179 175 105 75 3 122 190 70 170 3 130 190 190 188 69 190 172 3 146 10 190 5 27 41 130 46 1 190 126 79 5 5 190 176 166 48 3 63 5 147 190 70 92 32 169 190 129 10 70 130 63 10 89 63 6 84 38 1 130 8 34 130 113 121 69 69 130 69 20 190 70 1 103 108 23 190 130 168 1 7 109 61 1 190 80 187 6 112 1 70 129 126 40 128 153 88 190 186 91 33 150 190 64 127 190 138 61 190 190 130 190 29 56 39 3 190 139 190 162 70 173 1 137 3 24 1 190 6 5 190 71 190 66 143 42 125 3 145 190 129 189 60 190 190 37 188 99 134 55 54 190 181 130 131 154 3 66 128 11 104 3 
c [Incremental] Max used label: 190.
c [Incremental] Label 190 is removed from searching.
c [Incremental] Solving for max label = 189:
c [Incremental] Solving duration: 190 ms.
s [Incremental] SAT (label = 189).
Label assignment: 189 26 6 4 189 19 69 67 118 189 94 5 141 63 98 1 69 4 142 180 157 44 21 7 189 53 7 70 129 69 163 135 129 69 1 1 2 189 129 189 129 3 1 66 17 96 1 66 2 184 133 111 66 3 152 189 4 66 129 2 129 95 22 67 4 140 165 189 189 86 129 189 68 130 1 9 129 126 97 30 13 110 189 129 87 160 66 68 25 189 51 9 8 59 45 2 159 189 129 129 189 189 161 129 93 1 115 177 107 18 164 83 10 6 183 186 151 69 129 189 126 189 2 65 189 82 3 189 3 6 64 73 64 129 66 189 69 16 68 129 58 189 127 1 9 106 74 189 178 189 124 127 5 120 64 3 9 6 69 31 148 189 189 116 189 1 136 4 4 36 189 167 189 132 4 78 68 114 15 119 28 43 67 127 129 72 189 69 76 189 129 188 69 52 69 8 187 149 9 77 189 67 189 129 73 129 117 100 14 101 129 90 9 50 174 69 189 2 156 189 128 69 129 145 5 189 1 189 171 189 65 81 62 67 4 123 189 188 69 57 129 12 158 129 127 47 189 144 2 66 155 61 69 69 35 182 65 3 3 85 4 1 49 102 179 175 105 75 3 122 189 69 170 3 129 189 189 188 69 189 172 3 146 9 189 5 27 41 129 46 1 189 126 79 5 5 189 176 166 48 3 63 5 147 189 69 92 32 169 189 129 9 69 129 63 9 89 63 6 84 38 1 129 8 34 129 113 121 69 69 129 69 20 189 69 1 103 108 23 189 129 168 1 7 109 61 1 189 80 187 6 112 1 69 129 126 40 128 153 88 189 186 91 33 150 189 64 127 189 138 61 189 189 129 189 29 56 39 3 189 139 189 162 69 173 1 137 3 24 1 189 6 5 189 71 189 66 143 42 125 3 145 185 129 189 60 189 189 37 188 99 134 55 54 189 181 129 131 154 3 66 128 11 104 3 
c [Incremental] Max used label: 189.
c [Incremental] Label 189 is removed from searching.
c [Incremental] Solving for max label = 188:
c [Incremental] Solving duration: 184063 ms.
s [Incremental] SAT (label = 188).
Label assignment: 188 32 188 67 188 19 8 36 124 152 75 2 140 8 87 1 29 63 142 167 120 68 53 63 149 24 100 3 127 126 153 188 128 66 68 62 2 128 188 188 1 101 1 99 20 96 5 66 2 138 133 93 68 2 141 188 68 8 128 69 128 94 2 8 4 188 165 185 188 8 114 188 5 109 108 43 183 126 128 25 61 128 188 128 110 173 66 125 12 188 44 6 49 48 50 64 154 188 3 128 188 188 135 126 105 64 128 180 104 18 163 70 8 72 183 188 128 66 188 164 126 188 68 8 188 82 188 188 68 128 39 1 68 92 3 188 66 42 3 128 37 188 128 6 68 107 74 188 188 188 124 127 106 119 64 2 128 71 63 3 147 106 128 1 188 63 130 128 188 15 123 146 188 128 66 79 81 137 30 90 55 33 1 129 128 88 188 8 68 188 83 188 3 52 66 65 187 169 16 97 128 51 177 128 8 188 117 86 13 31 124 8 68 27 171 145 188 65 161 66 128 8 127 131 68 188 84 128 176 188 65 2 4 8 14 122 188 188 8 10 113 28 151 128 118 47 188 144 68 62 166 61 5 4 68 181 65 2 116 85 1 1 9 80 188 172 110 127 68 123 1 5 175 68 22 188 188 188 8 188 160 8 132 2 188 2 68 63 128 46 115 188 121 41 77 65 188 178 168 40 3 8 68 134 188 8 112 45 171 148 128 3 3 188 1 68 91 62 68 83 26 1 128 68 68 128 98 128 68 1 128 34 76 188 8 1 95 103 23 188 128 78 68 68 1 61 1 188 1 170 66 110 1 89 125 125 35 126 158 6 188 188 11 105 188 150 58 128 1 139 1 188 188 128 188 38 60 14 1 184 136 188 143 7 188 1 162 3 17 63 174 2 73 188 8 188 66 186 54 128 97 156 182 128 188 59 188 188 21 188 111 159 57 56 188 179 128 155 157 64 2 126 120 102 188 
c [Incremental] Max used label: 188.
c [Incremental] Label 188 is removed from searching.
c [Incremental] Solving for max label = 187:
c [Incremental] Solving duration: 888 ms.
s [Incremental] SAT (label = 187).
Label assignment: 187 32 187 67 187 19 7 36 124 152 75 2 140 7 87 1 29 63 142 167 120 67 53 63 149 24 100 3 127 126 153 187 127 66 67 62 2 127 187 187 68 101 1 99 20 96 5 66 2 138 133 93 67 2 141 187 67 8 127 69 127 94 2 8 4 187 165 185 187 7 114 187 5 109 128 43 183 126 127 25 61 127 187 127 108 173 66 125 12 187 44 6 49 48 50 64 154 187 3 127 187 187 135 126 105 64 127 180 104 18 163 70 7 72 183 187 127 66 187 164 126 187 67 7 187 82 187 187 67 127 39 1 67 92 3 187 66 42 3 127 37 187 127 6 67 107 74 187 187 187 124 127 106 119 64 2 127 71 63 3 147 106 127 1 187 8 130 127 187 15 123 146 187 127 66 79 81 137 30 90 55 33 1 129 127 88 187 7 67 187 83 187 3 52 66 65 187 169 16 97 127 51 177 127 7 187 117 86 13 31 124 7 67 27 171 145 187 65 161 66 127 7 127 131 67 187 84 127 176 187 65 2 4 7 14 122 187 187 7 10 113 28 151 127 118 47 187 144 67 62 166 61 5 4 67 181 65 2 116 85 1 1 9 80 187 172 110 127 67 123 1 5 175 67 22 187 187 187 7 187 160 7 132 2 187 2 67 63 127 46 115 187 121 41 77 65 187 178 168 40 3 7 67 134 187 7 112 45 171 148 127 3 3 187 1 67 91 62 67 83 26 1 127 67 67 127 98 127 67 1 127 34 76 187 7 1 95 103 23 187 127 78 67 67 1 61 1 187 1 170 66 110 1 89 125 125 35 126 158 6 187 187 11 105 187 150 58 127 1 139 1 187 187 127 187 38 60 14 1 184 136 187 143 7 187 1 162 3 17 63 174 2 73 187 7 187 66 186 54 127 97 156 182 127 187 59 187 187 21 187 111 159 57 56 187 179 127 155 157 64 2 126 120 102 187 
c [Incremental] Max used label: 187.
c [Incremental] Label 187 is removed from searching.
c [Incremental] Solving for max label = 186:
c [Signal] Signal interruption. Caught signal: SIGTERM (15).
c [Main] Lim pid ends with result: 254.
r [Main] 
r [Main] Final results: 
r [Main] Total real time: 1806854 ms.
r [Main] Total memory consumed: 1209.2 MB.
r [Main] 
