c [Version] Minimize Makespan Labeling Encoder version 1.0.0.
c [Param] LB is predefined as 46.
c [Param] UB is predefined as 222.
c [Param] Memory limit is set to 30000.
c [Param] Real time limit is set to 1800.
c [Param] Max CNF size is set to 10.
c [Main] Search strategy: Incremental from upper bound.
c [Main] Encoding and solving for graph: P-can__445.mtx.rnd.
c [Incremental] Minimize Makespan Labeling Antibandwidth problem (P-can__445.mtx.rnd):
c [Incremental] Encoding starts with target value = 45:
c [Incremental] Encoding duration: 1459ms.
c [Incremental] Number of clauses: 1932427.
c [Incremental] Number of variables: 263860.
c [Incremental] Solving for max label = 222:
c [Incremental] Solving duration: 25096 ms.
s [Incremental] SAT (label = 222).
Label assignment: 115 145 1 91 158 85 176 170 48 25 130 53 175 105 130 220 136 130 220 220 136 11 220 91 1 1 1 48 19 174 185 130 1 113 12 4 95 175 220 175 130 60 14 18 175 91 220 43 46 143 46 1 91 220 10 88 220 46 48 182 1 74 9 17 220 24 220 22 1 153 220 85 101 1 35 95 155 72 46 220 13 127 138 61 220 70 60 37 180 220 135 21 1 46 160 1 175 155 181 1 108 73 90 136 175 175 220 220 171 1 1 42 220 15 91 130 1 44 80 48 220 46 220 53 46 46 220 213 175 1 48 46 130 150 167 220 16 164 175 112 1 91 104 1 220 143 220 117 46 46 131 36 63 31 126 91 220 123 175 163 172 101 136 87 91 134 136 93 102 46 1 129 85 82 215 137 85 124 23 1 220 96 186 1 217 220 55 46 50 162 175 220 91 220 220 1 20 138 50 136 114 68 165 136 111 220 214 91 69 1 178 130 1 62 67 136 2 218 1 169 90 175 89 1 85 175 130 220 103 211 154 1 1 1 8 120 146 133 79 97 46 46 1 91 175 154 175 175 220 56 157 49 177 159 175 220 175 1 210 1 29 76 100 142 140 119 208 179 46 3 1 177 175 7 125 50 166 28 93 93 136 105 1 180 175 27 86 220 33 1 132 91 190 84 41 59 1 1 220 183 184 187 46 1 188 46 158 26 54 175 16 91 220 66 220 1 1 209 156 180 150 220 65 46 136 180 1 144 83 149 130 151 128 46 93 109 193 91 94 110 32 106 1 196 56 147 98 189 71 175 57 47 122 152 154 91 1 175 93 91 81 60 220 99 130 220 175 46 173 220 130 216 71 141 191 1 175 180 207 121 139 161 92 78 220 219 175 197 48 130 168 107 38 175 212 5 1 130 46 46 40 148 23 52 46 192 46 206 6 58 198 118 220 51 153 199 175 64 77 1 116 205 201 11 200 202 98 75 1 72 194 95 30 45 204 34 109 1 220 91 203 1 1 39 195 
c [Incremental] Max used label: 220.
c [Incremental] Label 222 is removed from searching.
c [Incremental] Label 221 is removed from searching.
c [Incremental] Label 220 is removed from searching.
c [Incremental] Solving for max label = 219:
c [Incremental] Solving duration: 390 ms.
s [Incremental] SAT (label = 219).
Label assignment: 115 145 1 91 158 84 176 170 48 25 129 53 174 105 129 219 136 129 219 219 130 11 219 91 1 1 1 48 19 174 185 129 1 113 12 4 95 174 219 174 128 60 14 18 174 85 219 43 46 143 46 1 91 219 10 88 219 46 48 182 1 74 9 17 219 24 219 22 1 153 219 84 101 1 35 95 155 72 46 219 13 127 138 61 219 70 60 37 180 219 135 21 1 46 160 1 174 155 181 1 108 73 85 136 174 174 219 219 171 1 1 42 219 15 91 129 1 44 80 48 219 46 219 53 46 46 219 213 174 1 48 46 129 150 167 219 16 164 174 112 1 91 104 1 219 143 219 117 46 46 131 36 63 31 126 91 219 123 174 163 172 101 136 87 91 134 136 93 102 46 1 129 84 82 215 137 84 124 23 1 219 96 186 1 217 219 55 46 50 162 174 219 91 219 219 1 20 138 50 136 114 68 165 136 111 219 214 91 69 1 178 129 1 62 67 136 2 219 1 169 89 174 90 1 81 174 129 219 103 211 154 1 1 1 8 120 146 133 79 97 46 46 1 91 173 154 174 174 219 56 157 49 175 159 174 219 174 1 210 1 29 76 100 142 140 119 208 179 46 3 1 177 174 7 125 50 166 28 93 93 136 105 1 180 174 27 86 219 33 1 132 91 190 84 41 59 1 1 219 183 184 187 46 1 188 46 158 26 54 174 16 91 219 66 219 1 1 209 156 180 150 219 65 46 136 180 1 144 83 149 129 151 129 46 93 109 193 91 94 110 32 106 1 196 56 147 98 189 71 174 57 47 122 152 154 91 1 174 93 91 75 60 219 99 129 219 174 46 174 219 129 216 71 141 191 1 172 180 207 121 139 161 92 78 219 218 174 197 48 129 168 107 34 174 212 5 1 129 46 46 38 148 23 52 46 192 46 206 6 58 198 118 219 51 153 199 174 64 77 1 116 205 201 11 200 202 98 84 1 72 194 95 39 40 204 30 109 1 219 91 203 1 1 45 195 
c [Incremental] Max used label: 219.
c [Incremental] Label 219 is removed from searching.
c [Incremental] Solving for max label = 218:
c [Incremental] Solving duration: 497 ms.
s [Incremental] SAT (label = 218).
Label assignment: 115 145 218 91 158 83 133 170 48 25 128 53 173 105 128 218 136 128 218 218 132 11 218 91 1 1 1 48 19 173 185 128 1 113 12 4 95 173 218 173 128 60 14 18 173 85 218 43 46 143 46 1 91 218 10 89 218 46 48 182 1 74 9 17 206 24 218 22 1 153 218 83 101 1 35 95 155 72 46 218 13 127 138 61 218 70 60 37 180 218 135 21 1 46 160 1 173 155 181 1 108 73 87 136 173 173 218 218 171 1 1 42 218 15 91 128 1 44 80 48 218 46 218 53 46 46 218 213 173 218 48 46 128 150 167 218 16 164 173 112 1 91 104 1 218 143 218 117 46 46 131 36 63 31 126 91 218 123 173 163 172 101 136 84 91 134 136 93 102 46 1 128 82 82 215 137 83 124 23 1 218 96 186 1 217 45 55 46 50 162 173 218 91 218 218 1 20 138 50 136 114 68 165 136 111 218 214 91 69 1 176 128 1 62 67 136 2 218 1 169 88 173 90 1 82 173 128 218 103 211 154 1 1 1 8 120 146 130 79 97 46 46 1 91 173 154 173 173 218 56 157 49 177 159 173 218 173 1 210 1 29 76 100 142 140 119 208 174 46 3 1 178 173 7 125 50 166 28 93 93 136 105 1 175 173 27 86 218 33 1 129 91 190 83 41 59 1 1 218 183 184 187 46 1 188 46 158 26 54 173 16 91 218 66 218 1 1 209 156 173 150 218 65 46 136 180 1 144 83 149 128 151 128 46 93 109 193 91 94 110 32 106 1 196 56 147 98 189 71 173 57 47 122 152 154 91 1 173 93 91 81 60 218 99 128 218 173 46 173 218 128 216 71 141 191 1 172 173 207 121 139 161 92 78 218 218 173 197 48 128 168 107 38 173 212 5 1 128 46 46 37 148 23 52 46 192 46 200 6 58 198 118 218 51 153 199 173 64 77 1 116 205 201 11 179 202 98 75 1 72 194 95 30 40 204 34 109 1 218 91 203 1 1 39 195 
c [Incremental] Max used label: 218.
c [Incremental] Label 218 is removed from searching.
c [Incremental] Solving for max label = 217:
c [Incremental] Solving duration: 5749 ms.
s [Incremental] SAT (label = 217).
Label assignment: 115 145 1 217 153 125 176 170 48 23 129 53 172 105 127 174 136 113 77 217 136 125 217 91 217 1 1 48 11 169 185 123 1 199 12 4 95 175 217 171 130 60 14 165 172 91 107 43 46 143 112 1 114 217 10 84 217 69 46 182 24 74 146 25 217 23 217 80 110 151 131 85 99 34 30 96 155 65 69 210 13 125 138 66 68 62 58 1 180 217 135 16 1 46 160 1 169 155 181 1 108 73 90 136 171 171 216 216 171 1 1 42 216 15 91 123 29 44 56 48 216 46 89 53 46 46 127 213 170 1 48 46 126 150 167 217 16 164 171 92 1 91 216 1 125 143 216 1 46 1 127 36 61 31 216 215 216 123 175 163 171 101 136 86 1 134 136 93 115 1 91 123 82 78 201 137 82 124 23 1 102 46 186 1 217 216 55 46 50 162 167 117 91 75 106 1 20 138 55 136 132 68 173 136 111 216 214 114 69 9 178 216 1 62 56 1 2 217 216 169 90 170 87 1 217 175 125 107 103 91 158 1 217 1 8 120 144 101 46 88 46 27 137 82 171 154 170 170 216 26 157 49 172 152 170 1 179 1 46 1 35 76 100 142 140 119 204 179 91 3 1 177 171 22 216 91 166 28 93 93 136 104 1 216 172 18 63 1 32 127 133 97 190 172 41 59 1 1 70 183 184 187 46 91 188 127 173 23 47 172 19 46 1 56 217 1 1 208 216 161 150 216 67 46 159 180 1 92 125 149 217 158 79 46 93 209 193 91 94 110 17 111 217 196 54 147 216 189 71 177 57 47 122 158 154 91 1 172 93 91 81 60 216 156 217 217 217 46 172 217 127 211 68 141 191 1 175 170 207 121 139 159 92 216 128 115 158 197 48 127 168 113 38 171 212 5 7 40 46 46 37 148 21 52 51 192 46 206 6 58 198 118 203 47 172 109 172 64 63 1 116 205 172 83 200 202 98 33 1 72 194 217 123 45 46 1 109 1 1 91 108 1 1 39 195 
c [Incremental] Max used label: 217.
c [Incremental] Label 217 is removed from searching.
c [Incremental] Solving for max label = 216:
c [Incremental] Solving duration: 3970 ms.
s [Incremental] SAT (label = 216).
Label assignment: 126 216 92 144 3 173 180 102 34 216 214 198 1 14 81 4 113 81 154 100 216 48 102 47 46 135 78 1 33 119 46 186 138 93 216 90 107 216 216 89 136 171 216 8 216 39 3 41 216 61 215 79 70 126 143 140 171 116 171 115 162 91 28 46 67 46 171 46 216 216 8 165 156 91 141 2 145 138 25 81 216 216 27 16 1 93 55 171 205 208 35 93 69 171 36 216 36 149 2 127 2 216 171 213 91 1 4 64 48 1 77 178 216 216 126 171 136 216 162 171 46 216 98 216 1 216 171 150 95 1 216 163 136 210 126 126 202 6 7 131 68 110 103 103 49 138 83 93 7 100 216 62 155 216 46 99 171 46 6 216 101 175 216 159 53 216 216 31 146 216 145 211 3 1 48 160 216 204 76 1 93 187 42 138 38 137 93 21 216 145 48 72 86 3 66 163 216 7 209 215 90 6 1 171 171 171 75 71 1 5 216 81 216 126 167 73 97 1 3 153 134 1 149 8 50 91 216 3 163 48 103 74 60 3 48 46 111 216 91 133 216 206 7 1 47 216 126 126 164 81 6 152 37 48 20 82 45 216 6 65 171 171 22 26 191 46 118 126 93 120 49 1 1 216 117 51 60 43 122 81 171 104 6 84 112 126 171 115 1 54 88 171 81 216 78 148 216 81 30 126 126 166 216 171 183 46 188 216 171 212 81 1 93 161 3 195 81 23 207 216 104 126 158 216 216 94 170 216 162 214 109 196 1 179 216 80 174 68 17 105 184 151 2 6 15 128 93 81 171 108 171 24 29 197 200 124 48 136 52 51 126 171 168 126 91 8 93 123 192 126 171 126 171 126 121 10 193 58 81 216 126 169 216 185 48 203 126 141 105 171 199 149 56 216 171 106 130 129 11 1 1 96 81 18 9 44 157 194 201 59 114 81 32 58 47 125 19 171 139 65 81 40 96 172 132 176 3 147 171 177 63 4 57 85 190 189 126 12 182 142 48 181 87 58 13 
c [Incremental] Max used label: 216.
c [Incremental] Label 216 is removed from searching.
c [Incremental] Solving for max label = 215:
c [Incremental] Solving duration: 395 ms.
s [Incremental] SAT (label = 215).
Label assignment: 124 214 92 144 3 171 179 102 34 214 214 198 1 14 78 4 113 78 154 98 214 48 102 47 46 135 78 1 36 119 46 186 138 93 214 90 107 214 214 89 132 169 214 8 214 35 3 41 214 61 215 79 70 126 143 140 169 116 169 115 162 91 28 46 67 46 169 46 214 214 8 165 156 91 141 2 145 138 25 79 214 214 27 16 1 93 55 169 191 208 32 93 69 169 30 214 29 149 2 127 2 215 169 213 91 1 4 64 48 1 77 178 215 215 124 169 136 215 162 169 46 215 3 215 1 215 169 150 95 1 215 163 136 210 124 124 202 6 7 131 68 110 103 103 49 138 83 93 7 100 215 62 155 215 46 99 169 46 6 215 101 175 215 159 53 215 215 31 146 215 145 211 3 1 48 160 215 204 76 1 93 187 42 138 38 137 93 21 215 145 48 72 86 3 66 163 214 7 209 215 90 6 1 169 169 169 75 71 1 5 215 79 213 124 167 73 97 1 3 153 134 1 149 8 50 86 215 3 163 48 103 74 60 3 48 46 111 215 91 133 215 85 7 1 47 215 124 124 164 81 6 152 37 48 20 82 45 215 6 65 169 169 22 39 180 46 118 124 93 120 49 1 1 215 117 51 60 43 122 79 169 104 6 84 112 124 169 115 1 54 88 169 79 215 78 148 215 79 33 124 124 166 203 169 183 46 188 215 169 212 78 1 93 161 3 195 79 23 207 215 104 124 158 215 215 94 170 215 162 206 109 196 1 177 215 78 174 68 17 105 184 151 2 6 15 128 93 79 169 108 169 24 26 197 200 124 48 136 52 51 124 169 168 124 91 8 93 123 192 124 169 124 169 124 121 10 193 58 79 215 124 169 215 185 48 205 124 141 105 169 199 149 56 214 169 106 130 129 11 1 1 96 78 18 9 44 157 194 201 59 114 79 32 58 47 124 19 169 139 65 79 40 96 172 125 176 3 147 169 173 63 4 57 80 190 189 124 12 182 142 48 181 87 58 13 
c [Incremental] Max used label: 215.
c [Incremental] Label 215 is removed from searching.
c [Incremental] Solving for max label = 214:
c [Incremental] Solving duration: 534 ms.
s [Incremental] SAT (label = 214).
Label assignment: 124 214 92 170 3 173 180 102 34 214 214 198 1 14 66 4 113 78 154 98 214 48 102 47 46 135 78 1 37 119 46 186 142 93 214 90 107 214 214 89 136 169 214 8 214 39 3 41 214 61 214 79 70 127 143 146 169 116 169 115 162 91 28 46 67 46 169 46 214 214 8 165 144 91 141 2 145 138 25 79 214 214 27 16 1 93 55 169 205 208 32 93 69 169 30 214 20 149 2 129 2 214 169 213 91 1 4 64 48 1 77 178 214 214 124 169 140 214 162 169 46 214 3 214 1 214 169 150 95 1 214 163 136 210 126 111 202 6 7 131 68 110 103 103 49 138 213 93 7 100 214 62 155 214 46 99 169 46 6 119 101 175 214 159 53 214 214 31 164 214 145 211 3 1 48 160 214 204 81 1 93 187 42 138 38 137 93 21 214 145 48 72 86 3 63 163 214 7 209 213 90 6 1 169 169 169 75 71 1 5 214 79 213 124 167 73 83 1 3 153 134 1 149 8 50 91 214 3 163 48 103 74 60 3 48 46 60 214 91 133 214 106 7 1 47 214 124 124 164 80 6 152 1 48 19 82 45 214 6 65 169 169 22 35 191 46 118 124 94 120 49 1 1 203 117 51 60 43 122 79 169 104 6 84 112 124 169 115 1 54 88 169 79 214 76 148 214 79 26 124 124 166 206 169 183 46 188 214 169 212 78 1 93 161 3 195 79 23 207 214 104 124 158 214 214 97 169 214 162 88 109 196 1 179 214 79 174 68 17 105 184 151 2 6 15 128 93 79 169 108 169 24 29 197 200 124 48 136 52 51 124 169 168 124 91 8 93 123 192 124 169 124 169 124 121 10 193 58 79 214 124 169 214 185 48 201 124 141 105 169 199 149 56 214 171 106 130 125 11 1 1 96 74 40 9 44 157 194 210 59 114 79 33 58 47 124 18 169 139 105 79 36 96 172 132 176 3 147 169 177 189 4 57 85 190 46 124 12 182 156 48 181 87 58 13 
c [Incremental] Max used label: 214.
c [Incremental] Label 214 is removed from searching.
c [Incremental] Solving for max label = 213:
c [Incremental] Solving duration: 7569 ms.
s [Incremental] SAT (label = 213).
Label assignment: 157 61 5 134 174 213 91 162 118 129 168 93 55 168 110 152 213 16 6 68 91 15 123 111 157 47 73 8 171 126 116 24 163 78 32 8 46 61 147 173 161 1 46 213 48 181 123 1 168 91 213 160 1 130 213 46 61 176 6 91 123 11 196 168 6 120 1 100 168 172 154 46 213 29 168 1 207 213 76 70 46 54 178 159 168 61 168 63 193 112 91 62 77 18 34 20 38 37 26 35 141 28 40 208 213 213 137 5 213 148 19 56 90 213 213 123 56 1 76 65 7 168 8 168 88 41 1 138 69 97 123 109 8 78 168 168 50 210 78 51 168 163 165 86 2 56 191 63 3 162 213 1 5 123 117 64 127 213 123 168 27 21 204 124 1 184 189 211 213 195 71 1 154 123 108 197 7 142 39 56 43 2 80 123 140 52 168 213 183 168 182 31 154 213 7 7 200 168 113 208 91 213 105 70 22 99 8 30 75 165 54 168 91 213 46 1 69 92 117 213 44 168 201 213 213 54 7 168 213 203 61 213 3 157 2 213 111 150 162 36 46 81 188 90 187 54 213 213 54 175 213 168 179 213 168 4 145 158 115 209 56 46 213 170 2 165 46 106 60 55 98 10 212 1 168 144 185 79 133 7 119 213 213 91 54 168 115 123 168 17 169 119 165 168 165 213 165 164 116 54 213 1 50 121 205 186 168 128 49 168 206 108 3 46 123 1 199 168 168 52 91 180 46 168 194 177 136 95 198 146 109 213 74 96 53 168 87 103 213 48 58 114 149 213 8 132 104 153 65 109 107 125 1 65 55 25 213 192 213 8 94 123 131 213 8 168 115 82 139 111 59 72 83 66 143 213 8 8 213 1 213 115 23 122 8 168 213 135 46 3 117 213 1 78 90 46 67 213 168 1 167 57 10 101 213 202 213 123 166 1 10 213 61 1 95 9 213 111 109 213 1 123 69 85 46 111 151 213 1 84 42 190 45 136 14 89 156 102 135 93 12 211 33 13 155 
c [Incremental] Max used label: 213.
c [Incremental] Label 213 is removed from searching.
c [Incremental] Solving for max label = 212:
c [Incremental] Solving duration: 12295 ms.
s [Incremental] SAT (label = 212).
Label assignment: 155 212 46 48 46 89 45 212 101 88 91 167 44 62 92 212 142 212 212 34 46 1 207 165 47 1 105 46 212 23 54 91 47 91 136 1 1 110 212 76 5 158 2 73 24 137 1 183 87 122 203 37 74 63 141 128 167 91 154 19 1 202 70 212 195 167 1 167 86 167 47 2 140 46 46 77 1 41 165 40 109 1 48 46 13 49 43 176 83 46 22 139 26 177 15 200 108 119 39 29 91 173 150 120 91 212 75 46 2 212 136 212 167 91 104 136 1 170 1 93 46 1 97 72 93 150 149 67 212 64 136 212 145 1 212 47 136 1 181 91 1 167 1 91 52 119 97 132 136 212 98 103 212 21 2 1 122 134 212 131 122 17 1 80 135 133 82 46 5 46 165 73 159 151 10 167 1 167 130 135 168 143 35 141 47 212 1 135 171 79 3 119 167 136 136 91 2 46 145 120 212 65 46 91 212 147 3 212 6 46 12 84 199 212 9 167 1 46 86 119 136 184 2 106 156 190 32 1 106 8 117 68 212 55 27 136 46 212 212 52 165 178 46 144 1 1 77 212 163 129 150 46 123 46 212 136 47 212 136 61 31 116 46 46 146 1 1 212 172 185 18 53 97 167 46 212 121 30 138 212 59 212 46 118 212 207 148 28 33 212 127 195 1 58 1 46 167 195 50 1 104 91 212 180 179 91 94 212 25 56 110 92 136 164 188 198 69 46 212 11 212 38 92 14 119 71 212 212 113 212 212 208 1 1 1 157 16 77 91 4 91 91 85 150 212 175 165 46 167 205 57 71 161 212 111 211 107 96 132 195 194 1 46 132 212 46 182 1 169 46 1 91 167 100 115 212 187 212 102 163 91 90 116 78 210 72 135 1 1 114 81 212 160 1 20 1 193 125 191 212 212 91 209 42 126 204 112 166 95 1 212 7 36 1 1 206 1 201 1 118 122 165 1 174 1 196 74 124 186 162 95 97 1 195 99 3 153 60 51 189 192 100 197 66 152 
c [Incremental] Max used label: 212.
c [Incremental] Label 212 is removed from searching.
c [Incremental] Solving for max label = 211:
c [Incremental] Solving duration: 370 ms.
s [Incremental] SAT (label = 211).
Label assignment: 155 211 46 48 46 89 45 211 101 88 91 165 44 62 92 211 142 211 211 34 46 1 207 165 47 1 105 46 211 23 54 91 47 91 136 1 1 110 211 75 5 158 2 73 24 137 1 183 87 122 203 37 74 63 141 128 166 91 154 19 1 202 70 211 195 166 1 166 86 166 47 2 140 46 46 74 1 41 165 40 109 1 48 46 13 49 43 176 83 46 22 139 26 177 15 200 108 119 39 29 91 173 150 120 91 211 74 46 2 211 136 211 166 91 104 136 1 170 1 93 46 1 97 72 93 150 149 67 211 64 136 211 145 1 211 47 136 1 181 91 1 166 1 91 52 119 97 132 136 211 98 103 211 21 2 1 120 134 211 130 121 17 1 80 135 133 82 46 5 46 165 73 159 151 10 166 1 166 124 131 168 143 35 141 47 211 1 135 171 79 3 119 166 136 136 91 2 46 145 120 211 65 46 91 211 147 3 211 6 46 12 84 199 198 9 166 1 46 86 119 136 184 2 106 156 190 31 1 106 8 117 68 211 55 27 136 46 211 211 52 165 175 46 144 1 1 76 211 163 129 150 46 123 46 211 136 47 211 136 61 32 116 46 46 146 1 1 211 172 185 18 53 97 166 46 211 119 30 138 211 59 211 46 118 211 207 148 28 33 211 127 195 1 58 1 46 166 195 50 1 104 91 211 180 179 91 94 211 25 56 110 92 136 164 188 178 69 46 211 11 211 38 92 14 119 71 211 211 113 211 211 208 1 1 1 157 16 77 91 4 91 91 85 150 211 169 165 46 166 205 57 71 161 211 111 211 107 96 132 195 194 1 46 132 211 46 182 1 167 46 1 91 166 100 115 211 187 211 102 163 91 90 121 78 210 72 135 1 1 114 81 211 160 1 20 1 193 125 191 211 211 91 209 42 126 204 112 166 95 1 211 7 36 1 1 206 1 201 1 118 121 165 1 174 1 196 74 122 186 162 95 97 1 195 99 3 153 60 51 189 192 100 197 66 152 
c [Incremental] Max used label: 211.
c [Incremental] Label 211 is removed from searching.
c [Incremental] Solving for max label = 210:
c [Incremental] Solving duration: 9022 ms.
s [Incremental] SAT (label = 210).
Label assignment: 5 15 3 172 120 75 135 176 120 75 129 5 120 17 120 165 79 120 95 156 149 165 10 48 53 58 210 210 74 3 120 165 159 30 165 177 165 57 27 88 1 165 117 120 151 39 120 194 109 9 38 113 210 145 165 90 165 1 75 34 120 210 108 159 69 165 200 169 165 191 103 58 43 120 67 101 125 210 20 210 66 160 36 75 120 23 120 37 45 40 135 24 146 42 98 25 89 41 210 165 50 179 81 98 114 120 75 165 210 155 189 82 165 120 210 46 85 210 210 165 75 70 1 131 77 80 196 74 210 143 116 144 3 134 175 165 210 210 210 165 3 3 50 3 130 3 187 120 3 3 51 152 165 3 51 210 3 142 75 48 60 192 202 180 203 3 3 3 3 3 165 120 3 6 210 107 210 51 49 165 4 106 167 168 120 188 210 204 210 90 127 165 44 115 7 85 148 8 31 75 210 124 1 210 165 11 161 182 210 120 55 72 210 5 210 54 154 210 165 165 90 210 210 190 5 147 210 120 63 210 26 93 120 165 210 130 93 165 210 94 100 87 120 210 97 198 110 210 183 83 2 1 1 75 2 13 58 19 165 121 126 164 130 16 160 120 104 153 2 206 5 96 114 165 63 10 120 133 210 210 159 210 208 29 193 150 1 165 50 120 32 163 210 210 56 210 33 35 102 165 207 71 173 59 120 165 120 165 210 210 53 111 5 210 13 28 199 76 75 92 165 165 13 114 75 209 122 21 75 140 210 210 210 5 56 1 174 1 46 210 165 1 50 22 138 123 86 157 5 197 137 14 48 132 186 68 105 75 210 117 5 75 136 119 5 1 1 1 5 120 60 115 5 120 165 210 75 96 53 119 112 158 201 1 73 1 12 61 165 103 5 210 165 91 3 165 85 85 139 171 57 162 170 95 165 184 210 165 195 118 62 210 178 74 128 52 75 166 210 47 65 86 210 210 84 210 75 85 64 5 185 205 130 210 210 49 5 141 1 99 75 50 181 78 18 
c [Incremental] Max used label: 210.
c [Incremental] Label 210 is removed from searching.
c [Incremental] Solving for max label = 209:
c [Incremental] Solving duration: 383 ms.
s [Incremental] SAT (label = 209).
Label assignment: 5 15 3 172 119 74 123 176 119 74 129 5 119 17 119 164 79 119 95 156 149 161 10 48 53 58 209 209 74 3 119 164 159 17 164 177 164 57 27 88 1 164 117 119 151 39 119 194 109 9 38 113 209 145 164 90 164 1 74 45 119 209 108 159 69 164 200 169 164 191 103 58 43 119 67 101 125 209 20 209 66 160 23 74 119 24 119 37 30 40 135 26 146 42 98 25 89 41 209 164 50 179 81 98 114 119 74 164 209 155 189 82 164 119 209 46 85 209 209 164 74 70 33 131 77 80 196 74 209 143 119 144 3 134 175 164 209 209 209 164 3 3 50 3 130 3 187 119 3 3 51 152 164 3 51 209 36 142 74 48 60 192 202 180 203 3 3 3 3 3 164 119 3 6 209 107 209 51 49 164 4 106 167 168 119 188 209 204 209 90 127 164 44 115 7 85 148 8 34 74 209 124 1 209 164 11 164 182 209 119 55 72 209 5 209 54 154 209 164 164 75 206 209 190 5 147 209 119 63 209 31 93 119 164 209 130 93 164 209 94 100 87 119 209 97 198 110 209 183 83 2 1 1 74 2 13 58 19 164 121 126 164 130 16 160 119 104 153 2 209 5 96 114 164 63 10 119 133 209 74 159 209 208 29 193 150 1 164 50 119 32 163 209 209 56 209 27 35 102 165 207 71 173 59 119 164 119 164 209 209 53 111 5 209 13 28 199 76 74 92 164 164 13 114 74 209 122 21 74 140 209 209 209 5 56 1 174 1 46 209 164 1 50 22 138 120 86 157 5 197 137 14 48 132 186 68 105 74 209 116 5 74 136 119 5 1 1 1 5 119 60 115 5 119 164 209 74 96 53 119 112 158 201 1 73 1 12 61 164 103 5 209 164 91 3 164 85 85 139 171 57 162 170 95 164 184 209 164 195 118 62 209 178 74 128 52 74 166 209 47 65 86 209 209 84 209 74 85 64 5 185 205 130 209 209 49 5 141 1 99 74 50 181 78 18 
c [Incremental] Max used label: 209.
c [Incremental] Label 209 is removed from searching.
c [Incremental] Solving for max label = 208:
c [Incremental] Solving duration: 17941 ms.
s [Incremental] SAT (label = 208).
Label assignment: 116 145 38 54 158 140 176 163 182 1 163 208 193 105 159 181 89 73 118 203 136 11 147 95 61 48 1 3 117 208 9 208 58 208 12 2 188 161 141 172 112 1 51 55 171 31 70 28 72 208 51 1 5 208 83 40 208 49 48 164 4 208 66 48 1 82 208 87 1 185 190 1 118 50 35 140 155 51 51 122 208 208 91 131 208 208 46 3 169 208 124 1 42 46 163 94 1 140 3 163 90 1 206 140 93 155 1 198 156 103 3 195 208 7 91 99 16 32 8 46 101 50 119 49 208 46 5 6 132 17 205 208 118 162 167 48 19 163 152 208 2 111 208 1 208 178 208 199 3 48 208 47 208 117 163 208 93 73 118 163 1 129 170 1 118 173 73 94 118 50 118 70 160 163 143 47 93 62 121 70 108 1 166 1 52 186 197 47 46 5 1 104 65 80 107 1 53 96 50 163 98 69 128 187 74 138 34 96 134 22 158 115 141 208 20 136 95 94 99 88 29 163 5 18 73 163 3 71 103 1 114 118 1 94 133 77 163 113 73 78 56 168 91 2 138 163 163 163 23 39 86 48 123 130 163 208 206 102 97 208 33 163 100 96 204 24 208 207 4 144 1 163 208 5 54 143 81 47 140 136 208 1 97 177 175 13 67 118 28 143 174 206 3 202 139 116 1 1 30 46 76 49 203 27 86 201 150 208 163 203 71 106 15 10 153 51 48 142 165 157 163 205 145 154 141 208 96 1 4 163 50 204 96 46 93 208 180 148 97 146 1 49 75 137 73 14 1 48 118 100 63 140 70 189 163 92 48 196 149 1 126 60 192 208 37 53 127 48 141 208 1 5 118 184 208 94 161 161 208 68 183 163 2 208 4 208 175 98 200 3 163 163 95 147 21 1 151 57 26 59 48 191 208 36 98 179 110 208 208 6 94 73 120 139 135 118 1 25 208 118 45 95 118 85 194 41 40 43 1 118 208 2 102 79 208 4 109 44 52 125 84 208 1 64 208 
c [Incremental] Max used label: 208.
c [Incremental] Label 208 is removed from searching.
c [Incremental] Solving for max label = 207:
c [Incremental] Solving duration: 9710 ms.
s [Incremental] SAT (label = 207).
Label assignment: 6 162 110 207 207 177 80 153 9 99 13 133 117 114 162 63 31 51 2 207 33 162 55 207 207 197 162 207 7 52 46 139 207 115 4 176 72 51 72 73 1 5 162 70 162 127 162 126 72 21 117 72 3 207 104 169 207 162 117 120 117 195 70 92 207 14 158 15 16 207 117 162 1 24 73 66 32 168 69 189 162 123 117 77 117 207 72 90 83 199 35 113 117 157 92 87 76 207 34 86 203 165 140 162 7 7 181 64 135 59 49 38 117 117 162 207 3 174 117 162 175 117 85 117 6 207 11 72 4 106 6 91 207 200 143 207 19 48 6 6 91 192 173 111 82 6 46 112 90 81 137 6 66 40 29 166 18 139 67 190 162 78 162 171 162 23 43 207 1 117 207 207 117 207 202 207 7 201 188 101 74 62 126 58 72 2 207 162 134 46 132 162 207 207 162 8 179 68 198 142 117 98 149 162 144 72 162 4 207 194 1 72 117 117 162 207 53 17 5 6 129 49 207 146 94 46 162 5 90 207 22 1 52 108 72 97 72 6 91 135 205 36 72 207 156 1 47 207 162 130 72 102 88 207 70 163 72 95 1 141 164 161 72 26 72 1 207 162 89 207 7 47 162 162 70 117 27 119 207 54 39 7 5 115 5 183 92 115 184 72 44 207 7 117 117 50 99 84 100 170 185 162 155 117 131 107 5 2 117 207 162 37 110 160 61 118 207 178 207 1 3 147 12 117 162 116 207 162 162 182 72 5 207 117 5 193 53 113 154 191 115 122 207 10 117 1 162 207 207 72 93 162 206 4 49 207 72 162 1 71 117 68 207 62 61 162 6 105 152 207 207 162 196 57 5 6 159 5 138 207 162 25 4 94 55 117 5 162 207 7 48 207 5 109 46 180 128 1 204 96 117 207 145 91 1 162 53 124 172 207 68 121 167 207 65 148 42 207 60 6 151 56 28 30 79 162 187 1 125 1 136 20 108 186 134 1 47 103 117 45 160 150 41 75 135 
c [Incremental] Max used label: 207.
c [Incremental] Label 207 is removed from searching.
c [Incremental] Solving for max label = 206:
c [Incremental] Solving duration: 80507 ms.
s [Incremental] SAT (label = 206).
Label assignment: 206 128 1 89 116 110 34 81 64 107 116 108 65 71 86 63 14 2 106 17 6 118 204 200 28 85 56 159 5 135 10 202 43 50 161 1 116 121 180 84 206 116 161 206 71 206 206 90 116 53 115 161 146 52 149 91 2 93 47 100 48 103 206 161 62 203 204 13 1 194 91 139 126 3 123 98 74 161 191 2 161 205 206 147 53 82 51 180 172 206 10 71 145 161 105 180 6 206 66 206 206 175 124 112 69 122 1 206 88 156 104 132 143 77 206 32 49 162 55 2 177 164 179 154 134 109 206 206 73 1 68 206 198 185 74 41 1 1 141 115 52 158 1 1 184 199 135 97 175 20 206 46 71 29 100 70 39 153 206 192 1 99 75 174 70 76 4 175 127 161 197 50 155 18 206 202 132 161 181 153 196 133 83 1 56 58 82 206 161 206 42 3 161 8 1 30 46 116 131 113 206 1 203 71 173 22 1 1 110 3 109 67 71 116 159 1 105 38 206 203 125 4 1 54 151 47 116 161 1 1 189 27 16 47 3 148 15 10 55 180 47 44 206 111 116 62 48 21 190 168 206 46 135 116 95 161 1 193 25 6 166 74 182 1 130 33 161 47 201 161 1 52 151 6 187 178 161 129 87 161 5 1 62 101 161 158 109 1 1 206 45 116 1 163 69 78 113 55 1 14 169 206 119 206 102 186 206 171 69 94 152 135 167 160 1 161 2 150 100 116 206 170 136 161 98 161 53 1 134 80 188 4 88 161 114 9 81 107 1 63 71 58 1 1 72 31 50 23 3 1 161 60 206 205 59 116 2 62 71 116 116 206 46 116 155 206 53 195 135 47 109 17 55 116 114 96 206 206 12 206 69 24 7 204 37 157 47 61 26 200 202 98 19 138 119 206 85 49 60 64 177 8 46 2 116 35 71 144 176 116 11 102 161 161 71 206 133 57 1 140 117 92 64 120 161 1 153 36 165 205 183 40 142 79 151 10 206 161 161 122 161 137 93 95 48 
c [Incremental] Max used label: 206.
c [Incremental] Label 206 is removed from searching.
c [Incremental] Solving for max label = 205:
c [Incremental] Solving duration: 474 ms.
s [Incremental] SAT (label = 205).
Label assignment: 205 128 1 89 115 110 171 81 64 107 115 108 65 70 86 63 14 2 106 17 6 118 204 200 28 85 56 159 5 121 10 202 34 50 160 1 115 116 180 84 205 115 160 205 70 124 205 90 113 53 115 160 146 52 149 91 2 93 47 100 48 103 205 160 62 205 204 13 1 194 91 139 126 24 123 98 74 160 191 2 160 205 205 147 53 82 51 180 172 205 10 70 145 160 105 180 6 205 66 205 205 175 124 112 69 122 1 205 88 156 104 132 143 90 205 45 49 162 55 2 177 164 179 154 134 109 205 205 73 1 68 205 198 185 74 41 1 1 141 115 52 158 1 1 184 199 135 97 175 20 205 46 70 29 100 70 39 153 205 192 1 99 77 174 68 76 4 175 127 160 197 50 155 18 205 202 132 160 181 153 196 133 83 1 56 58 82 205 160 205 42 3 160 8 1 32 46 115 131 113 205 1 203 70 173 22 1 1 115 3 109 67 70 115 159 1 105 38 205 205 125 4 1 54 151 75 115 160 1 1 189 27 16 47 3 148 15 10 55 180 47 44 205 115 115 62 48 21 190 168 205 46 135 115 95 160 1 193 25 6 166 74 182 1 130 33 160 47 201 160 1 52 151 6 187 178 160 129 87 160 5 1 62 101 160 158 109 1 1 205 43 115 1 163 69 78 113 55 26 14 169 205 119 205 102 186 205 165 69 94 152 135 167 157 1 160 2 150 100 115 205 170 136 160 98 160 53 1 134 80 188 4 88 160 114 9 81 107 1 63 70 58 1 1 72 31 50 23 3 1 160 60 205 205 59 115 2 70 68 115 115 205 46 115 160 205 53 195 135 47 109 17 55 115 114 96 205 205 12 205 69 22 7 204 37 160 47 70 22 200 202 98 19 138 119 205 85 49 61 64 177 8 71 30 115 35 70 144 176 115 11 111 158 160 70 205 133 57 1 140 117 92 64 120 169 1 153 36 161 205 183 40 142 79 151 10 205 160 160 122 160 137 93 95 48 
c [Incremental] Max used label: 205.
c [Incremental] Label 205 is removed from searching.
c [Incremental] Solving for max label = 204:
c [Incremental] Solving duration: 1359 ms.
s [Incremental] SAT (label = 204).
Label assignment: 204 128 1 89 114 142 34 84 64 107 204 108 51 69 86 63 14 204 106 17 6 118 204 200 22 85 56 159 5 122 10 202 43 50 5 1 116 121 171 83 204 159 1 204 71 124 159 69 117 52 114 159 146 52 149 80 2 93 47 100 48 103 204 159 62 203 204 6 204 194 91 139 120 3 123 142 68 159 191 2 22 204 204 147 51 82 47 180 172 204 10 71 97 159 105 179 6 92 66 159 159 173 124 112 69 114 1 204 88 156 104 132 204 77 204 32 49 162 55 2 159 164 178 204 134 109 159 159 73 1 53 204 198 185 74 41 1 1 141 114 52 158 1 1 184 92 125 97 175 20 204 46 71 29 100 69 38 153 10 167 1 99 71 174 69 76 114 175 120 159 197 50 91 18 2 202 132 159 181 153 196 130 129 1 67 58 82 204 204 159 42 3 159 8 1 27 46 143 131 113 204 1 203 69 163 22 1 1 141 3 109 67 71 114 159 1 105 39 204 203 127 4 204 64 151 75 114 159 1 1 2 28 6 47 158 148 15 10 55 180 47 44 204 111 204 62 48 114 190 168 204 46 135 204 95 159 91 193 204 11 166 74 182 25 130 33 159 46 192 98 1 52 151 144 187 176 204 128 87 159 5 1 67 101 159 157 109 1 1 6 45 114 1 204 69 78 113 55 1 8 169 204 113 204 204 186 204 160 69 94 152 135 161 154 1 204 1 150 100 114 159 159 1 159 98 159 53 1 126 75 189 4 81 159 114 16 90 107 1 63 69 52 1 1 73 31 47 23 3 188 159 52 204 204 61 114 1 51 72 114 204 204 46 114 96 204 70 195 135 65 139 19 54 114 114 139 204 204 12 204 69 24 7 204 37 94 62 66 26 136 202 98 6 138 119 97 85 49 60 59 177 21 46 30 114 35 69 155 165 114 7 102 13 159 68 204 133 57 1 140 115 137 64 114 170 1 7 36 201 204 183 40 142 79 145 9 204 159 199 116 159 137 93 110 48 
c [Incremental] Max used label: 204.
c [Incremental] Label 204 is removed from searching.
c [Incremental] Solving for max label = 203:
c [Incremental] Solving duration: 42155 ms.
s [Incremental] SAT (label = 203).
Label assignment: 56 128 201 89 75 202 32 203 64 124 113 63 23 54 1 66 62 169 162 68 24 114 113 47 70 46 203 107 99 144 22 13 84 203 6 195 203 158 122 193 203 151 103 55 102 77 158 167 113 203 193 103 200 64 1 177 47 175 173 100 48 48 55 26 13 91 10 77 90 194 10 203 125 74 121 50 1 38 94 203 105 5 129 149 44 189 3 200 40 97 132 203 149 146 109 199 181 109 1 108 54 88 71 156 203 109 63 23 130 202 203 31 64 203 113 68 203 68 3 1 58 158 187 59 18 203 158 108 166 56 68 68 203 158 1 69 99 203 113 203 134 203 50 1 103 104 126 203 202 93 125 155 203 120 37 1 4 117 158 183 156 1 115 178 6 85 58 46 123 158 197 50 203 73 2 157 155 104 159 97 180 91 39 144 58 1 191 199 153 113 135 203 203 58 30 36 108 113 151 148 13 101 94 203 17 62 174 3 203 64 158 54 1 203 145 10 203 1 83 1 87 47 200 113 113 27 158 99 46 1 110 99 108 56 203 146 56 100 86 80 55 43 68 203 151 111 203 203 192 161 68 59 165 52 146 203 58 107 58 112 163 54 82 113 91 142 103 6 193 10 158 188 135 158 158 136 158 133 76 203 61 203 35 5 113 63 16 5 68 113 42 113 1 4 158 203 147 4 72 18 179 158 119 185 41 141 92 21 10 4 157 20 164 196 56 158 53 158 143 158 1 19 203 158 140 9 49 113 168 171 113 5 5 158 152 51 4 108 5 203 203 50 56 58 3 81 158 68 80 55 203 78 190 104 5 13 60 25 203 113 203 158 50 203 137 1 182 95 186 62 106 203 68 101 203 203 52 150 157 203 2 148 4 1 139 46 65 28 46 158 3 203 68 127 54 98 198 203 172 67 110 203 2 79 57 118 5 155 176 160 33 136 12 158 8 158 154 203 158 101 158 14 170 116 122 1 158 51 158 15 11 1 158 184 138 34 45 96 158 7 29 131 203 46 113 
c [Incremental] Max used label: 203.
c [Incremental] Label 203 is removed from searching.
c [Incremental] Solving for max label = 202:
c [Incremental] Solving duration: 286212 ms.
s [Incremental] SAT (label = 202).
Label assignment: 119 85 83 172 140 55 162 201 146 197 135 111 9 152 112 156 1 38 46 156 157 67 190 5 6 107 155 1 11 66 156 156 198 186 72 195 168 1 157 70 111 92 1 127 157 26 2 39 201 105 66 156 115 114 78 115 46 201 21 56 111 187 126 66 155 201 109 202 129 111 201 29 35 7 67 167 173 201 177 50 46 158 180 150 10 200 7 202 1 133 170 79 54 7 165 163 1 156 176 175 6 201 59 131 113 50 15 151 5 7 201 130 56 104 66 1 42 123 201 108 1 200 82 53 116 111 66 156 201 76 54 57 55 201 67 67 51 9 47 65 12 9 1 51 153 104 105 84 202 57 111 88 96 1 149 156 6 95 34 111 156 171 157 109 111 36 156 111 1 97 12 156 201 1 174 112 157 6 22 94 50 202 166 77 1 202 186 65 60 1 4 1 2 21 201 40 57 156 89 111 147 202 136 46 100 47 9 1 1 2 121 157 111 112 201 1 157 7 135 202 47 194 95 199 92 156 164 2 14 191 146 21 156 128 157 87 156 19 201 196 160 37 110 202 154 188 111 202 111 41 110 52 118 141 62 80 193 157 201 182 122 159 134 66 156 27 202 111 55 111 1 156 103 56 156 58 66 156 62 2 201 111 110 66 59 1 66 17 1 7 45 65 201 157 201 189 192 14 201 101 112 3 128 43 48 154 124 61 179 145 24 112 56 201 202 111 66 7 66 137 202 86 102 16 47 66 1 20 55 151 156 105 101 201 157 28 73 64 1 1 95 54 9 1 202 125 5 25 1 149 75 3 112 99 183 110 51 52 57 155 112 1 156 71 117 169 112 98 56 55 6 4 132 66 65 111 144 139 120 111 93 20 202 143 33 63 148 52 201 11 142 101 100 47 157 3 44 13 201 60 1 3 49 201 201 30 184 202 80 106 201 201 90 178 181 138 1 74 185 16 202 4 202 161 202 18 2 1 5 69 81 201 68 111 103 1 23 91 111 112 32 8 111 31 156 
c [Incremental] Max used label: 202.
c [Incremental] Label 202 is removed from searching.
c [Incremental] Solving for max label = 201:
c [Incremental] Solving duration: 24208 ms.
s [Incremental] SAT (label = 201).
Label assignment: 111 156 79 111 156 69 137 201 46 156 135 100 201 157 105 107 115 39 145 201 37 11 52 34 71 201 1 61 111 63 201 155 83 201 57 5 4 156 111 14 12 2 153 155 172 90 10 201 156 73 18 111 9 134 54 201 45 201 201 62 55 159 113 152 33 8 10 1 111 111 95 201 51 1 17 171 177 66 155 111 56 181 7 167 195 168 197 2 77 111 156 180 6 201 180 1 43 151 198 1 1 134 82 131 107 146 170 3 201 201 1 57 101 198 156 48 1 113 200 58 22 94 156 106 156 201 1 150 201 85 201 61 46 112 175 47 60 65 149 78 149 106 2 61 92 51 93 156 8 81 197 7 201 54 201 201 64 50 1 155 53 179 173 41 64 87 156 118 13 111 36 16 187 62 4 108 201 12 121 50 38 1 161 76 201 182 201 201 124 156 201 7 15 84 53 2 49 156 142 153 107 20 114 156 1 2 151 3 176 1 1 201 102 105 158 23 25 156 111 55 30 184 154 186 50 108 201 1 200 28 5 110 4 138 6 48 110 21 96 40 154 42 125 165 130 178 101 107 156 44 123 67 156 156 109 66 199 155 63 201 1 160 88 163 56 3 109 117 1 97 61 4 156 50 100 103 52 201 105 156 95 19 148 66 104 133 58 64 5 1 86 47 8 194 169 188 201 35 63 98 201 49 128 2 118 91 121 156 164 103 1 128 6 200 148 27 56 199 110 140 109 201 4 201 201 111 109 1 156 138 144 116 201 201 189 29 166 63 192 201 201 70 56 201 201 72 197 61 50 141 78 201 4 122 191 46 16 59 74 1 106 8 147 64 126 150 129 64 46 110 61 1 111 73 68 8 123 143 1 3 108 156 154 139 9 119 201 46 201 4 99 147 7 102 65 24 196 58 162 60 155 193 201 201 75 32 190 89 156 7 156 201 111 185 174 133 201 46 76 64 201 198 107 89 136 26 183 156 1 88 6 1 6 201 132 201 123 80 120 127 31 156 1 199 64 
c [Incremental] Max used label: 201.
c [Incremental] Label 201 is removed from searching.
c [Incremental] Solving for max label = 200:
c [Signal] Signal interruption. Caught signal: SIGTERM (15).
c [Main] Lim pid ends with result: 254.
r [Main] 
r [Main] Final results: 
r [Main] Total real time: 1806930 ms.
r [Main] Total memory consumed: 1137.6 MB.
r [Main] 
