c [Version] Minimize Makespan Labeling Encoder version 1.0.0.
c [Param] LB is predefined as 26.
c [Param] UB is predefined as 315.
c [Param] Memory limit is set to 30000.
c [Param] Real time limit is set to 1800.
c [Main] Search strategy: Incremental from upper bound.
c [Main] Encoding and solving for graph: M-bcsstk06.mtx.rnd.
c [Incremental] Minimize Makespan Labeling Antibandwidth problem (M-bcsstk06.mtx.rnd):
c [Incremental] Encoding starts with target value = 25:
c [Incremental] Encoding duration: 4420ms.
c [Incremental] Number of clauses: 5319606.
c [Incremental] Number of variables: 365715.
c [Incremental] Solving for max label = 315:
c [Incremental] Solving duration: 107910 ms.
s [Incremental] SAT (label = 315).
Label assignment: 114 35 232 120 315 206 6 89 178 221 237 27 217 92 263 16 7 112 103 156 313 200 45 190 315 261 157 163 1 286 165 315 147 255 176 39 246 311 215 254 252 285 26 110 181 91 315 269 262 105 303 281 268 152 267 180 50 10 51 130 182 101 138 216 173 301 247 228 220 15 249 197 230 161 276 179 69 255 225 315 208 240 256 135 243 26 194 265 8 1 287 214 14 26 248 213 30 234 67 103 56 99 207 160 34 222 149 188 57 229 113 190 12 206 11 189 23 131 157 33 129 190 172 202 186 290 250 26 141 218 2 136 26 211 312 140 244 90 1 224 166 237 237 177 314 242 140 192 148 97 21 241 184 140 154 1 26 26 84 104 40 163 200 1 144 169 203 241 307 1 51 128 164 239 231 238 124 174 79 264 305 51 76 223 143 61 77 115 212 169 165 107 3 100 51 171 78 292 209 72 276 157 261 49 295 76 117 205 102 48 85 280 280 105 74 26 158 153 1 236 226 137 188 54 76 200 26 212 59 119 116 283 24 51 109 302 291 240 13 295 1 191 47 145 46 31 101 245 94 90 133 300 76 121 108 62 1 280 299 51 219 165 80 140 43 127 55 1 1 310 210 195 296 157 1 253 41 1 51 1 277 213 308 199 154 1 137 66 204 29 238 125 289 258 168 235 278 193 122 26 284 38 26 268 297 201 96 32 198 28 155 115 288 4 87 161 20 9 98 159 165 187 167 126 162 151 215 139 132 64 35 274 132 294 82 275 230 26 233 83 88 1 298 18 123 42 68 75 202 227 152 5 241 86 53 36 280 81 60 142 132 282 70 93 95 170 71 196 185 34 257 1 315 106 26 272 52 279 63 260 1 51 26 51 43 65 252 175 183 17 225 37 134 1 306 293 309 259 251 73 29 19 273 107 25 266 27 22 115 26 270 44 150 58 271 304 146 118 111 315 
c [Incremental] Max used label: 315.
c [Incremental] Label 315 is removed from searching.
c [Incremental] Solving for max label = 314:
c [Incremental] Solving duration: 687 ms.
s [Incremental] SAT (label = 314).
Label assignment: 113 35 232 120 314 206 6 89 178 221 237 27 217 92 263 16 7 112 103 156 313 200 45 289 314 261 157 163 1 286 165 307 147 255 176 39 246 311 213 254 252 285 26 110 181 91 314 275 262 105 303 281 269 152 267 180 50 10 51 130 182 101 138 216 173 301 247 228 220 15 249 197 230 161 276 179 69 255 225 314 208 239 256 135 243 26 194 264 8 1 287 215 14 26 248 213 30 234 67 103 56 99 207 160 34 222 149 188 57 229 115 189 12 206 11 190 23 131 157 33 129 188 172 202 186 289 250 26 141 218 2 136 26 211 312 140 244 88 1 224 166 237 237 177 314 242 139 192 148 97 21 241 184 138 154 1 26 26 84 104 40 163 200 1 144 169 203 241 306 1 51 128 164 240 231 238 124 174 79 265 305 51 76 223 143 61 77 113 212 169 163 107 3 100 51 171 78 292 209 72 276 157 261 49 295 76 117 205 102 48 85 280 280 105 74 26 158 153 1 236 226 137 188 54 76 200 26 212 59 119 116 283 24 51 109 302 291 238 13 290 1 191 47 145 46 31 101 245 94 88 133 300 76 121 108 62 1 280 299 51 219 165 80 140 43 127 55 1 1 310 210 195 296 157 1 253 41 1 51 1 277 213 308 199 154 1 137 66 204 29 238 125 289 258 168 235 278 193 122 26 284 38 26 268 297 201 96 32 198 28 155 114 288 4 87 161 20 9 98 159 164 187 167 126 162 151 214 139 132 64 35 274 132 294 82 273 230 26 233 83 90 1 298 18 123 42 68 75 202 227 152 5 241 86 53 36 280 81 60 142 132 282 70 93 95 170 71 196 185 34 257 1 314 106 26 272 52 279 65 260 1 51 26 51 43 63 252 175 183 17 225 37 134 1 304 293 309 259 251 73 29 19 264 107 25 266 27 22 115 26 270 44 150 58 271 314 146 118 111 314 
c [Incremental] Max used label: 314.
c [Incremental] Label 314 is removed from searching.
c [Incremental] Solving for max label = 313:
c [Incremental] Solving duration: 8620 ms.
s [Incremental] SAT (label = 313).
Label assignment: 110 158 313 120 313 206 6 89 176 221 237 174 217 92 263 16 36 113 104 156 187 200 47 190 313 261 150 160 1 286 165 307 144 255 74 39 246 164 215 254 3 285 26 112 181 91 313 269 262 105 313 281 268 151 133 178 180 10 54 127 182 101 134 216 173 303 247 228 220 15 243 239 27 161 276 179 74 255 225 244 208 240 256 135 240 223 194 265 8 1 287 214 14 34 248 213 30 234 67 104 58 99 207 161 37 222 149 188 57 229 38 165 12 206 11 189 23 131 157 114 128 190 137 202 186 300 250 26 143 218 2 136 26 211 313 140 242 90 311 224 168 237 234 177 313 228 249 192 148 97 21 241 184 140 154 1 26 26 84 103 42 163 200 1 28 169 203 232 306 1 51 129 271 239 231 238 122 172 78 264 305 199 79 214 130 189 77 115 212 147 165 119 125 100 51 61 78 292 209 72 276 157 261 46 294 76 117 203 104 73 85 279 280 102 74 26 159 155 1 236 223 32 188 53 80 200 26 212 60 111 123 283 24 51 109 302 294 240 13 291 1 191 41 124 198 310 101 245 94 90 312 298 76 56 108 62 1 280 299 51 219 165 80 140 50 127 59 1 1 136 210 195 296 157 1 274 45 5 51 1 277 213 308 197 153 116 163 65 204 230 238 267 288 258 168 235 278 193 121 29 4 44 26 265 118 201 96 40 162 175 152 115 288 2 87 161 20 9 98 75 140 187 167 126 138 151 215 139 49 68 185 274 132 293 82 275 228 31 233 83 88 1 295 18 48 145 69 170 205 227 152 5 241 86 53 43 280 81 66 142 132 282 70 93 95 170 71 196 48 34 257 1 190 106 26 272 52 284 63 260 1 51 26 55 226 64 252 175 183 17 225 166 171 7 301 290 309 264 251 22 35 19 273 107 25 266 297 253 115 26 270 175 150 141 259 304 146 56 289 33 
c [Incremental] Max used label: 313.
c [Incremental] Label 313 is removed from searching.
c [Incremental] Solving for max label = 312:
c [Incremental] Solving duration: 756 ms.
s [Incremental] SAT (label = 312).
Label assignment: 110 158 311 120 312 206 6 89 176 221 237 174 217 92 262 16 36 113 104 156 187 200 47 190 312 261 150 160 1 286 165 307 144 255 74 39 246 164 215 254 3 285 26 112 181 91 312 269 262 105 311 281 268 151 133 178 180 10 54 127 182 101 134 216 173 303 247 228 220 15 243 239 27 161 276 179 74 255 225 244 208 240 256 135 240 223 194 265 8 1 287 214 14 34 248 212 30 234 67 104 58 99 207 161 37 222 149 187 57 229 38 165 12 206 11 188 23 131 157 114 128 190 137 202 186 300 250 26 143 218 2 136 26 211 311 140 242 90 311 224 168 237 234 177 312 228 249 192 148 97 21 241 184 140 154 1 26 26 84 103 42 162 200 1 28 169 203 232 306 1 51 129 271 239 231 237 122 172 78 213 305 199 79 214 130 189 77 115 212 147 165 119 125 100 51 61 78 292 209 72 276 157 261 46 294 76 117 203 104 73 85 279 280 102 74 26 159 155 1 236 223 32 187 53 80 200 26 212 60 111 123 283 24 51 109 302 299 240 13 291 1 191 41 124 198 310 101 245 94 90 312 298 76 56 108 62 1 280 288 51 219 165 80 140 50 127 59 1 1 136 210 195 296 157 1 274 45 5 51 1 277 212 308 197 153 116 163 65 204 230 238 267 287 258 168 235 278 193 121 29 4 44 26 265 118 201 96 40 162 175 152 115 287 2 87 161 20 9 98 75 140 187 167 126 138 151 215 139 49 68 185 263 132 293 82 275 228 31 233 83 88 1 295 18 48 145 69 170 205 227 152 5 241 86 53 43 280 81 66 142 132 282 70 93 95 170 71 196 48 34 257 1 190 106 26 272 52 284 63 260 1 51 26 55 226 64 252 175 183 17 225 166 171 7 301 290 309 264 251 22 35 19 273 107 25 266 297 253 115 26 270 175 150 141 259 304 146 56 289 33 
c [Incremental] Max used label: 312.
c [Incremental] Label 312 is removed from searching.
c [Incremental] Solving for max label = 311:
c [Incremental] Solving duration: 834 ms.
s [Incremental] SAT (label = 311).
Label assignment: 114 158 305 120 85 206 6 89 176 221 236 174 217 92 260 16 36 113 104 156 187 200 47 190 311 262 150 159 1 280 165 311 144 261 74 39 246 163 215 254 3 285 26 112 181 91 311 270 261 105 310 281 268 151 133 185 180 10 54 135 182 101 134 216 173 303 247 228 220 15 243 238 26 161 276 179 74 254 225 244 208 240 256 135 239 223 194 265 8 1 287 214 14 34 248 209 30 237 67 104 58 99 207 161 37 222 149 184 57 229 38 165 12 206 11 189 23 131 157 112 128 190 137 202 186 300 250 27 143 218 1 136 26 211 309 140 242 90 308 224 168 236 234 177 311 236 249 192 148 97 21 241 184 140 154 1 26 28 84 102 42 159 200 1 26 169 203 232 306 1 51 129 271 239 231 234 122 172 76 266 311 199 79 213 130 188 77 115 208 147 165 119 125 100 51 61 78 292 212 72 276 157 261 46 294 76 117 211 103 73 85 286 283 110 66 26 159 155 1 231 223 32 184 51 80 200 26 211 60 111 123 286 24 51 109 302 294 240 13 291 1 191 41 124 198 307 101 245 94 90 304 298 76 56 108 62 1 279 299 51 219 165 80 140 50 127 59 1 1 136 210 195 296 157 1 274 45 2 51 1 277 209 311 197 153 116 164 65 204 230 238 267 286 261 168 235 278 193 121 29 4 44 26 264 118 201 96 40 162 175 160 115 286 1 87 161 20 9 98 75 140 186 167 126 139 151 215 138 49 68 178 257 132 293 82 258 236 31 233 83 88 1 295 18 48 145 69 170 205 227 152 5 241 86 53 43 286 81 60 142 132 282 70 93 95 170 71 196 48 34 255 1 190 106 26 272 52 284 63 253 1 51 26 55 226 64 252 175 183 17 225 166 171 7 289 290 311 263 251 22 35 19 273 107 25 269 297 261 115 26 275 175 150 141 259 301 146 56 288 33 
c [Incremental] Max used label: 311.
c [Incremental] Label 311 is removed from searching.
c [Incremental] Solving for max label = 310:
c [Incremental] Solving duration: 28254 ms.
s [Incremental] SAT (label = 310).
Label assignment: 112 168 281 125 11 208 167 302 7 224 237 174 217 114 108 102 296 259 133 158 189 200 47 279 1 262 154 158 1 306 125 310 134 260 73 101 246 164 215 253 110 284 26 1 51 89 163 266 272 105 305 283 39 152 144 178 180 9 51 150 185 120 303 222 151 306 247 228 221 15 248 59 38 310 290 176 66 253 225 244 206 248 258 138 242 114 194 273 294 127 287 220 153 35 250 217 30 241 67 109 64 91 217 306 125 222 146 188 52 236 118 60 257 207 96 195 3 310 306 113 149 190 77 202 182 298 250 175 9 218 4 130 30 212 100 141 242 75 85 209 143 242 230 177 1 234 248 288 129 10 17 243 3 139 135 281 32 26 114 8 40 159 200 89 37 139 203 226 308 1 56 137 306 245 233 242 125 170 179 270 304 199 78 214 115 189 49 111 212 147 164 162 125 100 57 34 81 295 216 72 277 160 261 46 249 82 89 204 74 67 87 263 277 125 71 191 124 158 306 233 223 27 184 65 26 200 26 211 61 63 117 75 24 54 104 161 187 241 98 1 77 197 42 136 99 310 108 247 94 86 157 142 80 62 121 299 247 278 183 53 219 167 78 150 50 152 165 1 1 132 210 196 277 21 5 273 44 221 53 108 307 213 16 103 122 251 171 64 205 232 238 267 280 256 166 235 281 192 6 156 239 119 26 269 43 201 94 76 139 297 306 1 300 140 84 155 18 306 92 75 139 181 126 308 128 172 223 139 116 95 292 258 131 293 79 271 229 30 231 164 169 123 291 22 41 148 107 301 202 227 7 58 249 88 53 33 150 83 100 39 28 276 70 90 100 286 69 255 42 36 252 306 193 133 29 275 100 281 68 2 310 283 31 52 240 175 282 45 186 25 225 289 173 309 133 28 100 265 264 12 48 254 198 106 23 268 93 97 20 19 274 14 150 141 145 304 285 55 1 13 
c [Incremental] Max used label: 310.
c [Incremental] Label 310 is removed from searching.
c [Incremental] Solving for max label = 309:
c [Incremental] Solving duration: 23199 ms.
s [Incremental] SAT (label = 309).
Label assignment: 112 165 281 125 11 208 167 302 7 224 237 174 217 114 108 101 296 259 133 158 189 200 43 279 1 262 155 158 1 306 125 309 134 259 73 95 246 164 215 253 110 285 26 1 51 89 163 266 272 102 305 283 39 152 144 178 180 16 51 150 184 120 81 222 123 306 247 228 221 15 248 59 38 77 290 176 66 251 225 244 206 248 258 142 242 114 194 273 294 127 287 215 172 35 250 217 33 250 67 109 64 91 217 306 125 222 103 188 52 236 118 60 257 173 96 190 2 308 306 113 149 190 77 207 182 298 250 175 8 218 4 129 30 212 100 141 260 75 85 209 143 242 230 177 1 238 248 288 129 10 226 243 2 139 135 281 32 26 114 9 40 159 200 89 37 139 201 236 308 1 56 137 306 240 233 242 125 168 179 270 234 199 78 214 115 189 49 111 216 147 164 162 125 100 57 34 80 295 220 72 277 159 284 21 130 82 89 203 74 67 87 263 277 125 211 191 116 158 309 233 223 27 186 65 26 200 26 209 61 63 115 75 46 54 104 161 187 241 126 309 234 197 44 146 22 309 108 247 92 86 157 140 80 62 121 299 245 278 183 53 219 171 77 150 23 151 165 235 1 132 209 196 277 20 5 273 227 221 52 105 309 213 24 138 124 256 170 64 205 98 154 267 280 254 166 1 281 192 6 259 239 119 26 269 43 202 94 145 139 297 309 1 309 309 88 156 76 306 97 71 139 181 136 308 128 153 223 139 122 83 292 258 131 293 79 271 229 27 48 164 169 117 291 210 41 307 107 17 204 232 7 58 249 84 52 231 150 1 100 39 27 276 70 90 19 286 69 261 42 36 252 309 193 133 29 275 100 281 68 3 303 283 31 52 300 175 282 50 195 47 225 289 160 301 133 28 100 265 264 12 45 255 198 106 148 268 93 99 18 25 274 14 150 141 185 304 284 55 1 13 
c [Incremental] Max used label: 309.
c [Incremental] Label 309 is removed from searching.
c [Incremental] Solving for max label = 308:
c [Incremental] Solving duration: 4417 ms.
s [Incremental] SAT (label = 308).
Label assignment: 112 165 281 125 11 208 167 302 7 224 237 174 217 114 108 101 296 259 133 158 189 200 43 279 1 262 155 158 1 306 125 3 134 259 73 95 246 164 215 253 110 283 26 1 51 89 163 266 272 102 305 283 39 152 144 178 180 16 51 150 184 120 81 222 123 306 247 228 221 15 248 59 38 77 290 176 66 251 225 244 206 248 258 142 242 114 194 273 294 127 287 215 172 35 250 217 33 250 67 109 64 91 217 306 125 222 103 188 52 236 118 60 257 173 96 190 2 308 306 113 149 190 77 207 182 298 250 175 8 218 4 129 30 212 100 141 260 75 85 209 143 242 230 177 1 238 248 288 129 10 226 243 2 139 135 281 32 26 114 9 40 159 200 89 37 139 201 236 308 1 56 137 306 240 233 242 125 168 179 270 234 199 78 214 115 189 49 111 216 147 164 162 125 100 57 34 80 295 220 72 277 159 1 21 130 82 89 203 74 67 87 263 277 125 211 191 116 158 308 233 223 27 186 65 26 200 26 209 61 63 115 75 46 54 104 161 187 241 126 304 234 197 44 146 22 305 108 247 92 86 157 140 80 62 121 299 245 278 183 53 219 171 77 150 23 151 165 235 1 132 209 196 277 20 308 273 227 221 52 105 285 213 24 138 124 256 170 47 205 98 154 267 280 254 166 275 300 192 6 308 239 119 26 269 43 202 94 145 139 297 308 1 306 308 88 156 76 225 97 71 139 181 136 308 128 153 223 139 122 83 292 258 131 293 79 271 229 27 48 164 169 117 286 210 41 307 107 17 204 232 7 58 249 84 52 284 150 1 100 39 27 276 70 90 19 231 69 261 42 36 252 268 193 133 29 275 100 282 68 5 303 283 31 51 291 175 259 50 195 45 307 289 160 301 133 28 100 265 264 12 36 255 198 106 148 268 93 99 18 25 274 14 150 141 185 304 62 55 2 13 
c [Incremental] Max used label: 308.
c [Incremental] Label 308 is removed from searching.
c [Incremental] Solving for max label = 307:
c [Incremental] Solving duration: 757 ms.
s [Incremental] SAT (label = 307).
Label assignment: 112 165 281 125 11 207 167 302 7 224 237 174 217 114 108 101 296 259 133 158 189 200 43 279 1 262 155 158 1 306 125 3 134 259 73 95 246 164 215 253 110 280 26 1 51 89 163 266 272 102 305 282 39 152 144 178 180 16 51 150 184 107 81 222 123 306 247 228 221 15 248 59 38 77 290 176 66 251 225 244 206 248 257 142 242 114 194 273 294 127 287 215 172 35 250 217 33 250 67 109 64 91 217 306 125 222 103 188 52 236 118 60 146 173 96 190 2 307 306 113 149 190 77 207 182 298 250 175 8 218 4 129 30 212 100 141 260 75 85 204 143 242 230 177 1 238 248 288 129 10 226 243 2 139 135 281 32 26 114 9 40 159 200 89 37 139 201 236 307 1 56 137 306 240 232 242 125 168 179 270 234 199 78 214 115 189 49 111 216 147 164 162 125 100 57 34 80 295 116 72 277 159 1 21 130 82 89 203 74 67 87 263 277 125 211 191 117 157 307 233 223 27 186 65 26 200 26 209 61 63 281 74 46 132 104 161 187 241 126 304 234 197 44 124 22 305 107 247 82 86 157 140 80 62 121 299 245 278 182 53 219 171 77 150 23 151 165 235 1 132 209 196 94 20 307 273 227 220 52 105 285 213 24 138 122 256 170 47 205 97 154 183 27 254 166 275 300 192 6 307 239 119 26 269 43 208 280 145 139 297 307 1 306 307 88 156 76 225 98 71 139 181 136 132 128 153 223 139 120 83 292 258 131 293 79 271 229 27 48 164 169 107 286 210 41 307 92 17 202 232 7 58 249 84 52 284 150 1 99 39 281 276 70 90 19 231 69 261 42 36 252 267 193 133 29 275 100 282 68 5 303 283 31 51 291 175 259 50 195 45 307 289 160 301 55 28 100 265 264 12 36 255 198 106 148 268 93 97 18 25 274 14 150 141 185 304 62 54 2 13 
c [Incremental] Max used label: 307.
c [Incremental] Label 307 is removed from searching.
c [Incremental] Solving for max label = 306:
c [Incremental] Solving duration: 712 ms.
s [Incremental] SAT (label = 306).
Label assignment: 112 165 281 125 11 204 167 302 7 207 237 174 217 114 108 101 296 259 133 158 189 200 43 279 1 262 155 158 1 306 125 3 134 259 73 95 246 164 215 253 110 284 26 1 51 89 163 266 272 102 305 281 39 152 144 178 183 16 51 150 184 120 78 222 123 306 247 228 221 15 248 59 38 77 290 176 66 251 225 244 206 248 254 142 242 114 194 273 294 127 287 215 172 35 250 217 33 250 67 109 64 91 217 306 125 222 103 188 52 236 118 60 257 173 96 190 2 306 306 113 149 190 77 204 182 298 250 175 8 218 4 131 30 212 100 141 260 75 85 209 143 242 234 177 1 238 248 288 129 10 226 243 2 139 135 281 32 26 114 9 40 159 200 89 31 139 208 236 306 1 55 137 306 240 229 242 125 168 180 270 233 199 78 214 115 189 49 111 216 147 164 162 125 100 57 34 80 295 224 72 277 159 1 21 130 82 89 203 74 67 87 263 277 125 211 191 116 154 306 230 223 27 186 65 26 200 26 209 61 56 115 75 46 53 106 161 187 241 126 304 234 197 44 146 22 297 104 247 92 86 157 140 78 62 121 299 245 278 179 53 219 171 77 150 23 151 165 235 1 132 209 196 277 20 306 273 227 220 52 105 285 213 24 138 124 256 170 47 205 98 259 267 280 254 166 275 291 192 6 156 239 119 26 269 43 201 94 145 139 300 306 1 306 306 88 156 76 225 97 71 139 181 136 306 128 153 223 139 122 83 292 255 134 293 79 63 229 29 48 164 169 117 286 210 41 306 81 17 202 232 7 58 249 84 52 283 150 271 100 39 27 276 70 90 19 231 69 261 42 36 252 266 193 133 28 274 100 281 68 5 303 280 31 51 282 175 258 50 195 45 306 289 160 301 129 28 100 265 264 12 37 255 198 107 148 268 93 99 18 25 272 14 150 141 185 304 62 54 2 13 
c [Incremental] Max used label: 306.
c [Incremental] Label 306 is removed from searching.
c [Incremental] Solving for max label = 305:
c [Incremental] Solving duration: 25925 ms.
s [Incremental] SAT (label = 305).
Label assignment: 115 165 286 115 7 208 133 302 9 224 237 174 217 108 108 44 296 259 133 158 186 207 39 279 1 60 148 158 1 236 134 6 147 305 158 95 246 164 215 132 112 283 26 10 51 21 163 266 272 110 305 280 37 153 144 186 180 274 59 262 185 103 305 222 123 90 247 232 221 17 248 138 41 26 290 268 68 251 84 167 206 165 255 143 242 111 33 57 294 128 287 216 172 250 23 217 48 250 67 105 161 1 260 151 106 222 152 188 61 236 118 142 200 88 93 190 242 303 305 113 149 190 161 205 177 300 159 4 2 22 13 129 250 210 80 137 94 261 87 209 66 235 230 70 85 238 57 288 139 16 226 176 1 140 130 288 11 212 114 15 42 162 186 89 38 58 202 250 230 305 32 204 67 175 45 26 107 178 305 265 229 194 77 215 115 189 30 107 58 140 275 70 115 305 305 27 217 295 220 72 277 160 1 25 131 183 83 211 301 49 90 263 277 111 199 191 116 158 182 130 219 35 192 74 231 186 245 79 252 63 100 57 45 51 104 160 19 305 244 220 206 197 43 122 254 305 101 247 95 82 125 50 76 62 253 299 3 278 78 51 218 53 305 109 234 127 168 34 1 203 84 196 281 227 165 275 187 211 51 108 284 1 211 166 124 56 117 75 201 99 256 183 280 136 140 271 293 192 20 154 240 241 239 267 145 304 92 260 86 297 161 5 214 150 179 156 184 211 78 223 31 181 119 233 69 120 225 52 111 73 282 258 135 292 264 47 236 243 24 261 91 155 286 141 140 170 102 71 205 232 180 98 249 81 28 298 140 270 86 186 83 276 146 305 96 14 169 12 103 28 136 26 193 133 126 40 236 286 171 18 55 283 103 51 291 157 257 29 198 213 3 289 65 305 26 26 82 269 46 208 32 228 195 110 121 285 275 97 236 1 273 173 54 36 185 3 58 64 2 8 
c [Incremental] Max used label: 305.
c [Incremental] Label 305 is removed from searching.
c [Incremental] Solving for max label = 304:
c [Incremental] Solving duration: 1013 ms.
s [Incremental] SAT (label = 304).
Label assignment: 115 165 286 115 11 210 133 302 15 224 237 174 217 108 107 44 296 259 133 158 186 211 40 279 1 154 148 158 1 236 136 6 147 304 158 95 246 164 215 136 112 283 26 10 51 21 163 266 272 110 304 279 37 153 144 186 180 274 59 262 187 103 304 222 123 90 247 236 221 17 248 138 45 26 290 268 62 251 86 167 206 165 254 143 242 111 33 57 294 128 287 216 172 250 23 217 48 250 71 105 161 1 258 152 106 222 151 188 60 236 118 142 200 88 93 190 242 303 304 113 149 190 161 204 177 300 161 4 2 22 13 129 250 203 80 137 94 261 87 209 66 233 230 59 85 238 57 288 139 16 226 176 1 140 130 288 8 207 114 20 42 157 186 89 38 58 202 250 229 304 32 204 67 175 34 26 111 178 304 265 229 194 77 215 115 189 30 107 57 140 275 70 115 304 304 27 217 295 220 72 277 162 1 25 131 185 83 212 301 49 90 263 277 111 199 191 116 160 186 135 219 35 192 74 231 186 245 79 252 63 100 61 43 51 104 159 19 304 244 220 206 197 45 122 254 304 101 247 84 82 127 50 76 64 253 299 3 278 78 51 218 53 304 111 234 134 168 34 1 205 84 196 281 227 165 275 198 211 51 108 282 1 211 166 124 56 117 75 201 99 256 183 276 136 140 271 293 192 9 155 240 241 239 267 145 304 92 255 86 297 161 5 214 150 179 156 184 211 78 223 31 181 119 235 68 120 225 52 121 73 280 260 135 292 264 47 237 243 24 261 91 109 286 141 140 170 102 69 204 232 179 98 249 81 28 298 140 270 86 186 82 276 146 304 96 14 169 12 103 28 136 26 193 132 126 41 236 286 171 18 55 285 103 51 291 161 257 29 182 213 3 289 65 304 26 26 86 269 46 208 36 228 195 110 125 284 275 97 236 1 273 173 54 39 185 3 61 64 2 7 
c [Incremental] Max used label: 304.
c [Incremental] Label 304 is removed from searching.
c [Incremental] Solving for max label = 303:
c [Incremental] Solving duration: 758 ms.
s [Incremental] SAT (label = 303).
Label assignment: 303 171 286 113 7 178 133 302 12 224 237 174 217 108 108 44 295 259 133 158 186 188 36 277 1 155 148 158 1 236 134 6 147 188 168 95 246 164 223 132 112 283 26 10 51 21 158 266 272 110 303 278 40 153 146 187 180 257 59 264 185 103 296 222 123 86 247 213 221 17 232 138 41 26 290 254 68 251 84 165 206 163 253 143 217 111 33 57 294 128 287 207 172 250 23 242 49 250 67 105 161 1 260 152 106 222 152 189 60 75 118 142 200 89 93 121 242 303 303 113 149 188 161 203 177 300 159 4 2 22 13 129 248 210 80 137 94 263 87 209 66 235 230 70 85 239 57 289 139 16 226 176 1 138 130 289 11 212 113 15 42 162 186 88 38 58 202 250 228 303 32 204 67 119 45 26 107 179 175 265 229 194 77 215 113 190 30 107 58 138 275 73 115 303 303 27 217 293 220 72 277 160 1 25 131 203 83 214 301 50 88 264 277 111 199 183 114 228 163 145 219 35 192 73 231 186 245 79 252 64 96 57 48 51 104 208 19 113 244 216 206 197 43 122 254 303 101 247 95 82 127 146 76 62 253 299 3 278 78 51 218 53 303 109 234 145 167 34 1 205 84 196 281 227 163 274 195 211 51 108 284 1 211 166 124 56 117 65 201 98 256 61 276 136 138 271 291 191 20 154 240 241 239 267 144 303 92 268 86 297 161 5 214 150 178 156 184 211 90 225 31 181 151 303 69 120 213 52 262 74 282 253 135 292 264 47 239 243 24 261 91 170 286 141 140 169 102 71 203 233 120 99 249 81 28 298 138 270 86 186 83 276 146 303 100 14 171 9 116 28 136 26 193 133 126 39 236 288 171 18 55 278 103 51 279 238 258 29 182 213 3 289 61 303 26 26 82 269 46 207 32 255 188 110 125 285 275 97 157 1 273 173 54 37 198 3 280 63 2 8 
c [Incremental] Max used label: 303.
c [Incremental] Label 303 is removed from searching.
c [Incremental] Solving for max label = 302:
c [Incremental] Solving duration: 11352 ms.
s [Incremental] SAT (label = 302).
Label assignment: 115 165 286 115 7 208 133 302 9 279 156 174 217 108 108 44 296 259 133 158 186 207 39 275 2 60 103 162 130 236 134 6 131 302 158 95 246 164 215 132 114 155 26 10 51 21 162 266 272 137 302 277 37 152 147 186 180 274 59 263 187 133 302 222 117 90 249 232 221 17 248 138 41 27 290 268 68 235 84 167 206 165 252 269 242 111 33 57 294 127 287 216 172 244 23 217 48 250 67 116 161 1 251 151 107 223 14 188 61 236 118 142 200 125 94 190 302 302 247 113 149 190 161 202 177 300 159 1 144 22 13 129 250 201 80 139 93 261 88 209 66 153 228 70 78 238 57 288 253 16 226 179 1 140 141 288 173 206 114 15 42 163 185 89 38 58 202 250 227 302 32 204 67 175 45 26 107 178 302 265 230 194 77 215 115 189 30 107 52 140 275 70 128 302 302 27 217 295 220 72 277 162 112 25 281 183 83 212 302 49 90 263 277 110 199 191 260 158 182 233 219 35 192 74 231 186 245 79 250 63 100 57 45 51 104 166 19 302 250 220 206 197 43 262 256 302 105 247 96 82 126 50 76 62 254 299 106 276 78 51 218 53 302 109 234 14 168 34 108 203 87 196 280 227 165 275 187 211 51 108 284 133 210 171 124 56 121 75 205 99 257 183 277 135 140 271 293 192 20 302 240 241 239 275 14 301 92 264 86 297 160 5 214 150 177 231 176 211 78 225 31 181 143 258 69 120 224 52 128 73 282 1 1 292 256 47 237 243 24 261 91 148 285 146 103 170 122 71 202 229 123 98 249 81 26 298 140 270 85 186 78 277 145 302 119 11 172 12 103 28 136 27 193 1 1 40 236 286 169 18 55 283 102 52 291 157 255 29 198 213 3 289 65 302 26 26 82 267 46 208 32 101 195 131 154 278 277 97 236 4 273 226 54 36 184 3 58 64 2 8 
c [Incremental] Max used label: 302.
c [Incremental] Label 302 is removed from searching.
c [Incremental] Solving for max label = 301:
c [Incremental] Solving duration: 710 ms.
s [Incremental] SAT (label = 301).
Label assignment: 115 165 286 115 7 208 133 301 9 279 156 174 217 108 108 45 296 259 130 158 186 207 39 275 2 60 103 162 127 236 134 6 131 301 158 95 246 164 218 132 114 155 26 10 51 21 162 266 272 137 301 276 37 175 147 186 180 274 59 263 187 133 301 222 117 90 249 232 221 17 248 138 41 27 290 268 68 235 84 167 206 165 251 151 244 111 33 57 294 144 287 216 172 244 23 219 48 250 67 116 161 1 252 152 107 223 14 188 61 241 118 142 200 125 94 190 301 301 247 113 149 191 161 201 177 300 159 1 144 22 13 129 250 201 80 139 93 261 88 209 66 153 228 68 78 238 57 288 253 16 226 179 1 140 144 288 173 206 114 15 42 163 185 89 38 58 202 250 226 301 32 204 67 175 43 26 107 178 301 265 230 194 77 215 115 189 30 107 52 140 275 70 128 301 301 27 219 295 220 72 276 162 112 25 281 183 83 212 301 49 90 263 276 110 199 194 260 158 182 233 219 35 192 74 231 186 245 79 250 63 100 57 44 51 104 169 20 301 250 220 206 197 43 262 256 301 102 247 96 82 126 50 76 62 254 299 106 276 78 51 218 53 301 109 234 14 168 34 108 203 87 196 280 227 166 275 187 211 51 105 284 133 210 171 124 56 121 75 205 99 257 183 276 135 140 271 293 192 18 301 240 242 239 269 11 301 92 264 86 297 160 5 214 150 93 231 176 211 78 225 31 181 143 258 69 120 224 52 128 73 282 1 1 292 256 47 237 243 24 261 91 148 285 146 103 170 122 71 201 229 123 98 249 81 26 298 141 270 85 186 78 276 145 301 119 277 172 12 103 28 136 27 193 1 1 40 236 286 169 19 55 283 118 52 291 157 255 29 198 213 3 289 65 301 26 26 82 267 46 208 32 101 195 131 154 278 276 97 236 4 273 226 54 36 184 3 58 64 2 8 
c [Incremental] Max used label: 301.
c [Incremental] Label 301 is removed from searching.
c [Incremental] Solving for max label = 300:
c [Incremental] Solving duration: 27704 ms.
s [Incremental] SAT (label = 300).
Label assignment: 115 174 291 192 15 214 84 214 177 279 161 165 217 109 101 102 287 259 133 158 181 12 42 275 9 67 120 162 133 240 142 10 128 167 300 98 95 157 223 142 106 161 26 51 51 21 160 256 275 137 284 300 28 151 130 198 185 85 60 273 187 133 245 205 118 17 249 298 225 5 250 132 28 34 293 255 53 235 91 190 200 170 275 234 243 103 27 62 138 126 283 219 155 239 184 218 29 250 53 105 162 1 227 155 292 224 146 187 156 229 119 139 59 125 88 80 126 83 250 107 148 197 26 201 79 216 117 14 144 22 3 136 275 209 89 145 100 267 81 210 69 175 228 101 76 236 56 286 257 3 75 179 1 143 139 167 166 225 112 123 30 159 192 87 28 52 203 250 250 114 37 130 55 169 76 26 117 176 288 263 228 178 76 207 110 182 41 6 51 259 250 70 149 121 51 32 213 202 208 72 140 162 112 25 300 189 137 92 294 49 90 261 296 117 11 275 260 163 192 105 1 1 193 71 237 13 300 86 250 53 275 66 45 272 111 164 20 168 116 220 211 180 46 152 150 300 58 250 221 89 129 50 300 44 252 282 109 276 78 51 300 63 300 269 226 1 164 35 1 206 87 196 194 233 300 241 231 215 51 26 289 275 242 93 173 154 155 135 203 105 262 200 300 300 162 270 300 137 1 295 232 281 238 108 16 79 105 264 131 300 142 189 212 253 176 250 277 217 99 225 266 186 268 271 55 113 222 57 145 54 18 246 1 290 275 254 223 4 24 77 94 141 230 147 124 153 122 68 196 226 26 104 247 7 26 48 142 127 248 188 76 167 130 278 23 19 80 199 275 38 265 36 31 1 8 43 217 242 169 1 66 297 26 61 285 64 251 39 191 204 192 280 73 299 33 183 92 258 96 74 40 47 195 134 171 300 274 97 115 217 275 244 167 275 172 300 65 52 82 2 
c [Incremental] Max used label: 300.
c [Incremental] Label 300 is removed from searching.
c [Incremental] Solving for max label = 299:
c [Incremental] Solving duration: 697 ms.
s [Incremental] SAT (label = 299).
Label assignment: 115 174 291 192 15 214 84 214 177 279 161 165 225 109 101 102 287 259 133 158 181 12 42 274 9 67 120 162 133 240 142 10 128 167 299 98 95 157 223 142 106 161 26 51 51 21 160 256 274 137 284 299 28 151 130 198 185 85 60 273 187 133 245 205 118 17 249 298 224 5 238 132 28 34 293 255 53 235 91 190 200 170 274 234 243 103 27 62 138 126 283 213 155 239 184 218 29 247 53 105 162 1 227 155 292 221 146 187 156 229 119 139 59 125 88 80 126 83 238 107 148 197 26 201 79 216 117 14 144 22 3 136 274 209 89 145 100 267 81 210 69 175 228 101 76 236 56 286 257 3 75 179 1 143 139 167 166 224 112 123 30 159 192 87 28 52 203 249 249 114 37 130 55 163 76 26 117 176 288 275 228 178 76 207 110 182 41 6 51 259 249 70 149 121 51 32 213 202 208 72 140 162 112 25 299 189 137 92 294 49 90 261 296 117 11 274 260 163 192 105 1 1 193 71 237 13 299 86 249 53 263 66 45 272 111 164 20 168 116 220 211 180 46 152 150 299 58 249 219 89 129 50 299 44 252 282 109 276 78 51 299 63 299 269 226 1 164 35 1 206 87 196 188 233 299 241 231 215 51 26 289 274 242 93 173 154 155 135 203 105 262 200 299 299 162 270 299 137 1 295 232 281 238 108 16 79 105 264 131 299 142 189 212 253 176 249 277 217 99 224 266 186 268 271 55 113 222 57 145 54 18 246 1 290 274 254 223 4 24 77 94 141 230 147 124 153 122 68 194 226 26 104 250 7 26 48 142 127 248 188 76 167 130 278 23 19 80 199 274 38 265 36 31 1 8 43 217 242 169 1 66 297 26 61 285 64 251 39 191 204 192 280 73 299 33 183 92 258 96 74 40 47 195 134 171 299 274 97 115 217 274 244 167 274 172 299 65 52 82 2 
c [Incremental] Max used label: 299.
c [Incremental] Label 299 is removed from searching.
c [Incremental] Solving for max label = 298:
c [Incremental] Solving duration: 729 ms.
s [Incremental] SAT (label = 298).
Label assignment: 115 174 298 192 15 214 76 214 177 279 161 165 225 109 101 102 287 259 129 154 181 12 42 273 9 67 120 154 129 240 141 10 128 167 298 98 95 157 223 142 106 160 26 52 51 21 159 256 273 136 285 298 28 151 130 198 185 76 61 273 187 129 245 205 118 17 248 298 223 5 248 132 28 34 293 255 53 235 91 197 200 170 273 234 243 103 26 62 138 126 275 219 155 239 184 218 29 244 53 108 163 1 227 155 292 223 146 187 156 229 119 139 59 125 88 80 126 79 248 107 148 197 27 201 84 222 116 14 144 22 8 135 273 209 89 145 100 267 81 210 69 175 228 101 76 236 56 286 257 3 75 200 1 143 139 167 158 216 112 123 30 154 192 87 33 51 203 249 248 114 37 203 55 169 76 26 117 176 288 263 228 178 76 207 110 182 41 6 51 259 248 70 149 101 51 32 213 202 208 72 140 162 111 25 298 188 137 92 294 49 90 261 297 117 11 273 260 154 192 104 2 1 51 71 237 13 298 85 248 58 273 66 45 272 110 164 20 168 121 220 211 180 46 152 147 298 179 248 221 89 1 50 298 44 252 282 109 276 78 51 298 63 298 269 226 1 164 36 1 206 86 196 194 233 298 247 231 215 51 26 289 273 242 93 173 154 155 135 203 108 262 200 298 298 172 270 291 137 1 295 232 281 238 104 16 83 105 264 131 298 142 189 212 253 176 241 277 217 99 224 272 186 268 271 55 113 222 57 145 54 18 246 1 290 266 254 223 4 24 77 94 133 230 126 124 150 122 68 193 226 26 109 250 7 26 48 142 127 248 190 76 166 284 278 23 19 80 199 274 38 265 35 31 1 1 43 217 242 169 1 66 296 26 60 283 64 251 39 191 204 192 280 73 298 26 183 92 258 96 74 40 47 195 134 171 175 273 97 115 217 273 241 167 273 153 298 65 51 82 1 
c [Incremental] Max used label: 298.
c [Incremental] Label 298 is removed from searching.
c [Incremental] Solving for max label = 297:
c [Incremental] Solving duration: 97914 ms.
s [Incremental] SAT (label = 297).
Label assignment: 115 165 133 195 2 26 143 216 177 279 161 173 207 118 52 102 288 257 130 155 183 12 3 267 2 66 243 159 130 247 142 9 128 167 297 95 11 210 220 140 272 161 76 58 51 21 157 297 77 110 284 231 28 151 128 197 45 85 60 272 186 130 235 205 19 172 247 90 222 4 246 185 28 27 286 272 96 249 92 177 200 167 256 233 239 108 197 62 132 126 274 215 155 241 234 214 29 252 69 41 172 1 268 68 115 7 146 185 158 227 122 297 201 32 181 190 129 105 104 107 275 192 83 202 93 247 117 10 197 20 3 263 297 203 90 36 100 297 82 272 297 152 287 101 102 250 188 138 259 247 278 202 189 142 204 167 181 213 112 111 69 156 192 222 28 58 254 280 282 91 272 148 44 169 76 79 115 176 248 251 2 50 297 26 114 134 42 217 51 198 37 269 49 197 51 160 297 191 226 22 141 160 2 199 273 180 83 92 271 150 247 168 6 117 182 26 187 155 218 105 109 1 80 61 237 194 292 77 64 63 73 142 46 184 102 164 24 167 277 210 212 180 224 171 150 272 27 247 1 116 170 48 289 149 209 71 1 94 231 53 87 142 290 296 38 206 56 35 1 145 262 147 245 33 89 272 253 272 27 1 232 266 246 86 67 123 295 139 223 297 136 127 240 67 59 85 294 297 1 291 235 276 236 264 172 208 103 154 297 179 297 162 211 88 177 127 47 244 293 255 31 186 163 281 43 113 242 1 177 120 261 206 135 285 238 98 247 6 8 222 272 26 230 125 121 74 119 49 156 258 131 4 270 81 26 225 142 106 222 5 215 167 124 203 175 25 153 57 178 297 33 27 137 2 2 222 221 272 72 283 67 256 26 52 23 65 84 39 17 16 219 174 99 33 54 78 193 260 13 75 40 18 192 265 15 229 97 196 14 247 30 70 166 34 228 6 117 144 55 297 
c [Incremental] Max used label: 297.
c [Incremental] Label 297 is removed from searching.
c [Incremental] Solving for max label = 296:
c [Incremental] Solving duration: 553 ms.
s [Incremental] SAT (label = 296).
Label assignment: 115 165 133 193 2 26 143 216 177 279 161 173 208 118 52 102 288 257 130 155 183 12 3 267 2 66 243 159 130 246 142 9 128 167 296 95 11 210 218 140 271 161 76 58 51 21 157 296 77 110 284 231 28 151 128 193 45 85 59 271 186 130 235 205 19 169 246 90 220 4 247 185 28 27 286 269 96 249 92 177 200 167 256 233 239 108 194 62 132 126 274 215 155 241 234 214 29 252 69 41 169 1 268 68 115 7 147 185 158 227 121 296 201 32 181 190 129 105 104 107 275 192 83 202 93 246 117 10 196 20 3 263 296 204 90 36 100 296 82 259 296 152 287 101 102 250 188 138 272 243 278 202 189 142 207 167 181 213 112 111 69 156 192 220 28 58 254 280 282 91 271 148 44 169 76 79 115 178 248 251 2 50 296 26 114 134 42 217 51 198 37 269 49 195 51 160 296 191 226 22 141 160 2 199 273 180 83 92 271 150 243 168 6 117 182 26 187 155 218 105 109 1 80 61 237 194 292 77 64 63 73 142 46 184 102 164 24 167 277 210 212 180 224 167 150 271 27 246 1 116 170 48 289 149 209 72 1 94 231 53 87 142 290 296 38 206 56 34 1 145 262 146 245 33 89 271 253 271 27 1 232 266 246 97 67 123 295 139 223 296 136 127 240 67 60 84 294 296 1 291 235 276 236 264 171 222 103 154 296 179 296 162 211 88 176 127 47 244 293 255 31 186 163 281 43 113 242 1 177 120 261 206 135 285 238 98 246 6 8 220 271 26 230 125 124 74 119 49 156 258 131 4 270 81 26 225 142 106 218 5 215 167 122 203 172 25 153 57 175 296 33 27 137 2 2 221 221 271 70 283 67 256 26 52 23 65 86 39 17 16 219 174 99 33 54 78 193 260 13 75 40 18 192 265 15 229 95 197 14 246 30 71 166 35 228 6 117 144 55 296 
c [Incremental] Max used label: 296.
c [Incremental] Label 296 is removed from searching.
c [Incremental] Solving for max label = 295:
c [Incremental] Solving duration: 794 ms.
s [Incremental] SAT (label = 295).
Label assignment: 115 165 133 193 2 26 143 213 177 279 161 173 208 111 52 102 288 257 130 155 183 12 3 267 2 66 243 159 130 244 142 9 128 167 295 95 11 209 218 143 265 161 76 58 51 21 157 295 77 110 284 231 28 151 128 193 45 85 59 270 187 130 235 205 19 169 245 90 220 4 246 184 28 27 286 269 96 249 92 177 200 166 256 233 239 108 194 62 132 126 274 215 155 238 247 214 29 252 69 41 169 1 268 68 118 7 148 185 158 227 120 295 221 32 181 190 129 105 104 106 275 192 83 201 93 245 117 10 195 20 3 263 295 204 90 36 100 295 82 259 295 152 287 101 102 250 188 138 272 243 278 202 189 141 207 167 181 211 112 107 69 156 193 220 28 58 254 280 282 91 270 147 44 174 76 79 115 176 248 251 2 50 295 26 114 134 42 217 51 198 37 261 98 194 51 159 295 197 226 22 140 160 2 199 273 180 83 92 270 150 243 168 6 117 182 26 186 155 218 105 109 1 80 61 237 194 292 77 64 63 73 142 46 184 102 164 24 167 277 210 212 180 224 167 150 270 27 245 1 116 171 48 289 149 209 75 1 94 231 53 87 141 295 295 38 206 56 34 1 146 262 145 240 33 89 270 253 270 27 1 232 266 243 97 67 123 295 139 223 295 136 127 241 67 60 84 291 295 1 290 234 276 237 264 170 222 103 154 295 179 295 162 212 88 176 127 47 244 293 255 31 186 163 281 43 113 242 1 177 120 271 206 135 285 236 100 243 6 8 219 270 26 230 125 124 74 121 49 156 258 131 4 270 81 26 225 142 119 218 5 216 167 122 203 175 25 153 57 178 294 33 27 137 2 2 220 218 270 70 283 67 256 26 52 23 65 86 39 17 16 219 172 99 33 54 78 193 260 13 72 40 18 191 266 15 229 95 196 14 243 30 71 168 35 228 6 117 144 55 295 
c [Incremental] Max used label: 295.
c [Incremental] Label 295 is removed from searching.
c [Incremental] Solving for max label = 294:
c [Incremental] Solving duration: 987215 ms.
s [Incremental] SAT (label = 294).
Label assignment: 185 26 88 172 283 294 293 294 15 153 269 1 22 268 294 71 7 152 1 87 194 294 250 213 43 102 23 27 193 269 129 289 150 206 171 190 123 167 262 79 269 13 1 33 157 75 269 197 244 61 26 78 49 26 274 6 14 95 169 83 194 182 227 70 272 225 141 269 141 181 251 92 260 244 174 73 75 234 261 5 245 187 103 69 268 294 116 212 173 180 132 193 44 141 284 218 178 247 235 148 193 273 110 259 106 114 202 193 114 155 191 191 96 67 100 115 37 243 218 294 126 78 219 129 203 292 104 29 89 120 177 68 53 125 294 131 154 219 107 149 294 218 199 230 85 151 1 36 24 294 124 279 189 159 34 108 264 244 242 101 1 27 4 91 51 218 249 138 154 104 134 94 246 103 52 62 244 208 197 225 172 21 59 40 280 242 236 266 60 146 1 294 74 200 290 192 243 277 220 270 80 143 294 239 238 53 168 258 211 254 237 63 244 183 47 51 101 257 109 232 81 169 1 224 269 269 137 169 2 1 165 208 89 112 93 215 42 28 25 252 118 288 201 184 72 243 54 91 179 241 58 226 26 41 127 90 9 26 207 112 267 52 269 161 282 26 216 244 129 125 86 216 150 196 105 141 214 63 1 139 256 112 54 215 229 209 210 1 285 147 219 48 140 158 170 2 219 195 1 194 142 221 219 294 10 287 76 65 8 193 133 30 118 55 265 118 98 27 198 278 166 144 91 104 263 120 291 117 248 1 121 28 35 175 194 240 57 116 50 244 268 129 122 82 160 253 99 111 1 281 204 97 119 217 168 223 3 87 233 12 87 186 17 145 128 275 45 46 16 156 142 18 56 168 137 35 286 1 166 231 79 79 205 294 39 188 84 136 222 20 244 176 113 63 162 164 29 269 271 135 32 276 77 294 255 228 243 11 54 54 64 100 163 66 19 27 130 31 66 38 
c [Incremental] Max used label: 294.
c [Incremental] Label 294 is removed from searching.
c [Incremental] Solving for max label = 293:
c [Incremental] Solving duration: 119474 ms.
s [Incremental] SAT (label = 293).
Label assignment: 51 30 293 128 287 283 218 83 15 153 193 1 22 268 189 191 3 152 1 87 28 54 250 1 43 125 23 27 188 268 126 102 145 156 38 200 122 161 265 79 267 13 1 243 157 293 268 197 293 61 33 78 50 26 274 2 14 225 164 133 5 182 268 284 174 99 141 266 293 179 250 29 260 218 175 293 281 234 1 199 245 180 103 69 238 83 109 26 190 179 98 146 44 115 289 213 178 247 235 96 193 94 280 264 105 268 201 1 186 72 91 192 173 67 100 177 86 293 214 85 127 77 110 128 203 293 101 263 116 106 184 68 1 120 51 26 165 205 142 147 52 220 172 231 63 152 217 177 24 33 123 254 187 155 37 83 258 268 84 47 1 29 26 243 107 58 250 140 154 293 130 71 246 171 51 60 1 288 285 225 183 21 62 136 275 293 233 243 189 132 212 278 66 193 291 186 293 286 219 270 76 139 293 222 244 53 243 58 182 227 237 101 242 183 39 57 159 257 105 232 293 58 2 223 118 230 214 293 130 82 56 208 90 113 243 224 41 293 25 88 93 70 75 176 73 84 54 135 129 268 117 81 29 9 36 97 89 26 207 112 268 205 268 151 10 26 27 89 129 51 189 243 114 194 185 134 273 2 240 137 251 139 51 65 228 92 204 4 158 119 193 149 114 158 160 243 218 34 1 268 268 202 215 268 191 209 82 42 161 252 108 55 114 48 256 118 248 282 196 166 167 143 150 104 259 198 105 111 195 1 272 28 35 170 12 230 262 109 46 218 293 1 229 277 169 271 144 216 181 276 206 76 148 54 164 40 210 293 236 32 31 76 17 131 261 269 45 49 16 155 136 93 2 164 138 27 290 26 166 121 207 79 204 168 249 180 87 155 64 20 1 18 221 2 163 162 239 241 226 124 33 279 80 243 11 95 218 19 255 292 6 253 130 59 74 52 8 7 211 166 
c [Incremental] Max used label: 293.
c [Incremental] Label 293 is removed from searching.
c [Incremental] Solving for max label = 292:
c [Incremental] Solving duration: 348058 ms.
s [Incremental] SAT (label = 292).
Label assignment: 263 147 292 143 1 191 217 27 51 169 186 269 121 1 1 175 3 254 217 5 159 267 44 292 136 234 162 64 115 1 78 1 112 227 158 229 146 104 26 128 2 188 60 52 267 6 139 278 1 292 168 191 243 292 33 153 281 100 214 180 239 292 163 124 144 18 92 26 102 94 250 135 26 36 258 58 19 43 288 51 25 51 266 171 242 211 52 127 16 66 261 189 200 210 122 167 97 131 93 232 242 74 133 70 260 142 224 292 186 148 1 155 225 219 22 215 242 30 164 167 71 77 267 216 12 1 128 26 292 20 196 265 292 137 285 206 256 78 185 220 167 187 127 166 214 46 236 21 119 126 197 249 267 152 292 205 10 1 26 279 182 64 153 102 69 267 26 98 35 181 238 207 245 217 116 267 153 120 1 248 170 282 157 292 199 192 103 266 264 126 213 221 218 190 141 267 30 275 233 151 229 59 267 49 247 217 77 101 228 274 102 195 105 128 14 192 244 9 1 165 79 79 292 101 86 3 39 290 155 222 113 230 24 267 111 13 47 51 138 89 161 12 253 203 41 27 192 127 291 102 198 75 56 277 45 123 189 145 114 106 77 231 84 255 283 241 52 110 85 170 7 242 273 201 177 208 23 26 217 292 132 114 51 268 126 194 209 48 254 286 11 272 55 257 237 189 83 127 241 61 54 134 164 142 67 259 1 149 242 40 76 262 34 76 91 161 118 53 15 150 130 240 228 140 63 204 26 79 108 284 172 242 139 212 57 173 26 183 103 104 217 216 37 125 176 280 17 217 62 38 88 226 68 242 109 193 252 242 51 154 80 203 99 174 8 95 156 276 246 130 129 32 292 192 217 192 1 185 267 170 178 35 4 214 87 210 184 235 42 31 28 82 223 117 90 81 292 29 251 107 287 50 77 289 65 72 26 96 160 51 292 271 103 152 73 1 202 270 217 179 
c [Incremental] Max used label: 292.
c [Incremental] Label 292 is removed from searching.
c [Incremental] Solving for max label = 291:
c [Signal] Signal interruption. Caught signal: SIGTERM (15).
c [Main] Lim pid ends with result: 254.
r [Main] 
r [Main] Final results: 
r [Main] Total real time: 1806418 ms.
r [Main] Total memory consumed: 1697.4 MB.
r [Main] 
