c [Version] Minimize Makespan Labeling Encoder version 1.0.0.
c [Param] LB is predefined as 68.
c [Param] UB is predefined as 333.
c [Param] Memory limit is set to 30000.
c [Param] Real time limit is set to 1800.
c [Main] Search strategy: Incremental from upper bound.
c [Main] Encoding and solving for graph: P-can__445.mtx.rnd.
c [Incremental] Minimize Makespan Labeling Antibandwidth problem (P-can__445.mtx.rnd):
c [Incremental] Encoding starts with target value = 67:
c [Incremental] Encoding duration: 2330ms.
c [Incremental] Number of clauses: 2895308.
c [Incremental] Number of variables: 381253.
c [Incremental] Solving for max label = 333:
c [Incremental] Solving duration: 837428 ms.
s [Incremental] SAT (label = 333).
Label assignment: 265 151 283 199 110 259 278 78 167 123 4 285 189 169 108 5 241 223 53 153 31 333 266 215 164 266 70 189 59 135 69 84 180 178 323 73 192 333 22 93 144 275 208 20 7 181 3 103 221 326 331 264 171 331 213 150 41 153 73 28 332 37 54 168 333 184 308 107 64 231 187 333 304 266 172 130 1 226 72 306 5 12 134 141 328 143 333 333 292 155 8 115 60 261 190 199 263 49 295 191 147 179 268 6 101 21 94 240 113 241 244 274 266 173 72 333 222 262 88 333 333 301 57 316 333 324 282 109 13 207 3 218 2 106 198 35 307 333 38 136 189 140 279 162 333 5 272 131 277 148 91 266 229 276 1 116 330 309 305 201 103 128 30 111 19 211 171 329 284 297 228 266 48 315 333 95 252 296 87 206 266 156 270 250 183 73 68 121 259 220 132 160 140 239 322 1 254 199 182 1 103 9 146 94 235 319 202 224 251 225 324 139 333 71 214 303 1 62 333 16 200 79 267 66 324 70 248 318 310 6 99 68 96 83 185 291 237 289 154 203 102 126 69 127 6 333 333 72 333 227 233 312 280 85 27 155 7 193 26 55 67 209 320 58 182 288 264 115 314 286 142 325 333 260 255 333 14 15 65 234 257 241 82 129 34 258 158 333 236 212 273 157 249 36 69 95 51 165 3 302 98 125 77 86 258 333 317 117 222 186 52 247 300 196 104 39 210 92 265 333 100 331 327 1 5 75 238 298 333 45 42 232 89 216 23 266 195 174 176 217 177 313 205 3 1 287 118 180 24 115 133 163 1 4 120 333 256 333 333 161 74 245 81 152 40 105 103 311 199 124 189 2 29 159 145 197 25 2 50 281 90 188 308 149 1 321 18 56 266 333 138 32 119 10 269 63 47 253 44 219 175 230 76 204 294 61 69 166 137 242 299 186 290 231 4 46 266 122 246 170 266 174 17 33 271 2 104 11 86 119 112 114 333 98 80 86 257 194 11 97 43 293 243 4 173 
c [Incremental] Max used label: 333.
c [Incremental] Label 333 is removed from searching.
c [Incremental] Solving for max label = 332:
c [Incremental] Solving duration: 462 ms.
s [Incremental] SAT (label = 332).
Label assignment: 264 151 283 198 110 259 278 78 167 123 4 285 189 169 108 5 241 223 53 153 31 198 264 215 164 265 70 189 59 135 69 84 180 178 323 73 192 331 22 93 144 275 208 20 7 199 3 103 221 326 331 264 171 331 213 149 41 152 73 28 332 37 54 168 331 184 308 107 64 231 186 331 304 265 172 130 1 226 72 306 5 12 134 141 328 143 331 331 292 155 8 115 60 261 190 198 263 49 295 191 147 179 268 6 101 21 94 240 113 239 244 274 264 173 72 331 222 262 88 332 331 301 57 316 332 324 282 109 13 207 3 218 2 106 198 35 307 331 38 136 189 140 279 162 332 5 272 131 277 148 91 264 229 276 1 116 330 309 305 201 103 128 30 111 19 211 171 329 284 297 228 264 48 315 331 95 252 296 87 206 265 156 270 250 183 73 68 121 259 220 130 160 140 267 322 1 253 198 181 1 103 9 146 94 235 319 202 224 251 225 324 139 332 71 214 303 1 61 331 16 200 36 266 66 324 70 248 318 310 6 99 68 96 83 185 291 237 289 154 203 102 126 69 127 6 331 331 72 331 227 233 312 280 85 27 155 7 193 26 55 67 209 320 58 182 288 255 115 314 286 142 325 332 260 254 332 14 15 62 234 257 241 82 129 34 258 158 331 236 212 273 157 249 11 69 95 51 165 3 302 98 125 77 86 258 332 317 117 222 187 52 247 300 196 104 39 210 92 264 331 100 331 327 1 5 75 238 298 332 45 42 232 89 216 23 264 195 172 176 217 177 313 205 3 1 287 118 180 24 115 133 163 1 4 120 331 256 332 332 161 74 245 81 150 40 105 79 311 198 124 189 2 29 159 145 197 25 2 50 281 90 188 308 131 1 321 18 56 265 331 138 32 119 10 269 63 47 265 44 219 175 230 76 204 294 65 69 166 137 242 299 186 290 231 4 46 265 122 246 170 264 174 17 33 271 2 104 11 86 119 112 114 332 132 80 86 257 194 11 97 43 293 243 4 173 
c [Incremental] Max used label: 332.
c [Incremental] Label 332 is removed from searching.
c [Incremental] Solving for max label = 331:
c [Incremental] Solving duration: 49557 ms.
s [Incremental] SAT (label = 331).
Label assignment: 263 135 298 144 111 178 278 78 172 134 4 285 264 148 109 5 184 221 53 155 31 239 331 207 164 264 80 189 59 135 76 153 175 182 325 197 197 330 197 93 149 74 236 20 7 177 81 103 224 331 331 235 327 331 246 150 41 183 68 28 330 37 54 168 306 70 331 110 64 197 183 264 299 264 227 130 72 259 12 331 317 12 150 130 319 110 318 330 283 175 8 111 60 331 189 195 264 49 277 173 158 162 269 6 92 21 86 112 103 112 198 330 251 180 72 255 104 264 88 331 324 310 57 302 330 309 304 138 13 220 2 210 1 18 201 35 307 323 38 147 167 143 279 101 331 4 272 131 270 139 91 331 225 276 68 132 331 331 331 146 2 128 30 199 8 266 170 321 284 297 210 264 48 313 233 196 243 295 69 130 1 151 271 250 141 73 68 99 264 226 263 157 140 308 316 1 254 194 181 1 2 2 174 94 241 311 217 96 137 238 324 148 331 14 213 305 1 62 1 3 206 19 208 66 331 69 244 321 288 202 10 68 70 68 192 290 229 289 143 205 179 211 77 127 4 331 331 7 331 228 232 296 280 2 27 155 156 186 26 55 61 209 320 58 181 315 237 119 314 286 142 331 301 252 247 331 7 25 67 240 234 215 84 126 34 258 160 108 264 212 273 159 248 36 68 200 51 165 216 312 98 125 5 85 264 331 178 102 222 176 52 242 303 193 105 39 203 89 260 331 15 331 331 1 163 75 95 292 42 45 40 197 124 214 23 257 152 264 113 218 178 265 164 11 1 287 117 169 24 116 133 264 1 22 123 331 267 331 328 161 83 249 16 154 3 105 107 268 191 118 187 1 29 135 145 184 33 4 50 281 90 166 331 171 329 300 9 56 261 322 197 184 109 326 275 63 47 331 44 219 176 230 79 204 294 65 71 117 136 215 129 188 291 223 231 46 262 122 245 112 253 121 17 32 274 1 106 1 82 120 115 114 264 100 1 76 256 190 3 97 43 293 185 282 87 
c [Incremental] Max used label: 331.
c [Incremental] Label 331 is removed from searching.
c [Incremental] Solving for max label = 330:
c [Incremental] Solving duration: 769945 ms.
s [Incremental] SAT (label = 330).
Label assignment: 309 136 207 153 117 186 63 128 9 284 196 108 254 122 10 330 59 217 70 1 238 215 115 4 152 1 68 222 20 87 1 141 140 196 267 189 330 4 134 277 294 18 263 191 288 130 1 132 330 263 235 139 101 100 281 310 219 330 60 273 126 70 196 185 68 253 330 330 203 201 1 249 23 318 218 330 74 270 196 148 308 151 96 24 1 77 301 213 178 197 35 68 113 1 22 234 265 233 223 330 1 198 104 290 84 192 196 54 73 39 330 297 8 125 202 263 2 200 124 6 263 143 229 94 304 133 1 196 68 17 11 2 293 251 306 146 211 12 193 263 307 138 216 8 330 259 226 136 154 149 106 319 142 62 287 5 46 204 1 296 95 303 83 191 159 52 268 263 26 311 82 191 154 15 69 138 286 211 238 2 220 248 51 8 97 88 69 69 114 330 28 330 156 285 260 1 299 194 195 291 164 102 147 5 80 15 230 37 330 16 321 126 127 330 263 93 330 315 203 255 245 70 165 71 208 225 330 266 172 330 232 228 180 263 188 272 92 48 199 19 170 49 196 244 278 107 64 196 330 30 330 99 269 75 258 271 85 144 72 71 131 295 263 58 187 214 2 7 3 330 66 325 15 300 57 120 40 121 163 173 1 166 322 330 330 242 174 32 275 177 31 210 330 145 92 79 328 276 158 261 171 262 282 81 116 176 175 190 129 182 236 280 1 115 78 118 87 38 263 316 29 55 231 135 329 224 34 61 44 90 119 250 243 1 289 246 169 237 12 330 330 112 68 279 160 65 327 14 257 87 179 45 157 256 140 206 76 43 263 212 154 50 252 330 111 1 9 105 103 240 239 25 123 196 330 166 147 283 314 155 83 302 205 137 1 15 13 109 330 221 137 162 323 184 33 183 67 3 168 209 152 42 227 158 263 53 89 56 292 241 305 27 150 129 136 313 317 161 1 1 324 326 298 181 47 21 41 36 80 167 264 263 274 312 219 86 247 1 110 221 263 91 330 320 98 
c [Incremental] Max used label: 330.
c [Incremental] Label 330 is removed from searching.
c [Incremental] Solving for max label = 329:
c [Incremental] Solving duration: 32777 ms.
s [Incremental] SAT (label = 329).
Label assignment: 309 136 207 153 117 186 63 121 9 284 194 108 254 122 10 329 59 217 70 1 239 215 111 4 152 1 68 222 20 87 1 141 140 196 267 189 327 4 134 277 294 18 262 191 288 130 1 131 329 262 235 139 101 100 281 310 219 328 60 273 126 70 195 185 68 253 327 328 203 201 1 249 23 318 218 329 74 270 195 148 308 151 96 24 1 77 301 213 178 197 35 68 113 1 22 234 264 233 223 329 1 198 104 290 84 329 195 54 73 39 326 297 8 125 202 261 2 200 124 6 261 143 229 94 304 133 1 195 68 17 11 2 293 251 306 146 211 12 193 262 307 138 216 8 325 259 226 136 154 149 106 319 142 62 287 5 46 204 1 296 95 303 83 191 159 52 265 262 26 311 82 191 154 15 69 129 286 211 238 2 220 248 51 8 97 88 69 69 114 329 28 262 156 285 260 1 299 193 191 291 164 102 147 5 80 15 230 37 322 16 321 126 126 329 262 93 327 315 203 255 245 70 165 71 208 225 324 266 172 329 232 228 180 262 188 272 90 48 199 19 170 49 195 244 278 107 64 195 325 30 329 99 269 75 258 271 85 144 72 71 127 295 262 58 187 214 2 7 3 329 66 325 15 300 57 120 40 121 163 173 1 166 322 329 328 242 174 32 275 177 31 210 329 145 92 79 328 276 158 261 171 260 282 81 116 176 175 190 128 182 236 280 1 115 78 118 87 38 329 316 29 55 231 135 329 224 34 61 44 90 119 250 243 1 289 246 169 237 12 329 184 105 68 279 161 65 327 14 257 87 179 45 157 256 140 206 76 43 262 212 154 50 252 329 112 1 9 132 103 240 239 25 123 195 329 166 147 283 314 155 83 302 205 137 1 15 13 109 329 221 137 162 323 181 33 183 67 3 168 209 152 42 227 158 262 53 89 56 292 241 305 27 150 128 136 313 317 160 1 1 324 326 298 192 47 21 41 36 80 167 268 258 274 312 219 86 247 1 110 221 263 91 329 320 98 
c [Incremental] Max used label: 329.
c [Incremental] Label 329 is removed from searching.
c [Incremental] Solving for max label = 328:
c [Incremental] Solving duration: 694 ms.
s [Incremental] SAT (label = 328).
Label assignment: 309 136 207 153 117 186 63 121 9 284 191 108 254 122 10 328 59 217 70 1 239 215 111 4 152 1 68 222 20 87 1 141 140 196 267 189 327 4 134 277 294 18 261 191 288 130 1 131 328 261 235 139 101 100 281 310 219 328 61 273 124 70 193 185 68 253 327 328 203 201 154 249 23 318 218 328 74 270 191 148 308 151 96 24 328 77 92 213 178 197 35 68 113 1 22 234 262 233 223 328 1 198 104 290 84 326 194 54 73 39 326 297 300 124 202 261 2 200 124 6 258 143 229 94 301 133 1 194 68 17 11 2 293 251 305 146 211 12 191 261 306 138 216 8 325 264 226 136 154 149 106 319 142 62 287 5 46 204 1 296 1 303 83 191 159 52 265 261 26 311 82 191 154 15 69 129 286 211 238 2 220 248 51 8 97 88 69 69 114 328 28 259 156 285 259 1 299 193 188 291 164 102 147 5 80 15 230 37 322 16 321 126 126 328 260 99 327 315 203 255 245 70 165 71 208 225 328 266 172 328 232 228 180 261 187 272 93 48 199 19 170 49 194 244 278 107 64 194 325 30 328 95 269 75 258 271 85 144 72 71 128 295 257 58 190 214 2 7 3 328 66 328 15 20 57 120 40 119 163 173 1 166 317 328 328 242 174 32 275 177 31 210 328 145 123 79 328 276 158 261 171 260 282 81 116 176 175 194 126 182 236 280 1 115 78 118 87 38 328 316 29 60 231 135 324 224 34 56 44 90 87 250 243 1 289 246 169 237 12 328 184 105 68 279 161 65 1 14 261 87 179 45 157 256 140 206 76 43 261 212 154 50 252 328 112 1 9 132 103 240 239 25 127 192 328 166 147 283 314 155 83 302 205 137 1 68 13 109 328 221 137 162 323 181 33 183 67 3 168 209 152 42 227 158 261 53 89 25 292 241 304 27 150 125 136 313 307 160 1 1 328 21 298 195 47 55 41 36 80 167 268 258 274 312 219 86 247 1 110 221 263 91 328 320 98 
c [Incremental] Max used label: 328.
c [Incremental] Label 328 is removed from searching.
c [Incremental] Solving for max label = 327:
c [Signal] Signal interruption. Caught signal: SIGTERM (15).
c [Main] Lim pid ends with result: 254.
r [Main] 
r [Main] Final results: 
r [Main] Total real time: 1806527 ms.
r [Main] Total memory consumed: 1606.6 MB.
r [Main] 
