c [Version] Minimize Makespan Labeling Encoder version 1.0.0.
c [Param] LB is predefined as 166.
c [Param] UB is predefined as 496.
c [Param] Memory limit is set to 30000.
c [Param] Real time limit is set to 1800.
c [Main] Search strategy: Incremental from upper bound.
c [Main] Encoding and solving for graph: U-662_bus.mtx.rnd.
c [Incremental] Minimize Makespan Labeling Antibandwidth problem (U-662_bus.mtx.rnd):
c [Incremental] Encoding starts with target value = 165:
c [Incremental] Encoding duration: 4012ms.
c [Incremental] Number of clauses: 3701261.
c [Incremental] Number of variables: 870364.
c [Incremental] Solving for max label = 496:
c [Incremental] Solving duration: 944462 ms.
s [Incremental] SAT (label = 496).
Label assignment: 100 472 138 218 287 437 121 110 1 1 447 1 67 64 205 110 275 166 12 118 111 261 415 28 238 354 490 413 291 100 173 108 1 182 496 79 276 69 166 95 313 285 2 110 222 2 75 126 79 108 433 168 278 431 1 213 114 77 417 382 1 74 111 84 295 331 157 1 1 15 99 496 29 479 1 207 104 367 176 165 278 209 473 276 430 122 270 403 276 496 223 202 259 1 248 386 419 111 151 117 172 275 184 1 303 376 271 496 482 214 330 158 116 115 216 271 331 496 496 168 292 1 414 110 51 227 418 83 50 362 100 22 224 256 306 2 465 240 111 331 327 307 298 81 103 270 170 189 374 53 161 1 94 225 88 145 60 98 378 428 331 236 331 17 91 1 99 310 16 255 276 162 309 280 331 73 166 286 206 322 194 406 188 245 1 337 44 496 331 109 495 257 118 407 385 384 496 416 46 331 276 273 78 281 93 471 276 117 100 441 496 201 316 78 18 298 80 54 47 178 111 44 97 282 228 177 86 1 204 110 190 375 369 243 321 496 496 275 383 437 364 373 496 68 496 351 155 61 271 453 117 352 433 434 276 7 425 97 166 40 100 476 31 324 14 275 140 279 8 440 403 277 314 106 334 51 282 452 338 496 128 72 217 69 271 1 394 496 446 452 94 117 331 147 127 300 459 142 105 1 52 294 229 118 109 496 203 45 331 470 226 187 443 252 254 474 38 377 317 129 491 249 496 87 468 49 380 66 313 13 460 432 264 242 496 153 442 366 421 496 475 108 439 265 370 288 197 420 56 463 356 331 357 262 305 496 156 208 445 456 8 186 404 41 42 483 358 26 121 360 36 101 79 318 57 403 363 160 462 112 496 130 347 277 496 49 332 210 361 343 395 1 322 166 2 166 110 320 301 335 495 405 21 290 478 146 212 423 1 277 139 496 94 148 48 296 90 110 496 120 330 455 469 180 34 427 72 349 359 82 401 144 480 410 477 183 221 59 117 297 485 408 30 340 412 496 355 163 241 299 71 175 284 333 76 239 339 235 253 388 166 387 487 20 169 231 63 268 211 143 19 496 53 424 33 331 438 213 1 466 402 449 289 496 181 25 135 464 326 124 5 299 37 342 110 58 379 237 331 193 304 6 106 110 267 220 493 331 353 293 60 263 494 132 370 107 250 91 336 1 179 306 192 1 185 331 331 481 24 350 11 344 258 269 400 451 32 429 264 331 92 426 331 321 219 274 444 85 234 260 246 75 370 283 23 371 458 398 467 232 308 74 302 125 266 496 27 422 331 233 70 450 365 496 278 195 484 62 174 368 496 436 389 167 58 10 150 9 341 35 3 272 399 396 492 215 294 131 411 489 345 196 409 159 251 319 43 244 312 55 486 215 346 461 171 435 397 133 247 329 372 149 325 392 391 89 152 287 209 448 191 137 457 102 200 136 123 119 383 96 134 39 164 390 495 199 65 488 393 311 230 323 198 4 154 381 328 141 113 315 348 454 
c [Incremental] Max used label: 496.
c [Incremental] Label 496 is removed from searching.
c [Incremental] Solving for max label = 495:
c [Incremental] Solving duration: 0 ms.
s [Incremental] UNSAT (label = 495).
c [Signal] Signal interruption. Caught signal: SIGTERM (15).
c [Main] Work pid ends with result: 0.
r [Main] 
r [Main] Final results: 
r [Main] Total real time: 949241 ms.
r [Main] Total memory consumed: 1883.4 MB.
r [Main] 
