c [Version] Minimize Makespan Labeling Encoder version 1.0.0.
c [Param] LB is predefined as 103.
c [Param] UB is predefined as 513.
c [Param] Memory limit is set to 30000.
c [Param] Real time limit is set to 1800.
c [Main] Search strategy: Incremental from upper bound.
c [Main] Encoding and solving for graph: W-685_bus.mtx.rnd.
c [Incremental] Minimize Makespan Labeling Antibandwidth problem (W-685_bus.mtx.rnd):
c [Incremental] Encoding starts with target value = 102:
c [Incremental] Encoding duration: 4752ms.
c [Incremental] Number of clauses: 4955347.
c [Incremental] Number of variables: 973213.
c [Incremental] Solving for max label = 513:
c [Incremental] Solving duration: 1401427 ms.
s [Incremental] SAT (label = 513).
Label assignment: 1 292 13 47 427 155 30 512 305 22 513 513 309 134 213 1 496 257 88 6 71 306 181 249 1 1 385 488 409 19 511 20 513 5 204 513 467 440 258 508 211 100 306 209 8 461 481 364 283 242 116 2 1 308 253 228 74 464 3 3 448 417 304 444 19 118 221 309 192 205 339 2 298 1 255 497 411 158 240 360 139 260 191 140 13 235 1 186 39 463 104 455 1 329 121 513 32 309 133 153 1 452 320 115 3 328 380 28 493 1 2 344 215 132 197 200 306 418 501 213 75 1 176 32 125 306 102 312 1 12 2 307 445 60 10 342 1 36 411 451 513 118 513 176 375 2 117 239 204 1 508 254 475 1 80 258 269 17 5 340 1 1 106 110 287 400 489 502 210 293 513 251 138 305 443 123 92 134 103 224 3 503 2 166 474 15 1 2 413 4 367 334 103 2 447 2 41 306 148 55 194 373 105 470 454 183 7 301 506 180 513 105 252 271 411 108 217 78 4 422 2 262 173 512 2 125 476 35 303 379 314 512 66 120 429 309 157 2 238 2 423 218 336 1 4 244 442 148 462 318 203 465 381 402 54 112 107 225 483 456 56 23 216 227 368 86 323 488 411 223 513 84 38 193 505 113 107 95 371 58 141 146 469 220 513 110 120 256 162 509 410 512 306 89 291 188 215 223 474 388 68 421 315 111 377 42 249 490 76 511 259 67 404 3 384 93 441 2 511 272 482 119 2 198 116 300 192 378 327 53 104 241 1 105 48 415 513 317 234 1 1 347 285 325 282 472 18 207 13 209 105 457 430 145 135 296 331 107 156 412 288 27 262 224 49 349 210 52 391 50 233 209 1 212 25 2 278 266 513 190 193 189 80 23 513 143 65 147 390 152 383 226 402 299 7 446 107 137 242 513 96 275 436 105 114 280 298 26 268 246 103 326 365 184 108 1 187 104 478 85 479 61 433 434 108 411 306 411 411 386 219 484 103 243 350 450 104 44 307 3 245 393 126 94 428 362 487 321 468 361 491 499 208 24 416 43 72 110 237 70 182 419 363 11 302 286 169 180 1 353 1 311 202 103 498 57 466 486 16 410 306 389 376 324 432 172 366 123 306 359 346 507 354 73 273 500 130 370 513 480 504 9 3 319 460 316 207 206 513 297 382 64 290 59 351 513 131 2 332 270 355 438 495 343 152 174 196 46 8 513 98 358 214 425 136 313 477 263 344 127 322 261 178 83 338 252 185 21 177 128 102 387 492 62 392 199 77 122 372 333 437 211 129 164 424 1 168 449 394 348 295 155 250 195 177 403 161 29 274 247 276 510 286 179 31 310 151 352 175 335 178 97 414 1 69 248 420 453 406 144 163 513 90 407 99 411 330 410 1 401 279 63 395 374 513 160 165 345 426 51 267 133 82 34 231 341 167 397 265 232 281 284 513 229 344 405 124 408 142 494 79 513 277 180 396 109 473 356 40 5 458 230 398 159 431 236 171 45 33 471 485 150 435 459 87 154 399 369 149 14 289 357 294 101 513 91 201 253 81 37 222 170 337 264 439 
c [Incremental] Max used label: 513.
c [Incremental] Label 513 is removed from searching.
c [Incremental] Solving for max label = 512:
c [Incremental] Solving duration: 946 ms.
s [Incremental] SAT (label = 512).
Label assignment: 1 292 13 47 427 155 30 512 305 22 512 512 309 134 213 1 496 257 88 6 71 306 181 249 1 1 385 488 409 19 511 20 512 5 204 512 467 440 258 508 211 100 306 209 8 461 481 364 283 242 116 2 1 308 253 228 74 464 3 3 448 417 304 444 19 118 221 309 192 205 339 2 298 1 255 497 410 158 240 360 139 260 191 140 13 235 1 186 39 463 104 455 1 329 121 512 32 308 133 153 1 452 320 115 3 328 380 28 493 1 2 344 215 132 197 200 306 418 501 213 75 1 176 32 125 306 102 312 1 12 2 307 445 60 10 342 1 36 410 451 512 118 512 176 375 2 117 239 204 1 508 254 475 1 80 258 269 17 5 340 1 1 106 110 287 400 489 502 210 293 512 251 138 305 443 123 92 134 103 224 3 503 2 166 474 15 1 2 413 4 367 334 103 2 447 2 41 306 148 55 194 373 105 470 454 183 7 301 506 180 512 105 252 271 410 108 217 78 4 422 2 262 173 512 2 125 476 35 303 379 314 512 66 120 429 308 157 2 238 2 423 218 336 1 4 244 442 148 462 318 203 465 381 402 54 112 107 225 483 456 56 23 216 227 368 86 323 488 411 223 512 84 38 193 505 113 107 95 371 58 141 146 469 220 512 110 120 256 162 509 410 512 306 89 291 188 215 223 474 388 68 421 315 111 377 42 249 490 76 511 259 67 404 3 384 93 441 2 511 272 482 119 2 198 116 300 192 378 327 53 104 241 1 105 48 415 512 317 234 1 1 347 285 325 282 472 18 207 13 209 105 457 430 145 135 296 331 107 156 412 288 27 262 224 49 349 210 52 391 50 233 209 1 212 25 2 278 266 512 190 193 189 80 23 512 143 65 147 390 152 383 226 402 299 7 446 107 137 242 512 96 275 436 105 114 280 298 26 268 246 103 326 365 184 108 1 187 104 478 85 479 61 433 434 108 410 306 410 410 386 219 484 103 243 350 450 104 44 307 3 245 393 126 94 428 362 487 321 468 361 491 499 208 24 416 43 72 110 237 70 182 419 363 11 302 286 169 180 1 353 1 311 202 103 498 57 466 486 16 410 306 389 376 324 432 172 366 123 306 359 346 507 354 73 273 500 130 370 512 480 504 9 3 319 460 316 207 206 512 297 382 64 290 59 351 512 131 2 332 270 355 438 495 343 152 174 196 46 8 512 98 358 214 425 136 313 477 263 344 127 322 261 178 83 338 252 185 21 177 128 102 387 492 62 392 199 77 122 372 333 437 211 129 164 424 1 168 449 394 348 295 155 250 195 177 403 161 29 274 247 276 510 286 179 31 310 151 352 175 335 178 97 414 1 69 248 420 453 406 144 163 512 90 407 99 411 330 410 1 401 279 63 395 374 512 160 165 345 426 51 267 133 82 34 231 341 167 397 265 232 281 284 512 229 344 405 124 408 142 494 79 512 277 180 396 109 473 356 40 5 458 230 398 159 431 236 171 45 33 471 485 150 435 459 87 154 399 369 149 14 289 357 294 101 512 91 201 253 81 37 222 170 337 264 439 
c [Incremental] Max used label: 512.
c [Incremental] Label 512 is removed from searching.
c [Incremental] Solving for max label = 511:
c [Incremental] Solving duration: 896 ms.
s [Incremental] SAT (label = 511).
Label assignment: 1 292 13 47 427 155 30 511 305 22 511 511 309 134 213 1 496 257 88 6 71 306 181 249 1 1 385 488 409 19 511 20 511 5 204 511 467 440 258 508 211 100 306 209 8 461 481 364 283 242 116 2 1 307 253 228 74 464 3 3 448 417 304 444 19 118 221 309 192 205 339 2 298 1 255 497 409 158 240 360 139 260 191 140 13 235 1 186 39 463 104 455 1 329 121 511 32 307 133 153 1 452 320 115 3 328 380 28 493 1 2 344 215 132 197 200 306 418 501 213 75 1 176 32 125 306 102 312 1 12 2 307 445 60 10 342 1 36 409 451 511 118 511 176 375 2 117 239 204 1 508 254 475 1 80 258 269 17 5 340 1 1 106 110 287 400 489 502 210 293 511 251 138 305 443 123 92 134 103 224 3 503 2 166 474 15 1 2 413 4 367 334 103 2 447 2 41 308 148 55 194 373 105 470 454 183 7 301 506 180 511 105 252 271 409 108 217 78 4 422 2 262 173 511 2 125 476 35 303 379 314 511 66 120 429 307 157 2 238 2 423 218 336 1 4 244 442 148 462 318 203 465 381 402 54 112 107 225 483 456 56 23 216 227 368 86 323 488 411 223 511 84 38 193 505 113 107 95 371 58 141 146 469 220 511 110 120 256 162 509 409 511 306 89 291 188 215 223 474 388 68 421 315 111 377 42 249 490 76 511 259 67 404 3 384 93 441 2 511 272 482 119 2 198 116 300 192 378 327 53 104 241 1 105 48 415 511 317 234 1 1 347 285 325 282 472 18 207 13 209 105 457 430 145 135 296 331 107 156 412 288 27 262 224 49 349 210 52 391 50 233 209 1 212 25 2 278 266 511 190 193 189 80 23 511 143 65 147 390 152 383 226 402 299 7 446 107 137 242 511 96 275 436 105 114 280 298 26 268 246 103 326 365 184 108 1 187 104 478 85 479 61 433 434 108 409 306 403 409 386 219 484 103 243 350 450 104 44 307 3 245 393 126 94 428 362 487 321 468 361 491 499 208 24 416 43 72 110 237 70 182 419 363 11 302 286 169 180 1 353 1 311 202 103 498 57 466 486 16 409 306 389 376 324 432 172 366 123 306 359 346 507 354 73 273 500 130 370 511 480 504 9 3 319 460 316 207 206 511 297 382 64 290 59 351 511 131 2 332 270 355 438 495 343 152 174 196 46 8 511 98 358 214 425 136 313 477 263 344 127 322 261 178 83 338 252 185 21 177 128 102 387 492 62 392 199 77 122 372 333 437 211 129 164 424 1 168 449 394 348 295 155 250 195 177 403 161 29 274 247 276 510 286 179 31 310 151 352 175 335 178 97 414 1 69 248 420 453 406 144 163 511 90 407 99 410 330 409 1 401 279 63 395 374 511 160 165 345 426 51 267 133 82 34 231 341 167 397 265 232 281 284 511 229 344 405 124 408 142 494 79 511 277 180 396 109 473 356 40 5 458 230 398 159 431 236 171 45 33 471 485 150 435 459 87 154 399 369 149 14 289 357 294 101 511 91 201 253 81 37 222 170 337 264 439 
c [Incremental] Max used label: 511.
c [Incremental] Label 511 is removed from searching.
c [Incremental] Solving for max label = 510:
c [Incremental] Solving duration: 611 ms.
s [Incremental] UNSAT (label = 510).
c [Signal] Signal interruption. Caught signal: SIGTERM (15).
c [Main] Work pid ends with result: 0.
r [Main] 
r [Main] Final results: 
r [Main] Total real time: 1409746 ms.
r [Main] Total memory consumed: 2146.1 MB.
r [Main] 
