c [Version] Minimize Makespan Labeling Encoder version 1.0.0.
c [Param] LB is predefined as 18.
c [Param] UB is predefined as 210.
c [Param] Memory limit is set to 30000.
c [Param] Real time limit is set to 1800.
c [Main] Search strategy: Incremental from upper bound.
c [Main] Encoding and solving for graph: N-bcsstk07.mtx.rnd.
c [Incremental] Minimize Makespan Labeling Antibandwidth problem (N-bcsstk07.mtx.rnd):
c [Incremental] Encoding starts with target value = 17:
c [Incremental] Encoding duration: 2295ms.
c [Incremental] Number of clauses: 3503864.
c [Incremental] Number of variables: 240450.
c [Incremental] Solving for max label = 210:
c [Incremental] Solving duration: 29714 ms.
s [Incremental] SAT (label = 210).
Label assignment: 210 210 210 210 193 210 74 210 210 210 210 210 210 193 210 210 210 210 18 105 23 115 193 176 193 210 210 193 34 176 210 193 193 176 172 191 178 193 74 176 142 210 193 159 175 193 176 207 193 193 177 157 176 193 159 19 204 176 176 169 107 1 89 153 210 119 193 193 142 193 119 176 193 107 161 151 193 187 193 108 102 53 174 208 159 142 159 176 114 1 166 141 132 193 189 140 170 142 210 176 25 55 38 100 210 176 198 123 108 101 210 159 127 188 116 27 3 88 105 24 210 2 91 210 136 125 36 144 47 74 91 168 19 77 193 19 181 39 2 206 98 128 86 50 162 153 87 190 16 112 160 84 122 91 103 36 192 52 210 62 122 193 109 193 57 125 155 96 119 193 36 159 105 85 102 71 95 74 176 121 132 203 37 74 9 125 19 70 145 23 150 167 102 57 85 108 193 182 33 135 115 90 152 115 201 67 91 93 71 179 116 2 70 75 131 71 120 140 210 123 53 40 176 40 125 132 106 150 159 165 83 210 202 123 72 139 128 57 164 44 90 80 117 51 200 176 69 210 1 132 153 54 193 31 79 47 128 40 49 54 1 2 37 173 186 209 36 134 18 118 72 115 46 205 133 142 195 70 20 1 84 142 92 197 45 42 176 158 79 23 55 148 54 58 159 20 94 91 137 1 57 124 1 210 159 6 10 183 125 82 2 104 54 57 18 111 184 114 21 78 19 35 60 89 98 14 113 159 17 62 199 157 210 154 1 119 146 67 19 193 81 30 41 137 63 12 143 61 68 156 140 23 210 91 20 196 3 176 129 108 37 2 15 138 140 185 63 32 43 36 1 130 176 159 13 29 126 76 64 115 53 106 67 18 180 149 102 5 67 65 97 194 163 7 51 176 132 6 171 4 110 66 94 73 11 147 142 99 59 56 8 111 22 48 210 210 26 28 142 50 
c [Incremental] Max used label: 210.
c [Incremental] Label 210 is removed from searching.
c [Incremental] Solving for max label = 209:
c [Incremental] Solving duration: 8532 ms.
s [Incremental] SAT (label = 209).
Label assignment: 209 104 75 36 192 123 141 209 114 209 35 209 207 209 208 186 192 209 18 105 192 118 124 175 193 209 123 1 52 175 72 192 203 175 172 191 178 132 74 175 141 1 67 57 175 193 174 143 191 18 177 157 176 191 158 19 204 175 174 158 111 1 88 153 209 107 191 192 73 192 121 149 192 108 161 152 197 187 192 192 109 192 174 208 159 209 158 175 119 136 166 140 136 124 189 140 170 106 134 175 54 52 35 100 72 174 29 122 110 101 104 192 129 188 26 27 1 88 103 81 209 39 93 209 133 124 36 141 39 76 78 159 22 69 192 19 181 158 90 206 123 86 90 50 162 151 107 190 16 113 160 84 123 101 102 38 192 52 209 62 136 1 107 141 57 124 155 87 119 209 5 156 112 77 102 71 135 100 175 130 80 203 158 209 9 22 19 73 145 21 158 167 1 56 85 115 191 182 34 169 138 94 191 116 201 192 192 96 209 179 135 2 71 175 131 71 126 140 39 157 53 40 176 40 35 124 105 142 158 165 69 209 202 194 18 1 127 57 164 44 91 82 120 51 200 175 70 90 67 124 150 52 1 31 12 47 128 117 49 54 73 2 37 173 92 209 36 137 18 30 71 140 46 205 118 90 195 19 18 209 84 139 90 191 45 42 175 158 97 23 52 148 52 58 158 157 89 107 5 125 64 95 1 35 157 6 10 183 158 69 2 158 54 57 24 108 184 141 18 209 2 72 60 89 99 14 56 47 17 62 198 106 209 154 1 168 141 56 20 141 209 32 41 144 65 5 147 61 7 37 140 83 209 98 18 196 209 180 79 107 35 2 15 209 68 185 63 33 43 36 2 125 175 157 18 22 124 209 56 116 55 209 67 176 174 90 106 5 67 66 107 191 163 4 123 176 73 175 171 199 113 59 99 71 11 146 85 25 48 56 8 106 22 3 192 141 13 28 5 37 
c [Incremental] Max used label: 209.
c [Incremental] Label 209 is removed from searching.
c [Incremental] Solving for max label = 208:
c [Incremental] Solving duration: 12680 ms.
s [Incremental] SAT (label = 208).
Label assignment: 208 104 72 94 128 123 141 89 117 99 35 98 208 37 208 45 208 208 18 105 204 118 124 191 193 1 122 1 52 19 75 74 191 170 185 191 178 132 57 174 141 1 67 128 174 191 174 143 191 18 119 155 171 191 156 19 204 142 174 162 111 1 88 153 10 107 191 191 73 191 121 149 191 108 161 152 188 187 191 182 109 208 173 40 159 186 162 174 110 136 167 139 136 19 189 140 170 208 134 174 54 52 168 48 72 174 29 122 111 101 104 203 129 188 26 27 96 88 1 41 43 21 1 208 133 124 36 140 157 76 78 159 191 69 192 19 181 38 124 81 123 86 90 50 162 151 106 190 28 113 160 79 123 100 102 37 190 52 71 66 136 1 106 141 58 124 190 87 119 157 1 156 112 77 102 71 135 100 156 130 83 203 157 24 9 58 19 72 145 22 38 167 208 56 85 115 191 182 34 169 138 93 191 116 201 191 203 187 174 185 135 1 71 55 131 71 126 140 55 157 54 55 176 173 35 123 105 142 174 165 69 89 202 194 18 1 127 156 164 44 91 80 120 51 200 179 70 90 67 123 150 174 1 206 12 47 128 117 49 54 19 2 37 157 197 207 36 137 18 30 71 140 46 114 118 89 195 89 18 208 84 139 208 203 208 42 174 208 100 34 53 148 52 72 159 157 89 107 5 125 187 95 1 35 56 6 8 183 162 103 2 158 54 208 23 108 184 140 32 185 2 72 64 89 97 1 55 168 17 65 198 106 208 154 1 168 145 54 20 145 37 32 41 144 61 3 147 166 13 37 138 82 208 1 18 196 16 180 205 107 35 2 14 59 68 172 63 33 108 36 36 125 175 157 18 20 123 157 1 116 55 208 67 176 60 89 106 4 67 62 55 7 163 208 123 177 72 94 31 15 111 39 92 71 11 146 85 25 106 208 20 208 21 2 202 140 33 199 76 2 
c [Incremental] Max used label: 208.
c [Incremental] Label 208 is removed from searching.
c [Incremental] Solving for max label = 207:
c [Incremental] Solving duration: 455 ms.
s [Incremental] SAT (label = 207).
Label assignment: 207 104 71 94 190 122 141 88 117 99 35 207 207 37 207 45 207 207 18 105 204 139 124 190 193 98 122 1 52 19 71 74 190 156 185 190 178 132 57 173 141 1 67 128 173 203 173 143 190 18 119 155 171 190 156 19 204 142 173 156 111 1 88 153 10 107 190 190 73 190 121 149 190 108 161 173 188 187 88 182 180 207 173 40 159 186 162 173 110 135 156 139 136 19 192 139 170 102 134 173 54 52 168 48 72 170 29 122 111 101 106 203 129 191 26 27 96 88 1 41 43 21 1 207 133 124 36 139 89 76 78 159 190 69 190 19 181 37 124 81 123 86 90 50 162 151 105 190 28 105 160 79 122 100 102 37 190 52 71 66 136 1 190 141 58 124 189 87 118 156 1 156 112 77 101 71 122 100 155 130 83 203 156 24 9 58 19 72 145 22 38 167 206 56 84 113 190 182 34 169 138 93 190 116 201 190 203 173 173 185 135 1 71 54 131 71 126 139 55 156 54 54 176 172 35 122 105 142 173 164 69 105 202 194 18 1 127 155 157 44 91 80 120 51 200 179 70 90 67 122 150 165 1 205 12 47 128 117 49 54 19 2 37 156 197 207 36 137 18 30 71 140 46 114 118 88 195 88 18 207 85 139 207 203 207 42 173 186 100 34 53 148 52 71 159 156 89 107 5 125 187 95 1 35 55 6 8 183 162 103 2 158 54 207 23 108 184 139 32 185 2 72 64 88 97 4 55 168 17 65 198 105 207 154 1 152 139 54 20 145 37 32 41 144 61 3 147 166 13 37 138 82 207 1 18 196 16 180 207 107 35 2 14 59 67 174 63 33 109 36 36 125 175 156 18 20 122 156 1 115 54 207 67 176 60 89 105 3 68 62 54 7 163 207 122 177 72 94 31 15 122 39 92 71 11 146 72 25 207 207 20 207 20 2 202 139 33 199 75 2 
c [Incremental] Max used label: 207.
c [Incremental] Label 207 is removed from searching.
c [Incremental] Solving for max label = 206:
c [Incremental] Solving duration: 9342 ms.
s [Incremental] SAT (label = 206).
Label assignment: 121 104 73 70 128 123 141 89 119 112 172 90 97 37 206 45 93 206 18 105 206 116 120 194 87 1 122 88 52 90 87 104 79 172 34 189 178 130 53 172 141 187 54 128 71 70 1 149 198 142 189 155 205 189 166 94 186 138 18 1 105 1 1 153 10 103 189 98 73 189 121 18 189 104 87 206 188 187 189 27 109 73 172 40 159 183 206 18 152 136 30 139 136 158 191 142 170 107 134 23 54 105 163 48 72 172 102 122 19 206 103 203 129 148 106 25 88 88 105 41 43 171 1 102 133 124 36 138 206 161 206 70 188 155 189 19 181 38 124 151 120 86 86 37 162 189 19 169 13 117 190 103 124 1 102 37 189 1 158 66 136 88 104 141 58 124 155 80 119 108 206 164 118 69 206 71 135 100 155 130 83 203 155 172 9 58 206 91 145 29 36 28 206 56 85 113 189 182 31 95 138 179 204 96 201 189 1 155 172 78 154 7 72 55 131 71 126 140 55 88 54 55 176 172 36 121 105 138 160 83 173 19 202 193 155 1 120 70 167 176 1 81 122 51 200 90 69 160 67 125 150 192 1 206 12 47 128 117 36 54 72 2 37 19 197 102 36 122 18 26 71 138 46 115 87 89 195 165 18 206 172 139 155 203 206 44 101 87 100 34 53 144 53 77 182 159 189 107 2 121 76 88 1 35 56 6 8 183 110 180 172 107 54 206 19 104 184 138 34 185 1 206 64 105 172 42 55 206 57 65 198 159 88 22 50 168 189 54 132 146 37 138 41 137 61 3 147 156 3 37 20 82 206 1 18 196 16 49 206 107 36 2 14 59 68 174 63 157 99 36 36 121 175 159 18 20 121 155 1 114 55 206 67 19 60 21 84 4 67 62 55 15 32 75 123 183 74 189 127 17 111 39 177 71 11 138 155 24 92 189 177 5 206 2 202 143 33 199 155 19 
c [Incremental] Max used label: 206.
c [Incremental] Label 206 is removed from searching.
c [Incremental] Solving for max label = 205:
c [Incremental] Solving duration: 491 ms.
s [Incremental] SAT (label = 205).
Label assignment: 120 104 72 69 128 121 141 89 119 112 69 86 97 37 205 45 93 205 18 103 205 116 122 194 86 1 120 86 52 89 86 103 205 171 34 188 178 130 52 171 140 188 52 128 69 69 1 149 188 137 188 154 51 188 163 94 48 70 18 1 103 1 1 151 10 105 188 98 73 188 121 18 188 103 11 205 188 187 188 27 109 73 171 40 159 183 205 18 152 1 30 144 134 158 191 137 170 103 134 23 54 103 154 47 72 171 101 120 19 153 103 203 129 148 147 25 86 86 103 41 43 171 1 101 133 124 36 137 205 165 205 1 188 161 188 19 181 38 123 151 120 86 88 35 154 188 19 169 13 117 190 172 120 1 1 37 188 171 159 66 134 86 103 142 58 124 154 80 118 108 205 164 85 68 205 69 135 100 154 124 83 203 154 171 9 58 205 91 137 29 35 28 205 52 84 113 188 182 31 95 137 171 204 96 201 188 1 154 171 78 154 7 72 55 131 69 126 138 57 86 54 55 176 171 36 120 103 137 160 162 173 19 200 193 154 102 120 69 167 174 171 81 122 51 189 90 69 158 59 125 150 192 1 205 12 42 120 117 35 52 71 2 35 19 197 101 36 120 18 26 69 137 46 115 86 89 195 166 18 205 171 137 154 203 205 44 102 87 100 34 53 69 52 77 182 154 188 107 135 120 76 205 1 35 56 6 8 186 110 171 171 106 52 205 18 103 184 137 34 185 1 205 64 103 168 36 55 205 68 65 198 155 86 22 50 79 188 54 132 146 37 137 41 139 61 3 145 156 1 35 18 82 205 1 18 196 16 49 205 107 35 2 14 53 67 179 63 157 99 36 36 120 176 154 18 20 120 154 1 114 55 205 62 18 60 21 84 4 67 62 55 15 32 75 120 180 74 188 127 17 111 39 177 205 136 137 154 24 92 188 175 5 205 2 202 143 33 199 154 19 
c [Incremental] Max used label: 205.
c [Incremental] Label 205 is removed from searching.
c [Incremental] Solving for max label = 204:
c [Incremental] Solving duration: 8128 ms.
s [Incremental] SAT (label = 204).
Label assignment: 137 108 148 69 120 126 77 97 204 113 135 128 98 40 87 46 93 204 18 104 5 134 129 204 101 1 135 138 52 97 71 187 84 30 34 171 178 127 52 187 148 187 53 131 70 70 1 149 204 152 189 89 181 187 145 86 186 7 18 1 118 1 1 150 10 111 92 151 148 187 130 21 187 118 174 204 198 187 204 27 119 52 169 47 162 183 203 18 152 123 30 164 133 114 188 138 170 103 89 58 114 112 163 35 71 177 142 121 22 85 109 204 136 152 176 24 138 87 104 38 35 86 57 140 132 148 36 139 143 161 86 84 204 159 204 18 181 37 62 153 126 90 86 35 169 187 26 169 13 134 190 100 121 1 204 35 123 1 165 52 127 138 105 61 52 58 155 76 106 131 103 164 110 69 204 70 117 1 86 130 69 203 157 181 187 110 88 69 152 29 35 28 202 56 72 57 172 182 31 95 103 187 204 94 199 187 131 103 175 76 154 1 165 52 131 70 33 143 54 87 131 201 181 11 36 133 104 204 114 69 181 18 197 204 169 1 118 69 167 186 1 76 122 51 195 96 69 165 55 187 150 204 1 78 12 35 135 107 36 53 131 1 36 19 196 187 44 135 18 18 81 204 45 115 120 97 194 165 18 200 102 203 156 204 204 42 93 87 158 52 63 180 53 69 204 169 187 44 1 135 144 91 1 35 58 204 2 187 114 53 173 80 53 124 18 118 184 150 34 187 1 152 64 204 53 43 148 204 68 65 193 104 99 25 50 168 154 114 136 80 41 141 36 93 58 169 147 6 1 36 18 83 76 4 18 192 13 49 191 20 35 2 14 61 55 179 19 204 101 35 39 67 182 155 18 23 122 168 1 106 54 164 53 19 60 20 73 3 66 59 54 15 32 75 121 183 71 164 125 17 137 48 89 82 16 138 160 18 116 204 185 8 88 9 146 166 86 79 74 1 
c [Incremental] Max used label: 204.
c [Incremental] Label 204 is removed from searching.
c [Incremental] Solving for max label = 203:
c [Incremental] Solving duration: 410 ms.
s [Incremental] SAT (label = 203).
Label assignment: 137 108 148 69 120 126 77 97 203 113 135 128 98 40 87 46 93 203 18 104 5 134 129 203 101 1 135 138 52 97 71 186 84 30 34 171 178 127 52 186 148 186 53 131 70 70 1 149 203 152 189 89 181 186 145 86 186 7 18 1 118 1 1 150 10 111 92 151 148 186 130 21 141 118 174 203 198 187 203 27 119 52 169 47 162 183 203 18 152 123 30 164 133 114 188 138 169 103 89 58 114 112 163 35 71 177 142 121 22 85 109 203 136 152 176 24 138 87 104 38 35 86 57 140 132 148 36 139 143 161 86 84 203 159 203 18 181 37 62 153 126 90 86 35 169 186 26 169 13 170 190 100 121 1 203 35 123 1 165 52 127 138 105 61 52 58 155 76 106 131 103 164 110 69 203 70 117 35 86 130 69 203 157 181 186 110 88 69 152 29 35 28 202 56 72 57 172 182 31 95 103 186 203 94 199 186 131 103 175 76 154 1 165 52 131 70 33 143 54 87 131 201 181 11 36 133 104 203 114 69 181 18 197 203 169 1 118 69 167 186 1 76 122 51 195 96 69 165 55 186 150 203 1 78 12 35 135 107 36 53 131 1 36 19 196 186 44 135 18 18 81 203 45 115 120 97 194 165 18 200 102 203 156 203 203 42 93 87 158 52 63 180 53 69 203 169 186 44 1 135 144 91 1 35 58 1 2 186 114 53 173 80 53 124 18 118 184 150 34 186 1 152 64 203 53 43 148 203 68 65 193 104 99 25 50 168 154 114 136 80 41 141 36 93 58 169 147 6 1 36 18 83 76 4 18 192 13 49 191 20 35 2 14 61 55 179 19 203 101 35 39 67 182 155 18 23 122 168 1 106 54 164 53 19 60 20 73 3 66 59 54 15 32 75 121 183 71 164 125 17 137 48 89 82 16 138 160 18 116 203 185 8 88 9 146 166 86 79 74 1 
c [Incremental] Max used label: 203.
c [Incremental] Label 203 is removed from searching.
c [Incremental] Solving for max label = 202:
c [Incremental] Solving duration: 4159 ms.
s [Incremental] SAT (label = 202).
Label assignment: 137 108 148 69 120 126 77 97 120 113 65 127 98 40 93 46 93 198 18 105 5 134 129 199 99 1 133 37 54 97 70 181 84 30 34 169 178 127 52 185 148 184 54 131 71 70 1 149 168 150 189 89 181 181 145 86 186 7 20 1 116 1 1 147 10 111 92 151 148 181 127 21 86 116 174 198 198 187 155 27 119 52 164 47 162 182 199 18 152 123 30 164 121 114 188 145 164 103 132 55 114 112 163 35 70 177 142 127 22 85 109 199 136 152 171 24 145 37 110 38 35 86 57 140 130 148 36 138 143 161 86 82 199 159 150 18 181 36 62 153 126 94 86 35 76 181 26 164 13 170 190 100 127 1 89 35 123 1 165 52 127 37 104 61 52 58 155 76 106 131 103 164 110 69 198 76 117 35 181 125 69 166 157 181 180 110 87 69 151 29 35 28 202 56 72 57 181 182 31 95 103 185 93 102 67 181 131 103 175 76 154 1 165 52 135 71 33 146 53 88 131 201 181 11 44 133 110 133 114 69 181 18 68 88 167 1 118 69 81 180 1 73 124 51 195 96 71 165 55 182 147 144 1 78 12 35 134 107 36 54 131 1 42 19 196 181 44 167 18 18 76 199 45 115 120 97 194 165 18 88 106 57 202 128 198 42 93 87 158 52 63 183 198 69 198 133 116 44 1 202 144 91 1 198 58 1 2 187 114 50 173 80 59 137 18 202 184 202 34 172 1 150 64 198 53 43 148 199 49 65 193 106 202 25 48 164 156 114 136 80 41 141 36 93 58 154 147 6 1 36 18 83 72 4 20 192 13 197 191 20 37 2 14 61 55 176 19 154 101 35 39 185 182 163 18 23 121 168 1 104 53 164 53 25 60 19 71 2 66 59 53 15 32 75 127 179 70 164 122 17 139 48 90 93 16 137 160 18 116 202 182 8 87 9 200 165 86 79 74 3 
c [Incremental] Max used label: 202.
c [Incremental] Label 202 is removed from searching.
c [Incremental] Solving for max label = 201:
c [Incremental] Solving duration: 704 ms.
s [Incremental] SAT (label = 201).
Label assignment: 137 108 148 69 120 126 77 92 120 113 62 127 98 148 93 46 93 198 18 105 5 133 134 199 99 1 133 37 54 97 70 181 84 30 21 169 183 127 52 184 148 184 54 131 71 70 1 149 167 150 189 89 181 181 145 86 186 7 20 1 116 1 1 147 10 117 92 150 41 181 127 21 86 116 174 198 198 187 155 24 119 52 164 47 162 182 199 18 152 123 27 164 129 111 188 145 164 103 132 55 114 112 163 35 70 177 142 127 22 85 109 199 166 151 171 26 145 37 110 38 35 86 57 140 130 148 36 138 143 161 86 82 199 159 150 18 181 36 58 153 126 94 86 35 76 181 21 164 12 170 190 100 127 1 89 35 123 1 165 52 127 37 104 58 52 58 155 76 106 131 103 164 110 69 198 76 116 35 178 125 69 168 157 181 180 110 87 69 150 29 35 28 198 58 72 56 181 180 31 95 103 184 93 102 67 181 131 103 175 76 154 1 165 52 135 71 33 146 53 88 131 201 181 11 44 133 110 133 114 69 181 18 68 88 167 1 118 69 81 180 1 73 124 51 195 96 71 165 55 182 147 144 1 78 17 35 133 107 36 54 131 1 42 19 196 181 41 167 18 18 76 199 45 115 120 97 194 165 18 88 106 57 201 128 198 9 93 87 158 52 63 181 198 69 198 133 116 41 1 201 144 91 1 198 58 1 2 187 114 50 173 75 59 137 18 201 185 201 34 172 1 150 64 198 53 43 148 199 49 65 193 106 201 25 45 164 156 114 136 80 40 141 36 93 58 154 147 4 1 36 18 83 72 4 20 192 13 197 191 20 37 2 14 61 55 176 19 154 101 35 39 184 182 163 18 23 121 167 1 104 53 164 53 25 60 19 71 2 66 59 53 15 32 75 127 179 70 164 122 4 139 48 90 93 16 137 160 18 116 201 182 8 87 6 200 165 86 79 74 3 
c [Incremental] Max used label: 201.
c [Incremental] Label 201 is removed from searching.
c [Incremental] Solving for max label = 200:
c [Incremental] Solving duration: 448 ms.
s [Incremental] SAT (label = 200).
Label assignment: 137 108 148 69 120 126 77 97 120 113 64 69 98 40 93 46 93 198 18 105 199 130 129 199 98 1 131 37 54 97 70 181 84 30 34 169 178 127 52 182 148 183 52 131 69 70 1 150 166 149 189 86 181 181 145 86 186 7 20 1 115 1 1 147 10 111 92 147 148 181 127 21 86 115 174 198 198 187 155 27 119 52 164 47 162 182 199 18 142 123 30 164 121 114 188 145 164 116 132 55 114 112 191 35 70 177 122 127 22 85 109 199 136 152 171 24 145 35 110 38 35 86 57 140 130 148 36 138 143 161 86 81 199 159 148 18 181 36 62 153 126 94 86 35 76 181 26 164 13 170 190 100 88 1 89 35 123 1 165 52 127 37 104 61 52 58 155 76 103 131 103 164 110 69 198 76 113 35 181 125 69 167 157 181 180 110 87 69 149 29 35 28 168 56 69 57 181 187 31 95 103 183 93 102 117 181 131 103 175 76 154 1 165 52 135 71 33 146 53 88 131 4 181 11 44 131 110 132 114 69 181 18 68 88 166 1 118 69 82 180 1 73 134 51 195 96 71 165 52 182 147 144 1 78 12 35 132 107 35 54 131 1 42 19 196 181 44 166 18 18 76 199 45 115 120 97 194 165 18 128 106 57 199 133 198 42 93 87 158 52 63 77 198 69 198 132 115 44 1 200 144 91 1 198 58 1 1 185 114 50 173 80 59 137 18 200 184 199 34 172 1 149 65 198 53 43 148 199 49 66 193 106 200 25 47 164 156 114 99 80 41 141 35 93 58 154 147 6 1 35 18 83 72 4 20 192 13 197 191 20 37 2 14 61 52 176 18 151 101 35 39 183 182 163 18 23 121 165 5 104 53 164 52 25 60 19 71 2 67 59 53 15 32 75 127 179 70 164 124 17 139 48 90 93 16 137 160 18 114 199 182 8 87 9 200 165 86 79 74 3 
c [Incremental] Max used label: 200.
c [Incremental] Label 200 is removed from searching.
c [Incremental] Solving for max label = 199:
c [Incremental] Solving duration: 625 ms.
s [Incremental] SAT (label = 199).
Label assignment: 137 108 148 69 120 126 77 97 120 113 63 123 98 40 95 46 93 198 18 95 5 131 129 199 97 1 131 199 54 97 70 181 84 30 34 169 178 127 52 182 148 182 53 131 71 70 199 149 165 148 189 121 181 181 147 86 186 7 131 1 114 1 1 147 10 111 92 148 148 181 128 21 86 114 174 198 198 187 155 27 119 52 164 47 165 182 199 18 152 2 33 164 117 114 188 146 164 103 132 55 114 112 167 35 70 177 142 129 22 85 109 199 135 150 171 24 146 36 112 38 35 86 57 140 130 148 36 138 143 163 86 80 199 159 148 18 185 36 62 153 126 95 86 36 78 181 26 164 13 170 190 100 129 1 89 35 182 1 165 52 127 199 104 61 52 58 155 76 104 131 103 164 199 69 87 78 113 35 181 125 69 166 164 181 180 110 87 69 148 29 35 28 199 56 70 57 181 179 31 95 103 182 95 102 168 181 131 103 175 76 162 1 165 52 124 71 115 146 53 88 131 199 182 11 44 131 112 131 114 69 181 18 68 19 165 147 118 69 81 180 1 73 134 51 195 96 71 165 53 182 147 145 112 78 12 116 131 107 36 54 131 1 44 19 196 199 44 165 18 18 78 199 45 114 120 97 194 165 18 1 106 60 199 133 198 42 99 87 158 52 63 78 1 69 198 27 182 44 199 199 144 91 1 199 58 1 2 184 114 50 173 80 61 137 19 199 183 199 34 172 1 148 64 199 53 43 148 199 49 65 193 105 199 25 46 157 156 114 136 80 41 141 36 94 58 154 147 6 1 36 18 83 72 4 20 192 13 35 191 20 37 2 14 61 53 176 19 151 101 35 39 114 182 163 1 23 121 165 1 100 53 164 53 25 66 19 82 2 67 59 53 15 32 75 129 182 70 161 122 17 139 48 90 95 16 137 160 18 114 199 182 8 87 9 197 165 86 79 74 3 
c [Incremental] Max used label: 199.
c [Incremental] Label 199 is removed from searching.
c [Incremental] Solving for max label = 198:
c [Incremental] Solving duration: 90402 ms.
s [Incremental] SAT (label = 198).
Label assignment: 147 180 78 198 147 20 96 1 159 172 106 121 135 4 52 50 130 44 164 105 164 35 79 198 18 198 181 152 198 23 113 75 31 181 198 100 186 198 92 147 90 123 62 112 130 1 198 198 126 141 85 163 92 20 37 181 169 5 18 164 88 198 35 185 198 171 181 79 147 132 97 181 52 52 198 164 34 10 181 111 28 147 146 198 122 2 113 198 182 129 164 127 131 181 46 88 103 158 142 183 41 164 33 198 198 164 64 181 198 167 198 147 193 198 68 74 144 37 35 113 69 58 181 198 120 76 164 8 147 162 63 157 38 72 27 181 192 113 73 198 45 54 198 112 198 50 112 195 30 104 181 194 71 164 155 198 19 123 93 29 66 156 25 2 139 198 102 31 95 78 113 35 198 145 180 125 198 103 138 99 121 191 112 147 40 6 147 18 18 196 181 198 147 113 44 60 88 15 104 134 179 105 69 65 187 3 181 18 198 164 1 164 18 62 189 18 168 164 18 147 35 44 181 1 1 44 107 198 113 198 18 130 181 71 70 1 14 130 173 88 35 83 117 118 190 79 54 62 198 130 67 198 1 198 154 101 178 165 113 54 21 61 160 130 11 78 56 177 181 120 197 113 91 98 18 181 188 95 71 181 37 1 79 153 1 115 1 145 104 18 87 16 161 45 128 124 1 59 3 105 77 57 1 147 96 84 175 149 129 109 113 198 35 85 61 36 151 78 72 136 164 176 49 96 27 47 95 164 116 137 198 79 52 12 53 150 1 38 84 61 7 61 166 13 51 153 32 170 129 95 1 27 18 43 71 174 35 198 79 164 108 61 148 22 198 82 113 153 91 164 147 89 129 18 164 79 96 181 130 3 42 37 78 140 119 61 147 130 198 81 9 80 48 24 18 198 1 26 184 130 96 114 39 143 17 110 62 86 95 96 24 133 164 164 96 1 55 198 94 130 
c [Incremental] Max used label: 198.
c [Incremental] Label 198 is removed from searching.
c [Incremental] Solving for max label = 197:
c [Incremental] Solving duration: 4986 ms.
s [Incremental] SAT (label = 197).
Label assignment: 94 180 74 113 146 18 91 1 159 172 106 121 135 4 52 50 127 35 69 103 161 35 189 197 18 184 92 86 180 23 112 75 31 35 126 100 186 196 1 146 90 123 52 109 120 91 1 96 126 141 85 35 182 18 35 43 169 5 18 180 86 197 35 173 97 171 180 78 143 128 111 178 52 52 165 163 34 179 6 145 28 146 146 83 120 6 197 180 185 129 164 128 131 180 46 86 103 1 142 183 40 164 33 196 197 163 64 179 195 167 197 146 193 79 68 74 145 35 35 110 69 58 178 1 120 73 180 95 143 89 63 157 41 72 27 180 65 112 73 20 39 52 142 112 197 180 112 197 30 104 36 190 197 197 145 197 18 123 90 29 62 141 24 2 139 160 45 148 95 78 163 35 197 145 180 120 197 103 138 99 121 191 103 144 72 2 146 18 18 174 112 156 147 109 163 57 86 15 102 136 197 103 69 66 133 1 180 18 197 164 146 163 18 60 175 18 168 163 18 146 35 40 197 1 1 44 103 69 112 197 18 129 181 69 194 1 14 129 173 158 35 155 117 118 16 74 52 57 197 129 67 49 1 197 154 101 179 162 103 52 21 61 162 129 11 78 56 180 180 120 197 109 91 98 18 180 188 91 69 180 35 197 78 81 1 115 1 145 104 18 88 3 162 163 163 122 1 55 69 105 76 54 1 137 92 84 180 149 126 109 112 197 35 177 52 35 151 78 130 130 163 176 59 86 18 119 95 161 116 137 7 69 52 12 52 150 1 38 82 57 2 52 80 8 51 33 32 170 129 86 1 18 18 40 69 153 180 1 77 125 103 61 192 25 197 47 111 92 187 163 143 89 129 18 163 74 42 180 126 1 163 35 197 140 26 61 152 129 132 13 9 17 70 19 18 163 1 23 166 71 95 114 37 143 10 110 57 87 95 95 22 134 163 124 48 1 53 107 93 108 
c [Incremental] Max used label: 197.
c [Incremental] Label 197 is removed from searching.
c [Incremental] Solving for max label = 196:
c [Incremental] Solving duration: 615 ms.
s [Incremental] SAT (label = 196).
Label assignment: 91 180 75 113 145 18 91 1 159 172 106 196 135 4 52 50 127 35 69 103 161 35 189 196 18 184 92 86 179 23 111 74 31 35 126 99 186 196 1 145 90 122 52 110 120 128 1 96 126 141 85 35 182 18 35 36 169 125 18 179 86 196 35 174 98 171 179 77 145 196 89 178 52 52 165 162 34 179 6 145 28 145 145 83 120 5 196 179 185 128 164 111 135 179 46 86 103 1 142 179 40 164 33 196 196 162 64 179 195 167 196 145 193 79 68 71 145 35 35 110 77 57 178 1 120 73 179 94 143 9 63 157 40 72 25 179 62 111 73 20 39 52 142 111 196 60 111 190 30 104 44 183 196 196 145 196 18 123 90 29 61 138 24 2 139 162 45 148 94 77 162 35 88 146 179 120 196 103 142 94 125 191 103 144 72 2 145 18 18 108 111 156 147 108 162 58 86 111 102 136 176 103 69 66 133 1 179 18 196 164 145 163 18 60 78 18 168 162 18 145 35 40 196 1 1 43 103 69 111 15 18 128 181 69 192 1 14 128 173 158 35 155 117 119 16 74 52 57 196 128 67 49 1 196 154 101 179 162 103 52 21 60 160 128 11 77 56 177 179 120 194 109 129 100 18 179 188 93 69 179 35 196 77 81 1 115 1 145 196 18 87 3 162 162 162 121 1 55 69 104 76 54 1 137 92 84 179 149 127 109 111 196 35 95 52 35 151 77 130 131 162 175 59 86 18 68 94 161 116 137 7 69 52 12 52 150 1 38 82 57 2 52 80 8 51 33 32 170 128 86 1 18 18 41 69 153 179 1 77 127 103 60 118 27 196 47 112 91 187 162 144 89 128 18 162 74 42 179 126 1 162 35 196 140 26 60 152 128 132 13 8 17 65 19 18 162 1 23 166 70 94 114 37 143 10 105 57 97 94 94 22 134 162 124 48 1 53 107 93 110 
c [Incremental] Max used label: 196.
c [Incremental] Label 196 is removed from searching.
c [Incremental] Solving for max label = 195:
c [Incremental] Solving duration: 342907 ms.
s [Incremental] SAT (label = 195).
Label assignment: 195 95 35 120 158 59 40 161 128 2 71 149 168 20 71 137 76 161 144 59 54 161 99 37 144 83 135 110 18 1 122 18 1 1 161 144 117 161 90 1 18 161 36 127 76 114 195 94 52 140 95 53 172 195 59 36 148 9 71 53 1 144 161 60 60 116 22 18 3 139 58 42 181 123 97 35 194 60 191 178 145 109 104 187 195 18 57 35 16 36 124 38 79 144 85 93 178 18 129 59 127 18 54 142 126 178 8 1 72 170 76 178 29 183 184 76 18 161 93 110 69 1 93 19 103 195 105 174 161 115 131 37 127 101 160 178 186 37 110 119 56 71 171 121 88 86 127 154 27 146 163 102 37 178 156 1 195 161 144 112 77 98 157 7 78 110 43 195 178 195 69 42 173 82 161 36 178 23 164 114 94 182 122 178 195 1 36 18 35 166 52 176 178 81 70 93 110 17 113 45 60 105 178 47 49 195 74 175 54 20 161 19 195 87 48 76 50 161 89 110 1 161 76 1 106 18 195 88 54 179 1 70 11 144 178 185 37 110 134 19 195 96 189 61 165 195 1 178 36 144 23 132 127 69 125 65 71 160 2 1 110 71 195 1 188 87 75 88 19 6 36 127 21 51 144 24 1 195 144 18 105 127 140 32 130 62 42 169 147 77 71 1 161 121 41 54 127 93 1 19 127 100 161 110 39 112 195 108 110 152 104 93 122 111 139 110 14 88 153 13 58 1 80 127 180 26 92 59 44 195 162 178 18 118 18 107 141 161 34 144 144 19 15 151 136 159 40 178 2 66 144 43 4 144 178 19 55 54 19 91 54 71 33 150 31 193 122 64 67 126 178 195 41 178 178 93 18 195 110 122 88 93 87 54 68 71 167 54 10 28 143 12 46 195 37 178 126 25 30 195 192 190 1 144 138 84 5 1 177 144 144 155 109 127 133 161 73 63 195 161 
c [Incremental] Max used label: 195.
c [Incremental] Label 195 is removed from searching.
c [Incremental] Solving for max label = 194:
c [Incremental] Solving duration: 72603 ms.
s [Incremental] SAT (label = 194).
Label assignment: 92 97 35 123 157 53 40 159 122 10 71 151 14 21 73 25 194 96 92 58 54 159 91 37 37 117 135 177 18 194 104 18 42 1 15 152 117 71 160 1 18 160 36 125 92 114 4 83 54 143 95 57 98 23 58 36 148 16 109 1 20 143 1 58 61 73 18 18 194 180 56 3 181 126 2 36 45 58 19 38 139 91 109 118 194 18 1 35 100 40 93 187 188 142 85 126 41 19 129 53 125 18 54 149 126 193 9 143 71 119 142 1 29 137 82 75 92 1 160 142 66 1 88 92 194 177 121 175 35 115 132 109 126 194 160 126 62 194 194 190 55 81 167 177 109 84 125 154 67 158 161 8 75 69 75 194 92 1 18 112 163 177 156 108 78 91 43 7 126 18 52 36 111 79 194 194 141 112 164 114 94 13 126 20 189 159 36 143 194 169 194 3 186 147 75 88 177 17 113 194 60 177 194 51 49 194 160 140 87 144 177 19 106 53 134 143 183 160 107 109 177 159 75 1 71 18 160 194 54 179 34 104 33 143 88 109 101 109 194 90 3 23 177 191 64 143 37 177 19 177 112 133 160 126 68 65 90 19 70 41 160 71 126 1 172 2 69 89 18 95 54 74 128 31 143 194 165 108 39 24 143 126 70 30 2 120 145 168 146 77 177 116 56 121 91 37 20 74 5 20 37 170 160 109 91 2 2 50 1 164 87 86 1 26 143 160 12 143 166 193 52 143 102 126 41 184 108 54 177 167 59 177 72 63 126 178 70 143 32 177 176 36 114 110 78 173 162 47 160 58 143 131 92 125 37 182 53 56 19 74 109 53 171 150 155 44 75 46 80 1 142 177 35 22 177 125 138 53 1 6 192 1 160 54 76 71 177 36 185 103 177 136 28 108 92 177 124 105 11 37 174 99 194 143 27 127 159 48 109 176 108 153 90 1 130 160 194 57 176 57 
c [Incremental] Max used label: 194.
c [Incremental] Label 194 is removed from searching.
c [Incremental] Solving for max label = 193:
c [Incremental] Solving duration: 709633 ms.
s [Incremental] SAT (label = 193).
Label assignment: 140 66 176 63 159 3 18 159 193 112 69 97 26 175 86 64 193 61 52 74 141 105 45 38 91 65 50 176 18 106 35 18 96 1 1 28 166 55 157 1 18 159 54 124 37 29 172 84 138 56 15 125 168 108 125 1 180 106 108 122 1 142 193 137 151 69 91 18 106 95 178 140 164 193 63 80 68 118 18 123 99 19 159 79 125 193 1 36 94 40 48 11 167 193 51 159 24 69 126 132 69 30 187 193 159 193 25 138 72 125 108 71 43 49 182 86 104 193 69 176 193 193 55 142 176 159 193 105 125 149 160 52 123 148 142 193 183 124 142 18 1 86 162 193 69 82 125 12 9 59 135 81 91 70 113 69 176 159 193 143 18 173 159 142 143 52 38 188 91 142 53 1 161 85 57 121 142 181 4 184 21 17 193 89 18 159 1 159 120 193 1 18 152 169 74 38 1 111 177 31 114 193 74 32 127 176 140 18 71 98 106 101 108 176 185 108 92 125 193 91 176 38 57 72 176 18 1 108 55 83 154 52 1 108 125 176 115 89 133 156 1 1 160 191 34 158 39 193 23 176 136 128 176 86 93 77 86 58 159 35 176 72 18 176 16 108 35 142 20 100 91 18 144 76 174 18 109 18 35 18 159 18 142 172 122 190 35 46 38 145 74 111 189 35 64 125 176 47 22 35 123 186 159 1 35 41 52 163 1 10 193 1 176 55 176 1 150 90 30 1 54 18 44 193 119 21 106 72 110 156 165 108 35 130 35 60 105 106 147 158 159 40 78 27 13 81 14 153 142 73 6 7 75 1 103 179 42 69 88 123 155 124 102 1 8 131 188 87 47 125 89 193 89 52 91 52 88 176 69 193 54 74 5 142 117 54 125 71 67 33 107 116 146 142 142 142 159 106 171 134 139 78 2 52 176 170 176 62 193 88 86 1 37 1 129 89 192 81 21 35 
c [Incremental] Max used label: 193.
c [Incremental] Label 193 is removed from searching.
c [Incremental] Solving for max label = 192:
c [Incremental] Solving duration: 32110 ms.
s [Incremental] SAT (label = 192).
Label assignment: 141 66 192 63 154 1 18 141 101 117 69 100 148 192 87 58 192 1 52 69 175 141 45 36 87 171 47 176 104 106 35 18 96 1 1 28 166 53 158 1 158 158 52 123 35 32 175 173 141 158 15 124 168 175 125 1 180 127 138 120 35 141 70 129 153 69 18 18 158 93 178 140 164 121 67 80 68 119 18 88 97 1 158 79 121 140 1 35 102 39 44 11 167 192 135 158 24 69 126 113 69 30 192 3 158 139 25 138 72 124 88 71 51 48 182 91 158 175 69 35 64 192 53 141 176 158 192 103 122 144 160 52 89 132 140 192 183 123 175 19 1 87 162 192 69 81 123 12 9 59 134 81 86 72 131 69 21 175 192 143 18 184 157 141 35 52 83 192 73 141 124 40 160 85 56 104 106 74 4 114 21 17 158 89 19 158 1 106 158 192 55 18 151 175 1 175 121 18 52 29 118 192 52 31 77 104 175 18 69 98 106 46 106 175 185 104 8 192 192 175 20 35 87 65 175 18 155 104 55 94 141 52 1 138 1 181 115 1 128 121 35 191 160 62 34 140 52 87 141 18 78 49 18 35 61 60 87 57 87 35 175 72 18 174 16 175 37 69 18 136 104 53 177 76 175 18 109 18 52 141 69 18 140 172 116 190 35 161 84 147 69 111 192 35 70 87 192 53 107 192 123 108 175 1 70 189 142 163 1 10 192 1 121 188 22 124 170 106 1 7 54 18 50 124 112 145 158 72 186 159 165 158 1 149 35 5 103 106 150 158 156 38 73 130 43 132 1 152 90 13 107 99 1 1 104 179 42 1 86 123 1 123 146 2 175 23 52 110 41 123 89 158 88 35 192 36 86 175 175 56 52 70 90 141 26 52 124 69 82 6 89 14 27 105 35 192 158 106 33 133 137 75 89 52 95 169 192 187 192 89 106 1 35 1 92 175 192 36 18 35 
c [Incremental] Max used label: 192.
c [Incremental] Label 192 is removed from searching.
c [Incremental] Solving for max label = 191:
c [Incremental] Solving duration: 422385 ms.
s [Incremental] SAT (label = 191).
Label assignment: 18 57 191 66 174 1 18 140 43 58 70 42 11 190 87 191 105 130 52 69 54 140 35 123 104 128 1 182 103 105 157 140 92 123 1 185 159 52 157 1 157 157 52 122 35 2 174 47 157 87 4 120 110 174 124 21 176 116 138 157 35 138 69 113 51 70 18 18 156 25 40 140 181 191 150 83 19 112 89 46 96 1 157 73 174 139 35 37 119 1 49 191 167 174 131 157 184 60 5 117 69 134 115 76 191 139 13 138 1 191 87 37 100 179 12 91 70 191 121 35 67 191 37 140 31 140 53 174 70 152 160 52 88 53 140 71 180 37 191 127 1 36 99 191 70 85 71 165 26 65 170 50 86 71 135 38 35 35 191 148 191 178 106 105 22 52 82 155 69 140 123 143 56 90 52 35 106 77 6 111 23 10 69 88 169 1 1 157 104 101 54 140 151 53 86 157 191 77 188 183 64 191 1 109 108 174 173 3 70 98 105 48 105 123 126 1 97 18 174 69 123 174 86 118 174 88 18 140 53 94 19 55 175 52 1 174 33 1 78 121 35 7 24 154 162 139 35 87 137 19 93 74 18 29 114 81 138 59 86 35 174 191 18 123 17 1 88 70 103 129 104 121 8 160 174 157 107 18 52 140 157 1 191 34 102 39 158 133 84 164 70 168 157 140 68 157 121 86 103 121 123 171 174 121 53 42 141 41 71 53 72 1 121 144 18 174 146 174 15 104 54 18 62 120 42 163 106 71 79 166 80 191 53 153 191 61 89 123 177 156 156 18 59 189 132 138 1 172 174 18 103 14 94 174 87 32 45 161 106 1 18 35 95 186 174 145 77 9 121 36 88 157 20 104 140 36 18 157 173 149 140 155 35 87 147 71 123 54 142 44 105 30 87 191 1 103 191 18 63 187 191 16 89 1 31 75 104 125 20 89 104 174 123 1 136 174 28 27 191 122 
c [Incremental] Max used label: 191.
c [Incremental] Label 191 is removed from searching.
c [Incremental] Solving for max label = 190:
c [Signal] Signal interruption. Caught signal: SIGTERM (15).
c [Main] Lim pid ends with result: 254.
r [Main] 
r [Main] Final results: 
r [Main] Total real time: 1806675 ms.
r [Main] Total memory consumed: 1202.4 MB.
r [Main] 
