c [Version] Minimize Makespan Labeling Encoder version 1.0.0.
c [Param] LB is predefined as 46.
c [Param] UB is predefined as 222.
c [Param] Memory limit is set to 30000.
c [Param] Real time limit is set to 1800.
c [Main] Search strategy: Incremental from upper bound.
c [Main] Encoding and solving for graph: P-can__445.mtx.rnd.
c [Incremental] Minimize Makespan Labeling Antibandwidth problem (P-can__445.mtx.rnd):
c [Incremental] Encoding starts with target value = 45:
c [Incremental] Encoding duration: 1446ms.
c [Incremental] Number of clauses: 1921549.
c [Incremental] Number of variables: 252982.
c [Incremental] Solving for max label = 222:
c [Incremental] Solving duration: 37398 ms.
s [Incremental] SAT (label = 222).
Label assignment: 64 205 87 170 28 204 191 203 194 188 122 222 65 222 222 46 1 1 177 193 190 1 222 222 177 185 2 6 136 1 197 96 177 74 164 126 202 201 222 187 46 177 120 1 132 80 222 100 98 177 1 218 48 108 115 182 177 177 160 222 222 1 167 1 222 56 46 2 122 130 65 163 1 46 34 222 1 1 1 143 87 79 53 222 1 1 216 177 92 65 137 77 85 222 154 177 153 126 107 112 222 103 92 15 222 32 22 222 1 166 222 172 43 177 1 132 222 90 77 132 168 91 217 29 58 215 222 66 222 60 98 62 102 1 180 132 120 136 33 132 145 152 222 105 46 177 169 46 177 177 96 20 58 135 1 222 1 110 167 222 119 38 132 133 53 209 222 115 1 111 62 91 70 141 1 60 87 195 66 105 125 46 1 222 132 150 160 1 67 103 1 177 222 177 222 1 222 53 95 1 17 111 65 1 1 177 1 101 219 1 222 75 112 165 1 222 128 140 115 174 47 155 222 107 51 147 96 177 102 1 71 134 66 132 129 110 91 122 152 214 93 44 77 156 1 117 222 30 189 179 82 81 89 1 138 222 66 84 161 1 88 212 50 37 49 222 145 131 222 208 165 153 222 222 132 94 157 58 222 1 100 171 139 222 1 1 51 220 3 66 178 222 4 68 177 12 78 47 102 143 1 157 132 1 67 95 177 91 76 73 199 87 222 46 118 9 222 83 132 159 5 108 177 177 146 27 101 31 130 106 114 26 175 177 65 213 8 211 151 111 87 173 86 144 46 149 222 222 46 116 7 210 72 36 104 54 176 111 148 46 18 119 55 177 158 57 124 1 1 183 221 1 46 69 122 171 58 150 206 91 132 99 1 63 222 11 46 1 202 177 59 164 14 10 1 113 207 200 136 97 42 184 156 46 156 142 105 25 192 147 13 198 143 222 41 162 39 109 222 1 1 222 186 23 145 24 16 121 1 61 181 140 19 2 127 40 62 45 21 35 132 1 196 123 52 
c [Incremental] Max used label: 222.
c [Incremental] Label 222 is removed from searching.
c [Incremental] Solving for max label = 221:
c [Incremental] Solving duration: 420 ms.
s [Incremental] SAT (label = 221).
Label assignment: 64 205 86 170 28 204 191 203 194 188 122 221 65 221 221 46 1 1 176 193 190 1 221 221 176 185 2 6 136 1 197 91 176 74 164 126 202 201 221 187 46 176 120 1 131 80 221 100 98 176 1 218 48 108 115 182 176 176 160 221 221 1 167 1 221 56 46 2 122 130 65 163 1 46 34 221 1 1 1 143 86 79 53 221 1 1 216 176 92 65 137 77 85 221 154 176 153 126 107 112 221 103 92 15 140 32 22 221 1 141 221 135 43 176 1 131 221 88 77 131 168 91 90 29 58 215 221 66 221 60 98 62 102 1 180 131 120 136 33 131 145 152 221 105 46 176 169 46 176 176 91 20 58 134 1 221 1 110 167 221 119 38 131 133 53 209 221 115 1 111 62 91 70 217 1 60 86 195 66 105 125 46 1 221 131 150 160 1 67 103 1 176 221 176 221 1 221 53 94 1 17 111 54 1 1 221 1 101 219 1 221 75 112 165 1 221 128 140 115 174 47 155 221 107 46 147 95 175 102 1 71 132 66 131 129 110 91 122 152 214 93 44 77 156 1 117 221 30 189 179 82 81 89 1 138 221 66 84 161 1 87 212 49 37 46 207 145 126 221 208 165 153 221 221 131 91 157 58 221 3 100 171 136 221 4 1 46 184 1 66 178 221 1 68 176 12 78 47 102 143 1 157 131 1 67 95 176 91 76 73 199 86 221 46 118 9 221 83 131 159 5 108 176 176 146 27 96 31 120 106 114 26 166 176 51 213 8 211 151 111 86 173 86 144 46 149 221 221 46 116 7 177 72 36 104 50 172 111 148 46 18 119 55 176 158 57 124 1 1 183 220 1 46 69 122 171 58 150 206 91 131 99 1 63 221 11 46 1 202 176 59 164 14 10 1 113 210 200 136 97 41 181 156 46 156 142 105 25 192 147 13 198 143 221 40 162 39 109 221 1 1 221 136 23 145 24 16 121 1 61 186 139 19 2 127 42 62 45 21 35 131 1 196 123 52 
c [Incremental] Max used label: 221.
c [Incremental] Label 221 is removed from searching.
c [Incremental] Solving for max label = 220:
c [Incremental] Solving duration: 11836 ms.
s [Incremental] SAT (label = 220).
Label assignment: 64 71 85 170 28 204 182 4 183 91 122 9 4 220 220 220 1 1 175 193 190 95 220 214 175 1 2 1 138 220 197 96 175 73 170 126 202 201 220 184 46 175 130 1 130 9 220 9 91 173 1 99 46 25 130 40 166 170 175 210 80 175 167 1 9 56 46 49 130 130 9 175 1 46 5 220 9 1 1 136 84 95 46 220 9 9 216 175 207 49 143 77 85 85 154 175 153 120 107 112 220 115 5 15 220 32 22 220 33 165 220 172 43 170 122 103 220 90 77 129 168 91 217 1 78 5 220 66 220 60 91 62 102 1 180 130 130 136 35 127 145 152 220 105 94 171 168 220 175 163 96 130 60 135 1 220 18 110 175 220 119 94 130 133 46 203 99 115 1 111 62 91 3 141 9 60 85 195 65 105 125 46 212 220 130 150 175 1 67 97 31 177 220 169 220 220 220 46 49 17 20 111 21 215 1 175 1 220 219 1 220 75 112 175 29 74 128 140 130 170 24 155 220 107 51 147 96 174 102 23 72 134 63 131 116 96 91 122 152 213 91 44 220 156 9 117 220 30 1 179 82 81 89 14 136 220 84 84 161 1 88 42 124 37 46 220 145 96 220 208 168 153 220 220 125 91 157 69 220 1 220 171 136 220 1 6 51 188 5 61 178 220 1 2 172 12 68 50 101 137 98 157 130 1 67 95 175 91 76 3 199 85 220 46 48 9 220 83 132 159 5 220 175 172 146 220 100 15 131 106 130 26 1 172 47 209 19 211 151 111 77 173 80 144 46 149 70 220 46 85 7 220 87 36 104 54 141 108 148 46 1 118 55 176 158 53 50 10 220 181 186 1 46 220 121 171 58 150 206 93 130 191 1 50 85 11 46 1 202 175 59 164 85 8 1 114 220 200 136 97 38 189 156 57 156 142 105 27 192 147 13 198 185 60 29 162 39 109 220 187 1 220 205 92 145 15 218 160 1 79 194 139 94 86 113 41 62 45 16 34 130 1 196 123 52 
c [Incremental] Max used label: 220.
c [Incremental] Label 220 is removed from searching.
c [Incremental] Solving for max label = 219:
c [Incremental] Solving duration: 425 ms.
s [Incremental] SAT (label = 219).
Label assignment: 64 71 84 170 28 204 182 4 183 91 122 9 4 219 219 217 1 140 169 193 190 95 219 214 174 1 2 1 138 217 197 96 170 73 170 126 202 201 214 184 46 174 129 1 129 9 219 9 91 165 1 99 46 25 129 40 166 170 174 210 80 174 167 1 9 56 46 49 129 130 9 174 1 46 5 210 9 1 1 136 84 95 46 219 9 9 216 174 207 49 143 77 85 84 154 174 153 120 107 112 219 115 5 15 219 32 22 217 33 165 219 172 43 170 122 103 219 90 77 129 168 91 217 1 78 5 219 66 214 60 91 62 102 1 180 129 129 136 35 127 145 152 214 105 94 171 168 219 174 163 96 129 60 134 1 219 18 110 174 217 119 94 129 130 46 175 99 115 1 111 62 91 3 141 9 60 84 195 65 105 125 46 212 219 129 150 174 1 67 97 31 177 217 169 217 219 129 46 49 17 20 111 21 215 1 174 1 217 219 1 217 75 112 174 29 74 128 140 129 170 24 155 217 107 51 147 96 174 102 23 72 133 63 131 116 96 91 122 152 213 91 44 217 156 9 117 217 30 1 179 82 81 89 14 136 219 84 84 161 1 88 42 124 37 46 219 145 96 219 208 168 153 217 219 125 91 157 69 219 1 217 171 136 219 1 6 51 188 5 61 178 217 1 2 172 12 68 50 101 137 98 157 129 1 67 95 174 91 76 3 199 84 219 46 48 9 219 83 132 159 5 1 174 172 146 219 100 15 135 106 129 26 1 172 47 209 19 211 151 111 77 173 80 144 46 149 70 219 46 84 7 214 87 36 104 54 141 108 148 46 1 118 55 176 158 53 50 10 205 181 186 1 46 219 121 171 58 150 206 93 129 191 1 50 84 11 46 1 202 174 59 164 84 8 1 114 214 200 136 97 38 189 156 57 156 142 105 27 192 147 13 198 185 60 29 162 39 109 219 187 1 217 203 92 145 15 218 160 1 79 194 139 94 86 113 41 62 45 16 34 129 1 196 123 52 
c [Incremental] Max used label: 219.
c [Incremental] Label 219 is removed from searching.
c [Incremental] Solving for max label = 218:
c [Incremental] Solving duration: 829 ms.
s [Incremental] SAT (label = 218).
Label assignment: 64 71 82 170 28 204 182 4 183 91 122 9 4 217 218 217 1 140 169 193 190 95 217 214 172 1 2 1 138 217 197 96 170 73 170 126 202 201 214 184 46 172 127 1 125 9 217 9 91 165 1 99 46 25 127 40 166 170 172 210 80 172 167 1 9 56 46 49 127 130 9 172 1 46 5 210 9 1 1 136 82 95 46 218 9 9 216 173 207 49 143 77 85 82 154 173 153 120 107 112 217 115 5 15 218 32 22 217 33 165 218 172 43 170 122 103 217 87 77 128 168 91 90 1 78 5 217 66 214 60 91 62 102 1 180 128 126 136 35 127 145 152 214 105 94 171 168 217 173 163 96 127 60 134 1 218 18 110 172 217 119 94 127 129 46 175 99 115 1 111 62 91 3 142 9 60 83 195 65 105 125 46 212 218 127 150 172 1 67 97 31 177 217 169 217 217 217 46 49 17 20 111 21 215 1 173 1 217 217 1 217 75 112 172 29 74 128 140 127 170 24 155 217 107 51 147 96 173 102 23 72 133 63 131 116 96 91 122 152 213 91 44 217 156 9 117 217 30 1 179 82 81 89 14 136 218 82 82 161 1 84 42 124 39 46 217 145 96 217 208 168 153 217 217 125 91 157 69 218 1 217 171 136 218 1 6 51 188 5 61 178 217 1 2 172 12 68 50 101 137 98 157 127 1 67 95 172 91 76 3 199 82 218 46 48 9 218 83 132 159 5 1 172 172 146 218 100 15 135 106 127 26 1 172 47 209 19 211 151 111 77 173 80 144 46 149 70 218 46 82 7 214 88 36 104 54 141 108 148 46 1 118 55 176 158 53 50 10 205 181 186 1 46 217 121 171 58 150 206 93 128 191 1 50 82 11 46 1 202 170 59 164 82 8 1 114 214 200 136 97 38 189 156 57 156 174 105 27 192 147 13 198 185 60 29 162 37 109 218 187 1 217 203 92 145 15 218 160 1 79 194 139 94 86 113 41 62 45 16 34 126 1 196 123 52 
c [Incremental] Max used label: 218.
c [Incremental] Label 218 is removed from searching.
c [Incremental] Solving for max label = 217:
c [Incremental] Solving duration: 13025 ms.
s [Incremental] SAT (label = 217).
Label assignment: 99 128 46 217 145 46 38 1 1 138 153 68 212 217 217 136 1 183 1 24 37 194 1 91 91 64 47 102 194 91 77 144 217 1 46 117 214 217 1 21 123 75 216 150 136 129 91 91 170 111 115 160 13 54 194 136 90 59 83 89 14 1 209 135 46 1 46 107 172 165 46 136 217 136 194 19 1 4 150 46 124 149 1 18 217 1 31 48 39 178 217 101 217 80 144 72 1 217 1 210 91 164 172 136 12 149 1 1 172 1 76 81 171 49 91 104 46 134 10 185 55 184 34 162 26 46 91 1 5 91 141 60 217 170 91 127 46 1 149 132 127 217 91 91 145 69 88 127 1 46 217 91 1 42 1 1 67 96 56 91 126 112 138 207 70 74 15 193 196 91 217 46 136 71 1 213 1 46 46 46 88 154 108 98 29 1 8 82 157 178 172 59 197 95 194 54 91 1 99 168 171 1 145 1 92 57 186 105 62 48 106 1 46 136 1 46 73 109 176 114 130 1 78 1 97 77 202 46 91 35 171 1 16 177 217 100 1 58 122 204 145 86 205 46 136 138 45 170 136 9 189 217 131 160 91 105 1 136 46 170 155 136 206 1 136 91 161 46 46 46 200 1 170 126 104 1 113 119 127 92 172 78 91 103 149 46 93 195 51 156 40 137 1 148 1 1 137 1 1 46 82 91 144 116 165 199 146 135 11 182 7 1 46 1 41 120 91 28 105 144 170 91 217 1 59 91 211 82 46 159 1 163 91 1 156 91 158 100 121 173 6 217 1 92 46 203 23 93 90 1 46 118 181 170 151 217 1 201 70 138 46 94 217 127 152 217 50 166 1 47 208 46 46 132 127 77 143 142 1 46 201 17 166 141 63 171 1 1 172 217 179 79 91 167 136 66 46 88 147 25 156 46 46 32 65 175 1 125 139 44 27 180 61 36 194 1 2 52 198 192 191 20 3 188 174 87 22 46 217 99 85 190 133 84 140 43 215 46 110 187 53 169 30 33 217 
c [Incremental] Max used label: 217.
c [Incremental] Label 217 is removed from searching.
c [Incremental] Solving for max label = 216:
c [Incremental] Solving duration: 362 ms.
s [Incremental] SAT (label = 216).
Label assignment: 99 128 46 216 145 46 38 1 1 138 153 68 212 216 216 136 1 183 1 24 35 194 1 91 91 64 47 102 194 91 77 144 216 1 46 117 214 216 1 21 123 75 216 150 136 129 91 91 170 111 115 160 13 54 194 136 90 59 83 89 14 1 209 135 46 1 46 107 172 165 46 136 216 136 194 19 1 4 150 46 124 149 1 18 216 1 31 48 39 178 216 101 216 82 144 72 1 216 1 210 91 164 171 136 12 149 1 1 171 1 76 81 171 49 91 104 46 134 10 185 55 184 34 162 26 46 91 1 5 91 141 60 216 170 91 126 46 1 149 132 126 216 91 91 145 69 88 127 1 46 216 91 1 42 1 1 67 96 56 91 126 112 138 207 70 74 15 193 196 91 216 46 136 71 1 213 1 46 46 46 88 154 108 98 29 1 8 80 157 178 171 59 197 95 194 54 91 1 99 168 171 1 145 1 92 57 186 105 62 48 106 1 46 136 1 46 73 109 176 114 130 1 78 1 97 77 202 46 91 36 171 1 16 177 216 100 1 58 122 204 145 86 205 46 136 138 45 170 136 9 189 216 131 160 91 105 1 136 46 170 155 136 206 1 136 91 161 46 46 46 200 1 170 126 104 1 113 119 126 92 171 78 91 103 149 46 93 195 51 156 40 137 1 148 1 1 137 1 1 46 81 91 144 116 165 199 146 135 11 182 7 1 46 1 41 120 91 28 105 144 170 91 216 1 59 91 211 82 46 159 1 163 91 1 156 91 158 100 121 173 6 216 1 92 46 203 23 93 90 1 46 118 181 170 151 216 1 201 70 138 46 94 216 127 152 216 50 166 1 47 208 46 46 132 127 77 143 142 1 46 201 17 166 141 63 171 1 1 171 216 179 79 91 167 136 66 46 88 147 25 156 46 46 32 65 175 1 125 139 44 27 180 61 37 194 1 2 52 198 192 191 20 3 188 174 87 22 46 216 99 85 190 133 84 140 43 215 46 110 187 53 169 30 33 216 
c [Incremental] Max used label: 216.
c [Incremental] Label 216 is removed from searching.
c [Incremental] Solving for max label = 215:
c [Incremental] Solving duration: 6631 ms.
s [Incremental] SAT (label = 215).
Label assignment: 180 1 1 176 1 91 136 136 174 165 1 61 46 154 170 134 91 75 172 215 157 1 1 118 103 149 179 125 137 183 88 76 176 150 46 170 170 78 1 173 215 46 151 1 180 40 105 39 1 20 1 103 153 180 47 95 1 57 144 1 212 146 138 23 19 197 138 136 199 141 1 46 185 143 31 96 215 46 18 69 91 170 125 125 46 142 1 1 36 1 144 156 215 1 82 21 133 215 70 170 105 128 99 215 80 16 123 215 131 91 46 72 47 59 180 164 91 1 168 170 215 104 25 91 85 1 14 124 176 115 172 150 215 202 90 215 1 80 12 170 207 1 98 100 1 215 46 138 1 170 79 188 150 42 125 97 49 1 93 77 107 86 148 129 46 178 213 1 215 1 13 1 47 215 49 156 46 1 138 1 34 104 84 68 1 163 136 55 215 160 131 63 15 125 167 46 161 26 91 215 208 32 1 149 24 1 27 150 152 177 47 197 74 60 48 1 1 46 91 214 89 136 155 105 1 88 170 22 155 46 210 1 107 142 162 197 91 93 170 203 46 126 116 97 49 56 80 1 46 37 125 101 38 197 93 48 106 125 52 125 1 91 197 215 104 97 109 182 1 72 46 125 80 94 121 1 11 1 215 28 131 155 59 192 1 170 10 198 122 142 81 1 46 46 47 145 125 54 170 73 9 119 51 166 65 1 1 35 3 136 135 48 5 46 91 4 114 136 108 60 200 30 46 64 63 189 108 49 91 91 139 51 46 66 49 158 90 204 147 169 61 215 130 56 136 41 17 103 215 92 1 96 136 1 51 8 1 52 71 197 61 104 196 97 1 209 215 1 91 215 137 175 215 97 194 159 190 51 215 1 171 195 46 46 187 62 211 47 172 2 46 152 193 102 186 170 149 191 1 170 125 152 125 140 52 87 206 91 29 46 50 80 120 1 176 113 67 1 111 184 170 46 132 83 112 215 117 181 127 33 46 46 46 205 58 125 170 6 7 53 201 43 44 45 110 
c [Incremental] Max used label: 215.
c [Incremental] Label 215 is removed from searching.
c [Incremental] Solving for max label = 214:
c [Incremental] Solving duration: 517 ms.
s [Incremental] SAT (label = 214).
Label assignment: 180 1 1 176 1 91 136 136 174 165 1 61 46 154 169 134 91 75 171 214 157 1 125 118 103 149 179 124 137 183 88 76 176 150 46 169 169 78 214 173 214 46 151 1 180 40 105 39 1 20 1 103 153 180 47 95 1 57 144 1 212 146 138 30 19 197 138 136 199 141 1 46 185 143 31 96 214 46 18 69 91 169 124 124 46 142 1 1 36 1 144 156 1 1 82 21 133 214 70 169 105 128 99 214 77 16 123 214 131 91 46 72 47 59 180 164 97 1 168 169 214 104 25 91 85 1 14 124 176 115 172 150 214 202 90 214 1 79 12 169 207 1 98 100 1 214 23 138 1 169 79 188 150 42 124 97 49 1 93 77 107 86 148 129 46 178 213 1 214 1 13 1 47 214 49 156 46 1 138 1 34 104 84 68 1 163 136 55 214 160 131 63 15 124 167 46 161 26 91 214 208 32 1 149 24 1 27 150 152 177 47 197 74 60 48 1 1 46 91 214 89 142 155 105 1 88 169 22 155 46 210 1 107 142 162 197 91 93 169 203 46 126 116 97 49 56 79 1 46 37 124 101 38 197 93 48 106 124 52 124 1 91 197 214 104 97 109 182 1 72 46 124 79 94 121 1 11 1 214 28 131 155 59 192 1 169 10 198 122 142 81 1 46 46 47 145 124 54 169 73 9 119 51 166 65 1 1 34 3 1 135 48 5 46 91 4 114 136 108 60 200 29 46 64 63 189 108 49 1 91 139 51 46 66 49 158 90 204 147 169 61 214 130 56 136 41 17 103 214 92 1 214 136 1 51 8 1 52 71 197 61 104 196 97 1 209 214 1 91 214 137 175 214 97 194 159 190 51 214 1 170 195 46 46 187 62 211 47 172 2 50 152 193 102 186 169 149 191 1 169 124 152 124 140 52 87 206 91 35 46 80 79 120 1 176 113 67 1 111 184 169 46 132 83 112 214 117 181 127 33 46 46 46 205 58 124 169 6 7 53 201 43 44 45 110 
c [Incremental] Max used label: 214.
c [Incremental] Label 214 is removed from searching.
c [Incremental] Solving for max label = 213:
c [Incremental] Solving duration: 452 ms.
s [Incremental] SAT (label = 213).
Label assignment: 213 1 1 176 1 91 136 136 168 165 1 61 46 154 166 134 91 75 169 213 157 1 1 118 103 156 175 123 137 183 88 76 177 150 46 166 166 78 1 173 24 46 151 1 180 42 105 39 16 20 1 103 153 180 47 95 12 38 144 1 212 146 138 23 19 197 138 150 199 141 1 46 213 156 31 96 213 46 18 69 91 168 123 120 46 141 1 1 36 1 144 150 1 1 82 21 133 208 70 166 105 128 99 213 78 1 120 213 131 91 46 72 47 59 180 164 97 1 213 168 102 104 25 91 85 1 14 123 171 115 172 123 213 202 90 213 1 68 119 166 207 1 98 100 15 213 35 138 1 13 78 187 150 43 125 97 49 1 93 77 107 86 148 129 61 179 213 1 213 1 213 1 47 213 49 156 57 1 138 1 34 104 84 49 1 163 136 55 213 160 131 63 11 123 213 46 161 26 91 168 206 32 1 149 23 1 27 143 152 178 47 197 74 60 48 1 1 46 91 213 89 142 155 213 1 77 165 1 155 46 210 1 107 158 162 197 91 93 22 213 46 126 116 97 49 49 80 1 46 37 120 101 40 197 93 48 106 213 52 123 10 91 197 213 104 96 109 182 1 72 46 123 80 94 166 1 9 1 213 28 130 155 59 192 1 168 1 198 122 142 81 1 46 46 47 145 213 54 123 73 8 119 51 166 65 1 1 23 3 136 135 48 5 46 91 4 114 127 108 60 200 30 46 64 63 189 108 49 105 168 139 51 60 66 49 140 90 204 147 168 49 213 124 56 136 41 17 103 213 92 1 213 136 1 49 6 1 52 71 196 61 104 194 113 1 209 213 1 111 121 137 174 213 97 201 159 190 51 213 1 168 188 46 46 186 62 211 47 172 2 50 152 193 98 213 166 149 191 1 213 213 150 168 123 52 87 185 91 29 46 79 78 120 1 170 95 67 1 195 184 167 46 132 83 112 213 117 181 123 33 46 203 46 205 58 125 168 1 7 53 94 168 44 45 110 
c [Incremental] Max used label: 213.
c [Incremental] Label 213 is removed from searching.
c [Incremental] Solving for max label = 212:
c [Incremental] Solving duration: 21750 ms.
s [Incremental] SAT (label = 212).
Label assignment: 120 62 50 166 1 1 133 121 47 1 91 33 212 46 212 212 1 212 207 136 166 59 122 105 165 167 21 58 144 196 73 1 170 62 165 120 92 166 135 1 26 212 135 1 95 212 212 212 91 173 1 111 48 134 63 44 165 175 172 210 73 175 1 49 121 212 46 77 91 119 1 175 16 46 57 72 212 46 1 137 146 9 47 72 53 10 47 166 194 2 143 1 210 46 23 166 212 98 47 126 212 115 212 1 212 1 47 84 30 165 91 166 1 174 6 129 96 209 46 212 160 99 39 8 75 53 212 165 116 47 1 212 19 1 180 120 165 212 28 212 113 165 103 101 76 166 167 153 50 167 1 60 46 123 1 46 164 47 201 167 166 43 212 91 46 191 1 71 1 1 212 93 15 159 1 55 51 195 135 50 121 46 212 107 78 150 212 20 2 91 212 177 105 169 75 166 204 48 212 2 22 74 6 212 92 166 120 124 79 212 7 79 1 34 46 127 120 212 1 166 37 141 1 52 67 131 3 162 136 107 143 122 212 212 211 51 109 91 121 35 94 212 11 212 1 24 212 1 17 179 70 46 87 1 139 136 85 110 161 212 90 32 14 47 212 108 98 104 120 183 166 206 76 197 128 91 210 46 2 92 212 143 154 193 1 149 69 185 162 112 178 212 120 12 163 5 2 98 82 137 42 138 5 198 27 1 199 142 46 1 187 75 50 46 130 212 203 46 132 156 192 166 152 166 171 212 100 121 1 109 107 1 212 76 4 212 29 211 136 80 205 173 140 160 64 89 53 120 96 107 98 165 77 1 13 66 151 1 1 54 40 120 46 166 166 46 106 1 122 157 212 25 88 1 176 212 208 148 195 99 212 184 1 2 108 8 46 166 93 158 1 98 46 1 18 125 166 186 155 118 102 211 212 64 1 168 2 188 189 91 1 41 147 56 95 165 65 68 46 200 38 212 114 45 36 117 81 167 182 86 202 31 61 83 46 212 145 58 166 1 153 190 181 97 46 
c [Incremental] Max used label: 212.
c [Incremental] Label 212 is removed from searching.
c [Incremental] Solving for max label = 211:
c [Incremental] Solving duration: 327 ms.
s [Incremental] SAT (label = 211).
Label assignment: 120 62 50 166 1 1 133 121 47 1 91 33 211 46 211 211 1 211 207 136 166 59 121 105 165 166 21 58 144 196 73 1 170 62 165 120 92 166 135 1 26 211 135 1 95 211 211 211 91 172 1 115 48 134 65 44 165 175 167 210 73 175 1 49 121 211 46 77 91 119 1 175 16 46 57 72 211 46 1 137 146 9 47 72 53 20 47 166 194 2 143 1 210 46 23 166 211 98 47 126 211 115 211 1 211 1 47 84 30 165 91 166 1 174 6 129 96 209 46 211 160 99 39 8 75 53 211 165 116 47 1 211 19 1 180 120 165 211 28 211 113 165 103 101 76 166 166 156 50 166 1 60 46 123 1 46 164 47 201 166 166 43 211 91 46 191 1 71 1 1 211 93 15 159 1 55 51 195 135 55 121 46 211 107 78 150 211 22 2 91 211 177 105 169 75 166 204 48 211 2 32 74 6 211 92 166 120 124 79 211 7 79 1 34 46 127 120 211 1 166 37 141 1 52 67 131 3 162 136 107 143 121 211 211 211 51 109 91 121 35 94 211 11 211 1 24 211 1 17 179 70 46 87 1 139 136 85 110 161 211 90 31 14 47 211 122 98 104 120 183 166 206 76 197 128 91 210 46 2 92 211 143 154 193 1 149 69 185 162 112 178 211 120 12 163 10 2 98 82 137 42 138 5 198 27 1 199 142 46 1 187 75 50 46 130 211 203 46 132 156 192 166 152 166 171 211 100 108 1 109 107 1 211 76 4 211 29 211 136 80 205 173 140 160 63 89 53 120 96 107 98 165 76 1 13 68 151 1 1 54 40 120 46 166 166 46 106 1 121 157 211 25 88 1 176 211 208 148 195 99 211 184 1 2 111 8 46 166 93 158 1 98 46 1 18 125 166 186 155 118 102 211 211 64 1 168 2 188 189 91 1 41 147 56 95 165 61 68 46 200 38 211 114 45 36 117 81 166 182 86 202 31 66 83 46 211 145 58 166 1 153 190 181 97 46 
c [Incremental] Max used label: 211.
c [Incremental] Label 211 is removed from searching.
c [Incremental] Solving for max label = 210:
c [Incremental] Solving duration: 36987 ms.
s [Incremental] SAT (label = 210).
Label assignment: 120 1 210 165 16 210 170 121 42 51 210 189 1 110 153 199 107 210 210 148 210 75 120 120 210 1 3 210 210 59 49 1 120 210 63 1 133 165 122 33 120 64 119 1 120 43 112 39 2 165 4 196 21 105 48 41 1 120 138 165 75 175 125 210 58 1 165 77 204 2 1 179 127 46 210 75 75 46 120 144 158 46 51 47 73 3 165 5 197 5 152 1 134 48 13 108 209 106 47 120 75 129 49 165 160 36 75 75 165 210 28 1 46 210 103 165 124 88 103 6 148 210 115 61 63 53 73 106 120 210 1 210 123 208 85 210 30 6 28 210 165 113 112 1 54 116 168 1 20 210 46 75 210 152 49 50 185 72 158 83 210 40 120 31 58 131 109 210 128 210 94 165 24 91 138 120 87 90 210 50 1 46 34 120 110 19 149 9 30 103 210 210 107 165 82 210 75 101 3 162 15 38 3 30 207 1 120 27 49 184 165 210 200 165 1 58 210 150 194 144 45 210 203 46 70 75 46 75 159 93 16 176 1 206 1 76 75 172 2 32 120 65 3 1 135 69 141 12 120 166 120 84 210 165 75 58 210 96 151 210 1 107 48 7 46 108 165 117 1 169 8 165 210 210 152 104 5 83 165 191 210 16 163 75 37 114 1 210 165 97 174 55 93 18 165 210 92 4 26 146 100 52 23 210 210 195 210 51 3 29 210 71 165 120 120 1 210 111 165 156 35 96 165 165 165 198 68 48 167 79 120 1 1 148 67 201 165 47 139 57 210 165 210 147 14 89 192 177 96 120 1 47 11 210 10 75 165 187 56 80 22 164 73 93 126 86 120 210 104 141 210 1 141 1 193 1 165 157 178 152 132 120 2 25 102 98 99 143 154 165 1 118 75 210 130 120 138 165 1 2 210 1 210 17 188 171 2 61 173 205 182 6 155 145 120 137 51 75 81 210 186 161 136 44 140 75 62 180 202 60 181 183 74 95 165 78 120 58 142 66 165 190 28 135 86 
c [Incremental] Max used label: 210.
c [Incremental] Label 210 is removed from searching.
c [Incremental] Solving for max label = 209:
c [Incremental] Solving duration: 9520 ms.
s [Incremental] SAT (label = 209).
Label assignment: 164 209 119 170 209 209 19 132 209 91 182 6 1 163 164 46 37 173 46 32 30 209 209 164 129 47 52 137 46 91 209 3 9 73 118 92 209 92 209 209 148 209 162 209 9 135 209 136 209 92 117 209 91 13 9 165 209 136 156 136 46 87 209 3 50 46 160 46 46 114 53 8 146 49 168 166 9 1 189 136 116 3 91 162 1 73 2 209 120 188 2 78 69 1 209 105 209 209 119 209 209 162 187 1 48 199 2 1 164 39 92 136 141 209 164 46 133 126 91 164 31 2 91 149 58 119 209 197 64 91 1 209 164 2 1 10 164 209 91 5 91 74 91 74 2 2 101 183 185 209 153 209 119 92 164 162 1 180 136 144 92 167 38 172 162 122 1 2 54 2 27 190 47 93 92 209 91 202 175 209 119 198 42 164 162 46 163 151 47 209 12 137 164 110 150 79 2 191 177 164 57 46 209 152 46 196 46 91 155 209 125 14 137 85 91 1 41 93 56 51 178 67 21 1 154 7 138 209 209 111 66 46 201 164 194 15 35 46 119 171 209 40 164 139 1 14 48 65 142 76 145 169 121 1 1 1 117 107 63 209 176 1 2 43 209 164 209 92 209 136 209 209 74 111 1 138 92 69 209 46 209 94 93 1 103 59 106 46 109 209 18 195 94 157 92 1 91 55 193 146 138 88 74 104 47 2 209 1 91 164 68 83 179 131 67 81 137 161 1 46 70 1 209 97 136 47 44 1 162 34 156 114 115 100 1 128 119 86 47 147 77 208 134 102 192 11 96 136 93 130 204 160 174 1 1 4 203 1 127 207 72 20 2 209 91 164 62 206 162 1 2 47 46 47 46 47 119 136 159 136 46 71 90 17 118 1 1 94 33 200 1 186 98 209 91 1 47 112 205 26 1 47 1 209 36 45 1 140 99 16 24 158 46 119 29 61 60 23 123 95 164 47 48 124 181 209 143 67 82 113 82 92 22 75 84 25 80 184 89 84 28 74 108 209 164 
c [Incremental] Max used label: 209.
c [Incremental] Label 209 is removed from searching.
c [Incremental] Solving for max label = 208:
c [Incremental] Solving duration: 58280 ms.
s [Incremental] SAT (label = 208).
Label assignment: 48 38 208 75 82 151 181 162 131 23 63 148 208 118 165 163 134 76 146 208 141 73 163 118 163 118 28 2 58 103 14 93 113 208 28 1 163 208 153 33 59 208 118 163 163 46 118 78 2 163 4 163 59 208 96 41 93 118 163 177 208 173 170 183 61 2 190 106 198 28 7 208 208 108 208 73 73 108 163 208 163 73 1 118 206 208 188 1 184 49 139 6 118 137 3 54 2 143 7 208 88 128 49 163 121 69 87 163 163 4 12 54 98 108 208 208 4 80 208 120 119 208 189 92 6 46 54 47 3 208 152 109 208 205 150 118 42 113 35 10 4 179 1 1 66 182 90 47 21 208 48 100 208 195 55 49 208 56 153 149 47 90 118 32 142 126 29 100 194 94 157 163 1 3 92 97 48 54 77 46 208 72 40 5 52 4 163 52 16 94 125 114 54 163 208 208 91 9 17 64 7 1 49 36 68 168 107 1 94 185 50 163 208 208 118 70 208 208 208 196 37 163 208 5 48 112 48 86 85 92 1 57 43 182 1 100 129 58 110 45 130 30 171 49 135 3 138 73 208 44 118 147 207 163 14 4 163 47 208 3 7 150 83 1 55 1 187 116 208 197 1 3 10 98 163 163 2 81 176 72 114 1 118 7 39 178 93 208 191 1 174 73 208 27 167 208 19 1 14 208 193 60 26 79 58 4 51 204 108 51 163 62 208 118 162 2 208 133 13 154 3 203 208 163 118 94 1 63 34 136 53 20 208 118 71 50 208 52 102 103 24 65 111 118 7 31 47 175 93 145 95 163 12 192 95 208 163 201 163 163 1 163 166 15 49 153 118 57 163 208 208 10 158 10 18 2 163 144 48 208 122 97 52 118 1 139 124 208 118 46 101 143 99 57 202 208 159 208 7 116 3 25 104 22 200 164 99 98 67 208 208 48 169 123 156 140 2 117 172 74 2 47 138 89 186 55 103 115 73 105 84 208 4 94 8 160 180 199 155 66 127 161 11 53 132 
c [Incremental] Max used label: 208.
c [Incremental] Label 208 is removed from searching.
c [Incremental] Solving for max label = 207:
c [Incremental] Solving duration: 48596 ms.
s [Incremental] SAT (label = 207).
Label assignment: 46 84 207 207 69 55 34 162 105 23 66 148 1 117 162 207 162 72 207 185 41 207 133 117 108 25 24 50 59 1 1 106 116 207 23 2 146 207 127 125 53 1 114 190 157 201 116 86 2 161 81 176 117 207 114 169 115 117 158 207 1 171 207 207 5 100 207 193 58 26 59 1 207 2 47 71 63 162 207 162 170 207 48 207 206 159 197 1 60 72 2 1 123 162 1 83 114 1 52 98 82 29 207 162 117 71 206 162 161 85 1 2 152 1 68 207 1 36 1 154 124 160 114 162 1 114 46 1 1 72 93 97 98 4 192 207 37 147 72 75 159 195 3 32 70 117 168 117 50 1 48 117 207 24 207 189 196 116 207 207 47 86 153 33 126 134 25 207 53 83 99 163 3 1 1 130 48 117 141 110 71 207 175 1 116 4 162 114 16 28 162 117 207 162 117 1 109 138 117 144 60 96 68 20 207 162 162 72 207 200 46 161 93 207 162 3 207 117 207 76 173 162 26 142 61 143 48 79 207 39 71 50 3 207 1 117 68 66 53 73 162 45 207 180 162 42 160 68 117 132 182 164 122 162 72 111 167 207 131 1 89 165 207 191 70 15 184 95 17 3 2 3 162 161 166 162 47 78 207 199 204 94 115 1 51 207 95 1 162 10 174 70 1 44 137 162 46 159 98 1 87 48 18 70 53 72 59 48 156 72 136 63 203 118 162 138 202 162 62 1 71 160 14 121 162 69 67 35 74 120 104 12 207 135 5 207 186 30 72 194 1 57 112 115 162 40 207 198 107 162 91 77 119 117 110 69 140 55 92 205 1 162 207 103 145 162 95 117 162 102 207 11 207 90 88 101 207 207 142 117 117 22 21 56 13 162 117 128 183 50 64 2 178 1 1 116 162 117 113 99 3 31 162 53 80 179 162 139 8 6 181 162 177 149 157 155 38 91 172 9 3 49 151 43 150 27 207 19 47 54 7 207 207 105 162 8 187 65 129 4 114 188 117 207 162 
c [Incremental] Max used label: 207.
c [Incremental] Label 207 is removed from searching.
c [Incremental] Solving for max label = 206:
c [Incremental] Solving duration: 20863 ms.
s [Incremental] SAT (label = 206).
Label assignment: 46 84 206 205 69 55 34 153 105 23 66 148 1 116 160 200 161 70 205 185 41 206 133 113 108 12 24 50 59 1 1 106 108 206 23 2 146 203 127 125 53 1 114 190 157 201 116 86 2 2 81 176 109 205 114 169 115 115 158 206 1 171 203 206 5 1 206 183 58 26 59 1 204 2 47 161 63 159 201 161 170 206 48 162 206 159 206 1 60 55 2 1 116 161 1 83 101 1 52 98 82 29 204 158 111 71 206 161 159 85 1 2 161 1 68 206 1 36 1 154 124 160 94 145 1 114 46 1 1 70 93 97 98 4 192 206 37 147 62 75 159 195 3 32 57 98 168 106 50 1 48 116 206 19 204 189 206 112 204 201 55 86 153 33 129 134 25 205 53 76 99 163 3 1 1 130 48 116 141 110 63 206 175 1 116 4 161 114 52 28 139 117 206 161 116 1 109 138 103 144 60 96 60 21 206 159 161 61 197 200 46 161 93 206 155 3 203 107 206 78 173 161 26 142 61 143 48 77 206 39 71 50 3 206 1 105 61 66 53 73 159 45 196 179 161 42 160 68 108 132 182 164 122 161 56 111 167 206 131 1 89 165 206 193 70 15 177 95 17 3 2 3 159 161 166 161 47 79 206 199 204 94 115 1 51 201 95 1 158 20 174 70 10 44 137 161 46 159 98 1 87 48 18 70 53 57 59 48 156 63 136 63 203 118 161 138 202 157 62 1 71 157 14 121 155 65 61 35 74 120 104 2 203 135 5 206 186 30 51 194 1 48 112 115 153 40 191 198 107 161 91 71 119 101 110 69 140 72 92 205 1 161 201 103 128 161 95 106 155 102 206 11 203 90 88 100 206 206 142 110 98 22 16 67 13 146 115 123 184 50 64 116 178 1 1 116 152 115 113 99 206 31 156 53 80 180 161 161 8 6 181 153 169 149 157 155 38 91 172 9 3 49 151 43 150 27 206 1 47 54 7 206 206 105 159 8 187 65 126 4 114 188 116 206 161 
c [Incremental] Max used label: 206.
c [Incremental] Label 206 is removed from searching.
c [Incremental] Solving for max label = 205:
c [Incremental] Solving duration: 34157 ms.
s [Incremental] SAT (label = 205).
Label assignment: 59 46 203 115 160 74 14 153 93 115 94 148 29 122 205 152 141 1 138 185 27 3 133 113 108 205 9 46 160 33 205 1 112 60 4 205 205 14 120 41 73 204 95 102 157 72 114 90 101 205 111 160 86 205 2 172 115 159 156 25 107 165 115 5 47 205 60 173 91 205 59 1 115 22 46 160 59 184 11 161 5 1 48 160 14 159 160 101 72 55 2 2 70 160 7 77 101 205 205 99 102 205 204 158 115 62 160 103 205 121 23 123 2 160 105 205 114 160 1 205 156 160 43 153 160 60 50 199 98 8 93 4 73 205 192 1 54 160 42 1 158 115 92 15 82 102 26 46 50 1 70 115 205 36 205 189 115 1 139 80 61 39 153 205 53 31 135 205 1 119 104 205 3 164 205 205 48 104 84 2 67 18 134 2 129 56 167 113 54 2 205 156 105 161 114 105 109 188 198 59 50 131 60 205 1 191 174 61 7 190 70 159 2 2 205 4 115 70 1 89 166 160 175 160 50 205 70 105 160 205 70 133 196 115 201 3 1 160 149 124 193 182 115 171 152 46 170 50 79 88 205 160 45 160 12 46 157 1 66 205 187 205 1 85 52 105 180 95 11 3 2 205 1 176 205 145 47 160 3 3 203 83 100 6 24 115 1 148 183 20 34 55 98 51 107 150 48 155 132 142 87 140 3 2 54 115 47 4 205 63 115 56 205 57 160 137 202 169 205 205 76 160 4 154 160 127 205 160 75 205 126 21 205 197 1 91 14 13 69 2 17 68 97 115 178 168 44 200 118 160 1 160 81 114 1 68 144 72 47 19 1 205 205 32 128 70 96 114 160 103 205 7 205 38 64 106 205 195 205 78 146 1 70 52 110 151 47 70 92 50 47 115 179 16 35 115 143 115 186 160 3 205 177 160 71 163 150 1 70 205 115 49 181 205 147 136 160 160 205 125 58 37 116 40 162 160 1 10 1 160 65 1 205 117 160 194 115 46 126 1 106 28 115 130 30 
c [Incremental] Max used label: 205.
c [Incremental] Label 205 is removed from searching.
c [Incremental] Solving for max label = 204:
c [Incremental] Solving duration: 295 ms.
s [Incremental] SAT (label = 204).
Label assignment: 59 46 203 114 159 74 25 153 93 114 94 148 29 122 204 152 141 1 138 185 27 3 133 113 108 204 9 46 159 33 204 1 112 60 4 204 204 14 120 41 73 204 95 102 157 72 114 90 101 204 111 159 86 204 2 172 114 159 156 24 107 165 114 5 47 204 60 173 91 204 59 1 114 22 46 159 59 184 11 161 5 1 48 159 14 160 159 101 70 55 2 2 69 159 7 77 101 204 204 99 102 204 204 158 115 62 159 103 204 121 23 123 2 159 105 204 114 159 1 204 156 159 43 153 159 60 50 199 98 8 93 4 73 204 192 1 54 159 42 1 158 114 92 15 82 102 26 46 50 1 69 114 204 36 204 189 114 1 139 80 61 39 153 204 53 31 135 204 1 119 104 204 3 164 204 204 48 104 84 2 67 18 134 2 129 56 167 113 54 2 204 156 105 161 114 105 109 188 198 59 50 131 60 204 1 191 174 61 7 190 69 159 2 2 204 4 114 69 1 89 166 159 175 159 50 204 69 105 159 204 69 133 196 114 201 3 1 159 149 124 193 182 114 171 152 46 170 50 79 88 204 159 45 159 12 46 157 1 66 204 187 204 1 85 52 105 180 95 11 3 2 204 1 176 204 145 47 159 3 3 203 83 100 6 24 114 1 148 183 20 34 55 98 51 107 150 48 155 132 142 87 140 3 2 54 114 47 4 204 63 114 56 204 57 159 137 202 169 204 204 76 159 4 154 159 127 204 159 75 204 126 21 204 197 1 91 14 13 69 2 17 68 97 114 178 168 44 200 118 159 1 159 81 114 1 68 144 72 47 19 1 204 204 32 128 69 96 114 159 103 204 7 204 38 64 106 60 195 204 78 146 1 69 52 110 151 47 69 92 50 47 114 179 16 35 114 143 114 186 159 3 204 177 159 71 163 150 1 69 204 114 49 181 204 147 136 159 159 204 125 58 37 116 40 162 159 1 10 1 159 65 1 204 117 159 194 114 46 126 1 106 28 114 130 30 
c [Incremental] Max used label: 204.
c [Incremental] Label 204 is removed from searching.
c [Incremental] Solving for max label = 203:
c [Incremental] Solving duration: 296 ms.
s [Incremental] SAT (label = 203).
Label assignment: 59 46 203 113 158 74 26 153 93 113 94 148 29 122 203 152 141 1 138 185 27 3 133 113 108 203 9 46 158 33 203 1 112 60 4 203 203 14 120 41 73 203 95 102 157 72 113 90 101 203 111 158 86 203 2 172 113 158 156 25 107 165 113 5 47 203 60 173 91 203 59 1 113 22 46 158 59 184 11 162 5 1 48 158 14 159 158 101 69 55 2 2 68 158 7 77 101 203 203 99 102 203 203 158 115 62 158 103 203 121 22 123 2 158 105 203 113 158 1 203 156 158 43 153 158 60 50 199 98 8 93 4 73 203 192 1 54 158 42 1 158 113 92 15 82 102 24 46 50 1 68 113 203 36 203 189 113 1 139 80 61 39 153 203 53 31 135 203 1 119 104 203 3 164 203 203 48 104 84 2 67 18 134 2 129 56 167 113 54 2 203 156 105 161 113 105 109 188 198 59 50 131 60 203 1 191 174 61 7 190 68 158 2 2 203 4 23 68 1 89 166 158 175 158 50 203 68 105 158 203 68 133 196 113 201 3 1 158 149 124 193 182 113 171 152 46 170 50 79 88 203 158 45 158 12 46 157 1 66 203 187 203 1 85 52 105 180 95 11 3 2 203 1 176 203 145 47 158 3 3 203 83 100 6 21 113 1 148 183 20 34 55 98 51 107 150 48 155 132 142 87 140 3 2 54 113 47 4 203 63 113 56 203 57 158 137 202 169 203 203 76 158 4 154 158 127 203 158 75 203 126 113 203 197 1 91 14 13 67 2 17 68 97 113 178 168 44 200 118 158 1 158 81 113 1 68 144 72 47 19 1 203 203 32 128 67 96 113 158 103 203 7 203 38 64 106 60 195 203 78 146 1 70 52 114 151 47 68 92 50 47 113 179 16 35 9 143 113 186 158 3 203 177 158 71 160 150 1 68 203 113 49 181 203 147 136 158 158 203 125 58 37 116 40 163 158 1 10 1 158 65 1 203 117 158 194 113 46 126 1 110 28 112 130 30 
c [Incremental] Max used label: 203.
c [Incremental] Label 203 is removed from searching.
c [Incremental] Solving for max label = 202:
c [Incremental] Solving duration: 103753 ms.
s [Incremental] SAT (label = 202).
Label assignment: 19 60 202 10 157 202 76 157 202 46 1 157 46 157 53 47 128 91 159 155 48 202 111 14 1 57 64 202 157 47 160 187 1 61 202 1 141 67 107 48 112 202 157 96 155 170 148 198 90 157 105 202 202 137 106 173 157 7 174 65 194 198 96 1 157 3 2 157 92 157 98 202 78 55 6 202 156 202 112 148 67 52 93 202 53 57 45 102 75 65 1 67 112 167 89 2 87 112 202 202 1 162 202 157 157 82 23 150 51 155 22 189 157 1 2 200 112 187 186 47 127 120 129 157 192 112 105 1 142 6 188 1 15 91 41 147 96 187 84 59 3 115 7 60 112 94 85 47 202 106 190 1 197 126 168 9 2 7 141 38 101 79 157 178 201 66 108 13 83 108 1 92 145 101 2 200 202 106 193 97 123 202 153 202 21 61 169 105 68 60 77 6 110 97 202 110 7 88 202 46 112 134 47 63 1 3 44 52 50 119 70 50 195 202 1 149 20 11 122 101 166 157 202 161 7 202 48 133 202 2 112 131 1 117 202 2 130 141 114 40 110 80 104 10 151 71 202 3 2 32 8 157 125 15 155 47 55 2 157 180 179 2 10 86 202 151 153 55 111 143 165 87 69 157 132 124 96 112 140 2 202 202 18 47 54 138 5 6 97 63 67 166 107 49 118 199 92 157 157 143 95 34 111 31 49 112 157 24 2 46 182 202 202 202 157 105 10 202 51 61 112 1 202 109 7 67 157 164 202 183 1 157 157 202 112 1 72 65 202 46 37 67 28 17 177 27 26 33 136 53 116 65 176 112 52 154 4 202 202 202 202 109 157 47 103 152 144 99 202 137 202 73 139 58 48 202 12 151 191 112 157 36 110 52 2 146 202 157 150 100 52 202 157 105 86 4 157 112 175 1 112 63 202 130 158 163 196 157 29 1 16 184 157 2 157 181 202 135 202 47 74 46 56 185 1 171 4 1 39 42 30 2 202 121 61 172 25 106 113 81 112 62 35 43 157 
c [Incremental] Max used label: 202.
c [Incremental] Label 202 is removed from searching.
c [Incremental] Solving for max label = 201:
c [Incremental] Solving duration: 161967 ms.
s [Incremental] SAT (label = 201).
Label assignment: 108 102 15 64 149 187 34 111 193 82 14 95 66 120 2 2 113 127 4 201 83 155 156 201 201 59 156 96 189 99 119 48 201 7 52 149 182 25 156 84 72 73 156 156 201 173 129 163 97 4 95 5 10 17 200 117 183 92 21 91 156 20 9 153 112 5 21 19 156 24 97 201 111 59 146 184 156 201 56 30 177 51 201 201 90 155 107 108 1 156 68 149 69 111 154 55 107 47 156 180 151 33 179 61 3 165 134 2 155 136 156 76 1 138 48 47 103 38 111 7 59 17 123 201 10 156 82 158 200 156 77 201 201 57 146 201 83 11 201 57 26 49 118 102 156 4 21 13 102 110 55 155 1 71 156 201 133 150 66 2 197 169 156 23 50 68 98 201 89 4 201 54 201 201 201 1 63 47 44 65 110 110 155 97 132 106 10 152 62 156 201 3 16 97 93 55 155 188 2 2 1 201 155 161 135 181 27 201 96 3 95 201 47 37 144 99 124 200 156 4 175 7 86 140 145 156 70 52 121 201 41 54 156 21 140 201 66 54 74 79 201 168 9 110 201 55 1 1 9 85 201 201 8 174 156 201 201 59 50 156 160 144 201 92 111 110 2 1 88 137 201 108 19 201 48 1 2 178 156 125 201 2 62 99 2 9 172 111 99 155 126 111 156 46 12 164 80 2 201 29 130 2 61 153 94 155 42 60 111 110 63 40 106 9 1 5 148 201 201 95 28 1 46 3 111 1 159 156 201 162 142 22 14 157 46 5 155 67 102 50 3 78 151 62 170 110 95 201 201 1 185 171 191 32 190 107 155 201 52 111 36 194 47 66 141 192 1 2 104 186 107 156 201 66 54 152 2 2 109 53 1 201 46 52 87 50 199 201 98 81 195 152 2 147 101 139 58 201 166 201 115 156 155 66 105 39 201 198 21 75 114 155 35 201 196 100 104 201 104 111 116 104 100 167 31 122 49 201 143 201 21 201 65 128 43 156 6 50 5 45 201 18 1 131 176 
c [Incremental] Max used label: 201.
c [Incremental] Label 201 is removed from searching.
c [Incremental] Solving for max label = 200:
c [Incremental] Solving duration: 208820 ms.
s [Incremental] SAT (label = 200).
Label assignment: 200 153 160 155 200 59 40 100 200 200 4 67 149 198 151 157 167 155 5 51 152 48 96 57 163 5 200 80 62 155 20 32 164 2 140 155 176 114 103 169 161 49 156 2 155 200 200 87 200 126 141 94 16 166 195 90 200 200 8 61 153 9 128 200 199 198 1 194 110 158 98 145 155 200 197 66 107 159 106 31 105 142 110 6 4 101 200 200 155 51 34 98 4 62 121 198 118 110 7 172 56 68 198 111 35 4 75 91 13 178 155 200 42 185 2 46 200 38 124 10 184 98 88 200 106 102 50 165 152 60 65 54 65 155 186 61 155 1 1 154 3 180 200 50 52 105 134 7 200 162 25 200 5 43 110 1 113 55 53 95 92 115 5 168 96 68 200 63 171 104 65 7 109 82 155 1 4 200 2 100 61 132 117 50 200 3 3 200 4 191 16 200 200 97 140 199 53 189 4 110 4 49 107 200 137 200 155 16 47 187 135 95 21 1 12 64 182 179 108 200 200 108 155 4 93 2 127 193 200 200 98 46 155 5 155 153 200 64 155 39 110 37 4 155 106 119 2 3 109 28 54 110 85 95 200 181 98 57 48 1 14 200 55 83 110 54 1 155 59 19 48 122 11 52 49 50 120 23 61 155 48 8 5 175 1 177 72 155 200 200 123 145 200 147 9 2 76 147 50 1 102 131 1 144 55 80 4 183 8 48 18 112 50 110 99 116 64 26 61 155 36 22 143 100 61 155 153 64 49 84 195 133 1 109 1 200 129 65 65 15 94 79 200 45 1 174 51 65 77 8 74 60 93 200 142 155 200 1 2 151 2 78 110 200 104 104 3 200 125 200 54 190 70 154 173 155 148 155 17 110 136 47 106 2 53 1 90 33 69 200 155 146 2 155 141 188 155 192 110 65 81 196 1 200 65 29 4 53 97 150 113 24 44 109 110 27 106 64 49 64 130 58 139 73 41 200 7 170 138 71 30 200 1 86 9 200 180 72 110 110 155 110 1 200 89 
c [Incremental] Max used label: 200.
c [Incremental] Label 200 is removed from searching.
c [Incremental] Solving for max label = 199:
c [Signal] Signal interruption. Caught signal: SIGTERM (15).
c [Main] Lim pid ends with result: 254.
r [Main] 
r [Main] Final results: 
r [Main] Total real time: 1806454 ms.
r [Main] Total memory consumed: 1381.9 MB.
r [Main] 
