c [Version] Minimize Makespan Labeling Encoder version 1.0.0.
c [Param] LB is predefined as 69.
c [Param] UB is predefined as 342.
c [Param] Memory limit is set to 30000.
c [Param] Real time limit is set to 1800.
c [Main] Search strategy: Incremental from upper bound.
c [Main] Encoding and solving for graph: W-685_bus.mtx.rnd.
c [Incremental] Minimize Makespan Labeling Antibandwidth problem (W-685_bus.mtx.rnd):
c [Incremental] Encoding starts with target value = 68:
c [Incremental] Encoding duration: 2752ms.
c [Incremental] Number of clauses: 3293384.
c [Incremental] Number of variables: 645612.
c [Incremental] Solving for max label = 342:
c [Incremental] Solving duration: 208062 ms.
s [Incremental] SAT (label = 342).
Label assignment: 274 136 1 342 174 340 147 2 273 268 341 341 341 341 234 234 340 126 126 1 264 342 341 274 1 263 342 3 274 69 235 332 274 342 337 338 235 337 126 337 274 66 341 274 339 274 339 1 341 342 245 333 5 342 342 274 337 341 342 338 342 1 342 126 342 114 340 141 270 69 2 3 338 341 99 171 116 1 1 333 255 234 125 274 342 334 336 340 267 342 341 342 330 342 1 342 233 338 67 1 1 334 274 125 1 1 1 338 269 338 224 342 224 335 122 342 202 339 273 342 86 334 1 341 332 340 336 337 1 1 3 174 274 1 1 113 322 338 274 9 338 261 342 187 8 1 166 164 311 137 1 273 323 16 342 342 1 1 274 342 16 184 274 120 334 105 269 156 139 341 338 270 316 274 333 7 118 112 120 111 341 341 234 334 330 342 340 274 123 3 6 268 202 341 290 4 72 341 126 69 331 125 333 342 1 340 330 342 1 109 342 34 341 207 82 274 4 273 7 4 135 69 5 274 326 106 296 340 15 211 4 342 330 268 336 1 334 341 2 2 339 84 126 307 148 1 340 342 340 337 122 3 262 97 125 271 5 1 331 3 330 204 335 185 340 342 1 122 146 135 1 325 279 323 13 331 319 6 223 78 334 254 149 310 233 9 342 266 332 21 65 160 322 275 321 110 7 204 274 229 233 219 77 2 334 341 172 302 95 260 28 322 342 122 6 337 11 228 342 93 125 103 220 6 68 205 88 80 333 297 126 83 8 1 342 233 1 100 341 3 5 265 339 2 170 123 341 240 329 246 204 31 136 96 91 76 81 342 222 273 144 336 273 258 281 92 342 126 273 118 75 122 274 339 259 18 303 87 227 180 192 308 247 257 238 90 295 151 24 11 338 101 135 30 286 174 320 28 109 137 111 266 262 6 249 241 342 26 226 277 298 341 35 341 20 1 153 99 183 280 11 28 189 338 218 7 336 342 163 289 253 168 313 248 221 84 274 292 5 188 331 278 3 255 250 312 232 288 128 136 339 169 7 279 33 342 19 119 5 342 176 1 12 342 79 213 10 85 179 108 205 210 98 342 244 175 136 11 314 342 70 121 14 165 333 319 69 294 110 338 117 274 16 14 300 12 342 113 126 8 285 161 182 22 10 51 342 4 46 116 317 231 212 122 309 138 173 342 5 284 256 225 239 342 117 306 251 274 259 274 145 301 276 342 342 318 135 9 272 209 6 158 167 120 33 29 282 291 342 94 9 74 243 89 150 12 30 1 27 252 6 11 143 71 230 263 299 237 290 293 315 50 324 12 110 30 215 274 12 307 14 136 17 49 196 327 55 342 25 28 53 8 114 107 56 115 208 305 7 287 99 136 296 229 181 1 214 5 217 154 323 64 57 52 206 342 116 199 23 105 73 32 200 159 178 328 5 124 104 304 324 15 40 48 342 61 133 140 42 129 134 177 132 283 274 127 331 131 70 152 102 47 242 194 130 45 36 43 63 195 191 54 197 198 203 193 157 41 216 38 155 62 190 60 59 201 236 37 142 58 162 44 186 136 39 
c [Incremental] Max used label: 342.
c [Incremental] Label 342 is removed from searching.
c [Incremental] Solving for max label = 341:
c [Incremental] Solving duration: 893 ms.
s [Incremental] SAT (label = 341).
Label assignment: 273 136 1 341 174 340 147 2 273 268 341 341 341 341 234 234 340 126 126 1 264 341 341 273 1 263 341 3 272 69 235 332 273 168 337 338 235 337 126 337 273 66 341 273 339 273 339 1 341 341 245 333 5 341 341 273 337 341 340 338 341 1 341 126 340 114 340 141 270 69 2 3 338 341 99 171 116 1 1 333 255 234 125 273 341 334 336 340 267 341 341 341 330 341 1 341 233 338 67 1 1 334 273 125 1 1 1 338 269 338 224 341 224 335 122 341 202 339 273 341 86 334 1 341 332 340 336 337 1 1 3 174 274 1 1 113 322 338 273 9 338 261 341 187 8 1 166 164 311 137 1 273 323 16 341 341 1 1 273 341 16 184 273 120 334 105 269 156 139 341 338 270 316 273 333 7 118 112 120 111 341 341 234 334 330 341 340 205 123 3 6 268 202 341 290 4 72 341 126 69 331 125 333 341 1 340 330 72 1 109 341 34 341 207 82 274 4 273 7 4 135 69 5 273 326 106 296 340 15 211 4 341 330 268 336 1 334 341 2 2 339 84 126 307 148 1 340 341 340 337 122 3 262 97 125 271 5 1 331 3 330 204 335 185 340 341 1 122 146 135 1 325 279 323 13 331 319 6 223 78 334 254 149 310 233 9 341 266 332 21 65 160 322 275 321 110 7 204 273 229 233 219 77 2 334 341 172 302 95 260 28 322 341 122 6 337 11 228 341 93 125 103 220 6 68 205 88 80 333 297 126 83 8 1 341 233 1 100 341 3 5 265 339 2 170 123 341 240 329 246 204 31 136 96 91 76 81 341 222 273 144 336 273 258 281 92 204 126 273 118 75 122 273 339 259 18 303 87 227 180 192 308 29 257 238 90 295 151 24 11 338 101 206 30 286 174 320 28 109 137 111 266 262 6 249 241 341 26 226 277 298 341 35 341 20 1 153 99 183 280 11 28 189 338 218 7 336 341 163 289 253 168 313 248 221 84 273 292 5 188 331 278 3 255 250 312 232 288 128 136 339 169 7 279 33 341 19 119 5 341 176 1 12 341 79 213 10 85 179 108 205 210 98 341 244 175 136 11 314 341 70 121 14 165 333 319 69 294 110 338 117 273 16 14 300 12 341 113 126 8 285 161 182 22 10 51 341 4 46 116 317 231 212 122 309 138 173 341 5 284 256 225 239 205 117 306 251 273 259 273 145 301 276 274 341 318 135 9 272 209 6 158 167 120 33 29 282 291 341 94 9 74 243 89 150 12 30 1 27 252 6 11 143 71 230 263 299 237 290 293 315 50 324 12 110 242 215 273 12 307 14 136 17 49 196 327 55 341 25 28 53 8 114 107 56 115 208 305 7 287 99 136 296 229 181 1 214 5 217 154 323 64 57 52 205 341 116 199 23 105 73 32 200 159 178 328 5 124 104 304 324 15 40 48 341 61 133 140 42 129 134 177 132 283 273 127 331 131 70 152 102 47 247 194 130 45 36 43 63 195 191 54 197 198 203 193 157 41 216 38 155 62 190 60 59 201 236 37 142 58 162 44 186 136 39 
c [Incremental] Max used label: 341.
c [Incremental] Label 341 is removed from searching.
c [Incremental] Solving for max label = 340:
c [Incremental] Solving duration: 420 ms.
s [Incremental] UNSAT (label = 340).
c [Main] Work pid ends with result: 0.
r [Main] 
r [Main] Final results: 
r [Main] Total real time: 213100 ms.
r [Main] Total memory consumed: 1278.6 MB.
r [Main] 
c [Signal] Signal interruption. Caught signal: SIGTERM (15).
