c [Version] Minimize Makespan Labeling Encoder version 1.0.0.
c [Param] LB is predefined as 42.
c [Param] UB is predefined as 525.
c [Param] Memory limit is set to 30000.
c [Param] Real time limit is set to 1800.
c [Param] Worker count is set to 8.
c [Main] Search strategy: Iterating from upper bound.
c [Main] Search order: 525 524 523 522 521 520 519 518 517 516 515 514 513 512 511 510 509 508 507 506 505 504 503 502 501 500 499 498 497 496 495 494 493 492 491 490 489 488 487 486 485 484 483 482 481 480 479 478 477 476 475 474 473 472 471 470 469 468 467 466 465 464 463 462 461 460 459 458 457 456 455 454 453 452 451 450 449 448 447 446 445 444 443 442 441 440 439 438 437 436 435 434 433 432 431 430 429 428 427 426 425 424 423 422 421 420 419 418 417 416 415 414 413 412 411 410 409 408 407 406 405 404 403 402 401 400 399 398 397 396 395 394 393 392 391 390 389 388 387 386 385 384 383 382 381 380 379 378 377 376 375 374 373 372 371 370 369 368 367 366 365 364 363 362 361 360 359 358 357 356 355 354 353 352 351 350 349 348 347 346 345 344 343 342 341 340 339 338 337 336 335 334 333 332 331 330 329 328 327 326 325 324 323 322 321 320 319 318 317 316 315 314 313 312 311 310 309 308 307 306 305 304 303 302 301 300 299 298 297 296 295 294 293 292 291 290 289 288 287 286 285 284 283 282 281 280 279 278 277 276 275 274 273 272 271 270 269 268 267 266 265 264 263 262 261 260 259 258 257 256 255 254 253 252 251 250 249 248 247 246 245 244 243 242 241 240 239 238 237 236 235 234 233 232 231 230 229 228 227 226 225 224 223 222 221 220 219 218 217 216 215 214 213 212 211 210 209 208 207 206 205 204 203 202 201 200 199 198 197 196 195 194 193 192 191 190 189 188 187 186 185 184 183 182 181 180 179 178 177 176 175 174 173 172 171 170 169 168 167 166 165 164 163 162 161 160 159 158 157 156 155 154 153 152 151 150 149 148 147 146 145 144 143 142 141 140 139 138 137 136 135 134 133 132 131 130 129 128 127 126 125 124 123 122 121 120 119 118 117 116 115 114 113 112 111 110 109 108 107 106 105 104 103 102 101 100 99 98 97 96 95 94 93 92 91 90 89 88 87 86 85 84 83 82 81 80 79 78 77 76 75 74 73 72 71 70 69 68 67 66 65 64 63 62 61 60 59 58 57 56 55 54 53 52 51 50 49 48 47 46 45 44 43 42.
c [Main] Encoding and solving for graph: N-bcsstk07.mtx.rnd.
c [Label = 520] Minimize Makespan Labeling problem (N-bcsstk07.mtx.rnd):
c [Label = 523] Minimize Makespan Labeling problem (N-bcsstk07.mtx.rnd):
c [Label = 522] Minimize Makespan Labeling problem (N-bcsstk07.mtx.rnd):
c [Label = 525] Minimize Makespan Labeling problem (N-bcsstk07.mtx.rnd):
c [Label = 524] Minimize Makespan Labeling problem (N-bcsstk07.mtx.rnd):
c [Label = 518] Minimize Makespan Labeling problem (N-bcsstk07.mtx.rnd):
c [Label = 521] Minimize Makespan Labeling problem (N-bcsstk07.mtx.rnd):
c [Label = 519] Minimize Makespan Labeling problem (N-bcsstk07.mtx.rnd):
c [Label = 525] Encoding starts with target value = 41:
c [Label = 525] Encoding duration: 10655ms.
c [Label = 525] Number of clauses: 9445882.
c [Label = 525] Number of variables: 648480.
c [Label = 525] Solving duration: 34777 ms.
s [Label = 525] SAT (w = 41).
c [Label = 525]Label assignment: 524 525 524 524 483 525 525 524 525 525 525 525 525 484 525 525 525 525 493 262 49 524 484 401 484 525 525 484 132 442 524 442 484 327 443 484 525 483 155 483 442 525 484 237 443 327 443 525 484 525 484 525 443 484 443 327 525 443 320 409 402 402 370 443 525 286 484 163 360 484 402 442 442 402 525 483 484 484 368 278 483 442 443 525 452 360 319 319 484 402 409 238 402 360 484 361 402 402 525 525 278 402 361 443 524 443 484 320 319 525 525 319 484 484 525 197 402 9 279 319 525 40 278 361 361 524 40 327 360 484 361 443 483 361 401 319 483 442 122 525 319 320 402 320 238 286 483 484 484 278 484 443 320 401 402 286 484 402 442 401 361 484 122 155 320 237 279 443 279 524 81 320 525 320 238 132 401 279 483 484 196 525 279 360 327 278 483 360 197 238 237 443 245 204 197 196 361 443 279 443 155 279 238 484 525 156 196 163 286 402 278 245 163 245 525 180 443 361 40 320 237 196 91 114 361 360 279 320 81 238 156 204 525 320 238 238 320 360 525 443 279 320 360 286 524 443 180 155 402 278 320 279 221 401 279 443 525 155 197 139 196 40 50 245 368 74 40 484 115 525 197 278 402 525 196 360 525 131 180 402 74 50 81 525 122 442 279 115 320 401 197 163 484 524 114 156 279 73 156 115 237 361 443 50 237 114 57 484 90 115 40 81 361 73 74 361 484 163 204 402 401 50 286 238 238 360 163 90 279 197 525 279 91 238 115 320 122 237 327 483 402 156 156 361 163 484 197 196 115 443 361 73 197 49 156 525 237 238 81 90 238 204 361 237 402 484 115 525 279 483 401 197 278 91 493 114 163 81 73 279 409 50 115 156 484 319 197 204 525 525 122 525 245 155 411 98 122 401 484 74 368 443 237 320 361 122 196 81 40 360 402 74 245 319 155 122 40 401 155 49 
c [Main] Lowest label SAT is set to 525.
c [Label = 517] Minimize Makespan Labeling problem (N-bcsstk07.mtx.rnd):
c [Label = 523] Encoding starts with target value = 41:
c [Label = 523] Encoding duration: 10641ms.
c [Label = 523] Number of clauses: 9411921.
c [Label = 523] Number of variables: 646800.
c [Label = 523] Solving duration: 42166 ms.
s [Label = 523] SAT (w = 41).
c [Label = 523]Label assignment: 440 523 431 523 482 523 122 431 523 523 523 482 523 472 523 523 522 523 523 261 513 482 522 522 482 194 523 482 523 390 523 399 482 440 308 482 523 327 245 523 204 523 482 163 441 482 441 523 482 523 441 523 441 482 523 400 523 327 441 441 400 400 400 441 523 409 409 399 368 482 409 40 482 400 523 318 482 523 482 81 482 481 441 523 482 204 522 327 409 400 523 358 400 245 482 359 400 400 226 523 286 400 481 441 482 368 482 318 327 523 522 327 482 482 523 317 400 220 276 450 523 122 286 359 359 245 441 400 327 267 358 441 522 359 400 40 482 441 286 522 163 318 185 318 441 318 122 482 482 523 482 440 318 40 400 523 482 400 409 400 359 482 276 163 185 245 267 450 277 399 81 318 441 317 236 179 276 144 144 482 267 523 277 409 481 286 318 204 194 523 286 441 267 163 195 245 482 317 277 441 308 236 318 482 523 97 163 276 144 399 204 103 163 71 523 179 441 359 153 318 368 81 441 226 359 185 277 318 122 276 194 153 523 318 195 236 318 163 523 236 277 318 359 441 523 409 179 204 400 440 318 153 400 122 277 441 523 103 195 97 204 81 138 103 400 154 522 482 56 482 195 81 400 523 481 368 523 40 56 56 154 359 359 523 62 441 277 112 185 366 236 112 235 194 40 97 277 522 113 154 204 276 359 138 245 62 138 482 245 359 112 81 277 440 154 359 481 267 226 204 481 113 194 236 236 81 163 81 277 236 522 277 56 236 236 318 359 286 359 122 204 97 113 358 185 409 235 163 56 195 359 195 195 163 97 523 112 441 318 81 138 62 359 368 400 481 72 286 277 308 472 154 40 97 97 40 235 62 286 277 194 138 72 72 482 358 441 103 523 523 226 523 245 122 56 441 194 122 481 71 235 441 358 318 359 122 450 226 144 235 40 195 317 327 122 245 71 122 368 327 
c [Main] Lowest label SAT is set to 523.
c [Main] Kill higher label pid 524.
c [Label = 524] Encoding starts with target value = 41:
c [Label = 524] Encoding duration: 10830ms.
c [Label = 524] Number of clauses: 9428902.
c [Label = 524] Number of variables: 647640.
c [Signal] Signal interruption. Caught signal: SIGTERM (15).
c [Label = 516] Minimize Makespan Labeling problem (N-bcsstk07.mtx.rnd):
c [Main] Child pid 524 - 816572 terminated by signal 15.
c [Label = 515] Minimize Makespan Labeling problem (N-bcsstk07.mtx.rnd):
c [Label = 518] Encoding starts with target value = 41:
c [Label = 518] Encoding duration: 10716ms.
c [Label = 518] Number of clauses: 9327019.
c [Label = 518] Number of variables: 642600.
c [Label = 518] Solving duration: 53087 ms.
s [Label = 518] SAT (w = 41).
c [Label = 518]Label assignment: 409 518 271 518 476 518 518 245 518 518 518 518 518 477 518 518 518 518 95 259 394 435 477 491 477 518 518 477 306 435 394 163 477 286 436 477 518 476 81 476 435 518 477 189 388 477 429 518 477 518 477 518 436 477 436 435 518 436 436 394 395 218 395 436 518 395 477 327 312 477 395 435 477 395 394 204 477 477 353 517 476 286 395 518 470 312 353 40 477 354 394 347 395 327 477 347 395 395 518 518 394 395 354 436 394 436 477 306 353 518 518 40 477 477 518 306 388 13 265 394 518 450 122 436 354 271 286 163 353 353 354 436 368 354 163 204 477 517 204 518 395 313 354 265 436 286 122 477 477 122 477 436 306 204 436 286 477 395 312 395 354 477 435 163 313 148 245 436 177 81 491 395 518 306 313 218 394 436 436 477 354 518 265 312 312 148 476 245 224 204 122 436 272 189 136 66 177 436 265 436 122 265 313 477 518 95 189 353 517 395 245 245 163 517 518 136 436 347 245 265 286 81 218 81 354 81 265 313 40 272 224 40 518 136 224 224 313 286 518 177 272 313 354 312 517 436 95 271 224 163 313 265 429 394 272 395 518 231 54 54 435 122 177 40 435 436 476 477 306 518 224 189 395 518 327 230 518 230 136 388 183 347 204 518 204 518 272 163 313 163 183 148 54 81 122 136 272 81 224 60 189 265 54 177 148 122 177 477 40 95 245 81 354 395 95 354 477 435 231 354 517 142 312 177 190 313 327 353 272 163 518 136 95 231 183 313 122 353 353 476 312 354 231 313 190 477 190 395 95 518 54 81 313 107 136 518 435 436 204 66 470 245 354 204 436 477 136 518 272 368 517 60 394 95 388 107 122 204 66 272 81 436 54 101 477 122 142 40 518 518 327 518 272 271 54 218 163 230 477 54 163 436 450 313 354 149 230 163 245 81 230 108 286 40 148 409 394 394 271 107 
c [Main] Lowest label SAT is set to 518.
c [Main] Kill higher label pid 519.
c [Main] Kill higher label pid 520.
c [Main] Kill higher label pid 521.
c [Main] Kill higher label pid 522.
c [Label = 521] Encoding starts with target value = 41:
c [Label = 521] Encoding duration: 10581ms.
c [Label = 521] Number of clauses: 9377960.
c [Label = 521] Number of variables: 645120.
c [Label = 521] Solving duration: 53995 ms.
s [Label = 521] SAT (w = 41).
c [Label = 521]Label assignment: 345 521 496 521 480 521 521 357 521 521 521 521 521 480 521 521 521 521 494 261 316 427 480 427 480 521 521 480 316 439 521 468 480 427 439 480 521 398 99 140 439 521 398 222 439 316 439 521 480 521 480 521 439 480 439 439 521 439 357 386 398 316 398 439 521 398 480 345 357 480 398 439 480 398 521 140 480 480 439 398 480 181 439 521 453 263 398 304 480 357 398 357 398 98 480 357 398 398 521 521 316 398 357 439 509 439 480 316 181 521 521 180 480 480 521 234 398 220 275 316 521 509 140 316 357 496 386 345 357 480 345 439 427 357 427 57 480 304 263 521 398 316 345 275 193 316 398 480 480 222 480 439 14 29 357 304 398 398 263 398 398 480 480 221 304 222 386 439 56 98 140 316 521 316 234 138 70 439 357 480 275 521 275 275 304 234 222 468 357 140 386 439 275 316 138 193 234 439 263 439 222 275 316 480 521 179 181 181 304 398 222 234 222 99 521 178 439 357 509 275 496 58 137 427 275 263 275 357 304 263 193 140 521 96 316 234 316 263 521 234 234 286 357 304 521 439 178 263 316 222 316 152 398 16 275 439 521 222 138 137 98 140 234 140 439 480 16 480 97 521 193 316 193 521 181 357 521 99 97 316 193 357 58 521 140 398 357 111 181 99 152 234 480 263 57 152 275 180 97 70 480 275 56 55 222 181 55 480 398 111 521 57 439 140 193 234 480 345 193 357 304 193 304 55 204 304 263 152 275 99 521 234 97 234 70 275 222 439 345 357 275 357 152 275 234 480 140 398 193 439 97 58 140 58 152 521 386 439 345 140 56 99 357 263 398 480 245 521 275 16 16 152 139 179 494 140 181 468 58 245 263 480 398 111 480 29 56 386 521 521 181 521 234 99 14 96 263 99 439 152 58 439 386 316 357 111 181 99 99 181 99 193 222 304 152 345 304 16 357 57 
c [Signal] Signal interruption. Caught signal: SIGTERM (15).
c [Label = 520] Encoding starts with target value = 41:
c [Label = 520] Encoding duration: 10492ms.
c [Label = 520] Number of clauses: 9360980.
c [Label = 520] Number of variables: 644280.
c [Signal] Signal interruption. Caught signal: SIGTERM (15).
c [Label = 522] Encoding starts with target value = 41:
c [Label = 522] Encoding duration: 10671ms.
c [Label = 522] Number of clauses: 9394941.
c [Label = 522] Number of variables: 645960.
c [Signal] Signal interruption. Caught signal: SIGTERM (15).
c [Label = 519] Encoding starts with target value = 41:
c [Label = 519] Encoding duration: 10475ms.
c [Label = 519] Number of clauses: 9343999.
c [Label = 519] Number of variables: 643440.
c [Signal] Signal interruption. Caught signal: SIGTERM (15).
c [Label = 514] Minimize Makespan Labeling problem (N-bcsstk07.mtx.rnd):
c [Main] Child pid 522 - 816574 terminated by signal 15.
c [Main] Child pid 519 - 816577 terminated by signal 15.
c [Label = 513] Minimize Makespan Labeling problem (N-bcsstk07.mtx.rnd):
c [Label = 512] Minimize Makespan Labeling problem (N-bcsstk07.mtx.rnd):
c [Main] Child pid 520 - 816576 terminated by signal 15.
c [Label = 511] Minimize Makespan Labeling problem (N-bcsstk07.mtx.rnd):
c [Main] Child pid 521 - 816575 terminated by signal 15.
c [Label = 510] Minimize Makespan Labeling problem (N-bcsstk07.mtx.rnd):
c [Label = 517] Encoding starts with target value = 41:
c [Label = 517] Encoding duration: 11977ms.
c [Label = 517] Number of clauses: 9310038.
c [Label = 517] Number of variables: 641760.
c [Label = 517] Solving duration: 49113 ms.
s [Label = 517] SAT (w = 41).
c [Label = 517]Label assignment: 516 517 516 517 476 517 516 516 517 517 517 517 517 475 517 517 517 517 517 259 270 516 459 475 476 517 517 476 517 131 517 434 476 311 371 476 517 418 393 475 434 517 476 352 394 476 435 517 476 517 476 517 435 476 435 435 517 418 435 393 394 435 394 435 517 270 476 352 188 476 377 476 476 394 517 81 476 476 352 352 491 204 394 517 476 311 270 286 476 353 394 336 394 311 476 353 394 394 435 517 229 394 330 435 516 435 476 312 229 517 517 40 476 476 517 295 394 218 230 213 517 475 90 435 353 516 393 185 394 476 336 435 352 353 434 311 476 311 393 517 352 289 336 312 435 312 270 476 476 517 476 435 312 122 435 144 476 394 475 394 353 476 226 163 295 352 377 418 271 81 245 394 517 230 230 177 393 254 435 476 353 517 271 336 229 295 476 393 189 254 40 435 229 106 189 254 271 435 254 435 163 271 312 476 517 148 90 58 311 394 163 271 188 308 517 177 435 353 163 312 475 434 177 122 353 352 271 312 270 213 106 267 517 312 177 54 289 81 517 230 271 312 353 311 517 393 136 147 435 434 312 147 435 270 271 394 517 172 189 136 393 122 230 270 450 66 229 476 107 517 189 270 394 517 204 311 517 172 136 394 189 353 58 517 144 393 271 188 312 213 230 188 54 17 40 148 271 122 148 54 172 189 54 54 229 131 54 476 49 66 99 81 353 271 107 353 476 204 106 377 352 136 311 230 230 204 516 49 248 230 517 271 95 207 230 312 352 434 352 393 311 148 189 311 188 476 90 188 353 230 107 90 312 90 148 517 270 435 226 434 476 103 353 81 435 476 148 517 248 40 475 54 122 95 394 106 434 81 65 271 144 54 54 95 476 40 95 122 517 517 163 517 229 147 95 95 204 377 476 147 185 435 352 312 353 65 188 230 393 434 311 166 270 81 147 163 122 270 131 49 
c [Main] Lowest label SAT is set to 517.
c [Label = 509] Minimize Makespan Labeling problem (N-bcsstk07.mtx.rnd):
c [Label = 515] Encoding starts with target value = 41:
c [Label = 515] Encoding duration: 11450ms.
c [Label = 515] Number of clauses: 9276077.
c [Label = 515] Number of variables: 640080.
c [Label = 515] Solving duration: 42238 ms.
s [Label = 515] SAT (w = 41).
c [Label = 515]Label assignment: 498 515 5 498 147 515 293 515 498 515 515 515 515 474 515 515 514 515 515 258 375 498 474 457 474 515 515 474 515 416 498 416 474 201 242 474 515 473 24 457 416 515 474 87 310 474 433 515 474 515 474 515 433 474 433 416 515 392 433 457 392 392 392 433 433 201 474 327 334 474 327 40 416 392 515 286 474 474 416 334 416 416 433 515 474 293 211 201 474 392 474 187 392 293 474 351 392 327 515 515 170 327 368 433 498 433 474 310 169 515 392 170 474 474 515 286 392 217 228 375 515 457 251 351 286 252 457 328 334 78 368 433 334 368 416 368 457 188 252 515 252 286 242 310 433 327 129 474 474 375 474 433 392 160 392 188 474 392 515 375 351 474 270 293 269 252 201 433 269 65 375 245 515 286 228 135 416 310 457 474 65 515 269 81 283 168 147 24 187 119 119 433 160 119 187 209 474 433 228 433 160 351 310 474 515 146 88 252 24 327 65 106 87 106 515 135 433 351 65 433 46 210 310 324 351 286 269 310 204 122 53 65 515 176 187 94 286 283 515 228 228 310 286 211 515 47 135 515 392 286 351 242 94 201 204 433 515 204 269 176 47 163 228 106 375 105 457 474 53 515 187 211 392 515 242 88 515 46 176 310 228 351 229 515 188 474 269 122 273 107 269 433 94 498 160 146 269 474 146 105 432 228 94 433 170 163 94 474 128 245 24 211 269 375 64 351 474 245 245 351 334 146 188 228 228 283 245 127 245 65 514 187 53 204 228 310 334 416 334 474 293 146 187 392 204 474 81 129 351 433 53 245 53 250 146 515 457 433 293 129 269 188 351 433 392 515 146 515 204 327 334 105 375 53 392 47 375 24 129 146 65 94 105 53 474 375 53 147 515 515 65 515 310 88 53 53 245 333 473 47 375 433 122 310 351 88 515 232 334 286 433 163 106 375 78 498 106 201 292 375 
c [Main] Lowest label SAT is set to 515.
c [Main] Kill higher label pid 516.
c [Label = 516] Encoding starts with target value = 41:
c [Label = 516] Encoding duration: 11515ms.
c [Label = 516] Number of clauses: 9293058.
c [Label = 516] Number of variables: 640920.
c [Signal] Signal interruption. Caught signal: SIGTERM (15).
c [Label = 508] Minimize Makespan Labeling problem (N-bcsstk07.mtx.rnd):
c [Main] Child pid 516 - 816601 terminated by signal 15.
c [Label = 507] Minimize Makespan Labeling problem (N-bcsstk07.mtx.rnd):
c [Label = 510] Encoding starts with target value = 41:
c [Label = 510] Encoding duration: 10217ms.
c [Label = 510] Number of clauses: 9191175.
c [Label = 510] Number of variables: 635880.
c [Label = 510] Solving duration: 40110 ms.
s [Label = 510] SAT (w = 41).
c [Label = 510]Label assignment: 510 510 510 510 469 510 510 510 510 510 510 510 510 469 510 510 510 510 510 255 346 510 469 428 469 428 510 469 510 428 446 387 469 428 428 469 510 346 305 428 428 510 469 166 387 469 428 510 469 510 469 510 428 469 428 510 510 428 428 346 387 428 387 428 510 346 469 305 87 469 387 428 469 387 446 346 469 469 59 122 510 305 387 510 469 305 251 346 469 346 387 346 387 305 469 346 387 387 510 510 210 387 305 428 469 428 469 305 223 510 510 251 469 469 510 305 387 214 264 305 428 428 264 428 346 510 405 100 346 305 346 428 469 346 510 346 487 264 41 510 264 264 387 305 428 305 82 469 469 182 469 428 305 246 428 428 469 387 428 387 346 469 487 292 305 169 264 428 264 387 205 387 510 305 223 173 100 428 346 469 305 510 264 469 210 264 305 123 305 223 82 428 223 264 182 223 469 428 264 510 428 346 305 469 510 141 128 141 346 387 164 264 387 223 510 173 428 346 141 305 164 125 173 169 346 141 264 305 264 264 223 264 510 305 173 50 264 123 510 223 264 305 346 346 510 428 132 387 428 164 305 264 428 346 264 387 510 223 182 132 164 223 223 264 469 59 469 469 100 510 182 223 387 510 41 387 510 387 91 387 182 346 18 510 223 405 264 169 128 46 223 182 50 387 251 141 264 469 141 50 182 264 50 50 182 182 223 469 43 346 182 123 264 87 100 346 469 305 346 387 346 132 364 223 223 305 41 141 305 141 510 264 91 223 223 305 305 41 305 84 387 141 182 305 182 469 141 346 100 223 346 100 305 43 182 510 264 428 100 43 223 223 346 46 428 469 141 510 305 469 469 50 205 132 387 305 141 59 46 264 182 50 50 91 469 346 91 182 510 510 100 510 223 87 91 91 387 84 469 141 59 428 82 141 346 100 128 182 387 469 305 182 223 210 169 510 223 346 387 346 
c [Main] Lowest label SAT is set to 510.
c [Main] Kill higher label pid 511.
c [Main] Kill higher label pid 512.
c [Main] Kill higher label pid 513.
c [Main] Kill higher label pid 514.
c [Label = 513] Encoding starts with target value = 41:
c [Label = 513] Encoding duration: 10412ms.
c [Label = 513] Number of clauses: 9242116.
c [Label = 513] Number of variables: 638400.
c [Signal] Signal interruption. Caught signal: SIGTERM (15).
c [Label = 512] Encoding starts with target value = 41:
c [Label = 512] Encoding duration: 10658ms.
c [Label = 512] Number of clauses: 9225136.
c [Label = 512] Number of variables: 637560.
c [Signal] Signal interruption. Caught signal: SIGTERM (15).
c [Label = 511] Encoding starts with target value = 41:
c [Label = 511] Encoding duration: 11005ms.
c [Label = 511] Number of clauses: 9208155.
c [Label = 511] Number of variables: 636720.
c [Signal] Signal interruption. Caught signal: SIGTERM (15).
c [Label = 514] Encoding starts with target value = 41:
c [Label = 514] Encoding duration: 11435ms.
c [Label = 514] Number of clauses: 9259097.
c [Label = 514] Number of variables: 639240.
c [Signal] Signal interruption. Caught signal: SIGTERM (15).
c [Label = 506] Minimize Makespan Labeling problem (N-bcsstk07.mtx.rnd):
c [Main] Child pid 511 - 816610 terminated by signal 15.
c [Label = 505] Minimize Makespan Labeling problem (N-bcsstk07.mtx.rnd):
c [Main] Child pid 512 - 816609 terminated by signal 15.
c [Label = 504] Minimize Makespan Labeling problem (N-bcsstk07.mtx.rnd):
c [Main] Child pid 514 - 816607 terminated by signal 15.
c [Main] Child pid 513 - 816608 terminated by signal 15.
c [Label = 503] Minimize Makespan Labeling problem (N-bcsstk07.mtx.rnd):
c [Label = 502] Minimize Makespan Labeling problem (N-bcsstk07.mtx.rnd):
c [Label = 507] Encoding starts with target value = 41:
c [Label = 507] Encoding duration: 10700ms.
c [Label = 507] Number of clauses: 9140233.
c [Label = 507] Number of variables: 633360.
c [Label = 507] Solving duration: 42559 ms.
s [Label = 507] SAT (w = 41).
c [Label = 507]Label assignment: 425 507 138 507 466 507 507 425 507 507 507 507 507 466 507 507 507 507 507 253 179 507 466 507 466 507 507 466 507 507 507 384 466 179 425 466 507 384 343 466 384 507 466 220 425 466 384 507 466 507 466 507 425 466 425 425 507 425 425 384 384 384 384 425 507 302 466 425 343 466 384 425 425 384 507 466 466 466 343 506 481 343 425 507 466 343 302 302 466 384 384 343 384 343 466 343 384 384 507 507 261 384 343 425 507 425 466 302 302 507 507 302 466 466 507 302 425 212 261 302 507 261 261 343 343 425 384 425 384 343 343 425 507 343 425 466 466 261 94 507 302 302 343 302 425 302 261 466 466 220 466 425 302 466 384 261 466 384 384 384 343 466 56 220 121 220 287 425 261 384 179 384 507 302 220 171 384 302 466 466 343 507 261 466 122 261 466 220 179 246 41 425 261 220 179 179 466 425 261 425 205 220 302 466 507 138 179 343 261 384 220 261 220 179 507 171 425 343 138 302 135 53 425 164 343 220 261 302 302 261 179 138 507 302 171 48 302 123 507 220 261 302 343 302 507 425 171 384 384 425 302 261 384 261 261 425 507 220 179 130 343 179 343 302 440 56 179 466 97 507 179 261 384 507 82 138 507 425 130 425 179 343 97 507 220 384 261 220 302 122 220 179 220 15 302 138 261 179 138 48 220 261 48 48 220 179 220 466 94 220 302 53 261 384 97 343 466 138 220 384 466 130 302 220 220 122 97 97 261 138 507 261 89 220 220 302 220 97 343 384 343 138 179 343 179 466 80 179 97 220 343 97 138 56 138 507 302 425 56 56 48 179 343 81 384 466 97 507 261 56 466 48 507 89 130 97 220 56 56 261 138 48 48 89 466 343 89 179 507 507 97 507 179 138 89 89 97 138 466 138 97 425 261 302 343 97 179 179 384 220 138 179 302 40 261 138 261 261 343 97 
c [Main] Lowest label SAT is set to 507.
c [Main] Kill higher label pid 508.
c [Main] Kill higher label pid 509.
c [Label = 509] Encoding starts with target value = 41:
c [Label = 509] Encoding duration: 10538ms.
c [Label = 509] Number of clauses: 9174194.
c [Label = 509] Number of variables: 635040.
c [Signal] Signal interruption. Caught signal: SIGTERM (15).
c [Label = 508] Encoding starts with target value = 41:
c [Label = 508] Encoding duration: 10499ms.
c [Label = 508] Number of clauses: 9157214.
c [Label = 508] Number of variables: 634200.
c [Signal] Signal interruption. Caught signal: SIGTERM (15).
c [Label = 501] Minimize Makespan Labeling problem (N-bcsstk07.mtx.rnd):
c [Main] Child pid 509 - 816633 terminated by signal 15.
c [Label = 500] Minimize Makespan Labeling problem (N-bcsstk07.mtx.rnd):
c [Main] Child pid 508 - 816634 terminated by signal 15.
c [Label = 499] Minimize Makespan Labeling problem (N-bcsstk07.mtx.rnd):
c [Label = 503] Encoding starts with target value = 41:
c [Label = 503] Encoding duration: 10441ms.
c [Label = 503] Number of clauses: 9072311.
c [Label = 503] Number of variables: 630000.
c [Label = 503] Solving duration: 42402 ms.
s [Label = 503] SAT (w = 41).
c [Label = 503]Label assignment: 502 503 493 368 462 503 493 502 503 503 503 503 503 452 503 503 245 503 503 252 40 503 450 460 462 503 503 345 503 411 503 411 462 503 409 462 503 122 206 460 411 503 462 81 298 462 421 503 462 6 462 503 421 462 421 339 503 286 427 421 380 380 386 421 503 122 453 206 329 462 380 163 462 380 503 296 462 462 339 40 462 206 421 503 462 329 288 329 462 380 380 339 380 329 462 339 380 380 421 503 370 380 339 421 503 245 462 298 370 503 286 288 462 462 503 298 380 421 257 204 503 288 288 339 339 493 421 298 163 245 339 421 452 339 206 329 462 255 247 494 32 298 368 298 421 298 165 462 462 380 462 421 211 370 380 257 462 380 411 380 339 345 214 83 298 206 216 409 257 39 165 380 503 298 216 170 337 257 421 462 339 503 257 494 327 286 462 80 175 175 247 421 257 81 175 32 339 421 257 421 134 257 298 462 503 134 72 214 257 380 124 257 206 165 503 170 421 339 83 421 83 206 298 257 339 83 257 298 288 216 216 83 503 211 175 47 298 83 494 129 257 298 339 421 503 411 170 247 380 411 298 421 380 370 257 421 503 175 175 129 206 247 129 380 339 52 452 175 93 503 88 494 380 503 42 329 503 247 462 298 170 211 42 503 173 421 257 175 298 93 216 216 129 503 165 468 257 452 129 134 453 257 216 47 122 134 47 462 124 134 380 42 339 175 88 339 453 124 134 368 370 93 380 216 216 327 121 81 257 216 503 257 47 216 216 298 298 247 298 452 412 134 175 327 216 453 93 245 93 421 339 93 298 370 88 503 255 47 124 124 47 165 339 81 380 453 134 503 93 165 165 134 124 88 129 204 124 378 370 257 83 47 47 52 462 296 88 165 503 503 42 452 286 81 88 88 124 412 503 175 42 421 370 298 339 52 329 216 337 42 165 175 419 288 204 501 165 370 329 31 
c [Main] Lowest label SAT is set to 503.
c [Main] Kill higher label pid 504.
c [Main] Kill higher label pid 505.
c [Main] Kill higher label pid 506.
c [Label = 505] Encoding starts with target value = 41:
c [Label = 505] Encoding duration: 10321ms.
c [Label = 505] Number of clauses: 9106272.
c [Label = 505] Number of variables: 631680.
c [Signal] Signal interruption. Caught signal: SIGTERM (15).
c [Label = 504] Encoding starts with target value = 41:
c [Label = 504] Encoding duration: 10278ms.
c [Label = 504] Number of clauses: 9089292.
c [Label = 504] Number of variables: 630840.
c [Signal] Signal interruption. Caught signal: SIGTERM (15).
c [Label = 506] Encoding starts with target value = 41:
c [Label = 506] Encoding duration: 11407ms.
c [Label = 506] Number of clauses: 9123253.
c [Label = 506] Number of variables: 632520.
c [Signal] Signal interruption. Caught signal: SIGTERM (15).
c [Label = 498] Minimize Makespan Labeling problem (N-bcsstk07.mtx.rnd):
c [Main] Child pid 504 - 816641 terminated by signal 15.
c [Label = 497] Minimize Makespan Labeling problem (N-bcsstk07.mtx.rnd):
c [Main] Child pid 506 - 816639 terminated by signal 15.
c [Main] Child pid 505 - 816640 terminated by signal 15.
c [Label = 495] Minimize Makespan Labeling problem (N-bcsstk07.mtx.rnd):
c [Label = 496] Minimize Makespan Labeling problem (N-bcsstk07.mtx.rnd):
c [Label = 502] Encoding starts with target value = 41:
c [Label = 502] Encoding duration: 10428ms.
c [Label = 502] Number of clauses: 9055331.
c [Label = 502] Number of variables: 629160.
c [Label = 502] Solving duration: 68279 ms.
s [Label = 502] SAT (w = 41).
c [Label = 502]Label assignment: 501 502 32 453 245 174 493 114 502 502 502 502 502 32 502 502 501 338 502 250 411 33 408 453 461 494 502 461 502 370 494 163 461 494 326 465 502 327 204 409 73 502 465 206 420 461 420 502 461 502 461 55 420 4 256 122 502 204 420 452 379 379 379 424 501 163 40 202 367 465 409 163 327 379 494 286 461 420 157 286 368 156 424 502 461 493 326 409 461 383 453 338 379 155 461 338 379 379 368 424 411 379 461 338 32 327 465 297 165 424 501 245 461 461 502 297 379 209 256 286 502 368 247 342 245 203 409 368 409 368 155 420 452 338 115 320 453 493 196 502 286 297 461 301 420 461 327 379 461 243 461 420 297 327 379 327 465 379 114 245 297 461 198 368 327 196 286 460 260 74 245 204 424 297 219 168 452 245 122 461 73 502 256 122 245 368 239 33 174 245 286 420 244 285 178 204 461 368 215 338 204 256 297 419 502 133 155 163 327 379 81 420 368 74 502 168 420 338 74 297 32 329 420 379 338 197 256 297 409 286 174 493 502 297 168 338 286 40 502 215 256 256 204 412 502 452 168 73 383 494 297 133 379 411 420 301 502 114 86 127 32 279 338 286 245 4 411 461 4 475 174 245 379 502 122 155 502 73 127 86 215 338 116 502 286 453 215 92 461 163 215 92 215 286 493 133 256 452 96 45 81 215 215 45 204 14 86 461 288 338 409 286 42 420 465 338 461 450 203 327 452 127 412 215 174 245 115 411 215 157 501 256 86 256 45 260 33 73 204 114 122 137 96 244 121 419 73 121 342 45 96 55 163 245 133 502 411 420 368 285 43 74 215 327 379 460 4 502 245 238 452 215 493 86 127 368 33 284 163 297 453 45 137 86 461 156 424 325 424 502 368 502 122 460 86 420 368 460 460 51 204 420 361 297 137 162 81 163 73 115 114 121 243 245 80 197 327 411 40 244 
c [Main] Lowest label SAT is set to 502.
c [Label = 494] Minimize Makespan Labeling problem (N-bcsstk07.mtx.rnd):
c [Label = 500] Encoding starts with target value = 41:
c [Label = 500] Encoding duration: 11146ms.
c [Label = 500] Number of clauses: 9021370.
c [Label = 500] Number of variables: 627480.
c [Label = 500] Solving duration: 41048 ms.
s [Label = 500] SAT (w = 41).
c [Label = 500]Label assignment: 500 500 500 500 459 500 500 500 500 500 500 500 500 459 500 500 500 500 499 250 171 41 459 335 459 500 500 418 500 417 500 418 459 377 418 459 500 376 212 459 417 500 459 294 294 459 418 500 459 500 459 500 418 459 418 418 500 418 459 377 377 376 377 418 500 377 459 418 335 459 377 418 459 377 500 294 459 459 336 459 459 294 418 500 458 335 294 253 459 377 377 336 377 335 459 335 377 377 500 500 253 377 336 418 500 418 459 294 376 500 500 253 459 459 500 295 377 417 253 335 500 48 253 336 336 500 82 295 377 336 336 418 459 336 418 376 459 171 48 500 294 295 336 295 418 295 171 459 459 336 459 418 40 377 377 500 459 377 418 377 336 418 418 212 295 212 254 418 254 212 171 377 500 295 213 168 213 418 418 459 253 500 418 459 295 253 459 7 212 212 336 418 254 213 172 212 127 418 253 418 171 336 295 459 500 86 171 123 377 377 130 212 212 205 500 86 418 418 500 335 294 212 294 377 336 130 336 295 48 254 212 164 500 209 254 127 295 295 500 253 130 295 336 254 500 418 86 89 130 130 295 254 376 377 254 418 500 212 127 294 48 253 127 254 418 336 459 418 45 500 171 253 377 500 89 335 500 48 209 168 212 86 41 500 171 377 212 171 336 130 89 172 45 254 171 212 130 130 131 48 89 254 45 127 212 171 168 459 130 130 82 89 86 212 90 336 459 212 213 336 376 212 254 212 254 295 418 171 254 130 500 253 253 213 89 295 336 294 336 89 335 86 171 172 172 459 130 377 45 86 377 89 295 130 171 500 171 127 295 376 336 171 336 89 377 459 127 500 254 171 459 48 130 459 168 171 123 82 130 213 213 171 45 171 459 336 253 377 500 500 295 500 295 89 45 209 123 48 459 89 41 418 459 295 336 131 48 130 41 295 48 172 254 253 254 89 253 377 294 130 
c [Main] Lowest label SAT is set to 500.
c [Main] Kill higher label pid 501.
c [Label = 501] Encoding starts with target value = 41:
c [Label = 501] Encoding duration: 10858ms.
c [Label = 501] Number of clauses: 9038350.
c [Label = 501] Number of variables: 628320.
c [Signal] Signal interruption. Caught signal: SIGTERM (15).
c [Label = 493] Minimize Makespan Labeling problem (N-bcsstk07.mtx.rnd):
c [Main] Child pid 501 - 816663 terminated by signal 15.
c [Label = 492] Minimize Makespan Labeling problem (N-bcsstk07.mtx.rnd):
c [Label = 498] Encoding starts with target value = 41:
c [Label = 498] Encoding duration: 10241ms.
c [Label = 498] Number of clauses: 8987409.
c [Label = 498] Number of variables: 625800.
c [Label = 498] Solving duration: 44542 ms.
s [Label = 498] SAT (w = 41).
c [Label = 498]Label assignment: 498 498 498 498 457 498 374 498 498 498 498 498 498 456 498 498 498 498 498 249 416 334 292 330 457 498 498 457 498 374 498 246 457 169 416 457 498 416 41 457 252 498 457 251 293 457 416 498 457 498 457 498 416 457 416 416 498 416 416 375 375 375 375 416 416 251 457 252 333 457 375 457 457 375 498 293 457 457 416 375 457 164 416 498 457 333 415 293 457 375 374 334 375 123 457 334 375 375 498 498 128 375 334 416 334 416 457 293 210 498 375 82 457 457 498 293 375 208 252 333 498 334 169 334 334 498 334 292 498 334 334 416 457 334 416 375 457 205 41 498 251 293 334 293 416 293 205 457 457 210 457 416 293 82 375 210 457 375 334 375 334 457 251 252 252 251 375 416 252 416 205 375 498 293 211 167 82 416 334 457 251 498 252 375 122 210 457 41 170 81 375 416 210 169 170 169 457 416 211 416 293 211 293 457 498 129 82 87 210 375 416 210 334 498 498 167 416 334 123 416 293 128 293 416 334 252 252 293 207 293 170 169 498 167 167 211 293 164 498 211 252 293 334 333 498 292 126 497 375 248 293 252 416 164 252 416 498 210 252 126 41 457 44 169 416 47 457 457 88 498 170 210 375 498 123 293 498 41 85 375 416 334 87 498 169 375 252 211 128 87 211 457 211 333 205 129 252 457 129 85 292 252 334 44 169 169 44 457 87 252 128 416 252 210 88 334 457 123 252 457 164 44 334 211 211 122 498 128 252 128 498 170 88 211 211 293 292 123 292 292 334 129 170 334 169 334 128 251 334 170 88 87 293 87 129 498 334 416 251 169 44 375 334 81 375 498 129 498 210 82 457 85 375 126 375 293 46 498 128 252 128 44 44 126 416 293 85 375 498 498 41 498 375 46 85 85 416 251 457 128 46 416 289 293 334 87 87 87 82 41 40 169 164 82 210 123 375 164 46 210 
c [Main] Lowest label SAT is set to 498.
c [Main] Kill higher label pid 499.
c [Label = 499] Encoding starts with target value = 41:
c [Label = 499] Encoding duration: 10707ms.
c [Label = 499] Number of clauses: 9004389.
c [Label = 499] Number of variables: 626640.
c [Signal] Signal interruption. Caught signal: SIGTERM (15).
c [Label = 491] Minimize Makespan Labeling problem (N-bcsstk07.mtx.rnd):
c [Main] Child pid 499 - 816665 terminated by signal 15.
c [Label = 490] Minimize Makespan Labeling problem (N-bcsstk07.mtx.rnd):
c [Label = 497] Encoding starts with target value = 41:
c [Label = 497] Encoding duration: 10867ms.
c [Label = 497] Number of clauses: 8970428.
c [Label = 497] Number of variables: 624960.
c [Label = 497] Solving duration: 44810 ms.
s [Label = 497] SAT (w = 41).
c [Label = 497]Label assignment: 411 497 450 493 452 497 494 449 496 497 497 497 495 453 497 497 495 497 497 249 79 329 453 162 456 204 497 456 497 409 493 452 456 370 327 456 497 327 40 455 408 497 456 161 415 456 415 497 456 497 456 497 415 456 251 411 497 412 415 370 374 374 374 415 497 286 453 414 368 456 292 413 455 374 204 204 456 456 411 494 450 454 415 497 456 368 326 288 454 374 163 333 374 203 456 333 374 374 496 497 285 374 245 415 247 412 456 292 38 497 38 326 456 456 497 210 374 208 251 39 333 329 326 333 292 449 370 329 325 453 333 415 495 333 329 495 452 370 38 497 284 292 210 292 415 204 285 456 456 40 456 374 292 165 374 288 456 374 367 374 333 456 247 408 210 38 251 412 251 413 206 374 497 292 210 167 247 251 251 456 81 497 251 454 368 80 452 121 169 122 247 415 204 163 169 245 456 415 85 415 292 333 292 456 497 128 79 247 165 415 124 122 367 201 497 167 415 333 124 292 121 244 415 167 333 124 251 292 285 374 169 160 497 292 167 44 81 370 497 210 251 292 292 78 497 202 167 412 374 372 333 251 374 244 204 415 497 292 169 126 120 244 210 288 245 46 244 456 87 497 169 494 415 497 81 203 497 120 85 85 169 333 37 497 163 163 374 81 210 122 210 81 44 78 326 128 251 79 128 44 162 169 44 44 161 163 44 456 285 333 493 79 251 40 87 333 456 81 333 371 491 126 78 210 251 371 39 286 251 245 497 251 85 210 210 292 329 38 119 203 202 87 204 330 163 453 122 202 128 210 333 81 210 204 128 497 288 415 119 244 210 206 333 122 374 453 163 497 251 203 491 44 162 126 126 120 119 496 243 163 78 44 46 85 456 206 415 165 497 497 414 497 122 367 85 415 83 368 454 122 37 415 326 292 333 292 79 497 40 42 120 169 288 285 81 80 411 244 121 161 
c [Main] Lowest label SAT is set to 497.
c [Label = 489] Minimize Makespan Labeling problem (N-bcsstk07.mtx.rnd):
c [Label = 495] Encoding starts with target value = 41:
c [Label = 495] Encoding duration: 9878ms.
c [Label = 495] Number of clauses: 8936467.
c [Label = 495] Number of variables: 623280.
c [Label = 495] Solving duration: 46368 ms.
s [Label = 495] SAT (w = 41).
c [Label = 495]Label assignment: 249 495 411 491 413 372 493 413 495 495 495 495 495 452 495 495 495 495 41 246 206 413 450 167 454 495 495 454 413 370 495 331 454 372 286 454 495 249 85 454 331 372 454 80 413 454 413 454 454 372 454 495 413 454 331 331 495 409 413 495 41 331 372 413 495 245 454 331 329 454 368 413 454 249 495 413 454 454 413 454 413 331 413 495 495 329 165 290 454 331 454 290 372 290 454 372 372 372 495 413 247 249 368 413 413 495 454 41 288 495 126 208 454 454 495 167 372 205 208 290 495 372 247 290 331 41 372 331 85 126 286 166 454 331 331 290 454 495 372 495 208 208 368 249 413 290 167 454 454 126 454 413 287 167 331 290 454 84 331 372 372 454 248 372 413 39 126 409 372 249 208 290 495 372 208 164 208 331 331 454 249 454 204 454 327 126 207 41 369 208 495 413 167 81 85 44 454 327 245 413 167 287 331 413 495 126 288 249 454 327 126 203 124 166 495 164 413 495 41 249 41 39 331 82 84 249 249 413 372 167 126 125 495 290 125 245 245 413 495 208 43 290 331 372 495 411 164 124 167 413 290 85 454 495 208 413 495 80 167 123 123 208 82 166 331 44 454 454 290 495 495 167 413 495 41 290 495 124 331 330 495 290 84 495 85 454 249 44 126 208 495 409 249 372 208 164 43 167 126 208 372 208 246 82 44 121 81 454 165 85 454 249 205 413 167 208 454 85 286 368 495 290 372 208 331 327 126 167 372 249 495 82 123 167 249 372 208 413 249 452 331 126 208 286 85 454 245 85 290 372 331 162 163 208 328 495 167 413 84 206 82 290 249 286 331 454 122 495 204 495 493 372 82 123 41 290 43 126 249 121 125 41 44 331 454 167 413 372 495 495 44 495 327 372 123 413 249 331 454 126 43 413 454 164 290 44 413 44 208 84 370 290 290 249 204 85 290 495 85 82 
c [Main] Lowest label SAT is set to 495.
c [Main] Kill higher label pid 496.
c [Label = 496] Encoding starts with target value = 41:
c [Label = 496] Encoding duration: 10753ms.
c [Label = 496] Number of clauses: 8953448.
c [Label = 496] Number of variables: 624120.
c [Signal] Signal interruption. Caught signal: SIGTERM (15).
c [Label = 488] Minimize Makespan Labeling problem (N-bcsstk07.mtx.rnd):
c [Main] Child pid 496 - 816670 terminated by signal 15.
c [Label = 487] Minimize Makespan Labeling problem (N-bcsstk07.mtx.rnd):
c [Label = 494] Encoding starts with target value = 41:
c [Label = 494] Encoding duration: 11416ms.
c [Label = 494] Number of clauses: 8919487.
c [Label = 494] Number of variables: 622440.
c [Label = 494] Solving duration: 43195 ms.
s [Label = 494] SAT (w = 41).
c [Label = 494]Label assignment: 410 494 494 450 492 371 84 82 494 494 494 494 455 2 494 494 455 494 494 246 412 494 453 494 412 81 494 452 164 371 328 369 453 81 412 453 494 289 287 453 371 494 453 207 412 453 412 494 123 371 412 494 412 205 286 451 493 412 330 410 41 41 410 412 494 494 371 369 330 453 248 414 450 453 81 491 453 453 494 164 453 410 412 494 451 330 412 328 414 371 410 330 371 330 453 369 371 245 409 494 207 248 330 412 246 412 453 328 248 494 494 453 412 453 494 163 205 205 287 2 327 494 289 41 286 494 246 369 207 371 371 371 451 330 369 41 455 328 289 494 248 289 368 289 164 163 205 453 453 245 453 412 328 205 330 328 453 289 123 494 371 453 287 287 330 248 248 412 248 287 82 330 494 371 330 164 412 248 368 453 166 494 287 125 289 330 453 246 330 289 41 412 371 289 82 166 453 412 453 412 81 82 494 371 494 164 289 369 164 289 246 122 494 41 494 41 412 205 287 289 123 166 123 207 289 287 286 330 205 207 371 82 494 328 166 205 248 164 494 245 43 289 368 328 494 371 41 125 371 123 330 207 287 453 163 412 494 81 494 123 371 328 246 82 494 41 41 205 123 494 123 453 412 494 123 330 493 84 41 164 246 369 123 494 81 412 330 81 248 122 207 166 82 246 205 164 248 41 164 248 207 122 287 82 166 289 204 453 453 81 164 246 453 409 453 453 453 494 207 371 412 84 328 82 248 327 369 248 371 245 494 248 412 207 43 330 287 82 369 43 43 125 81 330 166 207 166 289 166 453 207 204 163 43 371 494 40 82 123 453 246 41 207 122 371 412 122 248 84 451 125 207 164 123 410 330 205 164 84 330 412 330 123 125 453 205 412 41 494 494 410 493 166 289 494 410 123 371 414 125 205 412 82 205 207 43 125 207 123 246 43 166 82 412 81 164 328 453 84 166 
c [Main] Lowest label SAT is set to 494.
c [Label = 486] Minimize Makespan Labeling problem (N-bcsstk07.mtx.rnd):
c [Label = 492] Encoding starts with target value = 41:
c [Label = 492] Encoding duration: 11287ms.
c [Label = 492] Number of clauses: 8843346.
c [Label = 492] Number of variables: 604800.
c [Label = 492] Solving duration: 36977 ms.
s [Label = 492] SAT (w = 41).
c [Label = 492]Label assignment: 491 491 491 491 450 491 491 491 491 491 491 491 491 450 491 491 491 491 491 245 327 409 450 368 450 491 491 450 491 409 491 409 450 368 409 450 491 450 327 450 409 491 450 368 409 450 368 491 450 491 450 491 409 450 409 409 491 409 409 368 368 368 368 409 491 368 450 327 163 450 368 409 450 368 491 245 450 450 409 368 450 327 409 491 450 163 122 81 450 368 368 327 368 450 450 327 368 368 491 491 245 368 327 409 491 409 450 286 286 491 491 245 450 450 491 286 409 204 245 327 491 368 245 327 327 491 368 327 368 327 327 409 450 327 409 286 450 368 163 491 327 286 327 286 409 286 286 450 450 40 450 409 286 286 368 491 450 368 409 368 327 450 204 163 286 286 368 409 245 409 245 368 491 286 204 163 204 409 409 450 327 491 245 163 286 245 450 491 163 204 204 409 245 286 163 204 450 409 245 409 163 245 286 450 491 122 204 327 286 368 163 204 81 40 491 163 409 327 491 286 40 122 409 245 327 327 245 286 450 245 163 286 491 286 163 40 286 122 491 204 245 286 327 286 491 409 163 81 368 122 286 245 368 245 245 409 491 204 163 122 40 245 204 81 409 40 368 450 81 491 163 286 368 491 40 81 491 81 81 409 163 327 122 491 245 368 245 204 122 286 204 204 204 163 122 122 245 204 122 40 81 245 40 40 245 163 204 450 204 81 81 204 327 204 81 327 450 122 163 327 327 122 286 204 204 286 163 286 245 122 491 40 81 204 204 286 245 450 327 450 204 122 163 245 204 450 122 368 81 204 327 81 286 122 122 491 81 409 204 327 40 40 327 81 368 450 122 491 245 204 40 40 122 122 122 163 245 40 122 245 163 245 40 81 450 245 81 81 491 491 163 491 204 81 81 81 163 40 450 122 122 409 81 286 327 81 40 163 204 122 40 163 286 286 122 40 286 245 368 368 
c [Main] Lowest label SAT is set to 492.
c [Main] Kill higher label pid 493.
c [Label = 493] Encoding starts with target value = 41:
c [Label = 493] Encoding duration: 11208ms.
c [Label = 493] Number of clauses: 8853786.
c [Label = 493] Number of variables: 605640.
c [Signal] Signal interruption. Caught signal: SIGTERM (15).
c [Label = 485] Minimize Makespan Labeling problem (N-bcsstk07.mtx.rnd):
c [Main] Child pid 493 - 816696 terminated by signal 15.
c [Label = 484] Minimize Makespan Labeling problem (N-bcsstk07.mtx.rnd):
c [Label = 488] Encoding starts with target value = 41:
c [Label = 488] Encoding duration: 11407ms.
c [Label = 488] Number of clauses: 8775424.
c [Label = 488] Number of variables: 601440.
c [Signal] Signal interruption. Caught signal: SIGTERM (15).
c [Label = 486] Encoding starts with target value = 41:
c [Label = 486] Encoding duration: 10949ms.
c [Label = 486] Number of clauses: 8741463.
c [Label = 486] Number of variables: 599760.
c [Signal] Signal interruption. Caught signal: SIGTERM (15).
c [Label = 485] Encoding starts with target value = 41:
c [Label = 485] Encoding duration: 10960ms.
c [Label = 485] Number of clauses: 8724482.
c [Label = 485] Number of variables: 598920.
c [Signal] Signal interruption. Caught signal: SIGTERM (15).
c [Label = 487] Encoding starts with target value = 41:
c [Label = 487] Encoding duration: 10758ms.
c [Label = 487] Number of clauses: 8758443.
c [Label = 487] Number of variables: 600600.
c [Signal] Signal interruption. Caught signal: SIGTERM (15).
c [Label = 489] Encoding starts with target value = 41:
c [Label = 489] Encoding duration: 11391ms.
c [Label = 489] Number of clauses: 8792404.
c [Label = 489] Number of variables: 602280.
c [Signal] Signal interruption. Caught signal: SIGTERM (15).
c [Label = 490] Encoding starts with target value = 41:
c [Label = 490] Encoding duration: 11052ms.
c [Label = 490] Number of clauses: 8809385.
c [Label = 490] Number of variables: 603120.
c [Signal] Signal interruption. Caught signal: SIGTERM (15).
c [Label = 491] Encoding starts with target value = 41:
c [Label = 491] Encoding duration: 10819ms.
c [Label = 491] Number of clauses: 8826365.
c [Label = 491] Number of variables: 603960.
c [Signal] Signal interruption. Caught signal: SIGTERM (15).
c [Main] Lim pid ends with result: 254.
c [Main] All children have completed.
r [Main] 
r [Main] Final results: 
r [Main] Lowest label SAT:  	492.
r [Main] Highest label UNSAT:	-.
r [Main] Total real time: 1812414 ms.
r [Main] Total memory consumed: 18176.6 MB.
r [Main] 
c [Label = 484] Encoding starts with target value = 41:
c [Label = 484] Encoding duration: 10671ms.
c [Label = 484] Number of clauses: 8707502.
c [Label = 484] Number of variables: 598080.
c [Signal] Signal interruption. Caught signal: SIGTERM (15).
