c [Version] Minimize Makespan Labeling Encoder version 1.0.0.
c [Param] LB is predefined as 132.
c [Param] UB is predefined as 532.
c [Param] Memory limit is set to 30000.
c [Param] Real time limit is set to 1800.
c [Param] Worker count is set to 8.
c [Main] Search strategy: Iterating from upper bound.
c [Main] Search order: 532 531 530 529 528 527 526 525 524 523 522 521 520 519 518 517 516 515 514 513 512 511 510 509 508 507 506 505 504 503 502 501 500 499 498 497 496 495 494 493 492 491 490 489 488 487 486 485 484 483 482 481 480 479 478 477 476 475 474 473 472 471 470 469 468 467 466 465 464 463 462 461 460 459 458 457 456 455 454 453 452 451 450 449 448 447 446 445 444 443 442 441 440 439 438 437 436 435 434 433 432 431 430 429 428 427 426 425 424 423 422 421 420 419 418 417 416 415 414 413 412 411 410 409 408 407 406 405 404 403 402 401 400 399 398 397 396 395 394 393 392 391 390 389 388 387 386 385 384 383 382 381 380 379 378 377 376 375 374 373 372 371 370 369 368 367 366 365 364 363 362 361 360 359 358 357 356 355 354 353 352 351 350 349 348 347 346 345 344 343 342 341 340 339 338 337 336 335 334 333 332 331 330 329 328 327 326 325 324 323 322 321 320 319 318 317 316 315 314 313 312 311 310 309 308 307 306 305 304 303 302 301 300 299 298 297 296 295 294 293 292 291 290 289 288 287 286 285 284 283 282 281 280 279 278 277 276 275 274 273 272 271 270 269 268 267 266 265 264 263 262 261 260 259 258 257 256 255 254 253 252 251 250 249 248 247 246 245 244 243 242 241 240 239 238 237 236 235 234 233 232 231 230 229 228 227 226 225 224 223 222 221 220 219 218 217 216 215 214 213 212 211 210 209 208 207 206 205 204 203 202 201 200 199 198 197 196 195 194 193 192 191 190 189 188 187 186 185 184 183 182 181 180 179 178 177 176 175 174 173 172 171 170 169 168 167 166 165 164 163 162 161 160 159 158 157 156 155 154 153 152 151 150 149 148 147 146 145 144 143 142 141 140 139 138 137 136 135 134 133 132.
c [Main] Encoding and solving for graph: O-impcol_d.mtx.rnd.
c [Label = 525] Minimize Makespan Labeling problem (O-impcol_d.mtx.rnd):
c [Label = 532] Minimize Makespan Labeling problem (O-impcol_d.mtx.rnd):
c [Label = 529] Minimize Makespan Labeling problem (O-impcol_d.mtx.rnd):
c [Label = 531] Minimize Makespan Labeling problem (O-impcol_d.mtx.rnd):
c [Label = 530] Minimize Makespan Labeling problem (O-impcol_d.mtx.rnd):
c [Label = 526] Minimize Makespan Labeling problem (O-impcol_d.mtx.rnd):
c [Label = 528] Minimize Makespan Labeling problem (O-impcol_d.mtx.rnd):
c [Label = 527] Minimize Makespan Labeling problem (O-impcol_d.mtx.rnd):
c [Label = 526] Encoding starts with target value = 131:
c [Label = 526] Encoding duration: 6769ms.
c [Label = 526] Number of clauses: 4641126.
c [Label = 526] Number of variables: 719100.
c [Label = 526] Solving duration: 19724 ms.
s [Label = 526] SAT (w = 131).
c [Label = 526]Label assignment: 1 1 1 1 1 1 1 1 1 1 1 1 1 132 1 1 1 1 1 132 1 1 1 131 1 1 132 132 1 1 132 132 395 1 132 1 1 1 132 1 1 1 1 1 132 1 1 132 1 263 1 1 1 132 1 396 132 132 132 1 263 1 1 132 1 132 1 395 263 132 1 132 1 1 1 1 1 396 1 1 264 133 1 395 1 132 1 3 1 263 1 132 396 1 263 526 132 132 1 3 132 265 132 265 132 132 264 263 263 263 263 396 264 263 132 1 1 1 1 394 1 1 395 526 132 395 396 1 263 132 1 133 1 132 394 132 396 396 526 132 132 395 131 134 1 1 1 132 395 132 132 396 396 1 263 1 1 132 132 1 1 132 264 132 132 263 133 1 264 526 132 132 263 1 132 396 263 132 263 396 132 396 264 1 526 132 396 132 133 262 395 263 526 132 396 265 394 132 132 396 395 132 132 263 395 396 394 263 396 1 394 132 1 263 1 264 132 132 265 263 263 394 264 279 1 526 1 134 265 132 134 394 263 264 1 526 526 1 396 1 396 1 132 1 1 1 132 1 132 1 265 131 132 263 526 132 263 134 263 396 132 395 132 1 133 263 263 1 526 264 133 132 132 264 132 264 133 132 132 133 263 394 265 132 132 394 132 132 263 1 394 265 132 132 1 398 263 263 396 132 394 131 132 1 134 132 1 1 132 263 395 1 526 264 264 526 1 265 264 396 394 132 395 526 264 263 263 264 1 394 264 263 263 526 132 395 132 263 265 132 263 395 264 264 1 133 1 134 396 132 132 132 395 394 394 264 394 394 1 1 2 395 1 1 394 132 1 394 133 132 132 264 395 395 263 132 1 133 394 526 132 263 263 396 263 395 395 1 396 395 132 265 264 396 396 263 396 132 395 265 396 265 264 395 263 396 132 265 132 132 263 395 265 133 395 263 132 396 264 132 263 394 264 132 396 
c [Label = 529] Encoding starts with target value = 131:
c [Label = 529] Encoding duration: 6767ms.
c [Label = 529] Number of clauses: 4662706.
c [Label = 529] Number of variables: 721650.
c [Label = 529] Solving duration: 19807 ms.
s [Label = 529] SAT (w = 131).
c [Label = 529]Label assignment: 1 1 1 1 1 1 1 1 1 1 1 1 1 132 1 1 1 1 1 132 1 1 1 128 1 1 132 132 1 1 132 132 397 1 132 1 1 1 132 1 1 1 1 1 132 1 1 132 1 263 1 1 1 132 1 399 132 132 132 1 263 1 1 132 1 132 1 398 263 132 1 132 1 1 1 1 1 399 1 1 267 130 1 132 1 132 1 3 1 263 1 132 262 1 263 529 132 132 1 6 132 268 132 268 132 132 264 263 263 263 263 399 132 263 132 1 1 1 1 394 1 1 1 1 132 398 263 1 263 132 1 133 1 132 394 132 399 399 133 132 132 399 133 137 1 1 1 132 395 132 132 399 132 1 263 1 1 132 132 1 1 132 263 132 132 263 394 1 263 131 132 132 263 398 398 399 132 132 263 399 132 399 264 1 526 132 399 132 263 262 399 263 399 132 399 263 394 132 132 399 395 132 132 263 398 395 394 263 399 1 394 132 1 263 1 267 132 132 268 263 263 394 267 268 1 529 1 132 268 132 137 395 263 268 1 529 529 1 399 1 132 1 132 1 1 1 132 1 132 1 268 131 132 267 267 132 263 137 263 399 132 398 132 1 133 263 263 1 1 267 399 132 132 267 132 267 398 132 399 136 263 394 393 132 132 394 132 132 263 1 394 268 132 132 1 401 263 263 399 132 394 132 132 1 137 132 1 1 132 263 529 1 399 132 266 525 1 268 264 399 394 132 394 528 267 263 263 529 1 394 267 263 264 528 132 398 132 263 268 132 263 399 263 264 1 136 1 137 395 132 132 132 398 394 394 267 394 394 1 1 5 398 1 1 394 132 1 394 136 132 132 268 395 1 263 263 1 136 394 529 132 263 263 399 263 398 399 1 399 1 396 268 267 399 529 263 399 395 263 268 399 268 267 397 263 399 132 268 132 132 263 399 263 133 399 263 132 399 267 132 263 394 267 132 399 
c [Main] Lowest label SAT is set to 526.
c [Main] Kill higher label pid 527.
c [Main] Kill higher label pid 528.
c [Main] Kill higher label pid 529.
c [Main] Kill higher label pid 530.
c [Main] Kill higher label pid 531.
c [Main] Kill higher label pid 532.
c [Label = 527] Encoding starts with target value = 131:
c [Label = 527] Encoding duration: 6894ms.
c [Label = 527] Number of clauses: 4648319.
c [Label = 527] Number of variables: 719950.
c [Signal] Signal interruption. Caught signal: SIGTERM (15).
c [Label = 528] Encoding starts with target value = 131:
c [Label = 528] Encoding duration: 6868ms.
c [Label = 528] Number of clauses: 4655513.
c [Label = 528] Number of variables: 720800.
c [Label = 528] Solving duration: 20089 ms.
s [Label = 528] SAT (w = 131).
c [Label = 528]Label assignment: 1 1 1 1 1 1 1 1 1 1 1 1 1 132 1 1 1 1 1 132 1 1 1 129 1 1 132 132 1 1 132 132 396 1 132 1 1 1 132 1 1 1 1 1 132 1 1 132 1 263 1 1 1 132 1 398 132 132 132 1 263 1 1 132 1 132 1 397 263 132 1 132 1 1 1 1 1 398 1 1 266 130 1 132 1 132 1 3 1 263 1 132 262 1 263 528 132 132 1 5 132 267 132 267 132 132 264 263 263 263 263 398 132 263 132 1 1 1 1 394 1 1 1 528 132 397 263 1 263 132 1 133 1 132 394 132 398 398 133 132 132 397 131 136 1 1 1 132 395 132 132 398 132 1 263 1 1 132 132 1 1 132 263 132 132 263 394 1 263 131 132 132 263 397 397 398 132 132 263 398 132 398 264 1 526 132 398 132 263 262 398 263 398 132 398 263 394 132 132 398 395 132 132 263 397 395 394 263 398 1 394 132 1 263 1 266 132 132 267 263 263 394 266 267 1 528 1 132 267 132 136 395 263 267 1 528 528 1 398 1 132 1 132 1 1 1 132 1 132 1 267 131 132 266 528 132 263 136 263 398 132 394 132 1 133 263 263 1 528 263 135 132 132 266 132 266 397 132 398 135 263 394 393 132 132 394 132 132 263 1 394 267 132 132 1 400 263 263 398 132 394 131 132 1 136 132 1 1 132 263 528 1 398 132 265 525 1 267 264 398 394 132 394 527 266 263 263 266 1 394 266 263 264 527 132 397 132 263 267 132 263 397 263 263 1 135 1 136 395 132 132 132 397 394 394 266 394 394 1 1 4 397 1 1 394 132 1 394 135 132 132 267 395 1 263 263 1 135 394 528 132 263 263 398 263 397 397 1 398 1 396 267 266 398 528 263 398 395 263 267 398 267 266 396 263 398 132 267 132 132 263 397 263 133 397 263 132 398 266 132 263 394 266 132 398 
c [Signal] Signal interruption. Caught signal: SIGTERM (15).
c [Label = 531] Encoding starts with target value = 131:
c [Label = 531] Encoding duration: 6811ms.
c [Label = 531] Number of clauses: 4677093.
c [Label = 531] Number of variables: 723350.
c [Label = 531] Solving duration: 20268 ms.
s [Label = 531] SAT (w = 131).
c [Label = 531]Label assignment: 1 1 1 1 1 1 1 1 1 1 1 1 1 132 1 1 1 1 1 132 1 1 1 126 1 1 132 132 1 1 132 132 399 1 132 1 1 1 132 1 1 1 1 1 132 1 1 132 1 263 1 1 1 132 1 401 132 132 132 1 263 1 1 132 1 132 1 400 263 132 1 132 1 1 1 1 1 401 1 1 269 130 1 132 1 132 1 3 1 263 1 132 262 1 263 531 132 132 1 8 132 270 132 270 132 132 264 263 263 263 263 401 132 263 132 1 1 1 1 394 1 1 1 1 132 400 263 1 263 132 1 133 1 132 394 132 401 401 133 132 132 401 133 139 1 1 1 132 395 132 132 401 132 1 263 1 1 132 132 1 1 132 263 132 132 263 394 1 263 131 132 132 263 400 400 401 132 132 263 401 132 401 264 1 526 132 401 132 263 262 401 263 401 132 401 263 394 132 132 401 395 132 132 263 400 395 394 263 401 1 394 132 1 263 1 269 132 132 270 263 263 394 269 270 1 531 1 132 270 132 139 395 263 270 1 531 531 1 401 1 132 1 132 1 1 1 132 1 132 1 270 131 132 269 269 132 263 139 263 401 132 400 132 1 133 263 263 1 1 269 401 132 132 269 132 269 400 132 401 138 263 394 393 132 132 394 132 132 263 1 394 270 132 132 1 403 263 263 401 132 394 132 132 1 139 132 1 1 132 263 531 1 401 132 268 525 1 270 264 401 394 132 394 530 269 263 263 531 1 394 269 263 264 530 132 400 132 263 270 132 263 401 263 264 1 138 1 139 395 132 132 132 400 394 394 269 394 394 1 1 7 400 1 1 394 132 1 394 138 132 132 270 395 1 263 263 1 138 395 531 132 263 263 401 263 400 401 1 401 1 396 270 269 401 531 263 401 395 263 270 401 270 269 399 263 401 132 270 132 132 263 401 263 133 401 263 132 401 269 132 263 394 269 132 401 
c [Signal] Signal interruption. Caught signal: SIGTERM (15).
c [Label = 530] Encoding starts with target value = 131:
c [Label = 530] Encoding duration: 6840ms.
c [Label = 530] Number of clauses: 4669900.
c [Label = 530] Number of variables: 722500.
c [Label = 530] Solving duration: 20251 ms.
s [Label = 530] SAT (w = 131).
c [Label = 530]Label assignment: 1 1 1 1 1 1 1 1 1 1 1 1 1 132 1 1 1 1 1 132 1 1 1 127 1 1 132 132 1 1 132 132 398 1 132 1 1 1 132 1 1 1 1 1 132 1 1 132 1 263 1 1 1 132 1 400 132 132 132 1 263 1 1 132 1 132 1 399 263 132 1 132 1 1 1 1 1 400 1 1 268 130 1 132 1 132 1 3 1 263 1 132 262 1 263 530 132 132 1 7 132 269 132 269 132 132 264 263 263 263 263 400 132 263 132 1 1 1 1 394 1 1 1 1 132 399 263 1 263 132 1 133 1 132 394 132 400 400 133 132 132 400 133 138 1 1 1 132 395 132 132 400 132 1 263 1 1 132 132 1 1 132 263 132 132 263 394 1 263 131 132 132 263 399 399 400 132 132 263 400 132 400 264 1 526 132 400 132 263 262 400 263 400 132 400 263 394 132 132 400 395 132 132 263 399 395 394 263 400 1 394 132 1 263 1 268 132 132 269 263 263 394 268 269 1 530 1 132 269 132 138 395 263 269 1 7 530 1 400 1 132 1 132 1 1 1 132 1 132 1 269 131 132 268 268 132 263 138 263 400 132 399 132 1 133 263 263 1 1 268 400 132 132 268 132 268 399 132 400 137 263 394 393 132 132 394 132 132 263 1 394 269 132 132 1 402 263 263 400 132 394 132 132 1 138 132 1 1 132 263 530 1 400 132 267 525 1 269 264 400 394 132 394 529 268 263 263 530 1 394 268 263 264 529 132 399 132 263 269 132 263 400 263 264 1 137 1 138 395 132 132 132 399 394 394 268 394 394 1 1 6 399 1 1 394 132 1 394 137 132 132 269 395 1 263 263 1 137 394 530 132 263 263 400 263 399 400 1 400 1 396 269 268 400 530 263 400 395 263 269 400 269 268 398 263 400 132 269 132 132 263 400 263 133 400 263 132 400 268 132 263 394 268 132 400 
c [Signal] Signal interruption. Caught signal: SIGTERM (15).
c [Label = 532] Encoding starts with target value = 131:
c [Label = 532] Encoding duration: 6835ms.
c [Label = 532] Number of clauses: 4684287.
c [Label = 532] Number of variables: 724200.
c [Label = 532] Solving duration: 20118 ms.
s [Label = 532] SAT (w = 131).
c [Label = 532]Label assignment: 1 1 1 1 1 1 1 1 1 1 1 1 1 132 1 1 1 1 1 132 1 1 1 125 1 1 132 132 1 1 132 132 400 1 132 1 1 1 132 1 1 1 1 1 132 1 1 132 1 263 1 1 1 132 1 402 132 132 132 1 263 1 1 132 1 132 1 401 263 132 1 132 1 1 1 1 1 402 1 1 270 130 1 132 1 132 1 3 1 263 1 132 262 1 263 532 132 132 1 9 132 271 132 271 132 132 264 263 263 263 263 402 132 263 132 1 1 1 1 394 1 1 1 1 132 401 263 1 263 132 1 133 1 132 394 132 402 402 125 132 132 401 133 140 1 1 1 132 395 132 132 402 132 1 263 1 1 132 132 1 1 132 263 132 132 263 394 1 263 124 132 132 263 401 394 402 132 132 263 402 132 402 264 1 526 132 402 132 263 262 402 263 395 132 402 263 394 132 132 402 395 132 132 263 401 395 394 263 402 1 394 132 1 263 1 140 132 132 271 263 263 394 270 264 1 532 1 132 271 132 140 395 263 271 1 532 532 1 402 1 132 1 132 1 1 1 132 1 132 1 271 131 132 263 532 132 263 140 263 402 132 394 132 1 133 263 263 1 532 263 139 132 132 270 132 263 394 132 402 139 263 394 393 132 132 394 132 132 263 1 394 271 132 132 1 404 263 263 402 132 394 131 132 1 140 132 1 1 132 263 525 1 395 132 269 525 1 271 264 402 394 132 394 531 270 263 263 270 1 394 263 263 264 531 132 401 132 263 271 132 263 402 263 264 1 139 1 140 395 132 132 132 401 394 394 270 394 394 1 1 8 401 1 1 394 132 1 394 271 132 132 264 395 1 263 263 1 132 396 532 132 263 263 402 263 401 402 1 402 526 396 271 270 402 532 263 402 395 263 271 402 271 270 400 263 402 132 271 132 132 263 401 263 133 402 263 132 395 270 132 263 394 270 132 402 
c [Signal] Signal interruption. Caught signal: SIGTERM (15).
c [Label = 524] Minimize Makespan Labeling problem (O-impcol_d.mtx.rnd):
c [Main] Kill higher label pid 530.
c [Main] Kill higher label pid 531.
c [Main] Kill higher label pid 532.
c [Label = 523] Minimize Makespan Labeling problem (O-impcol_d.mtx.rnd):
c [Main] Child pid 528 - 818693 terminated by signal 15.
c [Label = 522] Minimize Makespan Labeling problem (O-impcol_d.mtx.rnd):
c [Main] Child pid 530 - 818691 terminated by signal 15.
c [Label = 521] Minimize Makespan Labeling problem (O-impcol_d.mtx.rnd):
c [Main] Child pid 532 - 818689 terminated by signal 15.
c [Label = 520] Minimize Makespan Labeling problem (O-impcol_d.mtx.rnd):
c [Main] Child pid 531 - 818690 terminated by signal 15.
c [Main] Child pid 527 - 818694 terminated by signal 15.
c [Label = 519] Minimize Makespan Labeling problem (O-impcol_d.mtx.rnd):
c [Label = 518] Minimize Makespan Labeling problem (O-impcol_d.mtx.rnd):
c [Label = 525] Encoding starts with target value = 131:
c [Label = 525] Encoding duration: 6573ms.
c [Label = 525] Number of clauses: 4469882.
c [Label = 525] Number of variables: 663850.
c [Label = 525] Solving duration: 23286 ms.
s [Label = 525] SAT (w = 131).
c [Label = 525]Label assignment: 131 131 131 131 131 131 131 131 131 131 131 1 131 262 131 131 131 131 131 262 131 131 131 394 131 131 262 262 131 131 262 262 394 131 262 131 131 131 262 131 131 131 131 131 262 131 131 132 131 393 131 131 131 525 131 394 262 262 262 131 393 131 131 262 131 262 131 525 393 262 131 262 131 131 131 131 131 394 131 131 394 392 131 525 131 262 131 262 131 393 131 523 393 131 393 131 262 262 131 131 524 263 523 263 262 262 262 393 393 262 393 263 394 393 262 131 131 131 131 524 131 131 524 131 262 393 523 131 525 262 131 263 131 262 525 262 131 524 131 262 262 525 262 525 131 131 131 262 393 262 262 393 525 131 524 131 131 262 262 131 131 262 394 262 262 393 263 131 393 131 262 262 393 131 262 394 392 262 393 262 262 262 263 131 132 395 524 262 263 1 524 394 131 262 394 394 263 397 262 263 525 262 262 393 524 525 525 394 394 131 525 262 131 394 131 393 525 262 394 393 393 262 394 523 131 131 131 263 394 262 263 524 393 393 131 393 131 131 262 129 525 131 262 131 131 131 525 131 262 131 394 262 262 393 394 262 525 525 393 263 263 525 262 131 393 393 394 131 131 393 525 262 525 393 262 393 263 262 262 263 393 263 525 394 525 524 262 263 393 131 524 263 262 262 131 131 393 393 524 262 262 262 262 131 525 262 131 131 262 393 525 525 131 262 263 130 131 262 394 263 525 523 393 131 394 393 131 132 131 262 394 393 393 131 262 525 262 393 394 393 393 525 525 393 131 263 525 131 525 394 394 262 525 525 524 394 263 394 131 131 132 525 131 131 394 393 131 525 262 262 525 394 525 525 393 394 131 262 524 131 262 263 262 525 394 525 525 525 525 525 262 262 393 525 525 394 394 262 393 394 525 132 262 394 393 524 525 262 393 262 393 525 394 394 525 262 262 525 132 394 263 525 394 524 525 
c [Main] Lowest label SAT is set to 525.
c [Label = 517] Minimize Makespan Labeling problem (O-impcol_d.mtx.rnd):
c [Label = 518] Encoding starts with target value = 131:
c [Label = 518] Encoding duration: 6349ms.
c [Label = 518] Number of clauses: 4422054.
c [Label = 518] Number of variables: 657900.
c [Label = 518] Solving duration: 20170 ms.
s [Label = 518] UNSAT (w = 131).
c [Label = 523] Encoding starts with target value = 131:
c [Label = 523] Encoding duration: 6340ms.
c [Label = 523] Number of clauses: 4458021.
c [Label = 523] Number of variables: 662150.
c [Label = 523] Solving duration: 20427 ms.
s [Label = 523] UNSAT (w = 131).
c [Main] Highest label UNSAT is set to 518
c [Main] Kill lower label pid 517.
c [Label = 517] Encoding starts with target value = 131:
c [Label = 517] Encoding duration: 6434ms.
c [Label = 517] Number of clauses: 4414860.
c [Label = 517] Number of variables: 657050.
c [Signal] Signal interruption. Caught signal: SIGTERM (15).
c [Main] Child pid 517 - 818713 terminated by signal 15.
c [Main] Highest label UNSAT is set to 523
c [Main] Kill lower label pid 519.
c [Main] Kill lower label pid 520.
c [Main] Kill lower label pid 521.
c [Main] Kill lower label pid 522.
c [Label = 520] Encoding starts with target value = 131:
c [Label = 520] Encoding duration: 6432ms.
c [Label = 520] Number of clauses: 4436441.
c [Label = 520] Number of variables: 659600.
c [Label = 520] Solving duration: 20593 ms.
s [Label = 520] UNSAT (w = 131).
c [Signal] Signal interruption. Caught signal: SIGTERM (15).
c [Label = 519] Encoding starts with target value = 131:
c [Label = 519] Encoding duration: 6417ms.
c [Label = 519] Number of clauses: 4429247.
c [Label = 519] Number of variables: 658750.
c [Label = 519] Solving duration: 20792 ms.
s [Label = 519] UNSAT (w = 131).
c [Signal] Signal interruption. Caught signal: SIGTERM (15).
c [Label = 522] Encoding starts with target value = 131:
c [Label = 522] Encoding duration: 6492ms.
c [Label = 522] Number of clauses: 4450828.
c [Label = 522] Number of variables: 661300.
c [Label = 522] Solving duration: 20498 ms.
s [Label = 522] UNSAT (w = 131).
c [Signal] Signal interruption. Caught signal: SIGTERM (15).
c [Label = 521] Encoding starts with target value = 131:
c [Label = 521] Encoding duration: 6316ms.
c [Label = 521] Number of clauses: 4443634.
c [Label = 521] Number of variables: 660450.
c [Signal] Signal interruption. Caught signal: SIGTERM (15).
c [Main] Child pid 521 - 818707 terminated by signal 15.
c [Main] Child pid 522 - 818706 terminated by signal 15.
c [Main] Child pid 520 - 818708 terminated by signal 15.
c [Main] Child pid 519 - 818709 terminated by signal 15.
c [Label = 524] Encoding starts with target value = 131:
c [Label = 524] Encoding duration: 6455ms.
c [Label = 524] Number of clauses: 4465215.
c [Label = 524] Number of variables: 663000.
c [Label = 524] Solving duration: 20925 ms.
s [Label = 524] SAT (w = 131).
c [Label = 524]Label assignment: 1 1 1 1 1 1 1 1 1 1 1 1 1 132 1 1 1 1 1 132 1 1 1 132 1 1 132 132 1 1 132 132 394 1 132 1 1 1 132 1 1 1 1 1 132 1 1 132 1 263 1 1 1 132 1 394 132 132 132 1 263 1 1 132 1 132 392 263 263 132 1 132 1 1 1 1 1 394 1 1 263 132 1 263 1 132 1 1 1 132 1 132 132 1 263 1 132 132 1 1 132 132 132 263 132 132 263 263 263 263 263 394 263 263 132 1 1 1 1 394 1 1 1 1 132 394 132 1 263 132 1 132 1 132 394 132 394 394 394 394 132 394 132 132 1 1 1 132 394 132 394 394 132 1 263 1 1 132 132 1 1 263 263 132 132 263 2 1 263 132 132 132 263 1 394 394 263 132 263 132 132 132 1 1 263 132 394 394 132 394 263 263 263 132 394 394 394 132 132 394 394 132 132 263 394 132 394 263 394 1 394 263 1 263 1 132 132 394 263 263 263 394 394 263 1 1 1 263 263 132 1 132 263 394 1 1 1 1 394 1 263 263 132 1 1 1 132 1 132 1 1 394 132 263 1 132 263 263 263 394 132 263 132 1 132 263 263 1 1 132 132 132 132 263 132 132 132 394 394 132 263 394 263 394 132 263 132 132 263 394 394 132 132 132 1 394 263 263 394 132 394 132 263 1 132 132 1 1 132 263 1 1 394 132 263 1 1 132 263 394 394 394 394 1 263 263 263 263 1 394 263 394 394 1 132 263 132 394 263 263 263 394 263 263 1 132 1 1 132 132 132 132 263 394 132 394 132 394 1 1 394 394 394 1 394 263 1 132 394 132 132 132 394 1 263 263 1 394 263 1 132 263 263 394 263 263 394 1 394 1 263 132 263 132 394 263 394 263 263 263 132 263 263 394 263 394 132 132 263 132 1 394 394 132 394 263 263 1 263 132 263 394 263 1 1 
c [Main] Lowest label SAT is set to 524.
c [Main] All children have completed.
r [Main] 
r [Main] Final results: 
r [Main] Lowest label SAT:  	524.
r [Main] Highest label UNSAT:	523.
r [Main] Total real time: 57043 ms.
r [Main] Total memory consumed: 11903.9 MB.
r [Main] 
c [Signal] Signal interruption. Caught signal: SIGTERM (15).
