c [Version] Minimize Makespan Labeling Encoder version 1.0.0.
c [Param] LB is predefined as 323.
c [Param] UB is predefined as 683.
c [Param] Memory limit is set to 30000.
c [Param] Real time limit is set to 1800.
c [Param] Worker count is set to 8.
c [Main] Search strategy: Iterating from upper bound.
c [Main] Search order: 683 682 681 680 679 678 677 676 675 674 673 672 671 670 669 668 667 666 665 664 663 662 661 660 659 658 657 656 655 654 653 652 651 650 649 648 647 646 645 644 643 642 641 640 639 638 637 636 635 634 633 632 631 630 629 628 627 626 625 624 623 622 621 620 619 618 617 616 615 614 613 612 611 610 609 608 607 606 605 604 603 602 601 600 599 598 597 596 595 594 593 592 591 590 589 588 587 586 585 584 583 582 581 580 579 578 577 576 575 574 573 572 571 570 569 568 567 566 565 564 563 562 561 560 559 558 557 556 555 554 553 552 551 550 549 548 547 546 545 544 543 542 541 540 539 538 537 536 535 534 533 532 531 530 529 528 527 526 525 524 523 522 521 520 519 518 517 516 515 514 513 512 511 510 509 508 507 506 505 504 503 502 501 500 499 498 497 496 495 494 493 492 491 490 489 488 487 486 485 484 483 482 481 480 479 478 477 476 475 474 473 472 471 470 469 468 467 466 465 464 463 462 461 460 459 458 457 456 455 454 453 452 451 450 449 448 447 446 445 444 443 442 441 440 439 438 437 436 435 434 433 432 431 430 429 428 427 426 425 424 423 422 421 420 419 418 417 416 415 414 413 412 411 410 409 408 407 406 405 404 403 402 401 400 399 398 397 396 395 394 393 392 391 390 389 388 387 386 385 384 383 382 381 380 379 378 377 376 375 374 373 372 371 370 369 368 367 366 365 364 363 362 361 360 359 358 357 356 355 354 353 352 351 350 349 348 347 346 345 344 343 342 341 340 339 338 337 336 335 334 333 332 331 330 329 328 327 326 325 324 323.
c [Main] Encoding and solving for graph: S-sherman4.mtx.rnd.
c [Label = 683] Minimize Makespan Labeling problem (S-sherman4.mtx.rnd):
c [Label = 682] Minimize Makespan Labeling problem (S-sherman4.mtx.rnd):
c [Label = 681] Minimize Makespan Labeling problem (S-sherman4.mtx.rnd):
c [Label = 680] Minimize Makespan Labeling problem (S-sherman4.mtx.rnd):
c [Label = 679] Minimize Makespan Labeling problem (S-sherman4.mtx.rnd):
c [Label = 678] Minimize Makespan Labeling problem (S-sherman4.mtx.rnd):
c [Label = 677] Minimize Makespan Labeling problem (S-sherman4.mtx.rnd):
c [Label = 676] Minimize Makespan Labeling problem (S-sherman4.mtx.rnd):
c [Label = 676] Encoding starts with target value = 322:
c [Label = 676] Encoding duration: 12233ms.
c [Label = 676] Number of clauses: 7204283.
c [Label = 676] Number of variables: 1260714.
c [Label = 676] Solving duration: 21669 ms.
s [Label = 676] SAT (w = 322).
c [Label = 676]Label assignment: 1 1 322 322 387 32 1 66 1 1 353 1 1 295 1 1 32 323 323 291 1 354 292 33 292 352 26 1 8 291 292 354 322 290 1 1 322 7 322 1 31 292 27 354 354 354 323 355 354 354 322 354 666 30 387 5 654 419 355 354 291 292 291 322 323 645 352 676 322 65 373 675 1 1 64 1 676 354 1 676 324 387 1 322 644 676 322 1 676 1 1 676 323 324 675 323 1 323 297 322 388 676 675 354 354 356 329 30 323 66 322 676 645 34 676 292 354 354 354 323 651 354 387 355 350 322 352 1 323 348 676 321 322 348 387 1 33 354 644 353 387 353 676 2 645 1 65 676 321 9 676 326 1 675 323 388 323 323 676 58 676 676 355 1 354 322 675 292 33 675 1 22 354 354 676 322 292 323 676 2 676 675 645 7 645 344 353 321 354 649 676 323 1 356 354 322 26 676 676 355 34 676 675 324 353 354 59 646 322 34 645 323 676 353 1 644 323 676 354 323 321 323 676 674 645 324 651 354 356 65 354 675 675 322 332 323 322 644 28 676 361 344 676 644 354 323 322 292 676 26 651 644 322 353 354 329 34 322 321 614 676 321 30 33 354 323 323 352 354 354 652 355 323 32 662 33 354 1 329 354 388 34 323 676 323 321 654 323 353 676 1 323 354 323 322 323 1 676 356 324 676 1 30 676 645 322 676 676 643 675 291 353 676 352 1 329 676 29 354 676 381 323 645 32 323 676 676 354 322 645 675 645 356 354 321 329 292 419 644 644 323 380 676 352 322 676 323 675 356 676 676 651 322 1 354 676 646 674 646 646 620 1 676 356 676 323 322 322 323 32 352 644 676 32 676 412 676 676 355 1 644 1 354 323 354 646 354 676 676 1 34 352 645 353 354 354 1 2 676 353 354 329 676 1 323 65 355 645 30 355 645 354 322 324 358 676 645 676 355 33 643 675 1 323 298 327 65 649 644 1 323 644 645 350 354 329 323 652 350 388 645 1 323 31 675 643 393 1 676 353 676 353 323 321 329 28 645 1 645 676 354 344 675 645 355 652 354 322 354 323 676 354 354 644 32 323 675 324 676 322 387 645 676 352 651 646 675 676 323 645 666 676 30 353 645 348 676 322 646 651 323 645 327 354 322 354 350 323 33 386 322 322 324 354 321 354 39 323 644 330 676 646 7 355 676 675 322 323 354 1 322 676 676 322 323 2 676 675 354 676 645 33 654 676 330 323 
c [Label = 678] Encoding starts with target value = 322:
c [Label = 678] Encoding duration: 12295ms.
c [Label = 678] Number of clauses: 7220472.
c [Label = 678] Number of variables: 1262898.
c [Label = 678] Solving duration: 21663 ms.
s [Label = 678] SAT (w = 322).
c [Label = 678]Label assignment: 1 1 322 322 391 34 1 70 1 1 355 1 1 293 1 1 34 323 323 289 1 356 290 35 290 354 28 1 8 289 290 356 322 288 1 1 322 7 322 1 33 290 29 356 356 356 323 357 356 356 322 356 668 32 391 5 654 425 357 356 289 290 289 322 323 645 354 678 322 69 376 677 1 1 68 1 678 356 1 678 324 391 1 322 644 678 322 1 678 1 1 678 323 324 677 323 1 323 295 322 392 678 677 356 356 358 329 32 323 70 322 678 645 36 678 290 356 356 356 323 651 356 391 357 352 322 354 1 323 350 678 321 322 350 391 1 35 356 644 355 391 355 678 2 645 1 69 678 321 9 678 326 1 677 323 392 323 323 678 62 678 678 357 1 356 322 677 290 35 677 1 24 356 356 678 322 290 323 678 2 678 677 645 7 645 346 355 321 356 649 678 323 1 358 356 322 28 678 678 357 36 678 677 324 355 356 63 646 322 36 645 323 678 355 1 644 323 678 356 323 321 323 678 676 645 324 651 356 358 69 356 677 677 322 332 323 322 644 30 678 363 346 678 644 356 323 322 290 678 28 651 644 322 355 356 329 36 322 321 612 678 321 32 35 356 323 323 354 356 356 652 357 323 34 664 35 356 1 329 356 392 36 323 678 323 321 654 323 355 678 1 323 356 323 322 323 1 678 358 324 678 1 32 678 645 322 678 678 643 677 289 355 678 354 1 329 678 31 356 678 385 323 645 34 323 678 678 356 322 645 677 645 358 356 321 329 290 425 644 644 323 384 678 354 322 678 323 677 358 678 678 651 322 1 356 678 646 676 646 646 618 1 678 358 678 323 322 322 323 34 354 644 678 34 678 418 678 678 357 1 644 1 356 323 356 646 356 678 678 1 36 354 645 355 356 356 1 2 678 355 356 329 678 1 323 69 357 645 32 357 645 356 322 324 360 678 645 678 357 35 643 677 1 323 296 327 69 649 644 1 323 644 645 352 356 329 323 652 352 392 645 1 323 33 677 643 397 1 678 355 678 355 323 321 329 30 645 1 645 678 356 346 677 645 357 652 356 322 356 323 678 356 356 644 34 323 677 324 678 322 391 645 678 354 651 646 677 678 323 645 668 678 32 355 645 350 678 322 646 651 323 645 327 356 322 356 352 323 35 390 322 322 324 356 321 356 41 323 644 330 678 646 7 357 678 677 322 323 356 1 322 678 678 322 323 2 678 677 356 678 645 35 654 678 330 323 
c [Label = 679] Encoding starts with target value = 322:
c [Label = 679] Encoding duration: 12359ms.
c [Label = 679] Number of clauses: 7228566.
c [Label = 679] Number of variables: 1263990.
c [Label = 679] Solving duration: 21721 ms.
s [Label = 679] SAT (w = 322).
c [Label = 679]Label assignment: 1 1 322 322 393 35 1 72 1 1 356 1 1 292 1 1 35 323 323 288 1 357 289 36 289 355 29 1 8 288 289 357 322 287 1 1 322 7 322 1 34 289 30 357 357 357 323 358 357 357 322 357 669 33 393 5 655 428 358 357 288 289 288 322 323 645 355 679 322 71 378 678 1 1 70 1 679 357 1 679 324 393 1 322 644 679 322 1 679 1 1 679 323 324 678 323 1 323 294 322 394 679 678 357 357 359 329 33 323 72 322 679 645 37 679 289 357 357 357 323 651 357 393 358 353 322 355 1 323 351 679 321 322 351 393 1 36 357 644 356 393 356 679 2 645 1 71 679 321 9 679 326 1 678 323 394 323 323 679 64 679 679 358 1 357 322 678 289 36 678 1 25 357 357 679 322 289 323 679 2 679 678 645 7 645 347 356 321 357 649 679 323 1 359 357 322 29 679 679 358 37 679 678 324 356 357 65 646 322 37 645 323 679 356 1 644 323 679 357 323 321 323 679 677 645 324 651 357 359 71 357 678 678 322 332 323 322 644 31 679 364 347 679 644 357 323 322 289 679 29 651 644 322 356 357 329 37 322 321 611 679 321 33 36 357 323 323 355 357 357 652 358 323 35 665 36 357 1 329 357 394 37 323 679 323 321 654 323 356 679 1 323 357 323 322 323 1 679 359 324 679 1 33 679 645 322 679 679 643 678 288 356 679 355 1 329 679 32 357 679 387 323 645 35 323 679 679 357 322 645 678 645 359 357 321 329 289 428 644 644 323 386 679 355 322 679 323 678 359 679 679 651 322 1 357 679 646 677 646 646 617 1 679 359 679 323 322 322 323 35 355 644 679 35 679 421 679 679 358 1 644 1 357 323 357 646 357 679 679 1 37 355 645 356 357 357 1 2 679 356 357 329 679 1 323 71 358 645 33 358 645 357 322 324 361 679 645 679 358 36 643 678 1 323 295 327 71 649 644 1 323 644 645 353 357 329 323 652 353 394 645 1 323 34 678 643 399 1 679 356 679 356 323 321 329 31 645 1 645 679 357 347 678 645 358 652 357 322 357 323 679 357 357 644 35 323 678 324 679 322 393 645 679 355 651 646 678 679 323 645 669 679 33 356 645 351 679 322 646 651 323 645 327 357 322 357 353 323 36 392 322 322 324 357 321 357 42 323 644 330 679 646 7 358 679 678 322 323 357 1 322 679 679 322 323 2 679 678 357 679 645 36 655 679 330 323 
c [Main] Lowest label SAT is set to 676.
c [Main] Kill higher label pid 677.
c [Main] Kill higher label pid 678.
c [Main] Kill higher label pid 679.
c [Main] Kill higher label pid 680.
c [Main] Kill higher label pid 681.
c [Main] Kill higher label pid 682.
c [Main] Kill higher label pid 683.
c [Label = 680] Encoding starts with target value = 322:
c [Label = 680] Encoding duration: 12683ms.
c [Label = 680] Number of clauses: 7236661.
c [Label = 680] Number of variables: 1265082.
c [Label = 680] Solving duration: 22177 ms.
s [Label = 680] SAT (w = 322).
c [Label = 680]Label assignment: 1 1 322 322 395 36 1 74 1 1 357 1 1 291 1 1 36 323 323 287 1 358 288 37 288 356 30 1 8 287 288 358 322 286 1 1 322 7 322 1 35 288 31 358 358 358 323 359 358 358 322 358 670 34 395 5 656 431 359 358 287 288 287 322 323 645 356 680 322 73 379 679 1 1 72 1 680 358 1 680 324 395 1 322 644 680 322 1 680 1 1 680 323 324 679 323 1 323 293 322 396 680 679 358 358 360 329 34 323 74 322 680 645 38 680 288 358 358 358 323 651 358 395 359 354 322 356 1 323 352 680 321 322 352 395 1 37 358 644 357 395 357 680 2 645 1 73 680 321 9 680 326 1 679 323 396 323 323 680 66 680 680 359 1 358 322 679 288 37 679 1 26 358 358 680 322 288 323 680 2 680 679 645 7 645 348 357 321 358 649 680 323 1 360 358 322 30 680 680 359 38 680 679 324 357 358 67 646 322 38 645 323 680 357 1 644 323 680 358 323 321 323 680 678 645 324 651 358 360 73 358 679 679 322 332 323 322 644 32 680 365 348 680 644 358 323 322 288 680 30 651 644 322 357 358 329 38 322 321 610 680 321 34 37 358 323 323 356 358 358 652 359 323 36 666 37 358 1 329 358 396 38 323 680 323 321 654 323 357 680 1 323 358 323 322 323 1 680 360 324 680 1 34 680 645 322 680 680 643 679 287 357 680 356 1 329 680 33 358 680 389 323 645 36 323 680 680 358 322 645 679 645 360 358 321 329 288 431 644 644 323 388 680 356 322 680 323 679 360 680 680 651 322 1 358 680 646 678 646 646 616 1 680 360 680 323 322 322 323 36 356 644 680 36 680 424 680 680 359 1 644 1 358 323 358 646 358 680 680 1 38 356 645 357 358 358 1 2 680 357 358 329 680 1 323 73 359 645 34 359 645 358 322 324 362 680 645 680 359 37 643 679 1 323 294 327 73 649 644 1 323 644 645 354 358 329 323 652 354 396 645 1 323 35 679 643 401 1 680 357 680 357 323 321 329 32 645 1 645 680 358 348 679 645 359 652 358 322 358 323 680 358 358 644 36 323 679 324 680 322 395 645 680 356 651 646 679 680 323 645 670 680 34 357 645 352 680 322 646 651 323 645 327 358 322 358 354 323 37 394 322 322 324 358 321 358 43 323 644 330 680 646 7 359 680 679 322 323 358 1 322 680 680 322 323 2 680 679 358 680 645 37 656 680 330 323 
c [Signal] Signal interruption. Caught signal: SIGTERM (15).
c [Label = 677] Encoding starts with target value = 322:
c [Label = 677] Encoding duration: 12383ms.
c [Label = 677] Number of clauses: 7212377.
c [Label = 677] Number of variables: 1261806.
c [Label = 677] Solving duration: 21675 ms.
s [Label = 677] SAT (w = 322).
c [Label = 677]Label assignment: 1 1 322 322 389 33 1 68 1 1 354 1 1 294 1 1 33 323 323 290 1 355 291 34 291 353 27 1 8 290 291 355 322 289 1 1 322 7 322 1 32 291 28 355 355 355 323 356 355 355 322 355 667 31 389 5 654 422 356 355 290 291 290 322 323 645 353 677 322 67 375 676 1 1 66 1 677 355 1 677 324 389 1 322 644 677 322 1 677 1 1 677 323 324 676 323 1 323 296 322 390 677 676 355 355 357 329 31 323 68 322 677 645 35 677 291 355 355 355 323 651 355 389 356 351 322 353 1 323 349 677 321 322 349 389 1 34 355 644 354 389 354 677 2 645 1 67 677 321 9 677 326 1 676 323 390 323 323 677 60 677 677 356 1 355 322 676 291 34 676 1 23 355 355 677 322 291 323 677 2 677 676 645 7 645 345 354 321 355 649 677 323 1 357 355 322 27 677 677 356 35 677 676 324 354 355 61 646 322 35 645 323 677 354 1 644 323 677 355 323 321 323 677 675 645 324 651 355 357 67 355 676 676 322 332 323 322 644 29 677 362 345 677 644 355 323 322 291 677 27 651 644 322 354 355 329 35 322 321 613 677 321 31 34 355 323 323 353 355 355 652 356 323 33 663 34 355 1 329 355 390 35 323 677 323 321 654 323 354 677 1 323 355 323 322 323 1 677 357 324 677 1 31 677 645 322 677 677 643 676 290 354 677 353 1 329 677 30 355 677 383 323 645 33 323 677 677 355 322 645 676 645 357 355 321 329 291 422 644 644 323 382 677 353 322 677 323 676 357 677 677 651 322 1 355 677 646 675 646 646 619 1 677 357 677 323 322 322 323 33 353 644 677 33 677 415 677 677 356 1 644 1 355 323 355 646 355 677 677 1 35 353 645 354 355 355 1 2 677 354 355 329 677 1 323 67 356 645 31 356 645 355 322 324 359 677 645 677 356 34 643 676 1 323 297 327 67 649 644 1 323 644 645 351 355 329 323 652 351 390 645 1 323 32 676 643 395 1 677 354 677 354 323 321 329 29 645 1 645 677 355 345 676 645 356 652 355 322 355 323 677 355 355 644 33 323 676 324 677 322 389 645 677 353 651 646 676 677 323 645 667 677 31 354 645 349 677 322 646 651 323 645 327 355 322 355 351 323 34 388 322 322 324 355 321 355 40 323 644 330 677 646 7 356 677 676 322 323 355 1 322 677 677 322 323 2 677 676 355 677 645 34 654 677 330 323 
c [Signal] Signal interruption. Caught signal: SIGTERM (15).
c [Label = 682] Encoding starts with target value = 322:
c [Label = 682] Encoding duration: 12407ms.
c [Label = 682] Number of clauses: 7252850.
c [Label = 682] Number of variables: 1267266.
c [Label = 682] Solving duration: 22088 ms.
s [Label = 682] SAT (w = 322).
c [Label = 682]Label assignment: 1 1 322 322 399 38 1 78 1 1 359 1 1 289 1 1 38 323 323 285 1 360 286 39 286 358 32 1 8 285 286 360 322 284 1 1 322 7 322 1 37 286 33 360 360 360 323 361 360 360 322 360 672 36 399 5 656 437 361 360 285 286 285 322 323 645 358 682 322 77 382 681 1 1 76 1 682 360 1 682 324 399 1 322 644 682 322 1 682 1 1 682 323 324 681 323 1 323 291 322 400 682 681 360 360 362 329 36 323 78 322 682 645 40 682 286 360 360 360 323 651 360 399 361 356 322 358 1 323 354 682 321 322 354 399 1 39 360 644 359 399 359 682 2 645 1 77 682 321 9 682 326 1 681 323 400 323 323 682 70 682 682 361 1 360 322 681 286 39 681 1 28 360 360 682 322 286 323 682 2 682 681 645 7 645 350 359 321 360 649 682 323 1 362 360 322 32 682 682 361 40 682 681 324 359 360 71 646 322 40 645 323 682 359 1 644 323 682 360 323 321 323 682 680 645 324 651 360 362 77 360 681 681 322 332 323 322 644 34 682 367 350 682 644 360 323 322 286 682 32 651 644 322 359 360 329 40 322 321 608 682 321 36 39 360 323 323 358 360 360 652 361 323 38 668 39 360 1 329 360 400 40 323 682 323 321 654 323 359 682 1 323 360 323 322 323 1 682 362 324 682 1 36 682 645 322 682 682 643 681 285 359 682 358 1 329 682 35 360 682 393 323 645 38 323 682 682 360 322 645 681 645 362 360 321 329 286 437 644 644 323 392 682 358 322 682 323 681 362 682 682 651 322 1 360 682 646 680 646 646 614 1 682 362 682 323 322 322 323 38 358 644 682 38 682 430 682 682 361 1 644 1 360 323 360 646 360 682 682 1 40 358 645 359 360 360 1 2 682 359 360 329 682 1 323 77 361 645 36 361 645 360 322 324 364 682 645 682 361 39 643 681 1 323 292 327 77 649 644 1 323 644 645 356 360 329 323 652 356 400 645 1 323 37 681 643 405 1 682 359 682 359 323 321 329 34 645 1 645 682 360 350 681 645 361 652 360 322 360 323 682 360 360 644 38 323 681 324 682 322 399 645 682 358 651 646 681 682 323 645 672 682 36 359 645 354 682 322 646 651 323 645 327 360 322 360 356 323 39 398 322 322 324 360 321 360 45 323 644 330 682 646 7 361 682 681 322 323 360 1 322 682 682 322 323 2 682 681 360 682 645 39 656 682 330 323 
c [Signal] Signal interruption. Caught signal: SIGTERM (15).
c [Label = 683] Encoding starts with target value = 322:
c [Label = 683] Encoding duration: 12354ms.
c [Label = 683] Number of clauses: 7260944.
c [Label = 683] Number of variables: 1268358.
c [Label = 683] Solving duration: 21876 ms.
s [Label = 683] SAT (w = 322).
c [Label = 683]Label assignment: 1 1 322 322 401 39 1 80 1 1 360 1 1 288 1 1 39 323 323 284 1 361 285 40 285 359 33 1 8 284 285 361 322 283 1 1 322 7 322 1 38 285 34 361 361 361 323 362 361 361 322 361 673 37 401 5 657 440 362 361 284 285 284 322 323 645 359 683 322 79 384 682 1 1 78 1 683 361 1 683 324 401 1 322 644 683 322 1 683 1 1 683 323 324 682 323 1 323 290 322 402 683 682 361 361 363 329 37 323 80 322 683 645 41 683 285 361 361 361 323 651 361 401 362 357 322 359 1 323 355 683 321 322 355 401 1 40 361 644 360 401 360 683 2 645 1 79 683 321 9 683 326 1 682 323 402 323 323 683 72 683 683 362 1 361 322 682 285 40 682 1 29 361 361 683 322 285 323 683 2 683 682 645 7 645 351 360 321 361 649 683 323 1 363 361 322 33 683 683 362 41 683 682 324 360 361 73 646 322 41 645 323 683 360 1 644 323 683 361 323 321 323 683 681 645 324 651 361 363 79 361 682 682 322 332 323 322 644 35 683 368 351 683 644 361 323 322 285 683 33 651 644 322 360 361 329 41 322 321 607 683 321 37 40 361 323 323 359 361 361 652 362 323 39 669 40 361 1 329 361 402 41 323 683 323 321 654 323 360 683 1 323 361 323 322 323 1 683 363 324 683 1 37 683 645 322 683 683 643 682 284 360 683 359 1 329 683 36 361 683 395 323 645 39 323 683 683 361 322 645 682 645 363 361 321 329 285 440 644 644 323 394 683 359 322 683 323 682 363 683 683 651 322 1 361 683 646 681 646 646 613 1 683 363 683 323 322 322 323 39 359 644 683 39 683 433 683 683 362 1 644 1 361 323 361 646 361 683 683 1 41 359 645 360 361 361 1 2 683 360 361 329 683 1 323 79 362 645 37 362 645 361 322 324 365 683 645 683 362 40 643 682 1 323 291 327 79 649 644 1 323 644 645 357 361 329 323 652 357 402 645 1 323 38 682 643 407 1 683 360 683 360 323 321 329 35 645 1 645 683 361 351 682 645 362 652 361 322 361 323 683 361 361 644 39 323 682 324 683 322 401 645 683 359 651 646 682 683 323 645 673 683 37 360 645 355 683 322 646 651 323 645 327 361 322 361 357 323 40 400 322 322 324 361 321 361 46 323 644 330 683 646 7 362 683 682 322 323 361 1 322 683 683 322 323 2 683 682 361 683 645 40 657 683 330 323 
c [Signal] Signal interruption. Caught signal: SIGTERM (15).
c [Label = 681] Encoding starts with target value = 322:
c [Label = 681] Encoding duration: 12331ms.
c [Label = 681] Number of clauses: 7244755.
c [Label = 681] Number of variables: 1266174.
c [Label = 681] Solving duration: 21732 ms.
s [Label = 681] SAT (w = 322).
c [Label = 681]Label assignment: 1 1 322 322 397 37 1 76 1 1 358 1 1 290 1 1 37 323 323 286 1 359 287 38 287 357 31 1 8 286 287 359 322 285 1 1 322 7 322 1 36 287 32 359 359 359 323 360 359 359 322 359 671 35 397 5 656 434 360 359 286 287 286 322 323 645 357 681 322 75 381 680 1 1 74 1 681 359 1 681 324 397 1 322 644 681 322 1 681 1 1 681 323 324 680 323 1 323 292 322 398 681 680 359 359 361 329 35 323 76 322 681 645 39 681 287 359 359 359 323 651 359 397 360 355 322 357 1 323 353 681 321 322 353 397 1 38 359 644 358 397 358 681 2 645 1 75 681 321 9 681 326 1 680 323 398 323 323 681 68 681 681 360 1 359 322 680 287 38 680 1 27 359 359 681 322 287 323 681 2 681 680 645 7 645 349 358 321 359 649 681 323 1 361 359 322 31 681 681 360 39 681 680 324 358 359 69 646 322 39 645 323 681 358 1 644 323 681 359 323 321 323 681 679 645 324 651 359 361 75 359 680 680 322 332 323 322 644 33 681 366 349 681 644 359 323 322 287 681 31 651 644 322 358 359 329 39 322 321 609 681 321 35 38 359 323 323 357 359 359 652 360 323 37 667 38 359 1 329 359 398 39 323 681 323 321 654 323 358 681 1 323 359 323 322 323 1 681 361 324 681 1 35 681 645 322 681 681 643 680 286 358 681 357 1 329 681 34 359 681 391 323 645 37 323 681 681 359 322 645 680 645 361 359 321 329 287 434 644 644 323 390 681 357 322 681 323 680 361 681 681 651 322 1 359 681 646 679 646 646 615 1 681 361 681 323 322 322 323 37 357 644 681 37 681 427 681 681 360 1 644 1 359 323 359 646 359 681 681 1 39 357 645 358 359 359 1 2 681 358 359 329 681 1 323 75 360 645 35 360 645 359 322 324 363 681 645 681 360 38 643 680 1 323 293 327 75 649 644 1 323 644 645 355 359 329 323 652 355 398 645 1 323 36 680 643 403 1 681 358 681 358 323 321 329 33 645 1 645 681 359 349 680 645 360 652 359 322 359 323 681 359 359 644 37 323 680 324 681 322 397 645 681 357 651 646 680 681 323 645 671 681 35 358 645 353 681 322 646 651 323 645 327 359 322 359 355 323 38 396 322 322 324 359 321 359 44 323 644 330 681 646 7 360 681 680 322 323 359 1 322 681 681 322 323 2 681 680 359 681 645 38 656 681 330 323 
c [Signal] Signal interruption. Caught signal: SIGTERM (15).
c [Label = 675] Minimize Makespan Labeling problem (S-sherman4.mtx.rnd):
c [Main] Kill higher label pid 679.
c [Main] Kill higher label pid 680.
c [Main] Kill higher label pid 681.
c [Main] Kill higher label pid 682.
c [Main] Kill higher label pid 683.
c [Label = 674] Minimize Makespan Labeling problem (S-sherman4.mtx.rnd):
c [Main] Kill higher label pid 680.
c [Main] Kill higher label pid 681.
c [Main] Kill higher label pid 682.
c [Main] Kill higher label pid 683.
c [Label = 673] Minimize Makespan Labeling problem (S-sherman4.mtx.rnd):
c [Main] Child pid 681 - 821548 terminated by signal 15.
c [Label = 672] Minimize Makespan Labeling problem (S-sherman4.mtx.rnd):
c [Main] Child pid 677 - 821552 terminated by signal 15.
c [Label = 671] Minimize Makespan Labeling problem (S-sherman4.mtx.rnd):
c [Main] Child pid 682 - 821547 terminated by signal 15.
c [Main] Child pid 683 - 821546 terminated by signal 15.
c [Label = 669] Minimize Makespan Labeling problem (S-sherman4.mtx.rnd):
c [Label = 670] Minimize Makespan Labeling problem (S-sherman4.mtx.rnd):
c [Main] Child pid 680 - 821549 terminated by signal 15.
c [Label = 668] Minimize Makespan Labeling problem (S-sherman4.mtx.rnd):
c [Label = 675] Encoding starts with target value = 322:
c [Label = 675] Encoding duration: 12044ms.
c [Label = 675] Number of clauses: 7196188.
c [Label = 675] Number of variables: 1259622.
c [Label = 675] Solving duration: 20875 ms.
s [Label = 675] SAT (w = 322).
c [Label = 675]Label assignment: 1 1 322 322 385 31 1 64 1 1 352 1 1 296 1 1 31 323 323 292 1 353 293 32 293 351 25 1 8 292 293 353 322 291 1 1 322 7 322 1 30 293 26 353 353 353 323 354 353 353 322 353 665 29 385 5 653 416 354 353 292 293 292 322 323 645 351 675 322 63 372 674 1 1 62 1 675 353 1 675 324 385 1 322 644 675 322 1 675 1 1 675 323 324 674 323 1 323 298 322 386 675 674 353 353 355 329 29 323 64 322 675 645 33 675 293 353 353 353 323 651 353 385 354 349 322 351 1 323 347 675 321 322 347 385 1 32 353 644 352 385 352 675 2 645 1 63 675 321 9 675 326 1 674 323 386 323 323 675 56 675 675 354 1 353 322 674 293 32 674 1 21 353 353 675 322 293 323 675 2 675 674 645 7 645 343 352 321 353 649 675 323 1 355 353 322 25 675 675 354 33 675 674 324 352 353 57 646 322 33 645 323 675 352 1 644 323 675 353 323 321 323 675 673 645 324 651 353 355 63 353 674 674 322 331 323 322 644 27 675 360 343 675 644 353 323 322 293 675 25 651 644 322 352 353 329 33 322 321 615 675 321 29 32 353 323 323 351 353 353 652 354 323 31 661 32 353 1 329 353 386 33 323 675 323 321 653 323 352 675 1 323 353 323 322 323 1 675 355 324 675 1 29 675 645 322 675 675 643 674 292 352 675 351 1 329 675 28 353 675 379 323 645 31 323 675 675 353 322 645 674 645 355 353 321 329 293 416 644 644 323 378 675 351 322 675 323 674 355 675 675 651 322 1 353 675 646 673 646 646 621 1 675 355 675 323 322 322 323 31 351 644 675 31 675 409 675 675 354 1 644 1 353 323 353 646 353 675 675 1 33 351 645 352 353 353 1 2 675 352 353 329 675 1 323 63 354 645 29 354 645 353 322 324 357 675 645 675 354 32 643 674 1 323 299 327 63 649 644 1 323 644 645 349 353 329 323 652 349 386 645 1 323 30 674 643 391 1 675 352 675 352 323 321 329 27 645 1 645 675 353 343 674 645 354 652 353 322 353 323 675 353 353 644 31 323 674 324 675 322 385 645 675 351 651 646 674 675 323 645 665 675 29 352 645 347 675 322 646 651 323 645 327 353 322 353 349 323 32 384 322 322 324 353 321 353 38 323 644 330 675 646 7 354 675 674 322 323 353 1 322 675 675 322 323 2 675 674 353 675 645 32 653 675 330 323 
c [Label = 669] Encoding starts with target value = 322:
c [Label = 669] Encoding duration: 12054ms.
c [Label = 669] Number of clauses: 7147621.
c [Label = 669] Number of variables: 1253070.
c [Label = 669] Solving duration: 20598 ms.
s [Label = 669] SAT (w = 322).
c [Label = 669]Label assignment: 1 1 322 322 373 25 1 52 1 1 346 1 1 302 1 1 25 323 323 298 1 347 299 26 299 345 19 1 8 298 299 347 322 297 1 1 322 7 322 1 24 299 20 347 347 347 323 348 347 347 322 347 659 23 373 5 652 398 348 347 298 299 298 322 323 645 345 669 322 51 363 668 1 1 50 1 669 347 1 669 324 373 1 322 644 669 322 1 669 1 1 669 323 324 668 323 1 323 304 322 374 669 668 347 347 349 329 23 323 52 322 669 645 27 669 299 347 347 347 323 651 347 373 348 343 322 345 1 323 341 669 321 322 341 373 1 26 347 644 346 373 346 669 2 645 1 51 669 321 9 669 326 1 668 323 374 323 323 669 44 669 669 348 1 347 322 668 299 26 668 1 15 347 347 669 322 299 323 669 2 669 668 645 7 645 337 346 321 347 649 669 323 1 349 347 322 19 669 669 348 27 669 668 324 346 347 45 646 322 27 645 323 669 346 1 644 323 669 347 323 321 323 669 667 645 324 651 347 349 51 347 668 668 322 330 323 322 644 21 669 354 337 669 644 347 323 322 299 669 19 651 644 322 346 347 329 27 322 321 621 669 321 23 26 347 323 323 345 347 347 652 348 323 25 655 26 347 1 329 347 374 27 323 669 323 321 652 323 346 669 1 323 347 323 322 323 1 669 349 324 669 1 23 669 645 322 669 669 643 668 298 346 669 345 1 329 669 22 347 669 367 323 645 25 323 669 669 347 322 645 668 645 349 347 321 329 299 398 644 644 323 366 669 345 322 669 323 668 349 669 669 651 322 1 347 669 646 667 646 646 627 1 669 349 669 323 322 322 323 25 345 644 669 25 669 391 669 669 348 1 644 1 347 323 347 646 347 669 669 1 27 345 645 346 347 347 1 2 669 346 347 329 669 1 323 51 348 645 23 348 645 347 322 324 351 669 645 669 348 26 643 668 1 323 305 327 51 649 644 1 323 644 645 343 347 329 323 652 343 374 645 1 323 24 668 643 379 1 669 346 669 346 323 321 329 21 645 1 645 669 347 337 668 645 348 652 347 322 347 323 669 347 347 644 25 323 668 324 669 322 373 645 669 345 651 646 668 669 323 645 659 669 23 346 645 341 669 322 646 651 323 645 327 347 322 347 343 323 26 372 322 322 324 347 321 347 32 323 644 330 669 646 7 348 669 668 322 323 347 1 322 669 669 322 323 2 669 668 347 669 645 26 652 669 330 323 
c [Main] Lowest label SAT is set to 675.
c [Label = 667] Minimize Makespan Labeling problem (S-sherman4.mtx.rnd):
c [Label = 670] Encoding starts with target value = 322:
c [Label = 670] Encoding duration: 12018ms.
c [Label = 670] Number of clauses: 7155716.
c [Label = 670] Number of variables: 1254162.
c [Label = 670] Solving duration: 20817 ms.
s [Label = 670] SAT (w = 322).
c [Label = 670]Label assignment: 1 1 322 322 375 26 1 54 1 1 347 1 1 301 1 1 26 323 323 297 1 348 298 27 298 346 20 1 8 297 298 348 322 296 1 1 322 7 322 1 25 298 21 348 348 348 323 349 348 348 322 348 660 24 375 5 652 401 349 348 297 298 297 322 323 645 346 670 322 53 364 669 1 1 52 1 670 348 1 670 324 375 1 322 644 670 322 1 670 1 1 670 323 324 669 323 1 323 303 322 376 670 669 348 348 350 329 24 323 54 322 670 645 28 670 298 348 348 348 323 651 348 375 349 344 322 346 1 323 342 670 321 322 342 375 1 27 348 644 347 375 347 670 2 645 1 53 670 321 9 670 326 1 669 323 376 323 323 670 46 670 670 349 1 348 322 669 298 27 669 1 16 348 348 670 322 298 323 670 2 670 669 645 7 645 338 347 321 348 649 670 323 1 350 348 322 20 670 670 349 28 670 669 324 347 348 47 646 322 28 645 323 670 347 1 644 323 670 348 323 321 323 670 668 645 324 651 348 350 53 348 669 669 322 330 323 322 644 22 670 355 338 670 644 348 323 322 298 670 20 651 644 322 347 348 329 28 322 321 620 670 321 24 27 348 323 323 346 348 348 652 349 323 26 656 27 348 1 329 348 376 28 323 670 323 321 652 323 347 670 1 323 348 323 322 323 1 670 350 324 670 1 24 670 645 322 670 670 643 669 297 347 670 346 1 329 670 23 348 670 369 323 645 26 323 670 670 348 322 645 669 645 350 348 321 329 298 401 644 644 323 368 670 346 322 670 323 669 350 670 670 651 322 1 348 670 646 668 646 646 626 1 670 350 670 323 322 322 323 26 346 644 670 26 670 394 670 670 349 1 644 1 348 323 348 646 348 670 670 1 28 346 645 347 348 348 1 2 670 347 348 329 670 1 323 53 349 645 24 349 645 348 322 324 352 670 645 670 349 27 643 669 1 323 304 327 53 649 644 1 323 644 645 344 348 329 323 652 344 376 645 1 323 25 669 643 381 1 670 347 670 347 323 321 329 22 645 1 645 670 348 338 669 645 349 652 348 322 348 323 670 348 348 644 26 323 669 324 670 322 375 645 670 346 651 646 669 670 323 645 660 670 24 347 645 342 670 322 646 651 323 645 327 348 322 348 344 323 27 374 322 322 324 348 321 348 33 323 644 330 670 646 7 349 670 669 322 323 348 1 322 670 670 322 323 2 670 669 348 670 645 27 652 670 330 323 
c [Label = 671] Encoding starts with target value = 322:
c [Label = 671] Encoding duration: 12028ms.
c [Label = 671] Number of clauses: 7163810.
c [Label = 671] Number of variables: 1255254.
c [Label = 671] Solving duration: 20846 ms.
s [Label = 671] SAT (w = 322).
c [Label = 671]Label assignment: 1 1 322 322 377 27 1 56 1 1 348 1 1 300 1 1 27 323 323 296 1 349 297 28 297 347 21 1 8 296 297 349 322 295 1 1 322 7 322 1 26 297 22 349 349 349 323 350 349 349 322 349 661 25 377 5 652 404 350 349 296 297 296 322 323 645 347 671 322 55 366 670 1 1 54 1 671 349 1 671 324 377 1 322 644 671 322 1 671 1 1 671 323 324 670 323 1 323 302 322 378 671 670 349 349 351 329 25 323 56 322 671 645 29 671 297 349 349 349 323 651 349 377 350 345 322 347 1 323 343 671 321 322 343 377 1 28 349 644 348 377 348 671 2 645 1 55 671 321 9 671 326 1 670 323 378 323 323 671 48 671 671 350 1 349 322 670 297 28 670 1 17 349 349 671 322 297 323 671 2 671 670 645 7 645 339 348 321 349 649 671 323 1 351 349 322 21 671 671 350 29 671 670 324 348 349 49 646 322 29 645 323 671 348 1 644 323 671 349 323 321 323 671 669 645 324 651 349 351 55 349 670 670 322 330 323 322 644 23 671 356 339 671 644 349 323 322 297 671 21 651 644 322 348 349 329 29 322 321 619 671 321 25 28 349 323 323 347 349 349 652 350 323 27 657 28 349 1 329 349 378 29 323 671 323 321 652 323 348 671 1 323 349 323 322 323 1 671 351 324 671 1 25 671 645 322 671 671 643 670 296 348 671 347 1 329 671 24 349 671 371 323 645 27 323 671 671 349 322 645 670 645 351 349 321 329 297 404 644 644 323 370 671 347 322 671 323 670 351 671 671 651 322 1 349 671 646 669 646 646 625 1 671 351 671 323 322 322 323 27 347 644 671 27 671 397 671 671 350 1 644 1 349 323 349 646 349 671 671 1 29 347 645 348 349 349 1 2 671 348 349 329 671 1 323 55 350 645 25 350 645 349 322 324 353 671 645 671 350 28 643 670 1 323 303 327 55 649 644 1 323 644 645 345 349 329 323 652 345 378 645 1 323 26 670 643 383 1 671 348 671 348 323 321 329 23 645 1 645 671 349 339 670 645 350 652 349 322 349 323 671 349 349 644 27 323 670 324 671 322 377 645 671 347 651 646 670 671 323 645 661 671 25 348 645 343 671 322 646 651 323 645 327 349 322 349 345 323 28 376 322 322 324 349 321 349 34 323 644 330 671 646 7 350 671 670 322 323 349 1 322 671 671 322 323 2 671 670 349 671 645 28 652 671 330 323 
c [Label = 674] Encoding starts with target value = 322:
c [Label = 674] Encoding duration: 12019ms.
c [Label = 674] Number of clauses: 7188094.
c [Label = 674] Number of variables: 1258530.
c [Label = 674] Solving duration: 20926 ms.
s [Label = 674] SAT (w = 322).
c [Label = 674]Label assignment: 1 1 322 322 383 30 1 62 1 1 351 1 1 297 1 1 30 323 323 293 1 352 294 31 294 350 24 1 8 293 294 352 322 292 1 1 322 7 322 1 29 294 25 352 352 352 323 353 352 352 322 352 664 28 383 5 653 413 353 352 293 294 293 322 323 645 350 674 322 61 370 673 1 1 60 1 674 352 1 674 324 383 1 322 644 674 322 1 674 1 1 674 323 324 673 323 1 323 299 322 384 674 673 352 352 354 329 28 323 62 322 674 645 32 674 294 352 352 352 323 651 352 383 353 348 322 350 1 323 346 674 321 322 346 383 1 31 352 644 351 383 351 674 2 645 1 61 674 321 9 674 326 1 673 323 384 323 323 674 54 674 674 353 1 352 322 673 294 31 673 1 20 352 352 674 322 294 323 674 2 674 673 645 7 645 342 351 321 352 649 674 323 1 354 352 322 24 674 674 353 32 674 673 324 351 352 55 646 322 32 645 323 674 351 1 644 323 674 352 323 321 323 674 672 645 324 651 352 354 61 352 673 673 322 331 323 322 644 26 674 359 342 674 644 352 323 322 294 674 24 651 644 322 351 352 329 32 322 321 616 674 321 28 31 352 323 323 350 352 352 652 353 323 30 660 31 352 1 329 352 384 32 323 674 323 321 653 323 351 674 1 323 352 323 322 323 1 674 354 324 674 1 28 674 645 322 674 674 643 673 293 351 674 350 1 329 674 27 352 674 377 323 645 30 323 674 674 352 322 645 673 645 354 352 321 329 294 413 644 644 323 376 674 350 322 674 323 673 354 674 674 651 322 1 352 674 646 672 646 646 622 1 674 354 674 323 322 322 323 30 350 644 674 30 674 406 674 674 353 1 644 1 352 323 352 646 352 674 674 1 32 350 645 351 352 352 1 2 674 351 352 329 674 1 323 61 353 645 28 353 645 352 322 324 356 674 645 674 353 31 643 673 1 323 300 327 61 649 644 1 323 644 645 348 352 329 323 652 348 384 645 1 323 29 673 643 389 1 674 351 674 351 323 321 329 26 645 1 645 674 352 342 673 645 353 652 352 322 352 323 674 352 352 644 30 323 673 324 674 322 383 645 674 350 651 646 673 674 323 645 664 674 28 351 645 346 674 322 646 651 323 645 327 352 322 352 348 323 31 382 322 322 324 352 321 352 37 323 644 330 674 646 7 353 674 673 322 323 352 1 322 674 674 322 323 2 674 673 352 674 645 31 653 674 330 323 
c [Main] Lowest label SAT is set to 669.
c [Main] Kill higher label pid 671.
c [Main] Kill higher label pid 672.
c [Main] Kill higher label pid 673.
c [Main] Kill higher label pid 674.
c [Main] Kill higher label pid 670.
c [Label = 672] Encoding starts with target value = 322:
c [Label = 672] Encoding duration: 12049ms.
c [Label = 672] Number of clauses: 7171905.
c [Label = 672] Number of variables: 1256346.
c [Label = 672] Solving duration: 21158 ms.
s [Label = 672] SAT (w = 322).
c [Label = 672]Label assignment: 1 1 322 322 379 28 1 58 1 1 349 1 1 299 1 1 28 323 323 295 1 350 296 29 296 348 22 1 8 295 296 350 322 294 1 1 322 7 322 1 27 296 23 350 350 350 323 351 350 350 322 350 662 26 379 5 652 407 351 350 295 296 295 322 323 645 348 672 322 57 367 671 1 1 56 1 672 350 1 672 324 379 1 322 644 672 322 1 672 1 1 672 323 324 671 323 1 323 301 322 380 672 671 350 350 352 329 26 323 58 322 672 645 30 672 296 350 350 350 323 651 350 379 351 346 322 348 1 323 344 672 321 322 344 379 1 29 350 644 349 379 349 672 2 645 1 57 672 321 9 672 326 1 671 323 380 323 323 672 50 672 672 351 1 350 322 671 296 29 671 1 18 350 350 672 322 296 323 672 2 672 671 645 7 645 340 349 321 350 649 672 323 1 352 350 322 22 672 672 351 30 672 671 324 349 350 51 646 322 30 645 323 672 349 1 644 323 672 350 323 321 323 672 670 645 324 651 350 352 57 350 671 671 322 330 323 322 644 24 672 357 340 672 644 350 323 322 296 672 22 651 644 322 349 350 329 30 322 321 618 672 321 26 29 350 323 323 348 350 350 652 351 323 28 658 29 350 1 329 350 380 30 323 672 323 321 652 323 349 672 1 323 350 323 322 323 1 672 352 324 672 1 26 672 645 322 672 672 643 671 295 349 672 348 1 329 672 25 350 672 373 323 645 28 323 672 672 350 322 645 671 645 352 350 321 329 296 407 644 644 323 372 672 348 322 672 323 671 352 672 672 651 322 1 350 672 646 670 646 646 624 1 672 352 672 323 322 322 323 28 348 644 672 28 672 400 672 672 351 1 644 1 350 323 350 646 350 672 672 1 30 348 645 349 350 350 1 2 672 349 350 329 672 1 323 57 351 645 26 351 645 350 322 324 354 672 645 672 351 29 643 671 1 323 302 327 57 649 644 1 323 644 645 346 350 329 323 652 346 380 645 1 323 27 671 643 385 1 672 349 672 349 323 321 329 24 645 1 645 672 350 340 671 645 351 652 350 322 350 323 672 350 350 644 28 323 671 324 672 322 379 645 672 348 651 646 671 672 323 645 662 672 26 349 645 344 672 322 646 651 323 645 327 350 322 350 346 323 29 378 322 322 324 350 321 350 35 323 644 330 672 646 7 351 672 671 322 323 350 1 322 672 672 322 323 2 672 671 350 672 645 29 652 672 330 323 
c [Signal] Signal interruption. Caught signal: SIGTERM (15).
c [Label = 673] Encoding starts with target value = 322:
c [Label = 673] Encoding duration: 12030ms.
c [Label = 673] Number of clauses: 7179999.
c [Label = 673] Number of variables: 1257438.
c [Label = 673] Solving duration: 21299 ms.
s [Label = 673] SAT (w = 322).
c [Label = 673]Label assignment: 1 1 322 322 381 29 1 60 1 1 350 1 1 298 1 1 29 323 323 294 1 351 295 30 295 349 23 1 8 294 295 351 322 293 1 1 322 7 322 1 28 295 24 351 351 351 323 352 351 351 322 351 663 27 381 5 652 410 352 351 294 295 294 322 323 645 349 673 322 59 369 672 1 1 58 1 673 351 1 673 324 381 1 322 644 673 322 1 673 1 1 673 323 324 672 323 1 323 300 322 382 673 672 351 351 353 329 27 323 60 322 673 645 31 673 295 351 351 351 323 651 351 381 352 347 322 349 1 323 345 673 321 322 345 381 1 30 351 644 350 381 350 673 2 645 1 59 673 321 9 673 326 1 672 323 382 323 323 673 52 673 673 352 1 351 322 672 295 30 672 1 19 351 351 673 322 295 323 673 2 673 672 645 7 645 341 350 321 351 649 673 323 1 353 351 322 23 673 673 352 31 673 672 324 350 351 53 646 322 31 645 323 673 350 1 644 323 673 351 323 321 323 673 671 645 324 651 351 353 59 351 672 672 322 330 323 322 644 25 673 358 341 673 644 351 323 322 295 673 23 651 644 322 350 351 329 31 322 321 617 673 321 27 30 351 323 323 349 351 351 652 352 323 29 659 30 351 1 329 351 382 31 323 673 323 321 652 323 350 673 1 323 351 323 322 323 1 673 353 324 673 1 27 673 645 322 673 673 643 672 294 350 673 349 1 329 673 26 351 673 375 323 645 29 323 673 673 351 322 645 672 645 353 351 321 329 295 410 644 644 323 374 673 349 322 673 323 672 353 673 673 651 322 1 351 673 646 671 646 646 623 1 673 353 673 323 322 322 323 29 349 644 673 29 673 403 673 673 352 1 644 1 351 323 351 646 351 673 673 1 31 349 645 350 351 351 1 2 673 350 351 329 673 1 323 59 352 645 27 352 645 351 322 324 355 673 645 673 352 30 643 672 1 323 301 327 59 649 644 1 323 644 645 347 351 329 323 652 347 382 645 1 323 28 672 643 387 1 673 350 673 350 323 321 329 25 645 1 645 673 351 341 672 645 352 652 351 322 351 323 673 351 351 644 29 323 672 324 673 322 381 645 673 349 651 646 672 673 323 645 663 673 27 350 645 345 673 322 646 651 323 645 327 351 322 351 347 323 30 380 322 322 324 351 321 351 36 323 644 330 673 646 7 352 673 672 322 323 351 1 322 673 673 322 323 2 673 672 351 673 645 30 652 673 330 323 
c [Signal] Signal interruption. Caught signal: SIGTERM (15).
c [Label = 666] Minimize Makespan Labeling problem (S-sherman4.mtx.rnd):
c [Main] Kill higher label pid 671.
c [Main] Kill higher label pid 672.
c [Main] Kill higher label pid 673.
c [Main] Kill higher label pid 674.
c [Label = 665] Minimize Makespan Labeling problem (S-sherman4.mtx.rnd):
c [Main] Kill higher label pid 672.
c [Main] Kill higher label pid 673.
c [Main] Kill higher label pid 674.
c [Label = 664] Minimize Makespan Labeling problem (S-sherman4.mtx.rnd):
c [Label = 663] Minimize Makespan Labeling problem (S-sherman4.mtx.rnd):
c [Main] Child pid 673 - 821575 terminated by signal 15.
c [Main] Child pid 672 - 821576 terminated by signal 15.
c [Label = 662] Minimize Makespan Labeling problem (S-sherman4.mtx.rnd):
c [Label = 661] Minimize Makespan Labeling problem (S-sherman4.mtx.rnd):
c [Label = 668] Encoding starts with target value = 322:
c [Label = 668] Encoding duration: 12347ms.
c [Label = 668] Number of clauses: 7139527.
c [Label = 668] Number of variables: 1251978.
c [Label = 668] Solving duration: 20872 ms.
s [Label = 668] SAT (w = 322).
c [Label = 668]Label assignment: 1 1 322 322 371 24 1 50 1 1 345 1 1 303 1 1 24 323 323 299 1 346 300 25 300 344 18 1 8 299 300 346 322 298 1 1 322 7 322 1 23 300 19 346 346 346 323 347 346 346 322 346 658 22 371 5 652 395 347 346 299 300 299 322 323 645 344 668 322 49 361 667 1 1 48 1 668 346 1 668 324 371 1 322 644 668 322 1 668 1 1 668 323 324 667 323 1 323 305 322 372 668 667 346 346 348 329 22 323 50 322 668 645 26 668 300 346 346 346 323 651 346 371 347 342 322 344 1 323 340 668 321 322 340 371 1 25 346 644 345 371 345 668 2 645 1 49 668 321 9 668 326 1 667 323 372 323 323 668 42 668 668 347 1 346 322 667 300 25 667 1 14 346 346 668 322 300 323 668 2 668 667 645 7 645 336 345 321 346 649 668 323 1 348 346 322 18 668 668 347 26 668 667 324 345 346 43 646 322 26 645 323 668 345 1 644 323 668 346 323 321 323 668 666 645 324 651 346 348 49 346 667 667 322 330 323 322 644 20 668 353 336 668 644 346 323 322 300 668 18 651 644 322 345 346 329 26 322 321 622 668 321 22 25 346 323 323 344 346 346 652 347 323 24 654 25 346 1 329 346 372 26 323 668 323 321 652 323 345 668 1 323 346 323 322 323 1 668 348 324 668 1 22 668 645 322 668 668 643 667 299 345 668 344 1 329 668 21 346 668 365 323 645 24 323 668 668 346 322 645 667 645 348 346 321 329 300 395 644 644 323 364 668 344 322 668 323 667 348 668 668 651 322 1 346 668 646 666 646 646 628 1 668 348 668 323 322 322 323 24 344 644 668 24 668 388 668 668 347 1 644 1 346 323 346 646 346 668 668 1 26 344 645 345 346 346 1 2 668 345 346 329 668 1 323 49 347 645 22 347 645 346 322 324 350 668 645 668 347 25 643 667 1 323 306 327 49 649 644 1 323 644 645 342 346 329 323 652 342 372 645 1 323 23 667 643 377 1 668 345 668 345 323 321 329 20 645 1 645 668 346 336 667 645 347 652 346 322 346 323 668 346 346 644 24 323 667 324 668 322 371 645 668 344 651 646 667 668 323 645 658 668 22 345 645 340 668 322 646 651 323 645 327 346 322 346 342 323 25 370 322 322 324 346 321 346 31 323 644 330 668 646 7 347 668 667 322 323 346 1 322 668 668 322 323 2 668 667 346 668 645 25 652 668 330 323 
c [Main] Lowest label SAT is set to 668.
c [Label = 660] Minimize Makespan Labeling problem (S-sherman4.mtx.rnd):
c [Label = 667] Encoding starts with target value = 322:
c [Label = 667] Encoding duration: 11873ms.
c [Label = 667] Number of clauses: 7131432.
c [Label = 667] Number of variables: 1250886.
c [Label = 667] Solving duration: 20918 ms.
s [Label = 667] SAT (w = 322).
c [Label = 667]Label assignment: 1 1 322 322 369 23 1 48 1 1 344 1 1 304 1 1 23 323 323 300 1 345 301 24 301 343 17 1 8 300 301 345 322 299 1 1 322 7 322 1 22 301 18 345 345 345 323 346 345 345 322 345 657 21 369 5 652 392 346 345 300 301 300 322 323 645 343 667 322 47 360 666 1 1 46 1 667 345 1 667 324 369 1 322 644 667 322 1 667 1 1 667 323 324 666 323 1 323 306 322 370 667 666 345 345 347 329 21 323 48 322 667 645 25 667 301 345 345 345 323 651 345 369 346 341 322 343 1 323 339 667 321 322 339 369 1 24 345 644 344 369 344 667 2 645 1 47 667 321 9 667 326 1 666 323 370 323 323 667 40 667 667 346 1 345 322 666 301 24 666 1 13 345 345 667 322 301 323 667 2 667 666 645 7 645 335 344 321 345 649 667 323 1 347 345 322 17 667 667 346 25 667 666 324 344 345 41 646 322 25 645 323 667 344 1 644 323 667 345 323 321 323 667 665 645 324 651 345 347 47 345 666 666 322 330 323 322 644 19 667 352 335 667 644 345 323 322 301 667 17 651 644 322 344 345 329 25 322 321 623 667 321 21 24 345 323 323 343 345 345 652 346 323 23 653 24 345 1 329 345 370 25 323 667 323 321 652 323 344 667 1 323 345 323 322 323 1 667 347 324 667 1 21 667 645 322 667 667 643 666 300 344 667 343 1 329 667 20 345 667 363 323 645 23 323 667 667 345 322 645 666 645 347 345 321 329 301 392 644 644 323 362 667 343 322 667 323 666 347 667 667 651 322 1 345 667 646 665 646 646 629 1 667 347 667 323 322 322 323 23 343 644 667 23 667 385 667 667 346 1 644 1 345 323 345 646 345 667 667 1 25 343 645 344 345 345 1 2 667 344 345 329 667 1 323 47 346 645 21 346 645 345 322 324 349 667 645 667 346 24 643 666 1 323 307 327 47 649 644 1 323 644 645 341 345 329 323 652 341 370 645 1 323 22 666 643 375 1 667 344 667 344 323 321 329 19 645 1 645 667 345 335 666 645 346 652 345 322 345 323 667 345 345 644 23 323 666 324 667 322 369 645 667 343 651 646 666 667 323 645 657 667 21 344 645 339 667 322 646 651 323 645 327 345 322 345 341 323 24 368 322 322 324 345 321 345 30 323 644 330 667 646 7 346 667 666 322 323 345 1 322 667 667 322 323 2 667 666 345 667 645 24 652 667 330 323 
c [Label = 663] Encoding starts with target value = 322:
c [Label = 663] Encoding duration: 11959ms.
c [Label = 663] Number of clauses: 7099054.
c [Label = 663] Number of variables: 1246518.
c [Label = 663] Solving duration: 20543 ms.
s [Label = 663] SAT (w = 322).
c [Label = 663]Label assignment: 1 1 322 322 361 19 1 40 1 1 340 1 1 308 1 1 19 323 323 304 1 341 305 20 305 339 14 1 8 304 305 341 322 303 1 1 322 7 322 1 18 305 14 341 341 341 323 342 341 341 322 341 653 17 361 5 662 380 342 341 304 305 304 322 323 645 339 663 322 39 354 662 1 1 38 1 663 341 1 663 324 361 1 322 644 663 322 1 663 1 1 663 323 324 662 323 1 323 310 322 362 663 662 341 341 343 329 17 323 40 322 663 645 21 663 305 341 341 341 323 651 341 361 342 337 322 339 1 323 336 663 321 322 335 361 1 20 341 644 340 361 340 663 2 645 1 39 663 321 9 663 326 1 662 323 362 323 323 663 33 663 663 342 1 341 322 662 305 20 662 1 9 341 341 663 322 305 323 663 2 663 662 645 7 645 331 340 321 341 649 663 323 1 343 341 322 13 663 663 342 21 663 662 324 340 341 33 646 322 21 645 323 663 340 1 644 323 663 341 323 321 323 663 661 645 324 651 341 343 39 341 662 662 322 332 323 322 644 15 663 348 331 663 644 341 323 322 305 663 13 651 644 322 340 341 329 21 322 321 627 663 321 17 20 341 323 323 339 341 341 652 342 323 19 649 20 341 1 329 341 362 21 323 663 323 321 663 323 340 663 1 323 341 323 322 323 1 663 343 324 663 1 17 663 645 322 663 663 643 662 304 340 663 339 1 329 663 16 341 663 355 323 645 19 323 663 663 341 322 645 662 645 343 341 321 329 305 380 644 644 323 355 663 339 322 663 323 662 343 663 663 651 322 1 341 663 646 661 646 646 633 1 663 343 663 323 322 322 323 19 339 644 663 19 663 374 663 663 342 1 644 1 341 323 341 646 341 663 663 1 21 339 645 340 341 341 1 2 663 340 341 329 663 1 323 39 342 645 17 342 645 341 322 324 345 663 645 663 342 20 643 662 1 323 311 327 39 649 644 1 323 644 645 337 341 329 323 652 337 362 645 1 323 18 662 643 367 1 663 340 663 340 323 321 329 15 645 1 645 663 341 331 662 645 342 652 341 322 341 323 663 341 341 644 19 323 662 324 663 322 361 645 663 339 651 646 662 663 323 645 653 663 17 340 645 335 663 322 646 651 323 645 327 341 322 341 337 323 20 360 322 322 324 341 321 341 26 323 644 330 653 646 7 342 663 662 322 323 341 1 322 663 663 322 323 2 663 662 341 663 645 20 652 663 330 323 
c [Label = 665] Encoding starts with target value = 322:
c [Label = 665] Encoding duration: 11845ms.
c [Label = 665] Number of clauses: 7115243.
c [Label = 665] Number of variables: 1248702.
c [Label = 665] Solving duration: 20646 ms.
s [Label = 665] SAT (w = 322).
c [Label = 665]Label assignment: 1 1 322 322 365 21 1 44 1 1 342 1 1 306 1 1 21 323 323 302 1 343 303 22 303 341 15 1 8 302 303 343 322 301 1 1 322 7 322 1 20 303 16 343 343 343 323 344 343 343 322 343 655 19 365 5 664 386 344 343 302 303 302 322 323 645 341 665 322 43 357 664 1 1 42 1 665 343 1 665 324 365 1 322 644 665 322 1 665 1 1 665 323 324 664 323 1 323 308 322 366 665 664 343 343 345 329 19 323 44 322 665 645 23 665 303 343 343 343 323 651 343 365 344 339 322 341 1 323 337 665 321 322 337 365 1 22 343 644 342 365 342 665 2 645 1 43 665 321 9 665 326 1 664 323 366 323 323 665 36 665 665 344 1 343 322 664 303 22 664 1 11 343 343 665 322 303 323 665 2 665 664 645 7 645 333 342 321 343 649 665 323 1 345 343 322 15 665 665 344 23 665 664 324 342 343 37 646 322 23 645 323 665 342 1 644 323 665 343 323 321 323 665 663 645 324 651 343 345 43 343 664 664 322 332 323 322 644 17 665 350 333 665 644 343 323 322 303 665 15 651 644 322 342 343 329 23 322 321 625 665 321 19 22 343 323 323 341 343 343 652 344 323 21 651 22 343 1 329 343 366 23 323 665 323 321 665 323 342 665 1 323 343 323 322 323 1 665 345 324 665 1 19 665 645 322 665 665 643 664 302 342 665 341 1 329 665 18 343 665 359 323 645 21 323 665 665 343 322 645 664 645 345 343 321 329 303 386 644 644 323 358 665 341 322 665 323 664 345 665 665 651 322 1 343 665 646 663 646 646 631 1 665 345 665 323 322 322 323 21 341 644 665 21 665 379 665 665 344 1 644 1 343 323 343 646 343 665 665 1 23 341 645 342 343 343 1 2 665 342 343 329 665 1 323 43 344 645 19 344 645 343 322 324 347 665 645 665 344 22 643 664 1 323 309 327 43 649 644 1 323 644 645 339 343 329 323 652 339 366 645 1 323 20 664 643 371 1 665 342 665 342 323 321 329 17 645 1 645 665 343 333 664 645 344 652 343 322 343 323 665 343 343 644 21 323 664 324 665 322 365 645 665 341 651 646 664 665 323 645 655 665 19 342 645 337 665 322 646 651 323 645 327 343 322 343 339 323 22 364 322 322 324 343 321 343 28 323 644 330 665 646 7 344 665 664 322 323 343 1 322 665 665 322 323 2 665 664 343 665 645 22 652 665 330 323 
c [Main] Lowest label SAT is set to 667.
c [Label = 659] Minimize Makespan Labeling problem (S-sherman4.mtx.rnd):
c [Label = 661] Encoding starts with target value = 322:
c [Label = 661] Encoding duration: 11677ms.
c [Label = 661] Number of clauses: 7082865.
c [Label = 661] Number of variables: 1244334.
c [Label = 661] Solving duration: 20886 ms.
s [Label = 661] SAT (w = 322).
c [Label = 661]Label assignment: 1 1 322 322 357 17 1 36 1 1 338 1 1 310 1 1 17 323 323 306 1 339 307 18 307 337 13 1 8 306 307 339 322 305 1 1 322 7 322 1 16 307 12 339 339 339 323 340 339 339 322 339 652 15 357 5 660 374 340 339 306 307 306 322 323 645 337 661 322 35 350 660 1 1 34 1 661 339 1 661 324 357 1 322 644 661 322 1 661 1 1 661 323 324 660 323 1 323 312 322 358 661 660 339 339 341 329 15 323 36 322 661 645 19 661 307 339 339 339 323 651 339 357 340 335 322 337 1 323 335 661 321 322 335 357 1 18 339 644 338 357 338 661 2 645 1 35 661 321 9 661 326 1 660 323 358 323 323 661 30 661 661 340 1 339 322 660 307 18 660 1 8 339 339 661 322 307 323 661 2 661 660 645 7 645 330 338 321 339 649 661 323 1 341 339 322 11 661 661 340 19 661 660 324 338 339 29 646 322 19 645 323 661 338 1 644 323 661 339 323 321 323 661 659 645 324 651 339 341 35 339 660 660 322 332 323 322 644 13 661 346 330 661 644 339 323 322 307 661 13 651 644 322 338 339 329 19 322 321 629 661 321 15 18 339 323 323 337 339 339 652 340 323 17 647 18 339 1 329 339 358 19 323 661 323 321 661 323 338 661 1 323 339 323 322 323 1 661 341 324 661 1 15 661 645 322 661 661 643 660 306 338 661 337 1 329 661 14 339 661 351 323 645 17 323 661 661 339 322 645 660 645 341 339 321 329 307 374 644 644 323 352 661 337 322 661 323 660 341 661 661 651 322 1 339 661 646 659 646 646 635 1 661 341 661 323 322 322 323 17 337 644 661 17 661 369 661 661 340 1 644 1 339 323 339 646 339 661 661 1 19 337 645 338 339 339 1 2 661 338 339 329 661 1 323 35 340 645 15 340 645 339 322 324 343 661 645 661 340 18 643 660 1 323 313 327 35 649 644 1 323 644 645 335 339 329 323 652 335 358 645 1 323 16 660 643 363 1 661 338 661 338 323 321 329 13 645 1 645 661 339 330 660 645 340 652 339 322 339 323 661 339 339 644 17 323 660 324 661 322 357 645 661 337 651 646 660 661 323 645 652 661 15 338 645 335 661 322 646 651 323 645 327 339 322 339 335 323 18 356 322 322 324 339 321 339 24 323 644 330 651 646 7 340 661 660 322 323 339 1 322 661 661 322 323 2 661 660 339 661 645 18 652 661 330 323 
c [Label = 664] Encoding starts with target value = 322:
c [Label = 664] Encoding duration: 11866ms.
c [Label = 664] Number of clauses: 7107149.
c [Label = 664] Number of variables: 1247610.
c [Label = 664] Solving duration: 20860 ms.
s [Label = 664] SAT (w = 322).
c [Label = 664]Label assignment: 1 1 322 322 363 20 1 42 1 1 341 1 1 307 1 1 20 323 323 303 1 342 304 21 304 340 15 1 8 303 304 342 322 302 1 1 322 7 322 1 19 304 15 342 342 342 323 343 342 342 322 342 654 18 363 5 663 383 343 342 303 304 303 322 323 645 340 664 322 41 355 663 1 1 40 1 664 342 1 664 324 363 1 322 644 664 322 1 664 1 1 664 323 324 663 323 1 323 309 322 364 664 663 342 342 344 329 18 323 42 322 664 645 22 664 304 342 342 342 323 651 342 363 343 338 322 340 1 323 337 664 321 322 336 363 1 21 342 644 341 363 341 664 2 645 1 41 664 321 9 664 326 1 663 323 364 323 323 664 35 664 664 343 1 342 322 663 304 21 663 1 10 342 342 664 322 304 323 664 2 664 663 645 7 645 332 341 321 342 649 664 323 1 344 342 322 14 664 664 343 22 664 663 324 341 342 35 646 322 22 645 323 664 341 1 644 323 664 342 323 321 323 664 662 645 324 651 342 344 41 342 663 663 322 332 323 322 644 16 664 349 332 664 644 342 323 322 304 664 14 651 644 322 341 342 329 22 322 321 626 664 321 18 21 342 323 323 340 342 342 652 343 323 20 650 21 342 1 329 342 364 22 323 664 323 321 664 323 341 664 1 323 342 323 322 323 1 664 344 324 664 1 18 664 645 322 664 664 643 663 303 341 664 340 1 329 664 17 342 664 357 323 645 20 323 664 664 342 322 645 663 645 344 342 321 329 304 383 644 644 323 357 664 340 322 664 323 663 344 664 664 651 322 1 342 664 646 662 646 646 632 1 664 344 664 323 322 322 323 20 340 644 664 20 664 377 664 664 343 1 644 1 342 323 342 646 342 664 664 1 22 340 645 341 342 342 1 2 664 341 342 329 664 1 323 41 343 645 18 343 645 342 322 324 346 664 645 664 343 21 643 663 1 323 310 327 41 649 644 1 323 644 645 338 342 329 323 652 338 364 645 1 323 19 663 643 369 1 664 341 664 341 323 321 329 16 645 1 645 664 342 332 663 645 343 652 342 322 342 323 664 342 342 644 20 323 663 324 664 322 363 645 664 340 651 646 663 664 323 645 654 664 18 341 645 336 664 322 646 651 323 645 327 342 322 342 338 323 21 362 322 322 324 342 321 342 27 323 644 330 654 646 7 343 664 663 322 323 342 1 322 664 664 322 323 2 664 663 342 664 645 21 652 664 330 323 
c [Label = 666] Encoding starts with target value = 322:
c [Label = 666] Encoding duration: 11939ms.
c [Label = 666] Number of clauses: 7123338.
c [Label = 666] Number of variables: 1249794.
c [Label = 666] Solving duration: 20812 ms.
s [Label = 666] SAT (w = 322).
c [Label = 666]Label assignment: 1 1 322 322 367 22 1 46 1 1 343 1 1 305 1 1 22 323 323 301 1 344 302 23 302 342 16 1 8 301 302 344 322 300 1 1 322 7 322 1 21 302 17 344 344 344 323 345 344 344 322 344 656 20 367 5 665 389 345 344 301 302 301 322 323 645 342 666 322 45 358 665 1 1 44 1 666 344 1 666 324 367 1 322 644 666 322 1 666 1 1 666 323 324 665 323 1 323 307 322 368 666 665 344 344 346 329 20 323 46 322 666 645 24 666 302 344 344 344 323 651 344 367 345 340 322 342 1 323 338 666 321 322 338 367 1 23 344 644 343 367 343 666 2 645 1 45 666 321 9 666 326 1 665 323 368 323 323 666 38 666 666 345 1 344 322 665 302 23 665 1 12 344 344 666 322 302 323 666 2 666 665 645 7 645 334 343 321 344 649 666 323 1 346 344 322 16 666 666 345 24 666 665 324 343 344 39 646 322 24 645 323 666 343 1 644 323 666 344 323 321 323 666 664 645 324 651 344 346 45 344 665 665 322 332 323 322 644 18 666 351 334 666 644 344 323 322 302 666 16 651 644 322 343 344 329 24 322 321 624 666 321 20 23 344 323 323 342 344 344 652 345 323 22 652 23 344 1 329 344 368 24 323 666 323 321 654 323 343 666 1 323 344 323 322 323 1 666 346 324 666 1 20 666 645 322 666 666 643 665 301 343 666 342 1 329 666 19 344 666 361 323 645 22 323 666 666 344 322 645 665 645 346 344 321 329 302 389 644 644 323 360 666 342 322 666 323 665 346 666 666 651 322 1 344 666 646 664 646 646 630 1 666 346 666 323 322 322 323 22 342 644 666 22 666 382 666 666 345 1 644 1 344 323 344 646 344 666 666 1 24 342 645 343 344 344 1 2 666 343 344 329 666 1 323 45 345 645 20 345 645 344 322 324 348 666 645 666 345 23 643 665 1 323 308 327 45 649 644 1 323 644 645 340 344 329 323 652 340 368 645 1 323 21 665 643 373 1 666 343 666 343 323 321 329 18 645 1 645 666 344 334 665 645 345 652 344 322 344 323 666 344 344 644 22 323 665 324 666 322 367 645 666 342 651 646 665 666 323 645 656 666 20 343 645 338 666 322 646 651 323 645 327 344 322 344 340 323 23 366 322 322 324 344 321 344 29 323 644 330 666 646 7 345 666 665 322 323 344 1 322 666 666 322 323 2 666 665 344 666 645 23 652 666 330 323 
c [Main] Lowest label SAT is set to 665.
c [Main] Kill higher label pid 666.
c [Label = 658] Minimize Makespan Labeling problem (S-sherman4.mtx.rnd):
c [Main] Lowest label SAT is set to 663.
c [Main] Kill higher label pid 664.
c [Main] Kill higher label pid 666.
c [Label = 657] Minimize Makespan Labeling problem (S-sherman4.mtx.rnd):
c [Main] Lowest label SAT is set to 661.
c [Main] Kill higher label pid 662.
c [Main] Kill higher label pid 664.
c [Main] Kill higher label pid 666.
c [Label = 662] Encoding starts with target value = 322:
c [Label = 662] Encoding duration: 11729ms.
c [Label = 662] Number of clauses: 7090960.
c [Label = 662] Number of variables: 1245426.
c [Label = 662] Solving duration: 21072 ms.
s [Label = 662] SAT (w = 322).
c [Label = 662]Label assignment: 1 1 322 322 359 18 1 38 1 1 339 1 1 309 1 1 18 323 323 305 1 340 306 19 306 338 14 1 8 305 306 340 322 304 1 1 322 7 322 1 17 306 13 340 340 340 323 341 340 340 322 340 652 16 359 5 661 377 341 340 305 306 305 322 323 645 338 662 322 37 352 661 1 1 36 1 662 340 1 662 324 359 1 322 644 662 322 1 662 1 1 662 323 324 661 323 1 323 311 322 360 662 661 340 340 342 329 16 323 38 322 662 645 20 662 306 340 340 340 323 651 340 359 341 336 322 338 1 323 336 662 321 322 335 359 1 19 340 644 339 359 339 662 2 645 1 37 662 321 9 662 326 1 661 323 360 323 323 662 32 662 662 341 1 340 322 661 306 19 661 1 8 340 340 662 322 306 323 662 2 662 661 645 7 645 330 339 321 340 649 662 323 1 342 340 322 12 662 662 341 20 662 661 324 339 340 31 646 322 20 645 323 662 339 1 644 323 662 340 323 321 323 662 660 645 324 651 340 342 37 340 661 661 322 332 323 322 644 14 662 347 330 662 644 340 323 322 306 662 13 651 644 322 339 340 329 20 322 321 628 662 321 16 19 340 323 323 338 340 340 652 341 323 18 648 19 340 1 329 340 360 20 323 662 323 321 662 323 339 662 1 323 340 323 322 323 1 662 342 324 662 1 16 662 645 322 662 662 643 661 305 339 662 338 1 329 662 15 340 662 353 323 645 18 323 662 662 340 322 645 661 645 342 340 321 329 306 377 644 644 323 354 662 338 322 662 323 661 342 662 662 651 322 1 340 662 646 660 646 646 634 1 662 342 662 323 322 322 323 18 338 644 662 18 662 372 662 662 341 1 644 1 340 323 340 646 340 662 662 1 20 338 645 339 340 340 1 2 662 339 340 329 662 1 323 37 341 645 16 341 645 340 322 324 344 662 645 662 341 19 643 661 1 323 312 327 37 649 644 1 323 644 645 336 340 329 323 652 336 360 645 1 323 17 661 643 365 1 662 339 662 339 323 321 329 14 645 1 645 662 340 330 661 645 341 652 340 322 340 323 662 340 340 644 18 323 661 324 662 322 359 645 662 338 651 646 661 662 323 645 652 662 16 339 645 335 662 322 646 651 323 645 327 340 322 340 336 323 19 358 322 322 324 340 321 340 25 323 644 330 652 646 7 341 662 661 322 323 340 1 322 662 662 322 323 2 662 661 340 662 645 19 652 662 330 323 
c [Signal] Signal interruption. Caught signal: SIGTERM (15).
c [Label = 656] Minimize Makespan Labeling problem (S-sherman4.mtx.rnd):
c [Main] Kill higher label pid 666.
c [Label = 655] Minimize Makespan Labeling problem (S-sherman4.mtx.rnd):
c [Label = 660] Encoding starts with target value = 322:
c [Label = 660] Encoding duration: 11837ms.
c [Label = 660] Number of clauses: 7074771.
c [Label = 660] Number of variables: 1243242.
c [Label = 660] Solving duration: 20759 ms.
s [Label = 660] SAT (w = 322).
c [Label = 660]Label assignment: 1 1 322 322 355 16 1 34 1 1 337 1 1 311 1 1 16 323 323 307 1 338 308 17 308 336 13 1 8 307 308 338 322 306 1 1 322 7 322 1 15 308 11 338 338 338 323 339 338 338 322 338 652 14 355 5 659 371 339 338 307 308 307 322 323 645 336 660 322 33 348 659 1 1 32 1 660 338 1 660 324 355 1 322 644 660 322 1 660 1 1 660 323 324 659 323 1 323 313 322 356 660 659 338 338 340 329 14 323 34 322 660 645 18 660 308 338 338 338 323 651 338 355 339 334 322 336 1 323 335 660 321 322 335 355 1 17 338 644 337 355 337 660 2 645 1 33 660 321 9 660 326 1 659 323 356 323 323 660 29 660 660 339 1 338 322 659 308 17 659 1 8 338 338 660 322 308 323 660 2 660 659 645 7 645 330 337 321 338 649 660 323 1 340 338 322 10 660 660 339 18 660 659 324 337 338 27 646 322 18 645 323 660 337 1 644 323 660 338 323 321 323 660 658 645 324 651 338 340 33 338 659 659 322 332 323 322 644 12 660 345 330 660 644 338 323 322 308 660 13 651 644 322 337 338 329 18 322 321 630 660 321 14 17 338 323 323 336 338 338 652 339 323 16 646 17 338 1 329 338 356 18 323 660 323 321 660 323 337 660 1 323 338 323 322 323 1 660 340 324 660 1 14 660 645 322 660 660 643 659 307 337 660 336 1 329 660 13 338 660 349 323 645 16 323 660 660 338 322 645 659 645 340 338 321 329 308 371 644 644 323 351 660 336 322 660 323 659 340 660 660 651 322 1 338 660 646 658 646 646 636 1 660 340 660 323 322 322 323 16 336 644 660 16 660 367 660 660 339 1 644 1 338 323 338 646 338 660 660 1 18 336 645 337 338 338 1 2 660 337 338 329 660 1 323 33 339 645 14 339 645 338 322 324 342 660 645 660 339 17 643 659 1 323 314 327 33 649 644 1 323 644 645 334 338 329 323 652 335 356 645 1 323 15 659 643 361 1 660 337 660 337 323 321 329 12 645 1 645 660 338 330 659 645 339 652 338 322 338 323 660 338 338 644 16 323 659 324 660 322 355 645 660 336 651 646 659 660 323 645 652 660 14 337 645 335 660 322 646 651 323 645 327 338 322 338 334 323 17 354 322 322 324 338 321 338 23 323 644 330 650 646 7 339 660 659 322 323 338 1 322 660 660 322 323 2 660 659 338 660 645 17 652 660 330 323 
c [Label = 654] Minimize Makespan Labeling problem (S-sherman4.mtx.rnd):
c [Main] Child pid 662 - 821599 terminated by signal 15.
c [Label = 653] Minimize Makespan Labeling problem (S-sherman4.mtx.rnd):
c [Main] Lowest label SAT is set to 660.
c [Label = 652] Minimize Makespan Labeling problem (S-sherman4.mtx.rnd):
c [Label = 659] Encoding starts with target value = 322:
c [Label = 659] Encoding duration: 11739ms.
c [Label = 659] Number of clauses: 7066676.
c [Label = 659] Number of variables: 1242150.
c [Label = 659] Solving duration: 20808 ms.
s [Label = 659] SAT (w = 322).
c [Label = 659]Label assignment: 1 1 322 322 353 15 1 32 1 1 336 1 1 312 1 1 15 323 323 308 1 337 309 16 309 335 12 1 8 308 309 337 322 307 1 1 322 7 322 1 14 309 10 337 337 337 323 338 337 337 322 337 652 13 353 5 658 368 338 337 308 309 308 322 323 645 335 659 322 31 346 658 1 1 30 1 659 337 1 659 324 353 1 322 644 659 322 1 659 1 1 659 323 324 658 323 1 323 314 322 354 659 658 337 337 339 329 13 323 32 322 659 645 17 659 309 337 337 337 323 651 337 353 338 333 322 335 1 323 334 659 321 322 335 353 1 16 337 644 336 353 336 659 2 645 1 31 659 321 9 659 326 1 658 323 354 323 323 659 27 659 659 338 1 337 322 658 309 16 658 1 8 337 337 659 322 309 323 659 2 659 658 645 7 645 330 336 321 337 649 659 323 1 339 337 322 9 659 659 338 17 659 658 324 336 337 25 646 322 17 645 323 659 336 1 644 323 659 337 323 321 323 659 657 645 324 651 337 339 31 337 658 658 322 332 323 322 644 11 659 344 330 659 644 337 323 322 309 659 13 651 644 322 336 337 329 17 322 321 631 659 321 13 16 337 323 323 335 337 337 658 338 323 15 645 16 337 1 329 337 354 17 323 659 323 321 659 323 336 659 1 323 337 323 322 323 1 659 339 324 659 1 13 659 645 322 659 659 643 658 308 336 659 335 1 329 659 12 337 659 347 323 645 15 323 659 659 337 322 645 658 645 339 337 321 329 309 368 644 644 323 349 659 335 322 659 323 658 339 659 659 651 322 1 337 659 646 657 646 646 643 1 659 339 659 323 322 322 323 15 335 644 659 15 659 364 659 659 338 1 644 1 337 323 337 646 337 659 659 1 17 335 645 336 337 337 1 2 659 336 337 329 659 1 323 31 338 645 13 338 645 337 322 324 341 659 645 659 338 16 643 658 1 323 321 327 31 649 644 1 323 644 645 333 337 329 323 659 335 354 645 1 323 14 658 643 359 1 659 336 659 336 323 321 329 11 645 1 645 659 337 330 658 645 338 651 337 322 337 323 659 337 337 644 15 323 658 324 659 322 353 645 659 335 651 646 658 659 323 645 652 659 13 336 645 335 659 322 646 651 323 645 327 337 322 337 333 323 16 352 322 322 324 337 321 337 22 323 644 330 649 646 7 338 659 658 322 323 337 1 322 659 659 322 323 2 659 658 337 659 645 16 652 659 336 323 
c [Main] Lowest label SAT is set to 659.
c [Label = 651] Minimize Makespan Labeling problem (S-sherman4.mtx.rnd):
c [Label = 657] Encoding starts with target value = 322:
c [Label = 657] Encoding duration: 11843ms.
c [Label = 657] Number of clauses: 7050487.
c [Label = 657] Number of variables: 1239966.
c [Label = 657] Solving duration: 20998 ms.
s [Label = 657] SAT (w = 322).
c [Label = 657]Label assignment: 1 1 322 322 349 13 1 28 1 1 334 1 1 314 1 1 13 323 323 310 1 335 311 14 311 333 11 1 8 310 311 335 322 309 1 1 322 7 322 1 12 311 8 335 335 335 323 336 335 335 322 335 657 11 349 5 656 362 336 335 310 311 310 322 323 645 333 657 322 27 342 656 1 1 26 1 657 335 1 657 324 349 1 322 644 657 322 1 657 1 1 657 323 324 656 323 1 323 316 322 350 657 656 335 335 337 329 11 323 28 322 657 645 15 657 311 335 335 335 323 651 335 349 336 333 322 333 1 323 333 657 321 322 335 349 1 14 335 644 334 349 334 657 2 645 1 27 657 321 9 657 326 1 656 323 350 323 323 657 24 657 657 336 1 335 322 656 311 14 656 1 8 335 335 657 322 311 323 657 2 657 656 645 7 645 330 334 321 335 649 657 323 1 337 335 322 7 657 657 336 15 657 656 324 334 335 21 646 322 15 645 323 657 334 1 644 323 657 335 323 321 323 657 655 645 324 651 335 337 27 335 656 656 322 332 323 322 644 9 657 342 330 657 644 335 323 322 311 657 13 651 644 322 334 335 329 15 322 321 633 657 321 11 14 335 323 323 333 335 335 656 336 323 13 645 14 335 1 329 335 350 15 323 657 323 321 657 323 334 657 1 323 335 323 322 323 1 657 337 324 657 1 11 657 645 322 657 657 643 656 310 334 657 333 1 329 657 10 335 657 343 323 645 13 323 657 657 335 322 645 656 645 337 335 321 329 311 362 644 644 323 346 657 333 322 657 323 656 337 657 657 651 322 1 335 657 646 655 646 646 643 1 657 337 657 323 322 322 323 13 333 644 657 13 657 359 657 657 336 1 644 1 335 323 335 646 335 657 657 1 15 333 645 334 335 335 1 2 657 334 335 329 657 1 323 27 336 645 11 336 645 335 322 324 339 657 645 657 336 14 643 656 1 323 321 327 27 649 644 1 323 644 645 331 335 329 323 657 335 350 645 1 323 12 656 643 355 1 657 334 657 334 323 321 329 9 645 1 645 657 335 334 656 645 336 651 335 322 335 323 657 335 335 644 13 323 656 324 657 322 349 645 657 333 651 646 656 657 323 645 652 657 11 334 645 335 657 322 646 651 323 645 327 335 322 335 331 323 14 348 322 322 324 335 321 335 20 323 644 330 647 646 7 336 657 656 322 323 335 1 322 657 657 322 323 2 657 656 335 657 645 14 651 657 334 323 
c [Label = 656] Encoding starts with target value = 322:
c [Label = 656] Encoding duration: 11680ms.
c [Label = 656] Number of clauses: 7042393.
c [Label = 656] Number of variables: 1238874.
c [Label = 656] Solving duration: 20983 ms.
s [Label = 656] SAT (w = 322).
c [Label = 656]Label assignment: 1 1 322 322 347 12 1 26 1 1 333 1 1 315 1 1 12 323 323 311 1 334 312 13 312 332 11 1 8 311 312 334 322 310 1 1 322 7 322 1 11 299 7 334 334 334 331 335 334 334 322 334 656 10 347 5 655 359 335 334 311 310 311 322 323 645 332 655 322 25 340 644 1 1 24 1 656 334 1 656 324 347 1 322 644 656 322 1 656 655 1 656 323 324 655 323 1 323 317 322 348 656 655 334 334 336 329 10 323 26 322 656 645 14 656 312 334 334 334 323 651 334 347 335 333 322 332 1 323 333 9 321 322 333 347 1 13 334 644 333 347 322 655 2 645 1 25 656 322 9 656 326 1 645 323 348 323 323 656 23 655 656 335 1 333 322 655 312 13 644 1 8 334 334 656 322 312 323 656 2 656 645 645 7 645 331 333 311 334 649 656 322 1 336 334 322 6 656 656 335 14 656 655 322 333 334 19 646 322 14 645 323 656 333 1 644 321 656 334 323 311 323 656 654 645 324 651 334 336 25 334 655 655 322 332 323 322 644 8 656 341 330 656 645 334 323 322 312 656 656 651 644 322 333 334 331 14 322 310 634 656 311 10 13 334 323 323 332 334 334 655 335 323 12 653 13 334 1 329 334 348 14 323 656 323 321 656 323 321 9 1 323 334 323 322 323 1 656 336 322 656 655 10 656 645 322 656 656 633 655 311 333 656 332 1 329 656 9 334 656 341 323 645 12 323 656 656 334 322 645 655 645 336 334 321 332 312 359 644 644 323 345 656 332 322 656 323 655 336 656 656 653 322 1 334 656 646 654 646 646 643 1 656 336 655 323 322 322 323 12 332 644 656 12 656 357 655 656 335 1 644 1 334 323 333 646 334 656 656 1 14 332 645 333 334 334 1 2 656 322 334 329 656 1 323 25 335 645 10 335 645 334 322 322 338 656 645 656 335 13 632 645 1 323 321 327 25 649 644 1 323 644 645 330 334 332 323 656 333 348 645 1 323 11 645 643 353 1 656 333 656 323 323 321 329 8 645 1 645 656 334 333 655 645 335 651 333 322 334 323 656 334 334 644 12 323 655 324 656 322 347 653 656 332 654 644 655 656 323 645 656 656 10 333 645 333 656 322 646 653 323 645 327 334 322 334 330 323 13 346 322 322 321 334 321 334 19 323 644 330 656 644 7 335 656 655 322 323 334 1 323 656 656 322 323 2 656 655 333 656 645 13 651 656 333 323 
c [Label = 655] Encoding starts with target value = 322:
c [Label = 655] Encoding duration: 11816ms.
c [Label = 655] Number of clauses: 7034298.
c [Label = 655] Number of variables: 1237782.
c [Label = 655] Solving duration: 20824 ms.
s [Label = 655] SAT (w = 322).
c [Label = 655]Label assignment: 1 1 322 322 345 11 1 24 1 1 332 1 1 316 1 1 11 323 323 312 1 333 313 12 313 331 10 1 8 312 313 333 322 311 1 1 322 7 322 1 10 301 7 333 333 333 331 334 333 333 322 333 655 9 345 5 654 356 334 333 312 311 312 322 323 645 331 654 322 23 338 644 1 1 22 1 655 333 1 655 324 345 1 322 644 655 322 1 655 654 1 655 323 324 654 323 1 323 318 322 346 655 654 333 333 335 329 9 323 24 322 655 645 13 655 313 333 333 333 323 651 333 345 334 332 322 331 1 323 332 9 321 322 333 345 1 12 333 644 332 345 322 654 2 645 1 23 655 322 9 655 326 1 645 323 346 323 323 655 21 654 655 334 1 332 322 654 313 12 644 1 8 333 333 655 322 313 323 655 2 655 645 645 7 645 331 332 312 333 649 655 322 1 335 333 322 5 655 655 334 13 655 654 322 332 333 18 646 322 13 645 323 655 332 1 644 321 655 333 323 312 323 655 653 645 324 651 333 335 23 333 654 654 322 332 323 322 644 7 655 340 330 655 644 333 323 322 313 655 655 651 644 322 332 333 331 13 322 311 635 655 312 9 12 333 323 323 331 333 333 654 334 323 11 652 12 333 1 329 333 346 13 323 655 323 321 655 323 321 9 1 323 333 323 322 323 1 655 335 322 655 654 9 655 645 322 655 655 634 654 312 332 655 331 1 329 655 8 333 655 340 323 645 11 323 655 655 333 322 645 654 645 335 333 321 331 313 356 644 644 323 343 655 331 322 655 323 654 335 655 655 653 322 1 333 655 646 653 646 646 643 1 655 335 654 323 322 322 323 11 331 644 655 11 655 354 654 655 334 1 644 1 333 323 332 644 333 655 655 1 13 331 645 332 333 333 1 2 655 322 333 329 655 1 323 23 334 645 9 334 645 333 322 322 337 655 645 655 334 12 633 645 1 323 321 327 23 649 644 1 323 644 645 329 333 331 323 655 332 346 645 1 323 10 645 643 351 1 655 332 655 323 323 321 329 7 645 1 645 655 333 332 654 645 334 651 332 322 333 323 655 333 333 644 11 323 654 324 655 322 345 652 655 331 653 644 654 655 323 645 655 655 9 332 645 333 655 322 646 653 323 645 327 333 322 333 329 323 12 344 322 322 321 333 321 333 18 323 644 330 655 644 7 334 655 654 322 323 333 1 322 655 655 322 323 2 655 654 332 655 645 12 651 655 332 323 
c [Label = 654] Encoding starts with target value = 322:
c [Label = 654] Encoding duration: 11769ms.
c [Label = 654] Number of clauses: 7026204.
c [Label = 654] Number of variables: 1236690.
c [Label = 654] Solving duration: 20909 ms.
s [Label = 654] SAT (w = 322).
c [Label = 654]Label assignment: 1 1 322 322 343 10 1 22 1 1 319 1 1 317 1 1 10 323 323 313 1 332 314 11 314 330 10 1 8 313 314 332 322 312 1 1 322 7 322 1 9 303 7 332 332 332 332 333 332 332 322 332 654 8 343 5 653 353 333 332 313 312 313 322 323 645 330 654 322 21 336 644 1 1 20 1 654 332 1 654 324 343 1 322 644 654 322 1 654 653 1 654 323 324 649 323 1 323 319 322 344 8 649 332 332 334 329 8 323 22 322 654 645 12 654 314 332 332 332 323 651 332 343 333 332 322 330 1 323 332 654 319 322 332 343 1 11 332 644 327 343 322 652 2 645 1 21 654 321 9 654 326 1 645 323 344 323 323 654 20 654 654 333 1 331 322 652 314 11 644 1 10 332 332 654 322 314 323 654 2 654 645 645 7 645 332 329 313 332 649 654 322 1 334 332 322 4 654 654 333 12 654 653 322 331 332 17 646 322 12 645 323 654 331 1 644 322 654 332 323 313 323 654 652 645 324 651 332 334 21 332 653 641 322 331 323 322 644 6 654 339 332 654 645 332 323 322 314 654 1 651 644 322 331 332 332 12 322 312 636 654 312 8 11 332 323 323 330 332 332 653 333 322 10 645 11 332 1 329 332 344 12 323 654 323 321 654 323 329 1 1 323 332 323 322 323 1 654 334 322 654 654 8 654 645 322 654 654 635 651 313 331 654 330 1 329 654 7 332 654 339 323 645 10 323 654 654 332 322 645 653 645 334 332 321 330 314 353 644 644 323 342 654 330 322 654 323 653 334 654 654 654 322 1 332 654 646 652 646 646 643 1 654 334 654 323 322 322 323 10 330 644 654 10 654 352 652 654 333 1 644 1 332 323 330 644 332 654 654 1 12 330 645 329 332 332 1 2 654 330 332 329 654 1 323 21 333 645 8 333 645 332 322 322 336 654 645 654 333 11 634 645 1 323 321 327 21 649 644 654 323 644 645 328 332 332 323 654 332 344 645 1 323 9 644 643 349 1 654 329 654 323 323 321 329 6 645 1 645 654 332 327 653 645 333 651 329 322 332 323 654 332 332 644 10 323 653 324 654 322 343 645 654 330 654 644 651 654 323 645 654 654 8 331 645 333 654 322 646 654 323 645 327 332 322 332 328 323 11 342 322 322 320 332 322 332 17 323 644 330 646 644 7 333 654 651 322 321 332 1 322 654 654 322 323 2 654 653 332 654 645 11 651 654 331 323 
c [Label = 658] Encoding starts with target value = 322:
c [Label = 658] Encoding duration: 11838ms.
c [Label = 658] Number of clauses: 7058582.
c [Label = 658] Number of variables: 1241058.
c [Label = 658] Solving duration: 21093 ms.
s [Label = 658] SAT (w = 322).
c [Label = 658]Label assignment: 1 1 322 322 351 14 1 30 1 1 335 1 1 313 1 1 14 323 323 309 1 336 310 15 310 334 12 1 8 309 310 336 322 308 1 1 322 7 322 1 13 310 9 336 336 336 323 337 336 336 322 336 652 12 351 5 657 365 337 336 309 310 309 322 323 645 334 658 322 29 344 657 1 1 28 1 658 336 1 658 324 351 1 322 644 658 322 1 658 1 1 658 323 324 657 323 1 323 315 322 352 658 657 336 336 338 329 12 323 30 322 658 645 16 658 310 336 336 336 323 651 336 351 337 333 322 334 1 323 334 658 321 322 335 351 1 15 336 644 335 351 335 658 2 645 1 29 658 321 9 658 326 1 657 323 352 323 323 658 26 658 658 337 1 336 322 657 310 15 657 1 8 336 336 658 322 310 323 658 2 658 657 645 7 645 330 335 321 336 649 658 323 1 338 336 322 8 658 658 337 16 658 657 324 335 336 23 646 322 16 645 323 658 335 1 644 323 658 336 323 321 323 658 656 645 324 651 336 338 29 336 657 657 322 332 323 322 644 10 658 343 330 658 644 336 323 322 310 658 13 651 644 322 335 336 329 16 322 321 632 658 321 12 15 336 323 323 334 336 336 657 337 323 14 645 15 336 1 329 336 352 16 323 658 323 321 658 323 335 658 1 323 336 323 322 323 1 658 338 324 658 1 12 658 645 322 658 658 643 657 309 335 658 334 1 329 658 11 336 658 345 323 645 14 323 658 658 336 322 645 657 645 338 336 321 329 310 365 644 644 323 348 658 334 322 658 323 657 338 658 658 651 322 1 336 658 646 656 646 646 643 1 658 338 658 323 322 322 323 14 334 644 658 14 658 362 658 658 337 1 644 1 336 323 336 646 336 658 658 1 16 334 645 335 336 336 1 2 658 335 336 329 658 1 323 29 337 645 12 337 645 336 322 324 340 658 645 658 337 15 643 657 1 323 321 327 29 649 644 1 323 644 645 332 336 329 323 658 335 352 645 1 323 13 657 643 357 1 658 335 658 335 323 321 329 10 645 1 645 658 336 330 657 645 337 651 336 322 336 323 658 336 336 644 14 323 657 324 658 322 351 645 658 334 651 646 657 658 323 645 652 658 12 335 645 335 658 322 646 651 323 645 327 336 322 336 332 323 15 350 322 322 324 336 321 336 21 323 644 330 648 646 7 337 658 657 322 323 336 1 322 658 658 322 323 2 658 657 336 658 645 15 652 658 335 323 
c [Label = 652] Encoding starts with target value = 322:
c [Label = 652] Encoding duration: 11645ms.
c [Label = 652] Number of clauses: 7010015.
c [Label = 652] Number of variables: 1234506.
c [Label = 652] Solving duration: 20888 ms.
s [Label = 652] SAT (w = 322).
c [Label = 652]Label assignment: 1 1 339 322 339 8 1 18 1 1 319 1 1 319 1 1 8 323 323 315 1 339 316 9 329 328 9 1 9 315 321 330 315 329 1 1 339 1 322 1 7 307 1 330 331 330 324 331 330 330 315 323 652 6 339 5 644 347 331 330 315 314 315 315 323 645 324 652 331 17 332 644 1 1 9 1 14 339 1 652 324 339 1 330 644 17 331 1 13 651 645 652 323 324 647 323 1 323 315 322 340 6 652 330 330 332 315 6 323 18 322 9 645 10 1 321 330 330 330 323 645 331 339 331 330 322 328 1 323 331 652 321 322 330 339 1 9 330 644 325 339 322 650 2 645 1 17 652 321 9 9 323 1 645 323 340 323 323 652 17 652 645 331 652 329 316 650 329 9 644 1 1 339 323 9 315 321 323 645 2 17 645 645 1 645 330 327 315 323 649 645 322 1 332 331 322 2 8 652 331 10 9 644 322 329 328 9 7 315 10 645 323 652 329 1 644 322 646 330 315 315 323 652 645 645 324 645 339 332 17 324 651 643 322 322 328 322 644 4 1 331 323 652 644 331 323 322 321 645 1 645 644 322 329 339 323 10 316 314 651 652 314 2 9 339 323 323 328 329 339 7 331 322 1 645 9 331 1 323 339 340 10 323 17 323 321 644 330 329 1 1 323 336 323 337 323 1 9 332 322 1 652 6 9 644 322 652 9 637 651 315 335 652 328 1 323 652 5 330 652 331 323 645 8 323 652 652 331 322 645 652 645 332 339 322 328 322 347 644 1 323 339 15 323 337 645 323 651 332 9 7 645 322 1 323 17 646 646 646 644 651 1 9 332 652 323 315 329 323 17 324 7 652 1 652 347 650 645 331 6 651 1 330 323 328 644 331 652 652 645 10 328 645 329 323 341 1 2 652 328 330 322 11 1 323 17 331 645 2 331 645 331 323 322 334 645 645 9 331 9 636 645 1 323 329 327 17 652 644 652 323 651 645 326 323 323 323 7 330 340 645 1 323 7 644 651 339 1 652 327 645 323 323 329 323 4 645 1 645 652 330 330 651 652 331 645 327 322 323 323 9 331 330 7 1 331 7 315 652 315 339 645 645 328 645 644 651 652 323 645 652 652 6 329 645 331 645 315 652 646 323 645 330 331 337 330 326 323 9 331 315 322 320 330 322 339 9 323 644 331 646 644 1 331 1 649 322 321 323 1 315 652 652 315 323 2 652 651 330 652 645 9 645 652 337 323 
c [Main] Lowest label SAT is set to 657.
c [Main] Kill higher label pid 658.
c [Label = 650] Minimize Makespan Labeling problem (S-sherman4.mtx.rnd):
c [Main] Lowest label SAT is set to 656.
c [Main] Kill higher label pid 658.
c [Label = 649] Minimize Makespan Labeling problem (S-sherman4.mtx.rnd):
c [Main] Lowest label SAT is set to 655.
c [Main] Kill higher label pid 658.
c [Label = 648] Minimize Makespan Labeling problem (S-sherman4.mtx.rnd):
c [Main] Lowest label SAT is set to 654.
c [Main] Kill higher label pid 658.
c [Label = 647] Minimize Makespan Labeling problem (S-sherman4.mtx.rnd):
c [Label = 646] Minimize Makespan Labeling problem (S-sherman4.mtx.rnd):
c [Main] Lowest label SAT is set to 652.
c [Main] Kill higher label pid 653.
c [Label = 653] Encoding starts with target value = 322:
c [Label = 653] Encoding duration: 11922ms.
c [Label = 653] Number of clauses: 7018109.
c [Label = 653] Number of variables: 1235598.
c [Label = 653] Solving duration: 21256 ms.
s [Label = 653] SAT (w = 322).
c [Label = 653]Label assignment: 1 1 322 322 341 9 1 20 1 1 315 1 1 318 1 1 9 323 323 314 1 331 315 10 315 329 9 1 8 314 315 331 322 313 1 1 322 7 322 1 8 305 7 331 331 331 331 332 331 331 322 331 653 7 341 5 652 350 332 331 314 313 314 322 323 645 329 653 322 19 334 644 1 1 18 1 653 331 1 653 324 341 1 322 644 653 322 1 653 652 645 653 323 324 648 323 1 323 320 322 342 7 653 331 331 333 329 7 323 20 322 653 645 11 653 315 331 331 331 323 651 331 341 332 331 322 329 1 323 331 653 321 322 331 341 1 10 331 644 326 341 322 651 2 645 1 19 653 321 9 653 324 1 645 323 342 323 323 653 18 653 653 332 1 330 322 651 315 10 644 1 1 331 331 653 322 315 323 653 2 653 645 645 7 645 331 324 314 331 649 653 322 1 333 331 322 3 653 653 332 11 653 652 322 330 331 16 646 322 11 645 323 653 330 1 644 322 653 331 315 314 323 653 651 645 324 651 331 333 19 331 652 643 322 330 323 322 644 5 653 338 323 653 644 331 323 322 315 653 1 651 644 322 330 331 331 11 322 313 637 653 313 7 10 331 323 323 329 331 331 652 332 322 9 645 10 331 1 329 331 342 11 323 653 323 321 653 323 330 1 1 323 331 323 322 323 1 653 333 322 653 653 7 653 645 322 653 653 636 652 314 330 653 329 1 329 653 653 331 653 338 323 645 9 323 653 653 331 322 645 652 645 333 331 321 329 315 350 644 644 323 340 653 329 322 653 323 652 333 653 8 653 322 1 331 653 646 651 646 646 643 1 653 333 653 323 322 322 323 9 329 644 653 9 653 349 651 653 332 1 644 1 331 323 329 644 331 653 653 646 11 329 645 330 331 331 1 2 653 329 331 329 653 1 323 19 332 645 7 332 645 331 322 322 335 653 645 653 332 10 635 645 1 323 321 327 19 649 644 653 323 644 645 327 331 331 323 653 331 342 645 1 323 8 644 643 347 1 653 324 653 323 323 321 329 5 645 1 645 653 331 331 652 645 332 651 323 322 331 323 653 331 331 644 9 323 652 324 653 322 341 645 653 329 653 644 652 653 323 645 653 653 7 330 645 332 653 322 646 653 323 645 327 331 322 331 327 323 10 340 322 322 320 331 322 331 16 323 644 330 646 644 7 332 653 646 322 321 331 1 322 653 653 322 323 2 653 652 331 653 645 10 651 653 330 323 
c [Signal] Signal interruption. Caught signal: SIGTERM (15).
c [Label = 645] Minimize Makespan Labeling problem (S-sherman4.mtx.rnd):
c [Main] Child pid 653 - 821624 terminated by signal 15.
c [Label = 644] Minimize Makespan Labeling problem (S-sherman4.mtx.rnd):
c [Label = 644] Encoding starts with target value = 322:
c [Label = 644] Encoding duration: 11080ms.
c [Label = 644] Number of clauses: 6425122.
c [Label = 644] Number of variables: 1051596.
c [Label = 644] Solving duration: 188 ms.
s [Label = 644] SAT (w = 322).
c [Label = 644]Label assignment: 322 322 644 644 644 322 322 322 322 322 644 322 322 644 322 322 322 644 644 644 322 644 644 322 644 644 322 322 322 644 644 644 644 644 322 322 644 322 644 322 322 644 322 644 644 644 644 644 644 644 644 644 322 322 644 322 322 644 644 644 644 644 644 644 644 322 644 322 644 322 644 322 322 322 322 322 322 644 322 322 644 644 322 644 322 322 644 322 322 322 322 322 644 644 322 644 322 644 644 644 644 322 322 644 644 644 644 322 644 322 644 322 322 322 322 644 644 644 644 644 322 644 644 644 644 644 644 322 644 644 322 644 644 644 644 322 322 644 322 644 644 644 322 322 322 322 322 322 644 322 322 644 322 322 644 644 644 644 322 322 322 322 644 322 644 644 322 644 322 322 322 322 644 644 322 644 644 644 322 322 322 322 322 322 322 644 644 644 644 322 322 644 322 644 644 644 322 322 322 644 322 322 322 644 644 644 322 322 644 322 322 644 322 644 322 322 644 322 644 644 644 644 322 322 322 644 322 644 644 322 644 322 322 644 644 644 644 322 322 322 644 644 322 322 644 644 644 644 322 322 322 322 644 644 644 644 322 644 644 322 322 644 322 322 644 644 644 644 644 644 322 644 644 322 322 322 644 322 644 644 644 322 644 322 644 644 322 644 644 322 322 644 644 644 644 644 322 322 644 644 322 322 322 322 322 644 322 322 322 322 644 644 322 644 322 644 322 322 644 322 644 644 322 322 644 322 322 644 644 322 322 322 644 644 644 644 644 644 322 322 644 644 322 644 644 322 644 322 644 322 322 322 644 322 644 322 322 322 322 322 322 322 322 644 322 644 644 644 644 322 644 322 322 322 322 644 322 322 644 322 322 322 644 644 644 322 644 322 322 322 322 644 322 644 644 644 322 322 322 644 644 644 322 322 644 322 644 322 322 644 322 644 644 644 644 322 322 322 644 322 322 322 322 644 644 644 322 322 322 322 644 322 322 644 644 644 644 322 644 644 322 322 644 322 322 322 644 322 322 644 322 644 644 644 644 322 322 322 322 322 644 644 322 322 644 322 644 644 644 644 322 644 644 322 322 644 322 644 322 644 644 322 322 644 322 322 322 322 644 322 322 322 322 644 322 644 322 644 322 322 644 322 644 644 644 644 644 644 322 644 644 644 644 644 644 644 322 644 322 644 322 322 322 644 322 322 644 644 644 322 644 322 322 644 644 322 322 322 644 322 322 322 322 322 644 644 
c [Label = 645] Encoding starts with target value = 322:
c [Label = 645] Encoding duration: 10888ms.
c [Label = 645] Number of clauses: 6429739.
c [Label = 645] Number of variables: 1052688.
c [Signal] Signal interruption. Caught signal: SIGTERM (15).
c [Main] Lowest label SAT is set to 644.
c [Main] Kill higher label pid 645.
c [Main] Kill higher label pid 646.
c [Main] Kill higher label pid 647.
c [Main] Kill higher label pid 648.
c [Main] Kill higher label pid 649.
c [Main] Kill higher label pid 650.
c [Main] Kill higher label pid 651.
c [Label = 647] Encoding starts with target value = 322:
c [Label = 647] Encoding duration: 11986ms.
c [Label = 647] Number of clauses: 6969542.
c [Label = 647] Number of variables: 1229046.
c [Signal] Signal interruption. Caught signal: SIGTERM (15).
c [Label = 650] Encoding starts with target value = 322:
c [Label = 650] Encoding duration: 12168ms.
c [Label = 650] Number of clauses: 6993826.
c [Label = 650] Number of variables: 1232322.
c [Signal] Signal interruption. Caught signal: SIGTERM (15).
c [Label = 648] Encoding starts with target value = 322:
c [Label = 648] Encoding duration: 11798ms.
c [Label = 648] Number of clauses: 6977637.
c [Label = 648] Number of variables: 1230138.
c [Signal] Signal interruption. Caught signal: SIGTERM (15).
c [Label = 646] Encoding starts with target value = 322:
c [Label = 646] Encoding duration: 11855ms.
c [Label = 646] Number of clauses: 6961448.
c [Label = 646] Number of variables: 1227954.
c [Signal] Signal interruption. Caught signal: SIGTERM (15).
c [Label = 649] Encoding starts with target value = 322:
c [Label = 649] Encoding duration: 12043ms.
c [Label = 649] Number of clauses: 6985731.
c [Label = 649] Number of variables: 1231230.
c [Signal] Signal interruption. Caught signal: SIGTERM (15).
c [Label = 651] Encoding starts with target value = 322:
c [Label = 651] Encoding duration: 12047ms.
c [Label = 651] Number of clauses: 7001920.
c [Label = 651] Number of variables: 1233414.
c [Signal] Signal interruption. Caught signal: SIGTERM (15).
c [Label = 643] Minimize Makespan Labeling problem (S-sherman4.mtx.rnd):
c [Main] Child pid 645 - 821647 terminated by signal 15.
c [Label = 642] Minimize Makespan Labeling problem (S-sherman4.mtx.rnd):
c [Main] Child pid 650 - 821642 terminated by signal 15.
c [Label = 641] Minimize Makespan Labeling problem (S-sherman4.mtx.rnd):
c [Main] Child pid 649 - 821643 terminated by signal 15.
c [Label = 640] Minimize Makespan Labeling problem (S-sherman4.mtx.rnd):
c [Main] Child pid 651 - 821641 terminated by signal 15.
c [Label = 639] Minimize Makespan Labeling problem (S-sherman4.mtx.rnd):
c [Main] Child pid 647 - 821645 terminated by signal 15.
c [Main] Child pid 646 - 821646 terminated by signal 15.
c [Label = 638] Minimize Makespan Labeling problem (S-sherman4.mtx.rnd):
c [Main] Child pid 648 - 821644 terminated by signal 15.
c [Label = 637] Minimize Makespan Labeling problem (S-sherman4.mtx.rnd):
c [Label = 636] Minimize Makespan Labeling problem (S-sherman4.mtx.rnd):
c [Label = 638] Encoding starts with target value = 322:
c [Label = 638] Encoding duration: 10344ms.
c [Label = 638] Number of clauses: 6376555.
c [Label = 638] Number of variables: 1045044.
c [Label = 638] Solving duration: 0 ms.
s [Label = 638] UNSAT (w = 322).
c [Label = 640] Encoding starts with target value = 322:
c [Label = 640] Encoding duration: 10436ms.
c [Label = 640] Number of clauses: 6392744.
c [Label = 640] Number of variables: 1047228.
c [Label = 640] Solving duration: 0 ms.
s [Label = 640] UNSAT (w = 322).
c [Label = 637] Encoding starts with target value = 322:
c [Label = 637] Encoding duration: 10559ms.
c [Label = 637] Number of clauses: 6368460.
c [Label = 637] Number of variables: 1043952.
c [Label = 637] Solving duration: 0 ms.
s [Label = 637] UNSAT (w = 322).
c [Label = 641] Encoding starts with target value = 322:
c [Label = 641] Encoding duration: 10560ms.
c [Label = 641] Number of clauses: 6400838.
c [Label = 641] Number of variables: 1048320.
c [Label = 641] Solving duration: 0 ms.
s [Label = 641] UNSAT (w = 322).
c [Label = 642] Encoding starts with target value = 322:
c [Label = 642] Encoding duration: 10567ms.
c [Label = 642] Number of clauses: 6408933.
c [Label = 642] Number of variables: 1049412.
c [Label = 642] Solving duration: 0 ms.
s [Label = 642] UNSAT (w = 322).
c [Main] Highest label UNSAT is set to 638
c [Main] Kill lower label pid 636.
c [Main] Kill lower label pid 637.
c [Label = 636] Encoding starts with target value = 322:
c [Label = 636] Encoding duration: 10563ms.
c [Label = 636] Number of clauses: 6360366.
c [Label = 636] Number of variables: 1042860.
c [Label = 636] Solving duration: 0 ms.
s [Label = 636] UNSAT (w = 322).
c [Signal] Signal interruption. Caught signal: SIGTERM (15).
c [Main] Highest label UNSAT is set to 640
c [Main] Kill lower label pid 636.
c [Main] Kill lower label pid 637.
c [Main] Kill lower label pid 639.
c [Label = 639] Encoding starts with target value = 322:
c [Label = 639] Encoding duration: 10677ms.
c [Label = 639] Number of clauses: 6384649.
c [Label = 639] Number of variables: 1046136.
c [Label = 639] Solving duration: 0 ms.
s [Label = 639] UNSAT (w = 322).
c [Signal] Signal interruption. Caught signal: SIGTERM (15).
c [Label = 643] Encoding starts with target value = 322:
c [Label = 643] Encoding duration: 11064ms.
c [Label = 643] Number of clauses: 6417027.
c [Label = 643] Number of variables: 1050504.
c [Label = 643] Solving duration: 0 ms.
s [Label = 643] UNSAT (w = 322).
c [Main] Kill lower label pid 636.
c [Main] Highest label UNSAT is set to 641
c [Main] Kill lower label pid 636.
c [Main] Kill lower label pid 639.
c [Main] Highest label UNSAT is set to 642
c [Main] Kill lower label pid 636.
c [Main] Kill lower label pid 639.
c [Main] Child pid 636 - 821663 terminated by signal 15.
c [Main] Child pid 639 - 821660 terminated by signal 15.
c [Main] Highest label UNSAT is set to 643
c [Signal] Signal interruption. Caught signal: SIGTERM (15).
c [Main] All children have completed.
r [Main] 
r [Main] Final results: 
r [Main] Lowest label SAT:  	644.
r [Main] Highest label UNSAT:	643.
r [Main] Total real time: 169958 ms.
r [Main] Total memory consumed: 22242.2 MB.
r [Main] 
