c [Version] Minimize Makespan Labeling Encoder version 1.0.0.
c [Param] LB is predefined as 143.
c [Param] UB is predefined as 857.
c [Param] Memory limit is set to 30000.
c [Param] Real time limit is set to 1800.
c [Param] Worker count is set to 8.
c [Main] Search strategy: Iterating from upper bound.
c [Main] Search order: 857 856 855 854 853 852 851 850 849 848 847 846 845 844 843 842 841 840 839 838 837 836 835 834 833 832 831 830 829 828 827 826 825 824 823 822 821 820 819 818 817 816 815 814 813 812 811 810 809 808 807 806 805 804 803 802 801 800 799 798 797 796 795 794 793 792 791 790 789 788 787 786 785 784 783 782 781 780 779 778 777 776 775 774 773 772 771 770 769 768 767 766 765 764 763 762 761 760 759 758 757 756 755 754 753 752 751 750 749 748 747 746 745 744 743 742 741 740 739 738 737 736 735 734 733 732 731 730 729 728 727 726 725 724 723 722 721 720 719 718 717 716 715 714 713 712 711 710 709 708 707 706 705 704 703 702 701 700 699 698 697 696 695 694 693 692 691 690 689 688 687 686 685 684 683 682 681 680 679 678 677 676 675 674 673 672 671 670 669 668 667 666 665 664 663 662 661 660 659 658 657 656 655 654 653 652 651 650 649 648 647 646 645 644 643 642 641 640 639 638 637 636 635 634 633 632 631 630 629 628 627 626 625 624 623 622 621 620 619 618 617 616 615 614 613 612 611 610 609 608 607 606 605 604 603 602 601 600 599 598 597 596 595 594 593 592 591 590 589 588 587 586 585 584 583 582 581 580 579 578 577 576 575 574 573 572 571 570 569 568 567 566 565 564 563 562 561 560 559 558 557 556 555 554 553 552 551 550 549 548 547 546 545 544 543 542 541 540 539 538 537 536 535 534 533 532 531 530 529 528 527 526 525 524 523 522 521 520 519 518 517 516 515 514 513 512 511 510 509 508 507 506 505 504 503 502 501 500 499 498 497 496 495 494 493 492 491 490 489 488 487 486 485 484 483 482 481 480 479 478 477 476 475 474 473 472 471 470 469 468 467 466 465 464 463 462 461 460 459 458 457 456 455 454 453 452 451 450 449 448 447 446 445 444 443 442 441 440 439 438 437 436 435 434 433 432 431 430 429 428 427 426 425 424 423 422 421 420 419 418 417 416 415 414 413 412 411 410 409 408 407 406 405 404 403 402 401 400 399 398 397 396 395 394 393 392 391 390 389 388 387 386 385 384 383 382 381 380 379 378 377 376 375 374 373 372 371 370 369 368 367 366 365 364 363 362 361 360 359 358 357 356 355 354 353 352 351 350 349 348 347 346 345 344 343 342 341 340 339 338 337 336 335 334 333 332 331 330 329 328 327 326 325 324 323 322 321 320 319 318 317 316 315 314 313 312 311 310 309 308 307 306 305 304 303 302 301 300 299 298 297 296 295 294 293 292 291 290 289 288 287 286 285 284 283 282 281 280 279 278 277 276 275 274 273 272 271 270 269 268 267 266 265 264 263 262 261 260 259 258 257 256 255 254 253 252 251 250 249 248 247 246 245 244 243 242 241 240 239 238 237 236 235 234 233 232 231 230 229 228 227 226 225 224 223 222 221 220 219 218 217 216 215 214 213 212 211 210 209 208 207 206 205 204 203 202 201 200 199 198 197 196 195 194 193 192 191 190 189 188 187 186 185 184 183 182 181 180 179 178 177 176 175 174 173 172 171 170 169 168 167 166 165 164 163 162 161 160 159 158 157 156 155 154 153 152 151 150 149 148 147 146 145 144 143.
c [Main] Encoding and solving for graph: W-685_bus.mtx.rnd.
c [Label = 854] Minimize Makespan Labeling problem (W-685_bus.mtx.rnd):
c [Label = 853] Minimize Makespan Labeling problem (W-685_bus.mtx.rnd):
c [Label = 857] Minimize Makespan Labeling problem (W-685_bus.mtx.rnd):
c [Label = 855] Minimize Makespan Labeling problem (W-685_bus.mtx.rnd):
c [Label = 856] Minimize Makespan Labeling problem (W-685_bus.mtx.rnd):
c [Label = 851] Minimize Makespan Labeling problem (W-685_bus.mtx.rnd):
c [Label = 850] Minimize Makespan Labeling problem (W-685_bus.mtx.rnd):
c [Label = 852] Minimize Makespan Labeling problem (W-685_bus.mtx.rnd):
c [Label = 852] Encoding starts with target value = 142:
c [Label = 852] Encoding duration: 12698ms.
c [Label = 852] Number of clauses: 9087291.
c [Label = 852] Number of variables: 1738530.
c [Label = 852] Solving duration: 865 ms.
s [Label = 852] SAT (w = 142).
c [Label = 852]Label assignment: 710 568 568 142 710 142 426 426 284 426 568 142 568 142 568 710 426 426 568 284 568 142 426 568 142 568 568 284 568 284 568 284 426 568 426 284 284 284 142 568 426 426 142 710 284 568 284 426 426 284 568 284 284 426 426 426 284 284 142 568 284 426 710 426 284 710 426 710 284 852 142 142 284 284 426 568 852 426 142 142 568 142 568 710 426 284 426 568 284 284 284 284 142 142 426 426 426 426 568 284 426 284 426 568 284 426 426 284 284 426 284 568 142 284 426 284 142 426 710 426 710 426 426 426 284 568 426 426 426 284 284 284 426 142 142 284 284 284 710 284 426 710 142 284 142 284 142 142 426 710 142 284 426 710 426 568 142 284 284 426 142 426 568 426 284 852 284 568 284 284 284 426 426 426 426 284 426 142 142 142 284 142 568 142 426 284 568 284 426 426 426 568 568 284 142 426 284 284 142 426 142 426 426 568 284 142 142 568 568 426 284 142 568 284 284 142 284 426 284 142 284 284 142 710 142 426 284 426 284 426 568 568 284 284 284 568 284 142 284 284 142 426 568 426 284 426 284 710 568 426 284 284 426 710 142 284 568 142 142 284 284 284 142 284 284 426 142 142 568 568 426 284 142 284 142 426 142 284 568 142 142 142 426 284 426 142 426 568 142 426 284 284 142 284 284 284 284 426 284 568 284 142 142 142 284 284 284 284 426 142 284 426 426 426 284 142 426 284 426 284 284 142 142 284 568 426 142 284 284 426 426 142 284 284 426 142 568 284 284 284 142 568 284 426 142 426 284 142 284 284 284 284 284 284 284 284 142 568 284 284 426 426 284 284 426 142 426 426 142 426 142 426 142 142 284 142 426 426 284 142 426 142 568 284 284 142 284 426 426 142 284 284 142 284 142 142 284 284 426 284 284 284 284 284 284 142 426 284 284 426 284 142 284 284 426 284 142 142 142 142 142 142 284 142 568 284 142 426 426 142 284 284 142 142 142 284 426 426 142 284 284 142 142 142 142 284 284 142 142 142 284 284 142 142 284 142 142 284 142 284 284 142 142 568 142 284 284 284 284 142 142 284 426 426 142 142 142 142 142 426 284 284 142 142 284 142 142 142 142 142 142 568 284 284 142 284 284 142 142 142 284 142 426 142 142 284 284 426 284 142 142 284 284 284 142 426 426 284 142 284 284 142 142 284 426 142 142 142 426 142 284 284 142 142 142 142 142 284 284 284 142 142 284 284 284 284 142 142 284 142 142 142 284 142 284 284 142 284 142 142 142 284 142 142 142 284 142 142 284 142 284 284 142 284 142 142 142 284 142 142 142 426 426 142 142 142 142 142 142 284 142 142 142 142 142 142 142 284 284 142 142 142 142 142 142 142 142 142 142 142 142 142 142 142 284 284 142 142 284 142 142 142 142 142 142 142 284 142 142 142 284 142 142 142 284 284 142 142 142 142 142 142 142 284 142 142 142 284 142 284 284 142 142 142 142 142 284 142 142 142 142 142 142 142 142 142 142 142 142 284 142 142 142 142 142 142 142 142 142 142 142 142 142 142 142 
c [Label = 854] Encoding starts with target value = 142:
c [Label = 854] Encoding duration: 13202ms.
c [Label = 854] Number of clauses: 9390992.
c [Label = 854] Number of variables: 1836485.
c [Label = 854] Solving duration: 1248 ms.
s [Label = 854] SAT (w = 142).
c [Label = 854]Label assignment: 425 567 567 139 425 139 709 709 851 709 567 139 567 139 567 425 709 709 567 851 567 139 709 567 139 567 709 851 567 851 567 851 709 567 709 851 851 851 139 567 709 709 139 567 851 567 851 709 709 851 567 851 851 709 709 425 851 851 139 567 851 709 425 709 851 425 709 425 851 283 139 139 851 851 709 567 283 709 139 139 567 139 567 425 709 851 709 567 851 851 851 851 139 139 709 709 709 709 567 851 709 851 709 567 851 709 709 851 851 709 851 567 139 851 709 851 139 709 425 709 425 709 709 709 851 567 709 709 709 851 851 851 709 139 139 851 851 851 425 851 709 425 139 851 139 851 139 139 709 425 139 851 709 709 709 567 139 851 851 709 139 709 567 709 851 283 851 567 851 851 851 709 709 567 709 851 709 139 139 139 851 139 567 139 709 851 567 851 709 709 709 709 567 851 139 709 851 851 139 709 139 709 709 567 851 139 139 567 567 709 851 139 567 851 851 139 851 709 851 139 851 851 139 425 139 709 851 709 851 709 567 709 851 851 851 567 851 139 851 851 139 427 567 709 851 709 851 425 709 709 851 851 709 425 139 851 567 139 139 851 851 851 139 851 851 709 139 139 567 567 709 851 139 851 139 709 139 851 567 139 139 139 709 851 709 139 709 567 139 709 851 851 139 851 851 851 851 709 851 567 851 139 139 139 851 851 851 851 709 139 851 709 709 709 851 139 709 851 709 851 851 139 139 851 567 709 139 851 851 709 709 139 851 851 709 139 567 851 851 851 139 567 851 709 139 709 851 139 851 851 851 851 851 851 851 851 139 709 851 851 709 709 851 851 709 139 709 709 139 709 139 709 139 139 851 139 709 709 851 139 709 139 567 851 851 139 851 709 709 139 851 851 139 851 139 139 851 851 709 851 851 851 851 851 851 139 709 851 851 709 851 139 851 851 709 851 139 139 139 139 139 139 851 139 567 851 139 709 709 139 851 851 139 139 139 851 709 709 139 851 851 139 139 139 139 851 851 139 139 139 851 851 139 139 851 139 139 851 139 851 851 139 139 567 139 851 851 851 851 139 139 851 709 709 139 139 139 139 139 709 851 851 139 139 851 139 139 139 139 139 139 567 851 851 139 851 851 139 139 139 851 139 709 139 139 851 851 709 851 139 139 851 851 851 139 709 709 851 139 851 851 139 139 851 709 139 139 139 709 139 851 851 139 139 139 139 139 851 851 851 139 139 851 851 851 851 139 139 851 139 139 139 851 139 851 851 139 851 139 139 139 851 139 139 139 851 139 139 851 139 851 851 139 851 139 139 139 851 139 139 139 709 709 139 139 139 139 139 139 851 139 139 139 139 139 139 139 851 851 139 139 139 139 139 139 139 139 139 139 139 139 139 139 139 851 851 139 139 851 139 139 139 139 139 139 139 851 139 139 139 851 139 139 139 851 851 139 139 139 139 139 139 139 851 139 139 139 851 139 851 851 139 139 139 139 139 851 139 139 139 139 139 139 139 139 139 139 139 139 851 139 139 139 139 139 139 139 139 139 139 139 139 139 139 139 
c [Signal] Signal interruption. Caught signal: SIGTERM (15).
c [Main] Lowest label SAT is set to 852.
c [Main] Kill higher label pid 853.
c [Main] Kill higher label pid 854.
c [Main] Kill higher label pid 855.
c [Main] Kill higher label pid 856.
c [Main] Kill higher label pid 857.
c [Label = 853] Encoding starts with target value = 142:
c [Label = 853] Encoding duration: 12776ms.
c [Label = 853] Number of clauses: 9095423.
c [Label = 853] Number of variables: 1739900.
c [Label = 853] Solving duration: 1067 ms.
s [Label = 853] SAT (w = 142).
c [Label = 853]Label assignment: 286 428 428 1 286 1 570 570 712 570 428 1 428 1 428 286 570 570 428 712 428 1 570 428 1 428 570 712 428 712 428 712 570 428 570 712 712 712 1 428 570 570 1 428 712 428 712 570 570 712 428 712 712 570 570 286 712 712 1 428 712 570 286 570 712 286 570 286 712 144 1 1 712 712 570 428 144 570 1 1 428 1 428 286 570 712 570 428 712 712 712 712 1 1 570 570 570 570 428 712 570 712 570 428 712 570 570 712 712 570 712 428 1 712 570 712 1 570 286 570 286 570 570 570 712 428 570 570 570 712 712 712 570 1 1 712 712 712 286 712 570 286 1 712 1 712 1 1 570 286 1 712 570 570 570 428 1 712 712 570 1 570 428 570 712 144 712 428 712 712 712 570 570 428 570 712 570 1 1 1 712 1 428 1 570 712 428 712 570 570 570 570 428 712 1 570 712 712 1 570 1 570 570 428 712 1 1 428 428 570 712 1 428 712 712 1 712 570 712 1 712 712 1 286 1 570 712 570 712 570 428 570 712 712 712 428 712 1 712 712 1 427 428 570 712 570 712 286 570 570 712 712 570 286 1 712 428 1 1 712 712 712 1 712 712 570 1 1 428 428 570 712 1 712 1 570 1 712 428 1 1 1 570 712 570 1 570 428 1 570 712 712 1 712 712 712 712 570 712 428 712 1 1 1 712 712 712 712 570 1 712 570 570 570 712 1 570 712 570 712 712 1 1 712 428 570 1 712 712 570 570 1 712 712 570 1 428 712 712 712 1 428 712 570 1 570 712 1 712 712 712 712 712 712 712 712 1 570 712 712 570 570 712 712 570 1 570 570 1 570 1 570 1 1 712 1 570 570 712 1 570 1 428 712 712 1 712 570 570 1 712 712 1 712 1 1 712 712 570 712 712 712 712 712 712 1 570 712 712 570 712 1 712 712 570 712 1 1 1 1 1 1 712 1 428 712 1 570 570 1 712 712 1 1 1 712 570 570 1 712 712 1 1 1 1 712 712 1 1 1 712 712 1 1 712 1 1 712 1 712 712 1 1 428 1 712 712 712 712 1 1 712 570 570 1 1 1 1 1 570 712 712 1 1 712 1 1 1 1 1 1 428 712 712 1 712 712 1 1 1 712 1 570 1 1 712 712 570 712 1 1 712 712 712 1 570 570 712 1 712 712 1 1 712 570 1 1 1 570 1 712 712 1 1 1 1 1 712 712 712 1 1 712 712 712 712 1 1 712 1 1 1 712 1 712 712 1 712 1 1 1 712 1 1 1 712 1 1 712 1 712 712 1 712 1 1 1 712 1 1 1 570 570 1 1 1 1 1 1 712 1 1 1 1 1 1 1 712 712 1 1 1 1 1 1 1 1 1 1 1 1 1 1 1 712 712 1 1 712 1 1 1 1 1 1 1 712 1 1 1 712 1 1 1 712 712 1 1 1 1 1 1 1 712 1 1 1 712 1 712 712 1 1 1 1 1 712 1 1 1 1 1 1 1 1 1 1 1 1 712 1 1 1 1 1 1 1 1 1 1 1 1 1 1 1 
c [Signal] Signal interruption. Caught signal: SIGTERM (15).
c [Label = 855] Encoding starts with target value = 142:
c [Label = 855] Encoding duration: 13202ms.
c [Label = 855] Number of clauses: 9399545.
c [Label = 855] Number of variables: 1837855.
c [Label = 855] Solving duration: 1860 ms.
s [Label = 855] SAT (w = 142).
c [Label = 855]Label assignment: 428 570 570 141 428 141 712 712 854 712 570 141 570 141 570 428 712 712 570 854 570 141 712 570 141 570 712 854 570 854 570 854 712 570 712 854 854 854 141 570 712 712 141 570 854 570 854 712 712 854 570 854 854 712 712 428 854 854 141 570 854 712 428 712 854 428 712 428 854 286 141 141 854 854 712 570 286 712 141 141 570 141 570 428 712 854 712 570 854 854 854 854 141 141 712 712 712 712 570 854 712 854 712 570 854 712 712 854 854 712 854 570 141 854 712 854 141 712 428 712 428 712 712 712 854 570 712 712 712 854 854 854 712 141 141 854 854 854 428 854 712 428 141 854 141 854 141 141 712 428 141 854 712 712 712 570 141 854 854 712 141 712 570 712 854 286 854 570 854 854 854 712 712 570 712 854 712 141 141 141 854 141 570 141 712 854 570 854 712 712 712 712 570 854 141 712 854 854 141 712 141 712 712 570 854 141 141 570 570 712 854 141 570 854 854 141 854 712 854 141 854 854 141 428 141 712 854 712 854 712 570 712 854 854 854 570 854 141 854 854 141 428 570 712 854 712 854 428 712 712 854 854 712 428 141 854 570 141 141 854 854 854 141 854 854 712 141 141 570 570 712 854 141 854 141 712 141 854 570 141 141 141 712 854 712 141 712 570 141 712 854 854 141 854 854 854 854 712 854 570 854 141 141 141 854 854 854 854 712 141 854 712 712 712 854 141 712 854 712 854 854 141 141 854 570 712 141 854 854 712 712 141 854 854 712 141 570 854 854 854 141 570 854 712 141 712 854 141 854 854 854 854 854 854 854 854 141 712 854 854 712 712 854 854 712 141 712 712 141 712 141 712 141 141 854 141 712 712 854 141 712 141 570 854 854 141 854 712 712 141 854 854 141 854 141 141 854 854 712 854 854 854 854 854 854 141 712 854 854 712 854 141 854 854 712 854 141 141 141 141 141 141 854 141 570 854 141 712 712 141 854 854 141 141 141 854 712 712 141 854 854 141 141 141 141 854 854 141 141 141 854 854 141 141 854 141 141 854 141 854 854 141 141 570 141 854 854 854 854 141 141 854 712 712 141 141 141 141 141 712 854 854 141 141 854 141 141 141 141 141 141 570 854 854 141 854 854 141 141 141 854 141 712 141 141 854 854 712 854 141 141 854 854 854 141 712 712 854 141 854 854 141 141 854 712 141 141 141 712 141 854 854 141 141 141 141 141 854 854 854 141 141 854 854 854 854 141 141 854 141 141 141 854 141 854 854 141 854 141 141 141 854 141 141 141 854 141 141 854 141 854 854 141 854 141 141 141 854 141 141 141 712 712 141 141 141 141 141 141 854 141 141 141 141 141 141 141 854 854 141 141 141 141 141 141 141 141 141 141 141 141 141 141 141 854 854 141 141 854 141 141 141 141 141 141 141 854 141 141 141 854 141 141 141 854 854 141 141 141 141 141 141 141 854 141 141 141 854 141 854 854 141 141 141 141 141 854 141 141 141 141 141 141 141 141 141 141 141 141 854 141 141 141 141 141 141 141 141 141 141 141 141 141 141 141 
c [Signal] Signal interruption. Caught signal: SIGTERM (15).
c [Label = 856] Encoding starts with target value = 142:
c [Label = 856] Encoding duration: 13286ms.
c [Label = 856] Number of clauses: 9408099.
c [Label = 856] Number of variables: 1839225.
c [Label = 856] Solving duration: 1871 ms.
s [Label = 856] SAT (w = 142).
c [Label = 856]Label assignment: 428 570 570 140 428 140 712 712 854 712 570 140 570 140 570 428 712 712 570 854 570 140 712 570 140 570 712 854 570 854 570 854 712 570 712 854 854 854 140 570 712 712 140 570 854 570 854 712 712 854 570 854 854 712 712 428 854 854 140 570 854 712 428 712 854 428 712 428 854 286 140 140 854 854 712 570 286 712 140 140 570 140 570 428 712 854 712 570 854 854 854 854 140 140 712 712 712 712 570 854 712 854 712 570 854 712 712 854 854 712 854 570 140 854 712 854 140 712 428 712 428 712 712 712 854 570 712 712 712 854 854 854 712 140 140 854 854 854 428 854 712 428 140 854 140 854 140 140 712 428 140 854 712 712 712 570 140 854 854 712 140 712 570 712 854 286 854 570 854 854 854 712 712 570 712 854 712 140 140 140 854 140 570 140 712 854 570 854 712 712 712 712 570 854 140 712 854 854 140 712 140 712 712 570 854 140 140 570 570 712 854 140 570 854 854 140 854 712 854 140 854 854 140 428 140 712 854 712 854 712 570 712 854 854 854 570 854 140 854 854 140 428 570 712 854 712 854 428 712 712 854 854 712 428 140 854 570 140 140 854 854 854 140 854 854 712 140 140 570 570 712 854 140 854 140 712 140 854 570 140 140 140 712 854 712 140 712 570 140 712 854 854 140 854 854 854 854 712 854 570 854 140 140 140 854 854 854 854 712 140 854 712 712 712 854 140 712 854 712 854 854 140 140 854 570 712 140 854 854 712 712 140 854 854 712 140 570 854 854 854 140 570 854 712 140 712 854 140 854 854 854 854 854 854 854 854 140 712 854 854 712 712 854 854 712 140 712 712 140 712 140 712 140 140 854 140 712 712 854 140 712 140 570 854 854 140 854 712 712 140 854 854 140 854 140 140 854 854 712 854 854 854 854 854 854 140 712 854 854 712 854 140 854 854 712 854 140 140 140 140 140 140 854 140 570 854 140 712 712 140 854 854 140 140 140 854 712 712 140 854 854 140 140 140 140 854 854 140 140 140 854 854 140 140 854 140 140 854 140 854 854 140 140 570 140 854 854 854 854 140 140 854 712 712 140 140 140 140 140 712 854 854 140 140 854 140 140 140 140 140 140 570 854 854 140 854 854 140 140 140 854 140 712 140 140 854 854 712 854 140 140 854 854 854 140 712 712 854 140 854 854 140 140 854 712 140 140 140 712 140 854 854 140 140 140 140 140 854 854 854 140 140 854 854 854 854 140 140 854 140 140 140 854 140 854 854 140 854 140 140 140 854 140 140 140 854 140 140 854 140 854 854 140 854 140 140 140 854 140 140 140 712 712 140 140 140 140 140 140 854 140 140 140 140 140 140 140 854 854 140 140 140 140 140 140 140 140 140 140 140 140 140 140 140 854 854 140 140 854 140 140 140 140 140 140 140 854 140 140 140 854 140 140 140 854 854 140 140 140 140 140 140 140 854 140 140 140 854 140 854 854 140 140 140 140 140 854 140 140 140 140 140 140 140 140 140 140 140 140 854 140 140 140 140 140 140 140 140 140 140 140 140 140 140 140 
c [Signal] Signal interruption. Caught signal: SIGTERM (15).
c [Label = 857] Encoding starts with target value = 142:
c [Label = 857] Encoding duration: 13122ms.
c [Label = 857] Number of clauses: 9416652.
c [Label = 857] Number of variables: 1840595.
c [Label = 857] Solving duration: 1868 ms.
s [Label = 857] SAT (w = 142).
c [Label = 857]Label assignment: 428 570 570 139 428 139 712 712 854 712 570 139 570 139 570 428 712 712 570 854 570 139 712 570 139 570 712 854 570 854 570 854 712 570 712 854 854 854 139 570 712 712 139 570 854 570 854 712 712 854 570 854 854 712 712 428 854 854 139 570 854 712 428 712 854 428 712 428 854 286 139 139 854 854 712 570 286 712 139 139 570 139 570 428 712 854 712 570 854 854 854 854 139 139 712 712 712 712 570 854 712 854 712 570 854 712 712 854 854 712 854 570 139 854 712 854 139 712 428 712 428 712 712 712 854 570 712 712 712 854 854 854 712 139 139 854 854 854 428 854 712 428 139 854 139 854 139 139 712 428 139 854 712 712 712 570 139 854 854 712 139 712 570 712 854 286 854 570 854 854 854 712 712 570 712 854 712 139 139 139 854 139 570 139 712 854 570 854 712 712 712 712 570 854 139 712 854 854 139 712 139 712 712 570 854 139 139 570 570 712 854 139 570 854 854 139 854 712 854 139 854 854 139 428 139 712 854 712 854 712 570 712 854 854 854 570 854 139 854 854 139 429 570 712 854 712 854 428 712 712 854 854 712 428 139 854 570 139 139 854 854 854 139 854 854 712 139 139 570 570 712 854 139 854 139 712 139 854 570 139 139 139 712 854 712 139 712 570 139 712 854 854 139 854 854 854 854 712 854 570 854 139 139 139 854 854 854 854 712 139 854 712 712 712 854 139 712 854 712 854 854 139 139 854 570 712 139 854 854 712 712 139 854 854 712 139 570 854 854 854 139 570 854 712 139 712 854 139 854 854 854 854 854 854 854 854 139 712 854 854 712 712 854 854 712 139 712 712 139 712 139 712 139 139 854 139 712 712 854 139 712 139 570 854 854 139 854 712 712 139 854 854 139 854 139 139 854 854 712 854 854 854 854 854 854 139 712 854 854 712 854 139 854 854 712 854 139 139 139 139 139 139 854 139 570 854 139 712 712 139 854 854 139 139 139 854 712 712 139 854 854 139 139 139 139 854 854 139 139 139 854 854 139 139 854 139 139 854 139 854 854 139 139 570 139 854 854 854 854 139 139 854 712 712 139 139 139 139 139 712 854 854 139 139 854 139 139 139 139 139 139 570 854 854 139 854 854 139 139 139 854 139 712 139 139 854 854 712 854 139 139 854 854 854 139 712 712 854 139 854 854 139 139 854 712 139 139 139 712 139 854 854 139 139 139 139 139 854 854 854 139 139 854 854 854 854 139 139 854 139 139 139 854 139 854 854 139 854 139 139 139 854 139 139 139 854 139 139 854 139 854 854 139 854 139 139 139 854 139 139 139 712 712 139 139 139 139 139 139 854 139 139 139 139 139 139 139 854 854 139 139 139 139 139 139 139 139 139 139 139 139 139 139 139 854 854 139 139 854 139 139 139 139 139 139 139 854 139 139 139 854 139 139 139 854 854 139 139 139 139 139 139 139 854 139 139 139 854 139 854 854 139 139 139 139 139 854 139 139 139 139 139 139 139 139 139 139 139 139 854 139 139 139 139 139 139 139 139 139 139 139 139 139 139 139 
c [Signal] Signal interruption. Caught signal: SIGTERM (15).
c [Label = 849] Minimize Makespan Labeling problem (W-685_bus.mtx.rnd):
c [Main] Child pid 853 - 823876 terminated by signal 15.
c [Label = 848] Minimize Makespan Labeling problem (W-685_bus.mtx.rnd):
c [Main] Child pid 855 - 823874 terminated by signal 15.
c [Label = 847] Minimize Makespan Labeling problem (W-685_bus.mtx.rnd):
c [Main] Child pid 856 - 823873 terminated by signal 15.
c [Label = 846] Minimize Makespan Labeling problem (W-685_bus.mtx.rnd):
c [Main] Child pid 854 - 823875 terminated by signal 15.
c [Main] Child pid 857 - 823872 terminated by signal 15.
c [Label = 845] Minimize Makespan Labeling problem (W-685_bus.mtx.rnd):
c [Label = 844] Minimize Makespan Labeling problem (W-685_bus.mtx.rnd):
c [Label = 850] Encoding starts with target value = 142:
c [Label = 850] Encoding duration: 12695ms.
c [Label = 850] Number of clauses: 9070184.
c [Label = 850] Number of variables: 1735790.
c [Label = 850] Solving duration: 37360 ms.
s [Label = 850] UNSAT (w = 142).
c [Label = 851] Encoding starts with target value = 142:
c [Label = 851] Encoding duration: 12450ms.
c [Label = 851] Number of clauses: 9078737.
c [Label = 851] Number of variables: 1737160.
c [Label = 851] Solving duration: 37479 ms.
s [Label = 851] UNSAT (w = 142).
c [Label = 845] Encoding starts with target value = 142:
c [Label = 845] Encoding duration: 12318ms.
c [Label = 845] Number of clauses: 9027416.
c [Label = 845] Number of variables: 1728940.
c [Signal] Signal interruption. Caught signal: SIGTERM (15).
c [Label = 844] Encoding starts with target value = 142:
c [Label = 844] Encoding duration: 12695ms.
c [Label = 844] Number of clauses: 9018863.
c [Label = 844] Number of variables: 1727570.
c [Signal] Signal interruption. Caught signal: SIGTERM (15).
c [Label = 846] Encoding starts with target value = 142:
c [Label = 846] Encoding duration: 12466ms.
c [Label = 846] Number of clauses: 9035970.
c [Label = 846] Number of variables: 1730310.
c [Signal] Signal interruption. Caught signal: SIGTERM (15).
c [Main] Highest label UNSAT is set to 851
c [Main] Kill lower label pid 844.
c [Main] Kill lower label pid 845.
c [Main] Kill lower label pid 846.
c [Main] Kill lower label pid 847.
c [Main] Kill lower label pid 848.
c [Main] Kill lower label pid 849.
c [Main] Kill lower label pid 850.
c [Label = 847] Encoding starts with target value = 142:
c [Label = 847] Encoding duration: 12693ms.
c [Label = 847] Number of clauses: 9044523.
c [Label = 847] Number of variables: 1731680.
c [Signal] Signal interruption. Caught signal: SIGTERM (15).
c [Label = 848] Encoding starts with target value = 142:
c [Label = 848] Encoding duration: 12515ms.
c [Label = 848] Number of clauses: 9053077.
c [Label = 848] Number of variables: 1733050.
c [Signal] Signal interruption. Caught signal: SIGTERM (15).
c [Label = 849] Encoding starts with target value = 142:
c [Label = 849] Encoding duration: 12483ms.
c [Label = 849] Number of clauses: 9061630.
c [Label = 849] Number of variables: 1734420.
c [Signal] Signal interruption. Caught signal: SIGTERM (15).
c [Main] Kill lower label pid 844.
c [Main] Kill lower label pid 845.
c [Main] Kill lower label pid 846.
c [Main] Kill lower label pid 847.
c [Main] Kill lower label pid 848.
c [Main] Kill lower label pid 849.
c [Main] Child pid 846 - 823890 terminated by signal 15.
c [Main] Child pid 848 - 823888 terminated by signal 15.
c [Main] Child pid 845 - 823891 terminated by signal 15.
c [Main] Child pid 844 - 823892 terminated by signal 15.
c [Main] Child pid 847 - 823889 terminated by signal 15.
c [Main] Child pid 849 - 823887 terminated by signal 15.
c [Signal] Signal interruption. Caught signal: SIGTERM (15).
c [Main] All children have completed.
r [Main] 
r [Main] Final results: 
r [Main] Lowest label SAT:  	852.
r [Main] Highest label UNSAT:	851.
r [Main] Total real time: 52786 ms.
r [Main] Total memory consumed: 26208.8 MB.
r [Main] 
