c [Version] Minimize Makespan Labeling Encoder version 1.0.0.
c [Param] Target value is set to 227.
c [Param] LB is predefined as 228.
c [Param] UB is predefined as 494.
c [Param] Target value is set to Antibandwidth.
c [Param] Vertices mode is set to Has hole.
c [Param] Result verification is ON.
c [Param] Memory limit is set to 30000.
c [Param] Real time limit is set to 1800.
c [Param] Max CNF size is set to 10.
c [Main] Search strategy: Incremental from upper bound.
c [Main] Encoding and solving for graph: Q-494_bus.mtx.rnd.
c [Incremental] Minimize Makespan Labeling problem (Q-494_bus.mtx.rnd):
c [Incremental] Encoding starts with target value = 227:
c [Incremental] Encoding duration: 2066ms.
c [Incremental] Number of clauses: 2063506.
c [Incremental] Number of variables: 597794.
c [Incremental] Solving for max label = 494:
c [Incremental] Solving duration: 68 ms.
s [Incremental] SAT (label = 494).
c [Incremental] Label assignment: 494 494 494 494 494 494 494 494 494 494 494 494 494 494 494 267 494 267 494 494 494 494 494 267 494 267 494 494 494 494 494 494 494 494 494 494 267 494 494 494 494 267 267 494 494 494 494 267 494 40 494 267 494 494 494 494 494 494 494 494 267 494 494 494 494 494 494 494 494 494 494 494 494 494 494 494 267 494 494 494 267 494 494 494 494 494 494 267 267 494 40 267 267 494 494 494 267 494 267 40 267 494 494 494 267 494 267 494 40 494 494 494 267 494 40 267 494 267 267 267 494 267 267 267 494 267 494 494 494 494 494 494 494 494 40 267 494 267 267 494 494 494 40 494 494 494 494 267 267 494 494 494 267 267 267 267 494 494 40 494 494 494 267 494 494 494 267 494 494 267 494 494 494 267 267 267 494 267 267 494 494 494 494 494 494 494 494 494 494 267 494 40 494 267 494 267 494 494 494 494 267 40 494 267 494 267 494 494 267 267 40 40 494 494 40 494 494 267 267 267 494 267 267 267 267 267 494 40 267 494 267 40 494 494 494 494 40 267 494 40 494 494 494 494 40 267 267 494 494 40 267 40 40 40 267 40 267 267 267 494 267 494 40 494 494 267 494 494 494 40 494 494 494 494 267 494 267 267 494 267 267 494 494 267 40 267 494 267 494 267 40 494 267 494 494 494 494 40 267 40 267 267 267 494 267 494 494 494 494 267 40 267 494 40 267 267 40 494 267 40 267 267 267 267 494 267 267 267 267 267 40 267 494 494 267 494 494 267 40 494 267 494 267 494 267 40 40 494 40 40 494 267 40 40 267 267 267 267 267 267 494 40 267 267 267 267 494 494 267 267 494 40 267 40 494 267 267 494 267 267 267 40 40 267 494 494 40 40 267 267 494 494 40 494 267 494 494 267 494 494 267 494 40 40 267 494 494 40 267 494 494 494 267 267 494 267 40 267 494 267 494 267 267 494 40 494 267 494 494 267 494 494 267 40 267 40 494 494 40 494 40 40 267 267 494 267 267 40 267 267 40 494 494 267 494 267 40 40 267 494 267 494 267 494 40 267 494 40 267 267 267 267 267 40 267 40 40 494 494 267 267 267 40 40 267 494 267 494 267 494 40 267 1 494 
c [Incremental] Max used label: 494.
c [Incremental] Label 494 is removed from searching.
c [Incremental] Solving for max label = 493:
c [Incremental] Solving duration: 40 ms.
s [Incremental] SAT (label = 493).
c [Incremental] Label assignment: 493 493 493 493 493 493 493 493 493 493 493 493 493 493 493 266 493 266 493 493 493 493 493 266 493 266 493 493 493 493 493 493 493 493 493 493 266 493 493 493 493 266 266 493 493 493 493 266 493 39 493 266 493 493 493 493 493 493 493 493 266 493 493 493 493 493 493 493 493 493 493 493 493 493 493 493 266 493 493 493 266 493 493 493 493 493 493 266 266 493 39 266 266 493 493 493 266 493 266 39 266 493 493 493 266 493 266 493 39 493 493 493 266 493 39 266 493 266 266 266 493 266 266 266 493 266 493 493 493 493 493 493 493 493 39 266 493 266 266 493 493 493 39 493 493 493 493 266 266 493 493 493 266 266 266 266 493 493 39 493 493 493 266 493 493 493 266 493 493 266 493 493 493 266 266 266 493 266 266 493 493 493 493 493 493 493 493 493 493 266 493 39 493 266 493 266 493 493 493 493 266 39 493 266 493 266 493 493 266 266 39 39 493 493 39 493 493 266 266 266 493 266 266 266 266 266 493 39 266 493 266 39 493 493 493 493 39 266 493 39 493 493 493 493 39 266 266 493 493 39 266 39 39 39 266 39 266 266 266 493 266 493 39 493 493 266 493 493 493 39 493 493 493 493 266 493 266 266 493 266 266 493 493 266 39 266 493 266 493 266 39 493 266 493 493 493 493 39 266 39 266 266 266 493 266 493 493 493 493 266 39 266 493 39 266 266 39 493 266 39 266 266 266 266 493 266 266 266 266 266 39 266 493 493 266 493 493 266 39 493 266 493 266 493 266 39 39 493 39 39 493 266 39 39 266 266 266 266 266 266 493 39 266 266 266 266 493 493 266 266 493 39 266 39 493 266 266 493 266 266 266 39 39 266 493 493 39 39 266 266 493 493 39 493 266 493 493 266 493 493 266 493 39 39 266 493 493 39 266 493 493 493 266 266 493 266 39 266 493 266 493 266 266 493 39 493 266 493 493 266 493 493 266 39 266 39 493 493 39 493 39 39 266 266 493 266 266 39 266 266 39 493 493 266 493 266 39 39 266 493 266 493 266 493 39 266 493 39 266 266 266 266 266 39 266 39 39 493 493 266 266 266 39 39 266 493 266 493 266 493 39 266 1 493 
c [Incremental] Max used label: 493.
c [Incremental] Label 493 is removed from searching.
c [Incremental] Solving for max label = 492:
c [Incremental] Solving duration: 40 ms.
s [Incremental] SAT (label = 492).
c [Incremental] Label assignment: 492 492 492 492 492 492 492 492 492 492 492 492 492 492 492 265 492 265 492 492 492 492 492 265 492 265 492 492 492 492 492 492 492 492 492 492 265 492 492 492 492 265 265 492 492 492 492 265 492 38 492 265 492 492 492 492 492 492 492 492 265 492 492 492 492 492 492 492 492 492 492 492 492 492 492 492 265 492 492 492 265 492 492 492 492 492 492 265 265 492 38 265 265 492 492 492 265 492 265 38 265 492 492 492 265 492 265 492 38 492 492 492 265 492 38 265 492 265 265 265 492 265 265 265 492 265 492 492 492 492 492 492 492 492 38 265 492 265 265 492 492 492 38 492 492 492 492 265 265 492 492 492 265 265 265 265 492 492 38 492 492 492 265 492 492 492 265 492 492 265 492 492 492 265 265 265 492 265 265 492 492 492 492 492 492 492 492 492 492 265 492 38 492 265 492 265 492 492 492 492 265 38 492 265 492 265 492 492 265 265 38 38 492 492 38 492 492 265 265 265 492 265 265 265 265 265 492 38 265 492 265 38 492 492 492 492 38 265 492 38 492 492 492 492 38 265 265 492 492 38 265 38 38 38 265 38 265 265 265 492 265 492 38 492 492 265 492 492 492 38 492 492 492 492 265 492 265 265 492 265 265 492 492 265 38 265 492 265 492 265 38 492 265 492 492 492 492 38 265 38 265 265 265 492 265 492 492 492 492 265 38 265 492 38 265 265 38 492 265 38 265 265 265 265 492 265 265 265 265 265 38 265 492 492 265 492 492 265 38 492 265 492 265 492 265 38 38 492 38 38 492 265 38 38 265 265 265 265 265 265 492 38 265 265 265 265 492 492 265 265 492 38 265 38 492 265 265 492 265 265 265 38 38 265 492 492 38 38 265 265 492 492 38 492 265 492 492 265 492 492 265 492 38 38 265 492 492 38 265 492 492 492 265 265 492 265 38 265 492 265 492 265 265 492 38 492 265 492 492 265 492 492 265 38 265 38 492 492 38 492 38 38 265 265 492 265 265 38 265 265 38 492 492 265 492 265 38 38 265 492 265 492 265 492 38 265 492 38 265 265 265 265 265 38 265 38 38 492 492 265 265 265 38 38 265 492 265 492 265 492 38 265 1 492 
c [Incremental] Max used label: 492.
c [Incremental] Label 492 is removed from searching.
c [Incremental] Solving for max label = 491:
c [Incremental] Solving duration: 39 ms.
s [Incremental] SAT (label = 491).
c [Incremental] Label assignment: 491 491 491 491 491 491 491 491 491 491 491 491 491 491 491 264 491 264 491 491 491 491 491 264 491 264 491 491 491 491 491 491 491 491 491 491 264 491 491 491 491 264 264 491 491 491 491 264 491 37 491 264 491 491 491 491 491 491 491 491 264 491 491 491 491 491 491 491 491 491 491 491 491 491 491 491 264 491 491 491 264 491 491 491 491 491 491 264 264 491 37 264 264 491 491 491 264 491 264 37 264 491 491 491 264 491 264 491 37 491 491 491 264 491 37 264 491 264 264 264 491 264 264 264 491 264 491 491 491 491 491 491 491 491 37 264 491 264 264 491 491 491 37 491 491 491 491 264 264 491 491 491 264 264 264 264 491 491 37 491 491 491 264 491 491 491 264 491 491 264 491 491 491 264 264 264 491 264 264 491 491 491 491 491 491 491 491 491 491 264 491 37 491 264 491 264 491 491 491 491 264 37 491 264 491 264 491 491 264 264 37 37 491 491 37 491 491 264 264 264 491 264 264 264 264 264 491 37 264 491 264 37 491 491 491 491 37 264 491 37 491 491 491 491 37 264 264 491 491 37 264 37 37 37 264 37 264 264 264 491 264 491 37 491 491 264 491 491 491 37 491 491 491 491 264 491 264 264 491 264 264 491 491 264 37 264 491 264 491 264 37 491 264 491 491 491 491 37 264 37 264 264 264 491 264 491 491 491 491 264 37 264 491 37 264 264 37 491 264 37 264 264 264 264 491 264 264 264 264 264 37 264 491 491 264 491 491 264 37 491 264 491 264 491 264 37 37 491 37 37 491 264 37 37 264 264 264 264 264 264 491 37 264 264 264 264 491 491 264 264 491 37 264 37 491 264 264 491 264 264 264 37 37 264 491 491 37 37 264 264 491 491 37 491 264 491 491 264 491 491 264 491 37 37 264 491 491 37 264 491 491 491 264 264 491 264 37 264 491 264 491 264 264 491 37 491 264 491 491 264 491 491 264 37 264 37 491 491 37 491 37 37 264 264 491 264 264 37 264 264 37 491 491 264 491 264 37 37 264 491 264 491 264 491 37 264 491 37 264 264 264 264 264 37 264 37 37 491 491 264 264 264 37 37 264 491 264 491 264 491 37 264 1 491 
c [Incremental] Max used label: 491.
c [Incremental] Label 491 is removed from searching.
c [Incremental] Solving for max label = 490:
c [Incremental] Solving duration: 38 ms.
s [Incremental] SAT (label = 490).
c [Incremental] Label assignment: 490 490 490 490 490 490 490 490 490 490 490 490 490 490 490 263 490 263 490 490 490 490 490 263 490 263 490 490 490 490 490 490 490 490 490 490 263 490 490 490 490 263 263 490 490 490 490 263 490 36 490 263 490 490 490 490 490 490 490 490 263 490 490 490 490 490 490 490 490 490 490 490 490 490 490 490 263 490 490 490 263 490 490 490 490 490 490 263 263 490 36 263 263 490 490 490 263 490 263 36 263 490 490 490 263 490 263 490 36 490 490 490 263 490 36 263 490 263 263 263 490 263 263 263 490 263 490 490 490 490 490 490 490 490 36 263 490 263 263 490 490 490 36 490 490 490 490 263 263 490 490 490 263 263 263 263 490 490 36 490 490 490 263 490 490 490 263 490 490 263 490 490 490 263 263 263 490 263 263 490 490 490 490 490 490 490 490 490 490 263 490 36 490 263 490 263 490 490 490 490 263 36 490 263 490 263 490 490 263 263 36 36 490 490 36 490 490 263 263 263 490 263 263 263 263 263 490 36 263 490 263 36 490 490 490 490 36 263 490 36 490 490 490 490 36 263 263 490 490 36 263 36 36 36 263 36 263 263 263 490 263 490 36 490 490 263 490 490 490 36 490 490 490 490 263 490 263 263 490 263 263 490 490 263 36 263 490 263 490 263 36 490 263 490 490 490 490 36 263 36 263 263 263 490 263 490 490 490 490 263 36 263 490 36 263 263 36 490 263 36 263 263 263 263 490 263 263 263 263 263 36 263 490 490 263 490 490 263 36 490 263 490 263 490 263 36 36 490 36 36 490 263 36 36 263 263 263 263 263 263 490 36 263 263 263 263 490 490 263 263 490 36 263 36 490 263 263 490 263 263 263 36 36 263 490 490 36 36 263 263 490 490 36 490 263 490 490 263 490 490 263 490 36 36 263 490 490 36 263 490 490 490 263 263 490 263 36 263 490 263 490 263 263 490 36 490 263 490 490 263 490 490 263 36 263 36 490 490 36 490 36 36 263 263 490 263 263 36 263 263 36 490 490 263 490 263 36 36 263 490 263 490 263 490 36 263 490 36 263 263 263 263 263 36 263 36 36 490 490 263 263 263 36 36 263 490 263 490 263 490 36 263 1 490 
c [Incremental] Max used label: 490.
c [Incremental] Label 490 is removed from searching.
c [Incremental] Solving for max label = 489:
c [Incremental] Solving duration: 39 ms.
s [Incremental] SAT (label = 489).
c [Incremental] Label assignment: 489 489 489 489 489 489 489 489 489 489 489 489 489 489 489 262 489 262 489 489 489 489 489 262 489 262 489 489 489 489 489 489 489 489 489 489 262 489 489 489 489 262 262 489 489 489 489 262 489 35 489 262 489 489 489 489 489 489 489 489 262 489 489 489 489 489 489 489 489 489 489 489 489 489 489 489 262 489 489 489 262 489 489 489 489 489 489 262 262 489 35 262 262 489 489 489 262 489 262 35 262 489 489 489 262 489 262 489 35 489 489 489 262 489 35 262 489 262 262 262 489 262 262 262 489 262 489 489 489 489 489 489 489 489 35 262 489 262 262 489 489 489 35 489 489 489 489 262 262 489 489 489 262 262 262 262 489 489 35 489 489 489 262 489 489 489 262 489 489 262 489 489 489 262 262 262 489 262 262 489 489 489 489 489 489 489 489 489 489 262 489 35 489 262 489 262 489 489 489 489 262 35 489 262 489 262 489 489 262 262 35 35 489 489 35 489 489 262 262 262 489 262 262 262 262 262 489 35 262 489 262 35 489 489 489 489 35 262 489 35 489 489 489 489 35 262 262 489 489 35 262 35 35 35 262 35 262 262 262 489 262 489 35 489 489 262 489 489 489 35 489 489 489 489 262 489 262 262 489 262 262 489 489 262 35 262 489 262 489 262 35 489 262 489 489 489 489 35 262 35 262 262 262 489 262 489 489 489 489 262 35 262 489 35 262 262 35 489 262 35 262 262 262 262 489 262 262 262 262 262 35 262 489 489 262 489 489 262 35 489 262 489 262 489 262 35 35 489 35 35 489 262 35 35 262 262 262 262 262 262 489 35 262 262 262 262 489 489 262 262 489 35 262 35 489 262 262 489 262 262 262 35 35 262 489 489 35 35 262 262 489 489 35 489 262 489 489 262 489 489 262 489 35 35 262 489 489 35 262 489 489 489 262 262 489 262 35 262 489 262 489 262 262 489 35 489 262 489 489 262 489 489 262 35 262 35 489 489 35 489 35 35 262 262 489 262 262 35 262 262 35 489 489 262 489 262 35 35 262 489 262 489 262 489 35 262 489 35 262 262 262 262 262 35 262 35 35 489 489 262 262 262 35 35 262 489 262 489 262 489 35 262 1 489 
c [Incremental] Max used label: 489.
c [Incremental] Label 489 is removed from searching.
c [Incremental] Solving for max label = 488:
c [Incremental] Solving duration: 38 ms.
s [Incremental] SAT (label = 488).
c [Incremental] Label assignment: 488 488 488 488 488 488 488 488 488 488 488 488 488 488 488 261 488 261 488 488 488 488 488 261 488 261 488 488 488 488 488 488 488 488 488 488 261 488 488 488 488 261 261 488 488 488 488 261 488 34 488 261 488 488 488 488 488 488 488 488 261 488 488 488 488 488 488 488 488 488 488 488 488 488 488 488 261 488 488 488 261 488 488 488 488 488 488 261 261 488 34 261 261 488 488 488 261 488 261 34 261 488 488 488 261 488 261 488 34 488 488 488 261 488 34 261 488 261 261 261 488 261 261 261 488 261 488 488 488 488 488 488 488 488 34 261 488 261 261 488 488 488 34 488 488 488 488 261 261 488 488 488 261 261 261 261 488 488 34 488 488 488 261 488 488 488 261 488 488 261 488 488 488 261 261 261 488 261 261 488 488 488 488 488 488 488 488 488 488 261 488 34 488 261 488 261 488 488 488 488 261 34 488 261 488 261 488 488 261 261 34 34 488 488 34 488 488 261 261 261 488 261 261 261 261 261 488 34 261 488 261 34 488 488 488 488 34 261 488 34 488 488 488 488 34 261 261 488 488 34 261 34 34 34 261 34 261 261 261 488 261 488 34 488 488 261 488 488 488 34 488 488 488 488 261 488 261 261 488 261 261 488 488 261 34 261 488 261 488 261 34 488 261 488 488 488 488 34 261 34 261 261 261 488 261 488 488 488 488 261 34 261 488 34 261 261 34 488 261 34 261 261 261 261 488 261 261 261 261 261 34 261 488 488 261 488 488 261 34 488 261 488 261 488 261 34 34 488 34 34 488 261 34 34 261 261 261 261 261 261 488 34 261 261 261 261 488 488 261 261 488 34 261 34 488 261 261 488 261 261 261 34 34 261 488 488 34 34 261 261 488 488 34 488 261 488 488 261 488 488 261 488 34 34 261 488 488 34 261 488 488 488 261 261 488 261 34 261 488 261 488 261 261 488 34 488 261 488 488 261 488 488 261 34 261 34 488 488 34 488 34 34 261 261 488 261 261 34 261 261 34 488 488 261 488 261 34 34 261 488 261 488 261 488 34 261 488 34 261 261 261 261 261 34 261 34 34 488 488 261 261 261 34 34 261 488 261 488 261 488 34 261 1 488 
c [Incremental] Max used label: 488.
c [Incremental] Label 488 is removed from searching.
c [Incremental] Solving for max label = 487:
c [Incremental] Solving duration: 39 ms.
s [Incremental] SAT (label = 487).
c [Incremental] Label assignment: 487 487 487 487 487 487 487 487 487 487 487 487 487 487 487 260 487 260 487 487 487 487 487 260 487 260 487 487 487 487 487 487 487 487 487 487 260 487 487 487 487 260 260 487 487 487 487 260 487 33 487 260 487 487 487 487 487 487 487 487 260 487 487 487 487 487 487 487 487 487 487 487 487 487 487 487 260 487 487 487 260 487 487 487 487 487 487 260 260 487 33 260 260 487 487 487 260 487 260 33 260 487 487 487 260 487 260 487 33 487 487 487 260 487 33 260 487 260 260 260 487 260 260 260 487 260 487 487 487 487 487 487 487 487 33 260 487 260 260 487 487 487 33 487 487 487 487 260 260 487 487 487 260 260 260 260 487 487 33 487 487 487 260 487 487 487 260 487 487 260 487 487 487 260 260 260 487 260 260 487 487 487 487 487 487 487 487 487 487 260 487 33 487 260 487 260 487 487 487 487 260 33 487 260 487 260 487 487 260 260 33 33 487 487 33 487 487 260 260 260 487 260 260 260 260 260 487 33 260 487 260 33 487 487 487 487 33 260 487 33 487 487 487 487 33 260 260 487 487 33 260 33 33 33 260 33 260 260 260 487 260 487 33 487 487 260 487 487 487 33 487 487 487 487 260 487 260 260 487 260 260 487 487 260 33 260 487 260 487 260 33 487 260 487 487 487 487 33 260 33 260 260 260 487 260 487 487 487 487 260 33 260 487 33 260 260 33 487 260 33 260 260 260 260 487 260 260 260 260 260 33 260 487 487 260 487 487 260 33 487 260 487 260 487 260 33 33 487 33 33 487 260 33 33 260 260 260 260 260 260 487 33 260 260 260 260 487 487 260 260 487 33 260 33 487 260 260 487 260 260 260 33 33 260 487 487 33 33 260 260 487 487 33 487 260 487 487 260 487 487 260 487 33 33 260 487 487 33 260 487 487 487 260 260 487 260 33 260 487 260 487 260 260 487 33 487 260 487 487 260 487 487 260 33 260 33 487 487 33 487 33 33 260 260 487 260 260 33 260 260 33 487 487 260 487 260 33 33 260 487 260 487 260 487 33 260 487 33 260 260 260 260 260 33 260 33 33 487 487 260 260 260 33 33 260 487 260 487 260 487 33 260 1 487 
c [Incremental] Max used label: 487.
c [Incremental] Label 487 is removed from searching.
c [Incremental] Solving for max label = 486:
c [Incremental] Solving duration: 38 ms.
s [Incremental] SAT (label = 486).
c [Incremental] Label assignment: 486 486 486 486 486 486 486 486 486 486 486 486 486 486 486 259 486 259 486 486 486 486 486 259 486 259 486 486 486 486 486 486 486 486 486 486 259 486 486 486 486 259 259 486 486 486 486 259 486 32 486 259 486 486 486 486 486 486 486 486 259 486 486 486 486 486 486 486 486 486 486 486 486 486 486 486 259 486 486 486 259 486 486 486 486 486 486 259 259 486 32 259 259 486 486 486 259 486 259 32 259 486 486 486 259 486 259 486 32 486 486 486 259 486 32 259 486 259 259 259 486 259 259 259 486 259 486 486 486 486 486 486 486 486 32 259 486 259 259 486 486 486 32 486 486 486 486 259 259 486 486 486 259 259 259 259 486 486 32 486 486 486 259 486 486 486 259 486 486 259 486 486 486 259 259 259 486 259 259 486 486 486 486 486 486 486 486 486 486 259 486 32 486 259 486 259 486 486 486 486 259 32 486 259 486 259 486 486 259 259 32 32 486 486 32 486 486 259 259 259 486 259 259 259 259 259 486 32 259 486 259 32 486 486 486 486 32 259 486 32 486 486 486 486 32 259 259 486 486 32 259 32 32 32 259 32 259 259 259 486 259 486 32 486 486 259 486 486 486 32 486 486 486 486 259 486 259 259 486 259 259 486 486 259 32 259 486 259 486 259 32 486 259 486 486 486 486 32 259 32 259 259 259 486 259 486 486 486 486 259 32 259 486 32 259 259 32 486 259 32 259 259 259 259 486 259 259 259 259 259 32 259 486 486 259 486 486 259 32 486 259 486 259 486 259 32 32 486 32 32 486 259 32 32 259 259 259 259 259 259 486 32 259 259 259 259 486 486 259 259 486 32 259 32 486 259 259 486 259 259 259 32 32 259 486 486 32 32 259 259 486 486 32 486 259 486 486 259 486 486 259 486 32 32 259 486 486 32 259 486 486 486 259 259 486 259 32 259 486 259 486 259 259 486 32 486 259 486 486 259 486 486 259 32 259 32 486 486 32 486 32 32 259 259 486 259 259 32 259 259 32 486 486 259 486 259 32 32 259 486 259 486 259 486 32 259 486 32 259 259 259 259 259 32 259 32 32 486 486 259 259 259 32 32 259 486 259 486 259 486 32 259 1 486 
c [Incremental] Max used label: 486.
c [Incremental] Label 486 is removed from searching.
c [Incremental] Solving for max label = 485:
c [Incremental] Solving duration: 39 ms.
s [Incremental] SAT (label = 485).
c [Incremental] Label assignment: 485 485 485 485 485 485 485 485 485 485 485 485 485 485 485 258 485 258 485 485 485 485 485 258 485 258 485 485 485 485 485 485 485 485 485 485 258 485 485 485 485 258 258 485 485 485 485 258 485 31 485 258 485 485 485 485 485 485 485 485 258 485 485 485 485 485 485 485 485 485 485 485 485 485 485 485 258 485 485 485 258 485 485 485 485 485 485 258 258 485 31 258 258 485 485 485 258 485 258 31 258 485 485 485 258 485 258 485 31 485 485 485 258 485 31 258 485 258 258 258 485 258 258 258 485 258 485 485 485 485 485 485 485 485 31 258 485 258 258 485 485 485 31 485 485 485 485 258 258 485 485 485 258 258 258 258 485 485 31 485 485 485 258 485 485 485 258 485 485 258 485 485 485 258 258 258 485 258 258 485 485 485 485 485 485 485 485 485 485 258 485 31 485 258 485 258 485 485 485 485 258 31 485 258 485 258 485 485 258 258 31 31 485 485 31 485 485 258 258 258 485 258 258 258 258 258 485 31 258 485 258 31 485 485 485 485 31 258 485 31 485 485 485 485 31 258 258 485 485 31 258 31 31 31 258 31 258 258 258 485 258 485 31 485 485 258 485 485 485 31 485 485 485 485 258 485 258 258 485 258 258 485 485 258 31 258 485 258 485 258 31 485 258 485 485 485 485 31 258 31 258 258 258 485 258 485 485 485 485 258 31 258 485 31 258 258 31 485 258 31 258 258 258 258 485 258 258 258 258 258 31 258 485 485 258 485 485 258 31 485 258 485 258 485 258 31 31 485 31 31 485 258 31 31 258 258 258 258 258 258 485 31 258 258 258 258 485 485 258 258 485 31 258 31 485 258 258 485 258 258 258 31 31 258 485 485 31 31 258 258 485 485 31 485 258 485 485 258 485 485 258 485 31 31 258 485 485 31 258 485 485 485 258 258 485 258 31 258 485 258 485 258 258 485 31 485 258 485 485 258 485 485 258 31 258 31 485 485 31 485 31 31 258 258 485 258 258 31 258 258 31 485 485 258 485 258 31 31 258 485 258 485 258 485 31 258 485 31 258 258 258 258 258 31 258 31 31 485 485 258 258 258 31 31 258 485 258 485 258 485 31 258 1 485 
c [Incremental] Max used label: 485.
c [Incremental] Label 485 is removed from searching.
c [Incremental] Solving for max label = 484:
c [Incremental] Solving duration: 38 ms.
s [Incremental] SAT (label = 484).
c [Incremental] Label assignment: 484 484 484 484 484 484 484 484 484 484 484 484 484 484 484 257 484 257 484 484 484 484 484 257 484 257 484 484 484 484 484 484 484 484 484 484 257 484 484 484 484 257 257 484 484 484 484 257 484 30 484 257 484 484 484 484 484 484 484 484 257 484 484 484 484 484 484 484 484 484 484 484 484 484 484 484 257 484 484 484 257 484 484 484 484 484 484 257 257 484 30 257 257 484 484 484 257 484 257 30 257 484 484 484 257 484 257 484 30 484 484 484 257 484 30 257 484 257 257 257 484 257 257 257 484 257 484 484 484 484 484 484 484 484 30 257 484 257 257 484 484 484 30 484 484 484 484 257 257 484 484 484 257 257 257 257 484 484 30 484 484 484 257 484 484 484 257 484 484 257 484 484 484 257 257 257 484 257 257 484 484 484 484 484 484 484 484 484 484 257 484 30 484 257 484 257 484 484 484 484 257 30 484 257 484 257 484 484 257 257 30 30 484 484 30 484 484 257 257 257 484 257 257 257 257 257 484 30 257 484 257 30 484 484 484 484 30 257 484 30 484 484 484 484 30 257 257 484 484 30 257 30 30 30 257 30 257 257 257 484 257 484 30 484 484 257 484 484 484 30 484 484 484 484 257 484 257 257 484 257 257 484 484 257 30 257 484 257 484 257 30 484 257 484 484 484 484 30 257 30 257 257 257 484 257 484 484 484 484 257 30 257 484 30 257 257 30 484 257 30 257 257 257 257 484 257 257 257 257 257 30 257 484 484 257 484 484 257 30 484 257 484 257 484 257 30 30 484 30 30 484 257 30 30 257 257 257 257 257 257 484 30 257 257 257 257 484 484 257 257 484 30 257 30 484 257 257 484 257 257 257 30 30 257 484 484 30 30 257 257 484 484 30 484 257 484 484 257 484 484 257 484 30 30 257 484 484 30 257 484 484 484 257 257 484 257 30 257 484 257 484 257 257 484 30 484 257 484 484 257 484 484 257 30 257 30 484 484 30 484 30 30 257 257 484 257 257 30 257 257 30 484 484 257 484 257 30 30 257 484 257 484 257 484 30 257 484 30 257 257 257 257 257 30 257 30 30 484 484 257 257 257 30 30 257 484 257 484 257 484 30 257 1 484 
c [Incremental] Max used label: 484.
c [Incremental] Label 484 is removed from searching.
c [Incremental] Solving for max label = 483:
c [Incremental] Solving duration: 38 ms.
s [Incremental] SAT (label = 483).
c [Incremental] Label assignment: 483 483 483 483 483 483 483 483 483 483 483 483 483 483 483 256 483 256 483 483 483 483 483 256 483 256 483 483 483 483 483 483 483 483 483 483 256 483 483 483 483 256 256 483 483 483 483 256 483 29 483 256 483 483 483 483 483 483 483 483 256 483 483 483 483 483 483 483 483 483 483 483 483 483 483 483 256 483 483 483 256 483 483 483 483 483 483 256 256 483 29 256 256 483 483 483 256 483 256 29 256 483 483 483 256 483 256 483 29 483 483 483 256 483 29 256 483 256 256 256 483 256 256 256 483 256 483 483 483 483 483 483 483 483 29 256 483 256 256 483 483 483 29 483 483 483 483 256 256 483 483 483 256 256 256 256 483 483 29 483 483 483 256 483 483 483 256 483 483 256 483 483 483 256 256 256 483 256 256 483 483 483 483 483 483 483 483 483 483 256 483 29 483 256 483 256 483 483 483 483 256 29 483 256 483 256 483 483 256 256 29 29 483 483 29 483 483 256 256 256 483 256 256 256 256 256 483 29 256 483 256 29 483 483 483 483 29 256 483 29 483 483 483 483 29 256 256 483 483 29 256 29 29 29 256 29 256 256 256 483 256 483 29 483 483 256 483 483 483 29 483 483 483 483 256 483 256 256 483 256 256 483 483 256 29 256 483 256 483 256 29 483 256 483 483 483 483 29 256 29 256 256 256 483 256 483 483 483 483 256 29 256 483 29 256 256 29 483 256 29 256 256 256 256 483 256 256 256 256 256 29 256 483 483 256 483 483 256 29 483 256 483 256 483 256 29 29 483 29 29 483 256 29 29 256 256 256 256 256 256 483 29 256 256 256 256 483 483 256 256 483 29 256 29 483 256 256 483 256 256 256 29 29 256 483 483 29 29 256 256 483 483 29 483 256 483 483 256 483 483 256 483 29 29 256 483 483 29 256 483 483 483 256 256 483 256 29 256 483 256 483 256 256 483 29 483 256 483 483 256 483 483 256 29 256 29 483 483 29 483 29 29 256 256 483 256 256 29 256 256 29 483 483 256 483 256 29 29 256 483 256 483 256 483 29 256 483 29 256 256 256 256 256 29 256 29 29 483 483 256 256 256 29 29 256 483 256 483 256 483 29 256 1 483 
c [Incremental] Max used label: 483.
c [Incremental] Label 483 is removed from searching.
c [Incremental] Solving for max label = 482:
c [Incremental] Solving duration: 38 ms.
s [Incremental] SAT (label = 482).
c [Incremental] Label assignment: 482 482 482 482 482 482 482 482 482 482 482 482 482 482 482 255 482 255 482 482 482 482 482 255 482 255 482 482 482 482 482 482 482 482 482 482 255 482 482 482 482 255 255 482 482 482 482 255 482 28 482 255 482 482 482 482 482 482 482 482 255 482 482 482 482 482 482 482 482 482 482 482 482 482 482 482 255 482 482 482 255 482 482 482 482 482 482 255 255 482 28 255 255 482 482 482 255 482 255 28 255 482 482 482 255 482 255 482 28 482 482 482 255 482 28 255 482 255 255 255 482 255 255 255 482 255 482 482 482 482 482 482 482 482 28 255 482 255 255 482 482 482 28 482 482 482 482 255 255 482 482 482 255 255 255 255 482 482 28 482 482 482 255 482 482 482 255 482 482 255 482 482 482 255 255 255 482 255 255 482 482 482 482 482 482 482 482 482 482 255 482 28 482 255 482 255 482 482 482 482 255 28 482 255 482 255 482 482 255 255 28 28 482 482 28 482 482 255 255 255 482 255 255 255 255 255 482 28 255 482 255 28 482 482 482 482 28 255 482 28 482 482 482 482 28 255 255 482 482 28 255 28 28 28 255 28 255 255 255 482 255 482 28 482 482 255 482 482 482 28 482 482 482 482 255 482 255 255 482 255 255 482 482 255 28 255 482 255 482 255 28 482 255 482 482 482 482 28 255 28 255 255 255 482 255 482 482 482 482 255 28 255 482 28 255 255 28 482 255 28 255 255 255 255 482 255 255 255 255 255 28 255 482 482 255 482 482 255 28 482 255 482 255 482 255 28 28 482 28 28 482 255 28 28 255 255 255 255 255 255 482 28 255 255 255 255 482 482 255 255 482 28 255 28 482 255 255 482 255 255 255 28 28 255 482 482 28 28 255 255 482 482 28 482 255 482 482 255 482 482 255 482 28 28 255 482 482 28 255 482 482 482 255 255 482 255 28 255 482 255 482 255 255 482 28 482 255 482 482 255 482 482 255 28 255 28 482 482 28 482 28 28 255 255 482 255 255 28 255 255 28 482 482 255 482 255 28 28 255 482 255 482 255 482 28 255 482 28 255 255 255 255 255 28 255 28 28 482 482 255 255 255 28 28 255 482 255 482 255 482 28 255 1 482 
c [Incremental] Max used label: 482.
c [Incremental] Label 482 is removed from searching.
c [Incremental] Solving for max label = 481:
c [Incremental] Solving duration: 38 ms.
s [Incremental] SAT (label = 481).
c [Incremental] Label assignment: 481 481 481 481 481 481 481 481 481 481 481 481 481 481 481 254 481 254 481 481 481 481 481 254 481 254 481 481 481 481 481 481 481 481 481 481 254 481 481 481 481 254 254 481 481 481 481 254 481 27 481 254 481 481 481 481 481 481 481 481 254 481 481 481 481 481 481 481 481 481 481 481 481 481 481 481 254 481 481 481 254 481 481 481 481 481 481 254 254 481 27 254 254 481 481 481 254 481 254 27 254 481 481 481 254 481 254 481 27 481 481 481 254 481 27 254 481 254 254 254 481 254 254 254 481 254 481 481 481 481 481 481 481 481 27 254 481 254 254 481 481 481 27 481 481 481 481 254 254 481 481 481 254 254 254 254 481 481 27 481 481 481 254 481 481 481 254 481 481 254 481 481 481 254 254 254 481 254 254 481 481 481 481 481 481 481 481 481 481 254 481 27 481 254 481 254 481 481 481 481 254 27 481 254 481 254 481 481 254 254 27 27 481 481 27 481 481 254 254 254 481 254 254 254 254 254 481 27 254 481 254 27 481 481 481 481 27 254 481 27 481 481 481 481 27 254 254 481 481 27 254 27 27 27 254 27 254 254 254 481 254 481 27 481 481 254 481 481 481 27 481 481 481 481 254 481 254 254 481 254 254 481 481 254 27 254 481 254 481 254 27 481 254 481 481 481 481 27 254 27 254 254 254 481 254 481 481 481 481 254 27 254 481 27 254 254 27 481 254 27 254 254 254 254 481 254 254 254 254 254 27 254 481 481 254 481 481 254 27 481 254 481 254 481 254 27 27 481 27 27 481 254 27 27 254 254 254 254 254 254 481 27 254 254 254 254 481 481 254 254 481 27 254 27 481 254 254 481 254 254 254 27 27 254 481 481 27 27 254 254 481 481 27 481 254 481 481 254 481 481 254 481 27 27 254 481 481 27 254 481 481 481 254 254 481 254 27 254 481 254 481 254 254 481 27 481 254 481 481 254 481 481 254 27 254 27 481 481 27 481 27 27 254 254 481 254 254 27 254 254 27 481 481 254 481 254 27 27 254 481 254 481 254 481 27 254 481 27 254 254 254 254 254 27 254 27 27 481 481 254 254 254 27 27 254 481 254 481 254 481 27 254 1 481 
c [Incremental] Max used label: 481.
c [Incremental] Label 481 is removed from searching.
c [Incremental] Solving for max label = 480:
c [Incremental] Solving duration: 39 ms.
s [Incremental] SAT (label = 480).
c [Incremental] Label assignment: 480 480 480 480 480 480 480 480 480 480 480 480 480 480 480 253 480 253 480 480 480 480 480 253 480 253 480 480 480 480 480 480 480 480 480 480 253 480 480 480 480 253 253 480 480 480 480 253 480 26 480 253 480 480 480 480 480 480 480 480 253 480 480 480 480 480 480 480 480 480 480 480 480 480 480 480 253 480 480 480 253 480 480 480 480 480 480 253 253 480 26 253 253 480 480 480 253 480 253 26 253 480 480 480 253 480 253 480 26 480 480 480 253 480 26 253 480 253 253 253 480 253 253 253 480 253 480 480 480 480 480 480 480 480 26 253 480 253 253 480 480 480 26 480 480 480 480 253 253 480 480 480 253 253 253 253 480 480 26 480 480 480 253 480 480 480 253 480 480 253 480 480 480 253 253 253 480 253 253 480 480 480 480 480 480 480 480 480 480 253 480 26 480 253 480 253 480 480 480 480 253 26 480 253 480 253 480 480 253 253 26 26 480 480 26 480 480 253 253 253 480 253 253 253 253 253 480 26 253 480 253 26 480 480 480 480 26 253 480 26 480 480 480 480 26 253 253 480 480 26 253 26 26 26 253 26 253 253 253 480 253 480 26 480 480 253 480 480 480 26 480 480 480 480 253 480 253 253 480 253 253 480 480 253 26 253 480 253 480 253 26 480 253 480 480 480 480 26 253 26 253 253 253 480 253 480 480 480 480 253 26 253 480 26 253 253 26 480 253 26 253 253 253 253 480 253 253 253 253 253 26 253 480 480 253 480 480 253 26 480 253 480 253 480 253 26 26 480 26 26 480 253 26 26 253 253 253 253 253 253 480 26 253 253 253 253 480 480 253 253 480 26 253 26 480 253 253 480 253 253 253 26 26 253 480 480 26 26 253 253 480 480 26 480 253 480 480 253 480 480 253 480 26 26 253 480 480 26 253 480 480 480 253 253 480 253 26 253 480 253 480 253 253 480 26 480 253 480 480 253 480 480 253 26 253 26 480 480 26 480 26 26 253 253 480 253 253 26 253 253 26 480 480 253 480 253 26 26 253 480 253 480 253 480 26 253 480 26 253 253 253 253 253 26 253 26 26 480 480 253 253 253 26 26 253 480 253 480 253 480 26 253 1 480 
c [Incremental] Max used label: 480.
c [Incremental] Label 480 is removed from searching.
c [Incremental] Solving for max label = 479:
c [Incremental] Solving duration: 40 ms.
s [Incremental] SAT (label = 479).
c [Incremental] Label assignment: 479 479 479 479 479 479 479 479 479 479 479 479 479 479 479 252 479 252 479 479 479 479 479 252 479 252 479 479 479 479 479 479 479 479 479 479 252 479 479 479 479 252 252 479 479 479 479 252 479 25 479 252 479 479 479 479 479 479 479 479 252 479 479 479 479 479 479 479 479 479 479 479 479 479 479 479 252 479 479 479 252 479 479 479 479 479 479 252 252 479 25 252 252 479 479 479 252 479 252 25 252 479 479 479 252 479 252 479 25 479 479 479 252 479 25 252 479 252 252 252 479 252 252 252 479 252 479 479 479 479 479 479 479 479 25 252 479 252 252 479 479 479 25 479 479 479 479 252 252 479 479 479 252 252 252 252 479 479 25 479 479 479 252 479 479 479 252 479 479 252 479 479 479 252 252 252 479 252 252 479 479 479 479 479 479 479 479 479 479 252 479 25 479 252 479 252 479 479 479 479 252 25 479 252 479 252 479 479 252 252 25 25 479 479 25 479 479 252 252 252 479 252 252 252 252 252 479 25 252 479 252 25 479 479 479 479 25 252 479 25 479 479 479 479 25 252 252 479 479 25 252 25 25 25 252 25 252 252 252 479 252 479 25 479 479 252 479 479 479 25 479 479 479 479 252 479 252 252 479 252 252 479 479 252 25 252 479 252 479 252 25 479 252 479 479 479 479 25 252 25 252 252 252 479 252 479 479 479 479 252 25 252 479 25 252 252 25 479 252 25 252 252 252 252 479 252 252 252 252 252 25 252 479 479 252 479 479 252 25 479 252 479 252 479 252 25 25 479 25 25 479 252 25 25 252 252 252 252 252 252 479 25 252 252 252 252 479 479 252 252 479 25 252 25 479 252 252 479 252 252 252 25 25 252 479 479 25 25 252 252 479 479 25 479 252 479 479 252 479 479 252 479 25 25 252 479 479 25 252 479 479 479 252 252 479 252 25 252 479 252 479 252 252 479 25 479 252 479 479 252 479 479 252 25 252 25 479 479 25 479 25 25 252 252 479 252 252 25 252 252 25 479 479 252 479 252 25 25 252 479 252 479 252 479 25 252 479 25 252 252 252 252 252 25 252 25 25 479 479 252 252 252 25 25 252 479 252 479 252 479 25 252 1 479 
c [Incremental] Max used label: 479.
c [Incremental] Label 479 is removed from searching.
c [Incremental] Solving for max label = 478:
c [Incremental] Solving duration: 40 ms.
s [Incremental] SAT (label = 478).
c [Incremental] Label assignment: 478 478 478 478 478 478 478 478 478 478 478 478 478 478 478 251 478 251 478 478 478 478 478 251 478 251 478 478 478 478 478 478 478 478 478 478 251 478 478 478 478 251 251 478 478 478 478 251 478 24 478 251 478 478 478 478 478 478 478 478 251 478 478 478 478 478 478 478 478 478 478 478 478 478 478 478 251 478 478 478 251 478 478 478 478 478 478 251 251 478 24 251 251 478 478 478 251 478 251 24 251 478 478 478 251 478 251 478 24 478 478 478 251 478 24 251 478 251 251 251 478 251 251 251 478 251 478 478 478 478 478 478 478 478 24 251 478 251 251 478 478 478 24 478 478 478 478 251 251 478 478 478 251 251 251 251 478 478 24 478 478 478 251 478 478 478 251 478 478 251 478 478 478 251 251 251 478 251 251 478 478 478 478 478 478 478 478 478 478 251 478 24 478 251 478 251 478 478 478 478 251 24 478 251 478 251 478 478 251 251 24 24 478 478 24 478 478 251 251 251 478 251 251 251 251 251 478 24 251 478 251 24 478 478 478 478 24 251 478 24 478 478 478 478 24 251 251 478 478 24 251 24 24 24 251 24 251 251 251 478 251 478 24 478 478 251 478 478 478 24 478 478 478 478 251 478 251 251 478 251 251 478 478 251 24 251 478 251 478 251 24 478 251 478 478 478 478 24 251 24 251 251 251 478 251 478 478 478 478 251 24 251 478 24 251 251 24 478 251 24 251 251 251 251 478 251 251 251 251 251 24 251 478 478 251 478 478 251 24 478 251 478 251 478 251 24 24 478 24 24 478 251 24 24 251 251 251 251 251 251 478 24 251 251 251 251 478 478 251 251 478 24 251 24 478 251 251 478 251 251 251 24 24 251 478 478 24 24 251 251 478 478 24 478 251 478 478 251 478 478 251 478 24 24 251 478 478 24 251 478 478 478 251 251 478 251 24 251 478 251 478 251 251 478 24 478 251 478 478 251 478 478 251 24 251 24 478 478 24 478 24 24 251 251 478 251 251 24 251 251 24 478 478 251 478 251 24 24 251 478 251 478 251 478 24 251 478 24 251 251 251 251 251 24 251 24 24 478 478 251 251 251 24 24 251 478 251 478 251 478 24 251 1 478 
c [Incremental] Max used label: 478.
c [Incremental] Label 478 is removed from searching.
c [Incremental] Solving for max label = 477:
c [Incremental] Solving duration: 42 ms.
s [Incremental] SAT (label = 477).
c [Incremental] Label assignment: 477 477 477 477 477 477 477 477 477 477 477 477 477 477 477 250 477 250 477 477 477 477 477 250 477 250 477 477 477 477 477 477 477 477 477 477 250 477 477 477 477 250 250 477 477 477 477 250 477 23 477 250 477 477 477 477 477 477 477 477 250 477 477 477 477 477 477 477 477 477 477 477 477 477 477 477 250 477 477 477 250 477 477 477 477 477 477 250 250 477 23 250 250 477 477 477 250 477 250 23 250 477 477 477 250 477 250 477 23 477 477 477 250 477 23 250 477 250 250 250 477 250 250 250 477 250 477 477 477 477 477 477 477 477 23 250 477 250 250 477 477 477 23 477 477 477 477 250 250 477 477 477 250 250 250 250 477 477 23 477 477 477 250 477 477 477 250 477 477 250 477 477 477 250 250 250 477 250 250 477 477 477 477 477 477 477 477 477 477 250 477 23 477 250 477 250 477 477 477 477 250 23 477 250 477 250 477 477 250 250 23 23 477 477 23 477 477 250 250 250 477 250 250 250 250 250 477 23 250 477 250 23 477 477 477 477 23 250 477 23 477 477 477 477 23 250 250 477 477 23 250 23 23 23 250 23 250 250 250 477 250 477 23 477 477 250 477 477 477 23 477 477 477 477 250 477 250 250 477 250 250 477 477 250 23 250 477 250 477 250 23 477 250 477 477 477 477 23 250 23 250 250 250 477 250 477 477 477 477 250 23 250 477 23 250 250 23 477 250 23 250 250 250 250 477 250 250 250 250 250 23 250 477 477 250 477 477 250 23 477 250 477 250 477 250 23 23 477 23 23 477 250 23 23 250 250 250 250 250 250 477 23 250 250 250 250 477 477 250 250 477 23 250 23 477 250 250 477 250 250 250 23 23 250 477 477 23 23 250 250 477 477 23 477 250 477 477 250 477 477 250 477 23 23 250 477 477 23 250 477 477 477 250 250 477 250 23 250 477 250 477 250 250 477 23 477 250 477 477 250 477 477 250 23 250 23 477 477 23 477 23 23 250 250 477 250 250 23 250 250 23 477 477 250 477 250 23 23 250 477 250 477 250 477 23 250 477 23 250 250 250 250 250 23 250 23 23 477 477 250 250 250 23 23 250 477 250 477 250 477 23 250 1 477 
c [Incremental] Max used label: 477.
c [Incremental] Label 477 is removed from searching.
c [Incremental] Solving for max label = 476:
c [Incremental] Solving duration: 40 ms.
s [Incremental] SAT (label = 476).
c [Incremental] Label assignment: 476 476 476 476 476 476 476 476 476 476 476 476 476 476 476 249 476 249 476 476 476 476 476 249 476 249 476 476 476 476 476 476 476 476 476 476 249 476 476 476 476 249 249 476 476 476 476 249 476 22 476 249 476 476 476 476 476 476 476 476 249 476 476 476 476 476 476 476 476 476 476 476 476 476 476 476 249 476 476 476 249 476 476 476 476 476 476 249 249 476 22 249 249 476 476 476 249 476 249 22 249 476 476 476 249 476 249 476 22 476 476 476 249 476 22 249 476 249 249 249 476 249 249 249 476 249 476 476 476 476 476 476 476 476 22 249 476 249 249 476 476 476 22 476 476 476 476 249 249 476 476 476 249 249 249 249 476 476 22 476 476 476 249 476 476 476 249 476 476 249 476 476 476 249 249 249 476 249 249 476 476 476 476 476 476 476 476 476 476 249 476 22 476 249 476 249 476 476 476 476 249 22 476 249 476 249 476 476 249 249 22 22 476 476 22 476 476 249 249 249 476 249 249 249 249 249 476 22 249 476 249 22 476 476 476 476 22 249 476 22 476 476 476 476 22 249 249 476 476 22 249 22 22 22 249 22 249 249 249 476 249 476 22 476 476 249 476 476 476 22 476 476 476 476 249 476 249 249 476 249 249 476 476 249 22 249 476 249 476 249 22 476 249 476 476 476 476 22 249 22 249 249 249 476 249 476 476 476 476 249 22 249 476 22 249 249 22 476 249 22 249 249 249 249 476 249 249 249 249 249 22 249 476 476 249 476 476 249 22 476 249 476 249 476 249 22 22 476 22 22 476 249 22 22 249 249 249 249 249 249 476 22 249 249 249 249 476 476 249 249 476 22 249 22 476 249 249 476 249 249 249 22 22 249 476 476 22 22 249 249 476 476 22 476 249 476 476 249 476 476 249 476 22 22 249 476 476 22 249 476 476 476 249 249 476 249 22 249 476 249 476 249 249 476 22 476 249 476 476 249 476 476 249 22 249 22 476 476 22 476 22 22 249 249 476 249 249 22 249 249 22 476 476 249 476 249 22 22 249 476 249 476 249 476 22 249 476 22 249 249 249 249 249 22 249 22 22 476 476 249 249 249 22 22 249 476 249 476 249 476 22 249 1 476 
c [Incremental] Max used label: 476.
c [Incremental] Label 476 is removed from searching.
c [Incremental] Solving for max label = 475:
c [Incremental] Solving duration: 39 ms.
s [Incremental] SAT (label = 475).
c [Incremental] Label assignment: 475 475 475 475 475 475 475 475 475 475 475 475 475 475 475 248 475 248 475 475 475 475 475 248 475 248 475 475 475 475 475 475 475 475 475 475 248 475 475 475 475 248 248 475 475 475 475 248 475 21 475 248 475 475 475 475 475 475 475 475 248 475 475 475 475 475 475 475 475 475 475 475 475 475 475 475 248 475 475 475 248 475 475 475 475 475 475 248 248 475 21 248 248 475 475 475 248 475 248 21 248 475 475 475 248 475 248 475 21 475 475 475 248 475 21 248 475 248 248 248 475 248 248 248 475 248 475 475 475 475 475 475 475 475 21 248 475 248 248 475 475 475 21 475 475 475 475 248 248 475 475 475 248 248 248 248 475 475 21 475 475 475 248 475 475 475 248 475 475 248 475 475 475 248 248 248 475 248 248 475 475 475 475 475 475 475 475 475 475 248 475 21 475 248 475 248 475 475 475 475 248 21 475 248 475 248 475 475 248 248 21 21 475 475 21 475 475 248 248 248 475 248 248 248 248 248 475 21 248 475 248 21 475 475 475 475 21 248 475 21 475 475 475 475 21 248 248 475 475 21 248 21 21 21 248 21 248 248 248 475 248 475 21 475 475 248 475 475 475 21 475 475 475 475 248 475 248 248 475 248 248 475 475 248 21 248 475 248 475 248 21 475 248 475 475 475 475 21 248 21 248 248 248 475 248 475 475 475 475 248 21 248 475 21 248 248 21 475 248 21 248 248 248 248 475 248 248 248 248 248 21 248 475 475 248 475 475 248 21 475 248 475 248 475 248 21 21 475 21 21 475 248 21 21 248 248 248 248 248 248 475 21 248 248 248 248 475 475 248 248 475 21 248 21 475 248 248 475 248 248 248 21 21 248 475 475 21 21 248 248 475 475 21 475 248 475 475 248 475 475 248 475 21 21 248 475 475 21 248 475 475 475 248 248 475 248 21 248 475 248 475 248 248 475 21 475 248 475 475 248 475 475 248 21 248 21 475 475 21 475 21 21 248 248 475 248 248 21 248 248 21 475 475 248 475 248 21 21 248 475 248 475 248 475 21 248 475 21 248 248 248 248 248 21 248 21 21 475 475 248 248 248 21 21 248 475 248 475 248 475 21 248 1 475 
c [Incremental] Max used label: 475.
c [Incremental] Label 475 is removed from searching.
c [Incremental] Solving for max label = 474:
c [Incremental] Solving duration: 39 ms.
s [Incremental] SAT (label = 474).
c [Incremental] Label assignment: 474 474 474 474 474 474 474 474 474 474 474 474 474 474 474 247 474 247 474 474 474 474 474 247 474 247 474 474 474 474 474 474 474 474 474 474 247 474 474 474 474 247 247 474 474 474 474 247 474 20 474 247 474 474 474 474 474 474 474 474 247 474 474 474 474 474 474 474 474 474 474 474 474 474 474 474 247 474 474 474 247 474 474 474 474 474 474 247 247 474 20 247 247 474 474 474 247 474 247 20 247 474 474 474 247 474 247 474 20 474 474 474 247 474 20 247 474 247 247 247 474 247 247 247 474 247 474 474 474 474 474 474 474 474 20 247 474 247 247 474 474 474 20 474 474 474 474 247 247 474 474 474 247 247 247 247 474 474 20 474 474 474 247 474 474 474 247 474 474 247 474 474 474 247 247 247 474 247 247 474 474 474 474 474 474 474 474 474 474 247 474 20 474 247 474 247 474 474 474 474 247 20 474 247 474 247 474 474 247 247 20 20 474 474 20 474 474 247 247 247 474 247 247 247 247 247 474 20 247 474 247 20 474 474 474 474 20 247 474 20 474 474 474 474 20 247 247 474 474 20 247 20 20 20 247 20 247 247 247 474 247 474 20 474 474 247 474 474 474 20 474 474 474 474 247 474 247 247 474 247 247 474 474 247 20 247 474 247 474 247 20 474 247 474 474 474 474 20 247 20 247 247 247 474 247 474 474 474 474 247 20 247 474 20 247 247 20 474 247 20 247 247 247 247 474 247 247 247 247 247 20 247 474 474 247 474 474 247 20 474 247 474 247 474 247 20 20 474 20 20 474 247 20 20 247 247 247 247 247 247 474 20 247 247 247 247 474 474 247 247 474 20 247 20 474 247 247 474 247 247 247 20 20 247 474 474 20 20 247 247 474 474 20 474 247 474 474 247 474 474 247 474 20 20 247 474 474 20 247 474 474 474 247 247 474 247 20 247 474 247 474 247 247 474 20 474 247 474 474 247 474 474 247 20 247 20 474 474 20 474 20 20 247 247 474 247 247 20 247 247 20 474 474 247 474 247 20 20 247 474 247 474 247 474 20 247 474 20 247 247 247 247 247 20 247 20 20 474 474 247 247 247 20 20 247 474 247 474 247 474 20 247 1 474 
c [Incremental] Max used label: 474.
c [Incremental] Label 474 is removed from searching.
c [Incremental] Solving for max label = 473:
c [Incremental] Solving duration: 40 ms.
s [Incremental] SAT (label = 473).
c [Incremental] Label assignment: 473 473 473 473 473 473 473 473 473 473 473 473 473 473 473 246 473 246 473 473 473 473 473 246 473 246 473 473 473 473 473 473 473 473 473 473 246 473 473 473 473 246 246 473 473 473 473 246 473 19 473 246 473 473 473 473 473 473 473 473 246 473 473 473 473 473 473 473 473 473 473 473 473 473 473 473 246 473 473 473 246 473 473 473 473 473 473 246 246 473 19 246 246 473 473 473 246 473 246 19 246 473 473 473 246 473 246 473 19 473 473 473 246 473 19 246 473 246 246 246 473 246 246 246 473 246 473 473 473 473 473 473 473 473 19 246 473 246 246 473 473 473 19 473 473 473 473 246 246 473 473 473 246 246 246 246 473 473 19 473 473 473 246 473 473 473 246 473 473 246 473 473 473 246 246 246 473 246 246 473 473 473 473 473 473 473 473 473 473 246 473 19 473 246 473 246 473 473 473 473 246 19 473 246 473 246 473 473 246 246 19 19 473 473 19 473 473 246 246 246 473 246 246 246 246 246 473 19 246 473 246 19 473 473 473 473 19 246 473 19 473 473 473 473 19 246 246 473 473 19 246 19 19 19 246 19 246 246 246 473 246 473 19 473 473 246 473 473 473 19 473 473 473 473 246 473 246 246 473 246 246 473 473 246 19 246 473 246 473 246 19 473 246 473 473 473 473 19 246 19 246 246 246 473 246 473 473 473 473 246 19 246 473 19 246 246 19 473 246 19 246 246 246 246 473 246 246 246 246 246 19 246 473 473 246 473 473 246 19 473 246 473 246 473 246 19 19 473 19 19 473 246 19 19 246 246 246 246 246 246 473 19 246 246 246 246 473 473 246 246 473 19 246 19 473 246 246 473 246 246 246 19 19 246 473 473 19 19 246 246 473 473 19 473 246 473 473 246 473 473 246 473 19 19 246 473 473 19 246 473 473 473 246 246 473 246 19 246 473 246 473 246 246 473 19 473 246 473 473 246 473 473 246 19 246 19 473 473 19 473 19 19 246 246 473 246 246 19 246 246 19 473 473 246 473 246 19 19 246 473 246 473 246 473 19 246 473 19 246 246 246 246 246 19 246 19 19 473 473 246 246 246 19 19 246 473 246 473 246 473 19 246 1 473 
c [Incremental] Max used label: 473.
c [Incremental] Label 473 is removed from searching.
c [Incremental] Solving for max label = 472:
c [Incremental] Solving duration: 40 ms.
s [Incremental] SAT (label = 472).
c [Incremental] Label assignment: 472 472 472 472 472 472 472 472 472 472 472 472 472 472 472 245 472 245 472 472 472 472 472 245 472 245 472 472 472 472 472 472 472 472 472 472 245 472 472 472 472 245 245 472 472 472 472 245 472 18 472 245 472 472 472 472 472 472 472 472 245 472 472 472 472 472 472 472 472 472 472 472 472 472 472 472 245 472 472 472 245 472 472 472 472 472 472 245 245 472 18 245 245 472 472 472 245 472 245 18 245 472 472 472 245 472 245 472 18 472 472 472 245 472 18 245 472 245 245 245 472 245 245 245 472 245 472 472 472 472 472 472 472 472 18 245 472 245 245 472 472 472 18 472 472 472 472 245 245 472 472 472 245 245 245 245 472 472 18 472 472 472 245 472 472 472 245 472 472 245 472 472 472 245 245 245 472 245 245 472 472 472 472 472 472 472 472 472 472 245 472 18 472 245 472 245 472 472 472 472 245 18 472 245 472 245 472 472 245 245 18 18 472 472 18 472 472 245 245 245 472 245 245 245 245 245 472 18 245 472 245 18 472 472 472 472 18 245 472 18 472 472 472 472 18 245 245 472 472 18 245 18 18 18 245 18 245 245 245 472 245 472 18 472 472 245 472 472 472 18 472 472 472 472 245 472 245 245 472 245 245 472 472 245 18 245 472 245 472 245 18 472 245 472 472 472 472 18 245 18 245 245 245 472 245 472 472 472 472 245 18 245 472 18 245 245 18 472 245 18 245 245 245 245 472 245 245 245 245 245 18 245 472 472 245 472 472 245 18 472 245 472 245 472 245 18 18 472 18 18 472 245 18 18 245 245 245 245 245 245 472 18 245 245 245 245 472 472 245 245 472 18 245 18 472 245 245 472 245 245 245 18 18 245 472 472 18 18 245 245 472 472 18 472 245 472 472 245 472 472 245 472 18 18 245 472 472 18 245 472 472 472 245 245 472 245 18 245 472 245 472 245 245 472 18 472 245 472 472 245 472 472 245 18 245 18 472 472 18 472 18 18 245 245 472 245 245 18 245 245 18 472 472 245 472 245 18 18 245 472 245 472 245 472 18 245 472 18 245 245 245 245 245 18 245 18 18 472 472 245 245 245 18 18 245 472 245 472 245 472 18 245 1 472 
c [Incremental] Max used label: 472.
c [Incremental] Label 472 is removed from searching.
c [Incremental] Solving for max label = 471:
c [Incremental] Solving duration: 39 ms.
s [Incremental] SAT (label = 471).
c [Incremental] Label assignment: 471 471 471 471 471 471 471 471 471 471 471 471 471 471 471 244 471 244 471 471 471 471 471 244 471 244 471 471 471 471 471 471 471 471 471 471 244 471 471 471 471 244 244 471 471 471 471 244 471 17 471 244 471 471 471 471 471 471 471 471 244 471 471 471 471 471 471 471 471 471 471 471 471 471 471 471 244 471 471 471 244 471 471 471 471 471 471 244 244 471 17 244 244 471 471 471 244 471 244 17 244 471 471 471 244 471 244 471 17 471 471 471 244 471 17 244 471 244 244 244 471 244 244 244 471 244 471 471 471 471 471 471 471 471 17 244 471 244 244 471 471 471 17 471 471 471 471 244 244 471 471 471 244 244 244 244 471 471 17 471 471 471 244 471 471 471 244 471 471 244 471 471 471 244 244 244 471 244 244 471 471 471 471 471 471 471 471 471 471 244 471 17 471 244 471 244 471 471 471 471 244 17 471 244 471 244 471 471 244 244 17 17 471 471 17 471 471 244 244 244 471 244 244 244 244 244 471 17 244 471 244 17 471 471 471 471 17 244 471 17 471 471 471 471 17 244 244 471 471 17 244 17 17 17 244 17 244 244 244 471 244 471 17 471 471 244 471 471 471 17 471 471 471 471 244 471 244 244 471 244 244 471 471 244 17 244 471 244 471 244 17 471 244 471 471 471 471 17 244 17 244 244 244 471 244 471 471 471 471 244 17 244 471 17 244 244 17 471 244 17 244 244 244 244 471 244 244 244 244 244 17 244 471 471 244 471 471 244 17 471 244 471 244 471 244 17 17 471 17 17 471 244 17 17 244 244 244 244 244 244 471 17 244 244 244 244 471 471 244 244 471 17 244 17 471 244 244 471 244 244 244 17 17 244 471 471 17 17 244 244 471 471 17 471 244 471 471 244 471 471 244 471 17 17 244 471 471 17 244 471 471 471 244 244 471 244 17 244 471 244 471 244 244 471 17 471 244 471 471 244 471 471 244 17 244 17 471 471 17 471 17 17 244 244 471 244 244 17 244 244 17 471 471 244 471 244 17 17 244 471 244 471 244 471 17 244 471 17 244 244 244 244 244 17 244 17 17 471 471 244 244 244 17 17 244 471 244 471 244 471 17 244 1 471 
c [Incremental] Max used label: 471.
c [Incremental] Label 471 is removed from searching.
c [Incremental] Solving for max label = 470:
c [Incremental] Solving duration: 40 ms.
s [Incremental] SAT (label = 470).
c [Incremental] Label assignment: 470 470 470 470 470 470 470 470 470 470 470 470 470 470 470 243 470 243 470 470 470 470 470 243 470 243 470 470 470 470 470 470 470 470 470 470 243 470 470 470 470 243 243 470 470 470 470 243 470 16 470 243 470 470 470 470 470 470 470 470 243 470 470 470 470 470 470 470 470 470 470 470 470 470 470 470 243 470 470 470 243 470 470 470 470 470 470 243 243 470 16 243 243 470 470 470 243 470 243 16 243 470 470 470 243 470 243 470 16 470 470 470 243 470 16 243 470 243 243 243 470 243 243 243 470 243 470 470 470 470 470 470 470 470 16 243 470 243 243 470 470 470 16 470 470 470 470 243 243 470 470 470 243 243 243 243 470 470 16 470 470 470 243 470 470 470 243 470 470 243 470 470 470 243 243 243 470 243 243 470 470 470 470 470 470 470 470 470 470 243 470 16 470 243 470 243 470 470 470 470 243 16 470 243 470 243 470 470 243 243 16 16 470 470 16 470 470 243 243 243 470 243 243 243 243 243 470 16 243 470 243 16 470 470 470 470 16 243 470 16 470 470 470 470 16 243 243 470 470 16 243 16 16 16 243 16 243 243 243 470 243 470 16 470 470 243 470 470 470 16 470 470 470 470 243 470 243 243 470 243 243 470 470 243 16 243 470 243 470 243 16 470 243 470 470 470 470 16 243 16 243 243 243 470 243 470 470 470 470 243 16 243 470 16 243 243 16 470 243 16 243 243 243 243 470 243 243 243 243 243 16 243 470 470 243 470 470 243 16 470 243 470 243 470 243 16 16 470 16 16 470 243 16 16 243 243 243 243 243 243 470 16 243 243 243 243 470 470 243 243 470 16 243 16 470 243 243 470 243 243 243 16 16 243 470 470 16 16 243 243 470 470 16 470 243 470 470 243 470 470 243 470 16 16 243 470 470 16 243 470 470 470 243 243 470 243 16 243 470 243 470 243 243 470 16 470 243 470 470 243 470 470 243 16 243 16 470 470 16 470 16 16 243 243 470 243 243 16 243 243 16 470 470 243 470 243 16 16 243 470 243 470 243 470 16 243 470 16 243 243 243 243 243 16 243 16 16 470 470 243 243 243 16 16 243 470 243 470 243 470 16 243 1 470 
c [Incremental] Max used label: 470.
c [Incremental] Label 470 is removed from searching.
c [Incremental] Solving for max label = 469:
c [Incremental] Solving duration: 41 ms.
s [Incremental] SAT (label = 469).
c [Incremental] Label assignment: 469 469 469 469 469 469 469 469 469 469 469 469 469 469 469 242 469 242 469 469 469 469 469 242 469 242 469 469 469 469 469 469 469 469 469 469 242 469 469 469 469 242 242 469 469 469 469 242 469 15 469 242 469 469 469 469 469 469 469 469 242 469 469 469 469 469 469 469 469 469 469 469 469 469 469 469 242 469 469 469 242 469 469 469 469 469 469 242 242 469 15 242 242 469 469 469 242 469 242 15 242 469 469 469 242 469 242 469 15 469 469 469 242 469 15 242 469 242 242 242 469 242 242 242 469 242 469 469 469 469 469 469 469 469 15 242 469 242 242 469 469 469 15 469 469 469 469 242 242 469 469 469 242 242 242 242 469 469 15 469 469 469 242 469 469 469 242 469 469 242 469 469 469 242 242 242 469 242 242 469 469 469 469 469 469 469 469 469 469 242 469 15 469 242 469 242 469 469 469 469 242 15 469 242 469 242 469 469 242 242 15 15 469 469 15 469 469 242 242 242 469 242 242 242 242 242 469 15 242 469 242 15 469 469 469 469 15 242 469 15 469 469 469 469 15 242 242 469 469 15 242 15 15 15 242 15 242 242 242 469 242 469 15 469 469 242 469 469 469 15 469 469 469 469 242 469 242 242 469 242 242 469 469 242 15 242 469 242 469 242 15 469 242 469 469 469 469 15 242 15 242 242 242 469 242 469 469 469 469 242 15 242 469 15 242 242 15 469 242 15 242 242 242 242 469 242 242 242 242 242 15 242 469 469 242 469 469 242 15 469 242 469 242 469 242 15 15 469 15 15 469 242 15 15 242 242 242 242 242 242 469 15 242 242 242 242 469 469 242 242 469 15 242 15 469 242 242 469 242 242 242 15 15 242 469 469 15 15 242 242 469 469 15 469 242 469 469 242 469 469 242 469 15 15 242 469 469 15 242 469 469 469 242 242 469 242 15 242 469 242 469 242 242 469 15 469 242 469 469 242 469 469 242 15 242 15 469 469 15 469 15 15 242 242 469 242 242 15 242 242 15 469 469 242 469 242 15 15 242 469 242 469 242 469 15 242 469 15 242 242 242 242 242 15 242 15 15 469 469 242 242 242 15 15 242 469 242 469 242 469 15 242 1 469 
c [Incremental] Max used label: 469.
c [Incremental] Label 469 is removed from searching.
c [Incremental] Solving for max label = 468:
c [Incremental] Solving duration: 40 ms.
s [Incremental] SAT (label = 468).
c [Incremental] Label assignment: 468 468 468 468 468 468 468 468 468 468 468 468 468 468 468 241 468 241 468 468 468 468 468 241 468 241 468 468 468 468 468 468 468 468 468 468 241 468 468 468 468 241 241 468 468 468 468 241 468 14 468 241 468 468 468 468 468 468 468 468 241 468 468 468 468 468 468 468 468 468 468 468 468 468 468 468 241 468 468 468 241 468 468 468 468 468 468 241 241 468 14 241 241 468 468 468 241 468 241 14 241 468 468 468 241 468 241 468 14 468 468 468 241 468 14 241 468 241 241 241 468 241 241 241 468 241 468 468 468 468 468 468 468 468 14 241 468 241 241 468 468 468 14 468 468 468 468 241 241 468 468 468 241 241 241 241 468 468 14 468 468 468 241 468 468 468 241 468 468 241 468 468 468 241 241 241 468 241 241 468 468 468 468 468 468 468 468 468 468 241 468 14 468 241 468 241 468 468 468 468 241 14 468 241 468 241 468 468 241 241 14 14 468 468 14 468 468 241 241 241 468 241 241 241 241 241 468 14 241 468 241 14 468 468 468 468 14 241 468 14 468 468 468 468 14 241 241 468 468 14 241 14 14 14 241 14 241 241 241 468 241 468 14 468 468 241 468 468 468 14 468 468 468 468 241 468 241 241 468 241 241 468 468 241 14 241 468 241 468 241 14 468 241 468 468 468 468 14 241 14 241 241 241 468 241 468 468 468 468 241 14 241 468 14 241 241 14 468 241 14 241 241 241 241 468 241 241 241 241 241 14 241 468 468 241 468 468 241 14 468 241 468 241 468 241 14 14 468 14 14 468 241 14 14 241 241 241 241 241 241 468 14 241 241 241 241 468 468 241 241 468 14 241 14 468 241 241 468 241 241 241 14 14 241 468 468 14 14 241 241 468 468 14 468 241 468 468 241 468 468 241 468 14 14 241 468 468 14 241 468 468 468 241 241 468 241 14 241 468 241 468 241 241 468 14 468 241 468 468 241 468 468 241 14 241 14 468 468 14 468 14 14 241 241 468 241 241 14 241 241 14 468 468 241 468 241 14 14 241 468 241 468 241 468 14 241 468 14 241 241 241 241 241 14 241 14 14 468 468 241 241 241 14 14 241 468 241 468 241 468 14 241 1 468 
c [Incremental] Max used label: 468.
c [Incremental] Label 468 is removed from searching.
c [Incremental] Solving for max label = 467:
c [Incremental] Solving duration: 39 ms.
s [Incremental] SAT (label = 467).
c [Incremental] Label assignment: 467 467 467 467 467 467 467 467 467 467 467 467 467 467 467 240 467 240 467 467 467 467 467 240 467 240 467 467 467 467 467 467 467 467 467 467 240 467 467 467 467 240 240 467 467 467 467 240 467 13 467 240 467 467 467 467 467 467 467 467 240 467 467 467 467 467 467 467 467 467 467 467 467 467 467 467 240 467 467 467 240 467 467 467 467 467 467 240 240 467 13 240 240 467 467 467 240 467 240 13 240 467 467 467 240 467 240 467 13 467 467 467 240 467 13 240 467 240 240 240 467 240 240 240 467 240 467 467 467 467 467 467 467 467 13 240 467 240 240 467 467 467 13 467 467 467 467 240 240 467 467 467 240 240 240 240 467 467 13 467 467 467 240 467 467 467 240 467 467 240 467 467 467 240 240 240 467 240 240 467 467 467 467 467 467 467 467 467 467 240 467 13 467 240 467 240 467 467 467 467 240 13 467 240 467 240 467 467 240 240 13 13 467 467 13 467 467 240 240 240 467 240 240 240 240 240 467 13 240 467 240 13 467 467 467 467 13 240 467 13 467 467 467 467 13 240 240 467 467 13 240 13 13 13 240 13 240 240 240 467 240 467 13 467 467 240 467 467 467 13 467 467 467 467 240 467 240 240 467 240 240 467 467 240 13 240 467 240 467 240 13 467 240 467 467 467 467 13 240 13 240 240 240 467 240 467 467 467 467 240 13 240 467 13 240 240 13 467 240 13 240 240 240 240 467 240 240 240 240 240 13 240 467 467 240 467 467 240 13 467 240 467 240 467 240 13 13 467 13 13 467 240 13 13 240 240 240 240 240 240 467 13 240 240 240 240 467 467 240 240 467 13 240 13 467 240 240 467 240 240 240 13 13 240 467 467 13 13 240 240 467 467 13 467 240 467 467 240 467 467 240 467 13 13 240 467 467 13 240 467 467 467 240 240 467 240 13 240 467 240 467 240 240 467 13 467 240 467 467 240 467 467 240 13 240 13 467 467 13 467 13 13 240 240 467 240 240 13 240 240 13 467 467 240 467 240 13 13 240 467 240 467 240 467 13 240 467 13 240 240 240 240 240 13 240 13 13 467 467 240 240 240 13 13 240 467 240 467 240 467 13 240 1 467 
c [Incremental] Max used label: 467.
c [Incremental] Label 467 is removed from searching.
c [Incremental] Solving for max label = 466:
c [Incremental] Solving duration: 40 ms.
s [Incremental] SAT (label = 466).
c [Incremental] Label assignment: 466 466 466 466 466 466 466 466 466 466 466 466 466 466 466 239 466 239 466 466 466 466 466 239 466 239 466 466 466 466 466 466 466 466 466 466 239 466 466 466 466 239 239 466 466 466 466 239 466 12 466 239 466 466 466 466 466 466 466 466 239 466 466 466 466 466 466 466 466 466 466 466 466 466 466 466 239 466 466 466 239 466 466 466 466 466 466 239 239 466 12 239 239 466 466 466 239 466 239 12 239 466 466 466 239 466 239 466 12 466 466 466 239 466 12 239 466 239 239 239 466 239 239 239 466 239 466 466 466 466 466 466 466 466 12 239 466 239 239 466 466 466 12 466 466 466 466 239 239 466 466 466 239 239 239 239 466 466 12 466 466 466 239 466 466 466 239 466 466 239 466 466 466 239 239 239 466 239 239 466 466 466 466 466 466 466 466 466 466 239 466 12 466 239 466 239 466 466 466 466 239 12 466 239 466 239 466 466 239 239 12 12 466 466 12 466 466 239 239 239 466 239 239 239 239 239 466 12 239 466 239 12 466 466 466 466 12 239 466 12 466 466 466 466 12 239 239 466 466 12 239 12 12 12 239 12 239 239 239 466 239 466 12 466 466 239 466 466 466 12 466 466 466 466 239 466 239 239 466 239 239 466 466 239 12 239 466 239 466 239 12 466 239 466 466 466 466 12 239 12 239 239 239 466 239 466 466 466 466 239 12 239 466 12 239 239 12 466 239 12 239 239 239 239 466 239 239 239 239 239 12 239 466 466 239 466 466 239 12 466 239 466 239 466 239 12 12 466 12 12 466 239 12 12 239 239 239 239 239 239 466 12 239 239 239 239 466 466 239 239 466 12 239 12 466 239 239 466 239 239 239 12 12 239 466 466 12 12 239 239 466 466 12 466 239 466 466 239 466 466 239 466 12 12 239 466 466 12 239 466 466 466 239 239 466 239 12 239 466 239 466 239 239 466 12 466 239 466 466 239 466 466 239 12 239 12 466 466 12 466 12 12 239 239 466 239 239 12 239 239 12 466 466 239 466 239 12 12 239 466 239 466 239 466 12 239 466 12 239 239 239 239 239 12 239 12 12 466 466 239 239 239 12 12 239 466 239 466 239 466 12 239 1 466 
c [Incremental] Max used label: 466.
c [Incremental] Label 466 is removed from searching.
c [Incremental] Solving for max label = 465:
c [Incremental] Solving duration: 40 ms.
s [Incremental] SAT (label = 465).
c [Incremental] Label assignment: 465 465 465 465 465 465 465 465 465 465 465 465 465 465 465 238 465 238 465 465 465 465 465 238 465 238 465 465 465 465 465 465 465 465 465 465 238 465 465 465 465 238 238 465 465 465 465 238 465 11 465 238 465 465 465 465 465 465 465 465 238 465 465 465 465 465 465 465 465 465 465 465 465 465 465 465 238 465 465 465 238 465 465 465 465 465 465 238 238 465 11 238 238 465 465 465 238 465 238 11 238 465 465 465 238 465 238 465 11 465 465 465 238 465 11 238 465 238 238 238 465 238 238 238 465 238 465 465 465 465 465 465 465 465 11 238 465 238 238 465 465 465 11 465 465 465 465 238 238 465 465 465 238 238 238 238 465 465 11 465 465 465 238 465 465 465 238 465 465 238 465 465 465 238 238 238 465 238 238 465 465 465 465 465 465 465 465 465 465 238 465 11 465 238 465 238 465 465 465 465 238 11 465 238 465 238 465 465 238 238 11 11 465 465 11 465 465 238 238 238 465 238 238 238 238 238 465 11 238 465 238 11 465 465 465 465 11 238 465 11 465 465 465 465 11 238 238 465 465 11 238 11 11 11 238 11 238 238 238 465 238 465 11 465 465 238 465 465 465 11 465 465 465 465 238 465 238 238 465 238 238 465 465 238 11 238 465 238 465 238 11 465 238 465 465 465 465 11 238 11 238 238 238 465 238 465 465 465 465 238 11 238 465 11 238 238 11 465 238 11 238 238 238 238 465 238 238 238 238 238 11 238 465 465 238 465 465 238 11 465 238 465 238 465 238 11 11 465 11 11 465 238 11 11 238 238 238 238 238 238 465 11 238 238 238 238 465 465 238 238 465 11 238 11 465 238 238 465 238 238 238 11 11 238 465 465 11 11 238 238 465 465 11 465 238 465 465 238 465 465 238 465 11 11 238 465 465 11 238 465 465 465 238 238 465 238 11 238 465 238 465 238 238 465 11 465 238 465 465 238 465 465 238 11 238 11 465 465 11 465 11 11 238 238 465 238 238 11 238 238 11 465 465 238 465 238 11 11 238 465 238 465 238 465 11 238 465 11 238 238 238 238 238 11 238 11 11 465 465 238 238 238 11 11 238 465 238 465 238 465 11 238 1 465 
c [Incremental] Max used label: 465.
c [Incremental] Label 465 is removed from searching.
c [Incremental] Solving for max label = 464:
c [Incremental] Solving duration: 40 ms.
s [Incremental] SAT (label = 464).
c [Incremental] Label assignment: 464 464 464 464 464 464 464 464 464 464 464 464 464 464 464 237 464 237 464 464 464 464 464 237 464 237 464 464 464 464 464 464 464 464 464 464 237 464 464 464 464 237 237 464 464 464 464 237 464 10 464 237 464 464 464 464 464 464 464 464 237 464 464 464 464 464 464 464 464 464 464 464 464 464 464 464 237 464 464 464 237 464 464 464 464 464 464 237 237 464 10 237 237 464 464 464 237 464 237 10 237 464 464 464 237 464 237 464 10 464 464 464 237 464 10 237 464 237 237 237 464 237 237 237 464 237 464 464 464 464 464 464 464 464 10 237 464 237 237 464 464 464 10 464 464 464 464 237 237 464 464 464 237 237 237 237 464 464 10 464 464 464 237 464 464 464 237 464 464 237 464 464 464 237 237 237 464 237 237 464 464 464 464 464 464 464 464 464 464 237 464 10 464 237 464 237 464 464 464 464 237 10 464 237 464 237 464 464 237 237 10 10 464 464 10 464 464 237 237 237 464 237 237 237 237 237 464 10 237 464 237 10 464 464 464 464 10 237 464 10 464 464 464 464 10 237 237 464 464 10 237 10 10 10 237 10 237 237 237 464 237 464 10 464 464 237 464 464 464 10 464 464 464 464 237 464 237 237 464 237 237 464 464 237 10 237 464 237 464 237 10 464 237 464 464 464 464 10 237 10 237 237 237 464 237 464 464 464 464 237 10 237 464 10 237 237 10 464 237 10 237 237 237 237 464 237 237 237 237 237 10 237 464 464 237 464 464 237 10 464 237 464 237 464 237 10 10 464 10 10 464 237 10 10 237 237 237 237 237 237 464 10 237 237 237 237 464 464 237 237 464 10 237 10 464 237 237 464 237 237 237 10 10 237 464 464 10 10 237 237 464 464 10 464 237 464 464 237 464 464 237 464 10 10 237 464 464 10 237 464 464 464 237 237 464 237 10 237 464 237 464 237 237 464 10 464 237 464 464 237 464 464 237 10 237 10 464 464 10 464 10 10 237 237 464 237 237 10 237 237 10 464 464 237 464 237 10 10 237 464 237 464 237 464 10 237 464 10 237 237 237 237 237 10 237 10 10 464 464 237 237 237 10 10 237 464 237 464 237 464 10 237 1 464 
c [Incremental] Max used label: 464.
c [Incremental] Label 464 is removed from searching.
c [Incremental] Solving for max label = 463:
c [Incremental] Solving duration: 40 ms.
s [Incremental] SAT (label = 463).
c [Incremental] Label assignment: 463 463 463 463 463 463 463 463 463 463 463 463 463 463 463 236 463 236 463 463 463 463 463 236 463 236 463 463 463 463 463 463 463 463 463 463 236 463 463 463 463 236 236 463 463 463 463 236 463 9 463 236 463 463 463 463 463 463 463 463 236 463 463 463 463 463 463 463 463 463 463 463 463 463 463 463 236 463 463 463 236 463 463 463 463 463 463 236 236 463 9 236 236 463 463 463 236 463 236 9 236 463 463 463 236 463 236 463 9 463 463 463 236 463 9 236 463 236 236 236 463 236 236 236 463 236 463 463 463 463 463 463 463 463 9 236 463 236 236 463 463 463 9 463 463 463 463 236 236 463 463 463 236 236 236 236 463 463 9 463 463 463 236 463 463 463 236 463 463 236 463 463 463 236 236 236 463 236 236 463 463 463 463 463 463 463 463 463 463 236 463 9 463 236 463 236 463 463 463 463 236 9 463 236 463 236 463 463 236 236 9 9 463 463 9 463 463 236 236 236 463 236 236 236 236 236 463 9 236 463 236 9 463 463 463 463 9 236 463 9 463 463 463 463 9 236 236 463 463 9 236 9 9 9 236 9 236 236 236 463 236 463 9 463 463 236 463 463 463 9 463 463 463 463 236 463 236 236 463 236 236 463 463 236 9 236 463 236 463 236 9 463 236 463 463 463 463 9 236 9 236 236 236 463 236 463 463 463 463 236 9 236 463 9 236 236 9 463 236 9 236 236 236 236 463 236 236 236 236 236 9 236 463 463 236 463 463 236 9 463 236 463 236 463 236 9 9 463 9 9 463 236 9 9 236 236 236 236 236 236 463 9 236 236 236 236 463 463 236 236 463 9 236 9 463 236 236 463 236 236 236 9 9 236 463 463 9 9 236 236 463 463 9 463 236 463 463 236 463 463 236 463 9 9 236 463 463 9 236 463 463 463 236 236 463 236 9 236 463 236 463 236 236 463 9 463 236 463 463 236 463 463 236 9 236 9 463 463 9 463 9 9 236 236 463 236 236 9 236 236 9 463 463 236 463 236 9 9 236 463 236 463 236 463 9 236 463 9 236 236 236 236 236 9 236 9 9 463 463 236 236 236 9 9 236 463 236 463 236 463 9 236 1 463 
c [Incremental] Max used label: 463.
c [Incremental] Label 463 is removed from searching.
c [Incremental] Solving for max label = 462:
c [Incremental] Solving duration: 40 ms.
s [Incremental] SAT (label = 462).
c [Incremental] Label assignment: 462 462 462 462 462 462 462 462 462 462 462 462 462 462 462 235 462 235 462 462 462 462 462 235 462 235 462 462 462 462 462 462 462 462 462 462 235 462 462 462 462 235 235 462 462 462 462 235 462 8 462 235 462 462 462 462 462 462 462 462 235 462 462 462 462 462 462 462 462 462 462 462 462 462 462 462 235 462 462 462 235 462 462 462 462 462 462 235 235 462 8 235 235 462 462 462 235 462 235 8 235 462 462 462 235 462 235 462 8 462 462 462 235 462 8 235 462 235 235 235 462 235 235 235 462 235 462 462 462 462 462 462 462 462 8 235 462 235 235 462 462 462 8 462 462 462 462 235 235 462 462 462 235 235 235 235 462 462 8 462 462 462 235 462 462 462 235 462 462 235 462 462 462 235 235 235 462 235 235 462 462 462 462 462 462 462 462 462 462 235 462 8 462 235 462 235 462 462 462 462 235 8 462 235 462 235 462 462 235 235 8 8 462 462 8 462 462 235 235 235 462 235 235 235 235 235 462 8 235 462 235 8 462 462 462 462 8 235 462 8 462 462 462 462 8 235 235 462 462 8 235 8 8 8 235 8 235 235 235 462 235 462 8 462 462 235 462 462 462 8 462 462 462 462 235 462 235 235 462 235 235 462 462 235 8 235 462 235 462 235 8 462 235 462 462 462 462 8 235 8 235 235 235 462 235 462 462 462 462 235 8 235 462 8 235 235 8 462 235 8 235 235 235 235 462 235 235 235 235 235 8 235 462 462 235 462 462 235 8 462 235 462 235 462 235 8 8 462 8 8 462 235 8 8 235 235 235 235 235 235 462 8 235 235 235 235 462 462 235 235 462 8 235 8 462 235 235 462 235 235 235 8 8 235 462 462 8 8 235 235 462 462 8 462 235 462 462 235 462 462 235 462 8 8 235 462 462 8 235 462 462 462 235 235 462 235 8 235 462 235 462 235 235 462 8 462 235 462 462 235 462 462 235 8 235 8 462 462 8 462 8 8 235 235 462 235 235 8 235 235 8 462 462 235 462 235 8 8 235 462 235 462 235 462 8 235 462 8 235 235 235 235 235 8 235 8 8 462 462 235 235 235 8 8 235 462 235 462 235 462 8 235 1 462 
c [Incremental] Max used label: 462.
c [Incremental] Label 462 is removed from searching.
c [Incremental] Solving for max label = 461:
c [Incremental] Solving duration: 40 ms.
s [Incremental] SAT (label = 461).
c [Incremental] Label assignment: 461 461 461 461 461 461 461 461 461 461 461 461 461 461 461 234 461 234 461 461 461 461 461 234 461 234 461 461 461 461 461 461 461 461 461 461 234 461 461 461 461 234 234 461 461 461 461 234 461 7 461 234 461 461 461 461 461 461 461 461 234 461 461 461 461 461 461 461 461 461 461 461 461 461 461 461 234 461 461 461 234 461 461 461 461 461 461 234 234 461 7 234 234 461 461 461 234 461 234 7 234 461 461 461 234 461 234 461 7 461 461 461 234 461 7 234 461 234 234 234 461 234 234 234 461 234 461 461 461 461 461 461 461 461 7 234 461 234 234 461 461 461 7 461 461 461 461 234 234 461 461 461 234 234 234 234 461 461 7 461 461 461 234 461 461 461 234 461 461 234 461 461 461 234 234 234 461 234 234 461 461 461 461 461 461 461 461 461 461 234 461 7 461 234 461 234 461 461 461 461 234 7 461 234 461 234 461 461 234 234 7 7 461 461 7 461 461 234 234 234 461 234 234 234 234 234 461 7 234 461 234 7 461 461 461 461 7 234 461 7 461 461 461 461 7 234 234 461 461 7 234 7 7 7 234 7 234 234 234 461 234 461 7 461 461 234 461 461 461 7 461 461 461 461 234 461 234 234 461 234 234 461 461 234 7 234 461 234 461 234 7 461 234 461 461 461 461 7 234 7 234 234 234 461 234 461 461 461 461 234 7 234 461 7 234 234 7 461 234 7 234 234 234 234 461 234 234 234 234 234 7 234 461 461 234 461 461 234 7 461 234 461 234 461 234 7 7 461 7 7 461 234 7 7 234 234 234 234 234 234 461 7 234 234 234 234 461 461 234 234 461 7 234 7 461 234 234 461 234 234 234 7 7 234 461 461 7 7 234 234 461 461 7 461 234 461 461 234 461 461 234 461 7 7 234 461 461 7 234 461 461 461 234 234 461 234 7 234 461 234 461 234 234 461 7 461 234 461 461 234 461 461 234 7 234 7 461 461 7 461 7 7 234 234 461 234 234 7 234 234 7 461 461 234 461 234 7 7 234 461 234 461 234 461 7 234 461 7 234 234 234 234 234 7 234 7 7 461 461 234 234 234 7 7 234 461 234 461 234 461 7 234 1 461 
c [Incremental] Max used label: 461.
c [Incremental] Label 461 is removed from searching.
c [Incremental] Solving for max label = 460:
c [Incremental] Solving duration: 39 ms.
s [Incremental] SAT (label = 460).
c [Incremental] Label assignment: 460 460 460 460 460 460 460 460 460 460 460 460 460 460 460 233 460 233 460 460 460 460 460 233 460 233 460 460 460 460 460 460 460 460 460 460 233 460 460 460 460 233 233 460 460 460 460 233 460 6 460 233 460 460 460 460 460 460 460 460 233 460 460 460 460 460 460 460 460 460 460 460 460 460 460 460 233 460 460 460 233 460 460 460 460 460 460 233 233 460 6 233 233 460 460 460 233 460 233 6 233 460 460 460 233 460 233 460 6 460 460 460 233 460 6 233 460 233 233 233 460 233 233 233 460 233 460 460 460 460 460 460 460 460 6 233 460 233 233 460 460 460 6 460 460 460 460 233 233 460 460 460 233 233 233 233 460 460 6 460 460 460 233 460 460 460 233 460 460 233 460 460 460 233 233 233 460 233 233 460 460 460 460 460 460 460 460 460 460 233 460 6 460 233 460 233 460 460 460 460 233 6 460 233 460 233 460 460 233 233 6 6 460 460 6 460 460 233 233 233 460 233 233 233 233 233 460 6 233 460 233 6 460 460 460 460 6 233 460 6 460 460 460 460 6 233 233 460 460 6 233 6 6 6 233 6 233 233 233 460 233 460 6 460 460 233 460 460 460 6 460 460 460 460 233 460 233 233 460 233 233 460 460 233 6 233 460 233 460 233 6 460 233 460 460 460 460 6 233 6 233 233 233 460 233 460 460 460 460 233 6 233 460 6 233 233 6 460 233 6 233 233 233 233 460 233 233 233 233 233 6 233 460 460 233 460 460 233 6 460 233 460 233 460 233 6 6 460 6 6 460 233 6 6 233 233 233 233 233 233 460 6 233 233 233 233 460 460 233 233 460 6 233 6 460 233 233 460 233 233 233 6 6 233 460 460 6 6 233 233 460 460 6 460 233 460 460 233 460 460 233 460 6 6 233 460 460 6 233 460 460 460 233 233 460 233 6 233 460 233 460 233 233 460 6 460 233 460 460 233 460 460 233 6 233 6 460 460 6 460 6 6 233 233 460 233 233 6 233 233 6 460 460 233 460 233 6 6 233 460 233 460 233 460 6 233 460 6 233 233 233 233 233 6 233 6 6 460 460 233 233 233 6 6 233 460 233 460 233 460 6 233 1 460 
c [Incremental] Max used label: 460.
c [Incremental] Label 460 is removed from searching.
c [Incremental] Solving for max label = 459:
c [Incremental] Solving duration: 39 ms.
s [Incremental] SAT (label = 459).
c [Incremental] Label assignment: 459 459 459 459 459 459 459 459 459 459 459 459 459 459 459 232 459 232 459 459 459 459 459 232 459 232 459 459 459 459 459 459 459 459 459 459 232 459 459 459 459 232 232 459 459 459 459 232 459 5 459 232 459 459 459 459 459 459 459 459 232 459 459 459 459 459 459 459 459 459 459 459 459 459 459 459 232 459 459 459 232 459 459 459 459 459 459 232 232 459 5 232 232 459 459 459 232 459 232 5 232 459 459 459 232 459 232 459 5 459 459 459 232 459 5 232 459 232 232 232 459 232 232 232 459 232 459 459 459 459 459 459 459 459 5 232 459 232 232 459 459 459 5 459 459 459 459 232 232 459 459 459 232 232 232 232 459 459 5 459 459 459 232 459 459 459 232 459 459 232 459 459 459 232 232 232 459 232 232 459 459 459 459 459 459 459 459 459 459 232 459 5 459 232 459 232 459 459 459 459 232 5 459 232 459 232 459 459 232 232 5 5 459 459 5 459 459 232 232 232 459 232 232 232 232 232 459 5 232 459 232 5 459 459 459 459 5 232 459 5 459 459 459 459 5 232 232 459 459 5 232 5 5 5 232 5 232 232 232 459 232 459 5 459 459 232 459 459 459 5 459 459 459 459 232 459 232 232 459 232 232 459 459 232 5 232 459 232 459 232 5 459 232 459 459 459 459 5 232 5 232 232 232 459 232 459 459 459 459 232 5 232 459 5 232 232 5 459 232 5 232 232 232 232 459 232 232 232 232 232 5 232 459 459 232 459 459 232 5 459 232 459 232 459 232 5 5 459 5 5 459 232 5 5 232 232 232 232 232 232 459 5 232 232 232 232 459 459 232 232 459 5 232 5 459 232 232 459 232 232 232 5 5 232 459 459 5 5 232 232 459 459 5 459 232 459 459 232 459 459 232 459 5 5 232 459 459 5 232 459 459 459 232 232 459 232 5 232 459 232 459 232 232 459 5 459 232 459 459 232 459 459 232 5 232 5 459 459 5 459 5 5 232 232 459 232 232 5 232 232 5 459 459 232 459 232 5 5 232 459 232 459 232 459 5 232 459 5 232 232 232 232 232 5 232 5 5 459 459 232 232 232 5 5 232 459 232 459 232 459 5 232 1 459 
c [Incremental] Max used label: 459.
c [Incremental] Label 459 is removed from searching.
c [Incremental] Solving for max label = 458:
c [Incremental] Solving duration: 40 ms.
s [Incremental] SAT (label = 458).
c [Incremental] Label assignment: 458 458 458 458 458 458 458 458 458 458 458 458 458 458 458 231 458 231 458 458 458 458 458 231 458 231 458 458 458 458 458 458 458 458 458 458 231 458 458 458 458 231 231 458 458 458 458 231 458 4 458 231 458 458 458 458 458 458 458 458 231 458 458 458 458 458 458 458 458 458 458 458 458 458 458 458 231 458 458 458 231 458 458 458 458 458 458 231 231 458 4 231 231 458 458 458 231 458 231 4 231 458 458 458 231 458 231 458 4 458 458 458 231 458 4 231 458 231 231 231 458 231 231 231 458 231 458 458 458 458 458 458 458 458 4 231 458 231 231 458 458 458 4 458 458 458 458 231 231 458 458 458 231 231 231 231 458 458 4 458 458 458 231 458 458 458 231 458 458 231 458 458 458 231 231 231 458 231 231 458 458 458 458 458 458 458 458 458 458 231 458 4 458 231 458 231 458 458 458 458 231 4 458 231 458 231 458 458 231 231 4 4 458 458 4 458 458 231 231 231 458 231 231 231 231 231 458 4 231 458 231 4 458 458 458 458 4 231 458 4 458 458 458 458 4 231 231 458 458 4 231 4 4 4 231 4 231 231 231 458 231 458 4 458 458 231 458 458 458 4 458 458 458 458 231 458 231 231 458 231 231 458 458 231 4 231 458 231 458 231 4 458 231 458 458 458 458 4 231 4 231 231 231 458 231 458 458 458 458 231 4 231 458 4 231 231 4 458 231 4 231 231 231 231 458 231 231 231 231 231 4 231 458 458 231 458 458 231 4 458 231 458 231 458 231 4 4 458 4 4 458 231 4 4 231 231 231 231 231 231 458 4 231 231 231 231 458 458 231 231 458 4 231 4 458 231 231 458 231 231 231 4 4 231 458 458 4 4 231 231 458 458 4 458 231 458 458 231 458 458 231 458 4 4 231 458 458 4 231 458 458 458 231 231 458 231 4 231 458 231 458 231 231 458 4 458 231 458 458 231 458 458 231 4 231 4 458 458 4 458 4 4 231 231 458 231 231 4 231 231 4 458 458 231 458 231 4 4 231 458 231 458 231 458 4 231 458 4 231 231 231 231 231 4 231 4 4 458 458 231 231 231 4 4 231 458 231 458 231 458 4 231 1 458 
c [Incremental] Max used label: 458.
c [Incremental] Label 458 is removed from searching.
c [Incremental] Solving for max label = 457:
c [Incremental] Solving duration: 42 ms.
s [Incremental] SAT (label = 457).
c [Incremental] Label assignment: 457 457 457 457 457 457 457 457 457 457 457 457 457 457 457 230 457 230 457 457 457 457 457 230 457 230 457 457 457 457 457 457 457 457 457 457 230 457 457 457 457 230 230 457 457 457 457 230 457 3 457 230 457 457 457 457 457 457 457 457 230 457 457 457 457 457 457 457 457 457 457 457 457 457 457 457 230 457 457 457 230 457 457 457 457 457 457 230 230 457 3 230 230 457 457 457 230 457 230 3 230 457 457 457 230 457 230 457 3 457 457 457 230 457 3 230 457 230 230 230 457 230 230 230 457 230 457 457 457 457 457 457 457 457 3 230 457 230 230 457 457 457 3 457 457 457 457 230 230 457 457 457 230 230 230 230 457 457 3 457 457 457 230 457 457 457 230 457 457 230 457 457 457 230 230 230 457 230 230 457 457 457 457 457 457 457 457 457 457 230 457 3 457 230 457 230 457 457 457 457 230 3 457 230 457 230 457 457 230 230 3 3 457 457 3 457 457 230 230 230 457 230 230 230 230 230 457 3 230 457 230 3 457 457 457 457 3 230 457 3 457 457 457 457 3 230 230 457 457 3 230 3 3 3 230 3 230 230 230 457 230 457 3 457 457 230 457 457 457 3 457 457 457 457 230 457 230 230 457 230 230 457 457 230 3 230 457 230 457 230 3 457 230 457 457 457 457 3 230 3 230 230 230 457 230 457 457 457 457 230 3 230 457 3 230 230 3 457 230 3 230 230 230 230 457 230 230 230 230 230 3 230 457 457 230 457 457 230 3 457 230 457 230 457 230 3 3 457 3 3 457 230 3 3 230 230 230 230 230 230 457 3 230 230 230 230 457 457 230 230 457 3 230 3 457 230 230 457 230 230 230 3 3 230 457 457 3 3 230 230 457 457 3 457 230 457 457 230 457 457 230 457 3 3 230 457 457 3 230 457 457 457 230 230 457 230 3 230 457 230 457 230 230 457 3 457 230 457 457 230 457 457 230 3 230 3 457 457 3 457 3 3 230 230 457 230 230 3 230 230 3 457 457 230 457 230 3 3 230 457 230 457 230 457 3 230 457 3 230 230 230 230 230 3 230 3 3 457 457 230 230 230 3 3 230 457 230 457 230 457 3 230 1 457 
c [Incremental] Max used label: 457.
c [Incremental] Label 457 is removed from searching.
c [Incremental] Solving for max label = 456:
c [Incremental] Solving duration: 39 ms.
s [Incremental] SAT (label = 456).
c [Incremental] Label assignment: 456 456 456 456 456 456 456 456 456 456 456 456 456 456 456 229 456 229 456 456 456 456 456 229 456 229 456 456 456 456 456 456 456 456 456 456 229 456 456 456 456 229 229 456 456 456 456 229 456 2 456 229 456 456 456 456 456 456 456 456 229 456 456 456 456 456 456 456 456 456 456 456 456 456 456 456 229 456 456 456 229 456 456 456 456 456 456 229 229 456 2 229 229 456 456 456 229 456 229 2 229 456 456 456 229 456 229 456 2 456 456 456 229 456 2 229 456 229 229 229 456 229 229 229 456 229 456 456 456 456 456 456 456 456 2 229 456 229 229 456 456 456 2 456 456 456 456 229 229 456 456 456 229 229 229 229 456 456 2 456 456 456 229 456 456 456 229 456 456 229 456 456 456 229 229 229 456 229 229 456 456 456 456 456 456 456 456 456 456 229 456 2 456 229 456 229 456 456 456 456 229 2 456 229 456 229 456 456 229 229 2 2 456 456 2 456 456 229 229 229 456 229 229 229 229 229 456 2 229 456 229 2 456 456 456 456 2 229 456 2 456 456 456 456 2 229 229 456 456 2 229 2 2 2 229 2 229 229 229 456 229 456 2 456 456 229 456 456 456 2 456 456 456 456 229 456 229 229 456 229 229 456 456 229 2 229 456 229 456 229 2 456 229 456 456 456 456 2 229 2 229 229 229 456 229 456 456 456 456 229 2 229 456 2 229 229 2 456 229 2 229 229 229 229 456 229 229 229 229 229 2 229 456 456 229 456 456 229 2 456 229 456 229 456 229 2 2 456 2 2 456 229 2 2 229 229 229 229 229 229 456 2 229 229 229 229 456 456 229 229 456 2 229 2 456 229 229 456 229 229 229 2 2 229 456 456 2 2 229 229 456 456 2 456 229 456 456 229 456 456 229 456 2 2 229 456 456 2 229 456 456 456 229 229 456 229 2 229 456 229 456 229 229 456 2 456 229 456 456 229 456 456 229 2 229 2 456 456 2 456 2 2 229 229 456 229 229 2 229 229 2 456 456 229 456 229 2 2 229 456 229 456 229 456 2 229 456 2 229 229 229 229 229 2 229 2 2 456 456 229 229 229 2 2 229 456 229 456 229 456 2 229 1 456 
c [Incremental] Max used label: 456.
c [Incremental] Label 456 is removed from searching.
c [Incremental] Solving for max label = 455:
c [Incremental] Solving duration: 37 ms.
s [Incremental] SAT (label = 455).
c [Incremental] Label assignment: 455 455 455 455 455 455 455 455 455 455 455 455 455 455 455 228 455 228 455 455 455 455 455 228 455 228 455 455 455 455 455 455 455 455 455 455 228 455 455 455 455 228 228 455 455 455 455 228 455 1 455 228 455 455 455 455 455 455 455 455 228 455 455 455 455 455 455 455 455 455 455 455 455 455 455 455 228 455 455 455 228 455 455 455 455 455 455 228 228 455 1 228 228 455 455 455 228 455 228 1 228 455 455 455 228 455 228 455 1 455 455 455 228 455 1 228 455 228 228 228 455 228 228 228 455 228 455 455 455 455 455 455 455 455 1 228 455 228 228 455 455 455 1 455 455 455 455 228 228 455 455 455 228 228 228 228 455 455 1 455 455 455 228 455 455 455 228 455 455 228 455 455 455 228 228 228 455 228 228 455 455 455 455 455 455 455 455 455 455 228 455 1 455 228 455 228 455 455 455 455 228 1 455 228 455 228 455 455 228 228 1 1 455 455 1 455 455 228 228 228 455 228 228 228 228 228 455 1 228 455 228 1 455 455 455 455 1 228 455 1 455 455 455 455 1 228 228 455 455 1 228 1 1 1 228 1 228 228 228 455 228 455 1 455 455 228 455 455 455 1 455 455 455 455 228 455 228 228 455 228 228 455 455 228 1 228 455 228 455 228 1 455 228 455 455 455 455 1 228 1 228 228 228 455 228 455 455 455 455 228 1 228 455 1 228 228 1 455 228 1 228 228 228 228 455 228 228 228 228 228 1 228 455 455 228 455 455 228 1 455 228 455 228 455 228 1 1 455 1 1 455 228 1 1 228 228 228 228 228 228 455 1 228 228 228 228 455 455 228 228 455 1 228 1 455 228 228 455 228 228 228 1 1 228 455 455 1 1 228 228 455 455 1 455 228 455 455 228 455 455 228 455 1 1 228 455 455 1 228 455 455 455 228 228 455 228 1 228 455 228 455 228 228 455 1 455 228 455 455 228 455 455 228 1 228 1 455 455 1 455 1 1 228 228 455 228 228 1 228 228 1 455 455 228 455 228 1 1 228 455 228 455 228 455 1 228 455 1 228 228 228 228 228 1 228 1 1 455 455 228 228 228 1 1 228 455 228 455 228 455 1 228 228 455 
c [Incremental] Max used label: 455.
c [Incremental] Label 455 is removed from searching.
c [Incremental] Solving for max label = 454:
c [Incremental] Solving duration: 1 ms.
s [Incremental] UNSAT (label = 454).
c [Signal] Signal interruption. Caught signal: SIGTERM (15).
c [Main] Work pid ends with result: 0.
r [Main] 
r [Main] Final results: 
r [Main] Total real time: 4137 ms.
r [Main] Total memory consumed: 616.1 MB.
r [Main] 
