c [Version] Minimize Makespan Labeling Encoder version 1.0.0.
c [Param] Target value is set to 220.
c [Param] LB is predefined as 221.
c [Param] UB is predefined as 662.
c [Param] Target value is set to Antibandwidth.
c [Param] Vertices mode is set to Has hole.
c [Param] Result verification is ON.
c [Param] Memory limit is set to 30000.
c [Param] Real time limit is set to 1800.
c [Param] Max CNF size is set to 10.
c [Main] Search strategy: Incremental from upper bound.
c [Main] Encoding and solving for graph: U-662_bus.mtx.rnd.
c [Incremental] Minimize Makespan Labeling problem (U-662_bus.mtx.rnd):
c [Incremental] Encoding starts with target value = 220:
c [Incremental] Encoding duration: 4830ms.
c [Incremental] Number of clauses: 4505849.
c [Incremental] Number of variables: 1162545.
c [Incremental] Solving for max label = 662:
c [Incremental] Solving duration: 129 ms.
s [Incremental] SAT (label = 662).
c [Incremental] Label assignment: 662 662 662 662 662 662 662 662 662 662 442 662 662 662 662 662 662 662 662 662 662 662 442 442 662 662 662 662 662 662 662 662 662 662 662 662 662 662 662 662 662 662 662 662 442 662 662 662 662 662 662 662 662 662 662 662 662 662 662 442 662 662 662 662 662 662 662 442 662 442 662 662 442 442 442 662 662 662 662 662 662 662 662 662 442 662 662 662 662 442 662 442 662 662 442 662 662 662 662 662 442 662 662 662 222 442 662 442 662 662 662 662 662 662 662 442 442 662 442 662 662 662 662 442 662 442 662 662 442 662 662 442 442 662 442 662 662 662 662 442 662 442 442 662 442 442 662 442 442 442 662 662 662 662 662 662 662 662 662 662 662 662 442 662 662 662 222 442 662 222 442 662 662 662 442 442 222 662 662 662 442 442 442 662 442 662 442 442 662 662 442 662 662 442 662 442 442 662 442 442 662 662 442 662 662 222 662 662 662 442 442 662 662 662 662 442 662 442 662 442 331 662 662 442 442 222 662 662 662 662 222 442 442 442 662 662 662 442 442 222 662 662 442 442 442 662 662 662 662 442 222 442 442 442 442 662 222 662 442 442 442 442 222 662 442 442 442 662 662 442 442 442 442 662 442 662 662 442 442 662 662 662 442 662 662 2 442 222 442 2 442 442 442 662 662 222 442 662 442 442 222 442 222 662 662 442 662 662 111 442 222 442 442 442 222 222 442 662 662 222 2 662 442 442 2 222 442 662 662 2 442 662 2 662 442 442 662 442 442 442 662 442 442 222 442 662 662 442 662 662 662 442 442 662 442 222 662 662 662 662 442 442 442 442 442 442 222 442 442 442 442 662 222 662 662 222 662 442 442 662 222 662 442 442 442 222 442 222 442 442 222 662 442 222 442 222 442 442 442 442 2 662 662 442 222 662 442 442 662 442 222 662 662 662 222 222 222 442 662 442 662 442 442 662 222 442 662 442 442 222 442 442 442 442 662 662 442 442 222 442 662 442 222 2 442 222 442 442 442 662 222 662 222 442 2 662 662 662 662 662 2 662 442 442 442 222 442 662 662 222 442 442 222 442 222 442 442 442 662 662 442 111 442 2 222 662 662 442 662 662 662 442 222 442 662 442 442 222 442 442 222 2 222 662 662 442 662 222 662 222 442 222 222 222 222 442 222 222 442 222 222 442 442 2 442 222 442 662 662 662 222 442 662 442 442 442 222 442 442 222 442 442 662 222 662 442 442 222 662 662 222 442 222 222 662 222 662 222 222 442 442 222 662 442 442 222 662 442 222 662 222 2 442 442 662 662 222 442 222 442 222 222 222 222 442 442 2 442 442 442 442 662 222 2 442 662 2 662 442 222 442 222 222 662 442 662 222 662 222 2 222 222 222 662 662 662 662 2 662 662 222 442 442 222 222 442 442 662 2 222 222 2 222 662 442 222 442 442 222 2 662 2 662 662 442 222 222 2 222 662 442 222 442 442 662 662 222 2 222 222 2 1 
c [Incremental] Max used label: 662.
c [Incremental] Label 662 is removed from searching.
c [Incremental] Solving for max label = 661:
c [Incremental] Solving duration: 66 ms.
s [Incremental] SAT (label = 661).
c [Incremental] Label assignment: 661 661 661 661 661 661 661 661 661 661 441 661 661 661 661 661 661 661 661 661 661 661 441 441 661 661 661 661 661 661 661 661 661 661 661 661 661 661 661 661 661 661 661 661 441 661 661 661 661 661 661 661 661 661 661 661 661 661 661 441 661 661 661 661 661 661 661 441 661 441 661 661 441 441 441 661 661 661 661 661 661 661 661 661 441 661 661 661 661 441 661 441 661 661 441 661 661 661 661 661 441 661 661 661 221 441 661 441 661 661 661 661 661 661 661 441 441 661 441 661 661 661 661 441 661 441 661 661 441 661 661 441 441 661 441 661 661 661 661 441 661 441 441 661 441 441 661 441 441 441 661 661 661 661 661 661 661 661 661 661 661 661 441 661 661 661 221 441 661 221 441 661 661 661 441 441 221 661 661 661 441 441 441 661 441 661 441 441 661 661 441 661 661 441 661 441 441 661 441 441 661 661 441 661 661 221 661 661 661 441 441 661 661 661 661 441 661 441 661 441 331 661 661 441 441 221 661 661 661 661 221 441 441 441 661 661 661 441 441 221 661 661 441 441 441 661 661 661 661 441 221 441 441 441 441 661 221 661 441 441 441 441 221 661 441 441 441 661 661 441 441 441 441 661 441 661 661 441 441 661 661 661 441 661 661 1 441 221 441 1 441 441 441 661 661 221 441 661 441 441 221 441 221 661 661 441 661 661 111 441 221 441 441 441 221 221 441 661 661 221 1 661 441 441 1 221 441 661 661 1 441 661 1 661 441 441 661 441 441 441 661 441 441 221 441 661 661 441 661 661 661 441 441 661 441 221 661 661 661 661 441 441 441 441 441 441 221 441 441 441 441 661 221 661 661 221 661 441 441 661 221 661 441 441 441 221 441 221 441 441 221 661 441 221 441 221 441 441 441 441 1 661 661 441 221 661 441 441 661 441 221 661 661 661 221 221 221 441 661 441 661 441 441 661 221 441 661 441 441 221 441 441 441 441 661 661 441 441 221 441 661 441 221 1 441 221 441 441 441 661 221 661 221 441 1 661 661 661 661 661 1 661 441 441 441 221 441 661 661 221 441 441 221 441 221 441 441 441 661 661 441 111 441 1 221 661 661 441 661 661 661 441 221 441 661 441 441 221 441 441 221 1 221 661 661 441 661 221 661 221 441 221 221 221 221 441 221 221 441 221 221 441 441 1 441 221 441 661 661 661 221 441 661 441 441 441 221 441 441 221 441 441 661 221 661 441 441 221 661 661 221 441 221 221 661 221 661 221 221 441 441 221 661 441 441 221 661 441 221 661 221 1 441 441 661 661 221 441 221 441 221 221 221 221 441 441 1 441 441 441 441 661 221 1 441 661 1 661 441 221 441 221 221 661 441 661 221 661 221 1 221 221 221 661 661 661 661 1 661 661 221 441 441 221 221 441 441 661 1 221 221 1 221 661 441 221 441 441 221 1 661 1 661 661 441 221 221 1 221 661 441 221 441 441 661 661 221 1 221 221 1 441 
c [Incremental] Max used label: 661.
c [Incremental] Label 661 is removed from searching.
c [Incremental] Solving for max label = 660:
c [Incremental] Solving duration: 423 ms.
s [Incremental] UNSAT (label = 660).
c [Signal] Signal interruption. Caught signal: SIGTERM (15).
c [Main] Work pid ends with result: 0.
r [Main] 
r [Main] Final results: 
r [Main] Total real time: 5578 ms.
r [Main] Total memory consumed: 1273.8 MB.
r [Main] 
