c [Version] Minimize Makespan Labeling Encoder version 1.0.0.
c [Param] Target value is set to 136.
c [Param] LB is predefined as 137.
c [Param] UB is predefined as 685.
c [Param] Target value is set to Antibandwidth.
c [Param] Vertices mode is set to Has hole.
c [Param] Result verification is ON.
c [Param] Memory limit is set to 30000.
c [Param] Real time limit is set to 1800.
c [Param] Max CNF size is set to 10.
c [Main] Search strategy: Incremental from upper bound.
c [Main] Encoding and solving for graph: W-685_bus.mtx.rnd.
c [Incremental] Minimize Makespan Labeling problem (W-685_bus.mtx.rnd):
c [Incremental] Encoding starts with target value = 136:
c [Incremental] Encoding duration: 5454ms.
c [Incremental] Number of clauses: 6156033.
c [Incremental] Number of variables: 1301575.
c [Incremental] Solving for max label = 685:
c [Incremental] Solving duration: 311 ms.
s [Incremental] SAT (label = 685).
c [Incremental] Label assignment: 545 409 409 1 545 1 273 273 137 273 409 1 409 1 409 545 273 273 409 137 409 1 273 409 1 409 409 137 409 137 409 137 273 409 273 137 137 137 1 409 273 273 1 545 137 409 137 273 273 137 409 137 137 273 273 273 137 137 1 409 137 273 545 273 137 545 273 545 137 685 1 1 137 137 273 409 685 273 1 1 409 1 409 545 273 137 273 409 137 137 137 137 1 1 273 273 273 273 409 137 273 137 273 409 137 273 273 137 137 273 137 409 1 137 273 137 1 273 545 273 545 273 273 273 137 409 273 273 273 137 137 137 273 1 1 137 137 137 545 137 273 545 1 137 1 137 1 1 273 545 1 137 273 545 273 409 1 137 137 273 1 273 409 273 137 685 137 409 137 137 137 273 273 273 273 137 273 1 1 1 137 1 409 1 273 137 409 137 273 273 273 409 409 137 1 273 137 137 1 273 1 273 273 409 137 1 1 409 409 273 137 1 409 137 137 1 137 273 137 1 137 137 1 545 1 273 137 273 137 273 409 409 137 137 137 409 137 1 137 137 1 273 409 273 137 273 137 545 409 273 137 137 273 545 1 137 409 1 1 137 137 137 1 137 137 273 1 1 409 409 273 137 1 137 1 273 1 137 409 1 1 1 273 137 273 1 273 409 1 273 137 137 1 137 137 137 137 273 137 409 137 1 1 1 137 137 137 137 273 1 137 273 273 273 137 1 273 137 273 137 137 1 1 137 409 273 1 137 137 273 273 1 137 137 273 1 409 137 137 137 1 409 137 273 1 273 137 1 137 137 137 137 137 137 137 137 1 409 137 137 273 273 137 137 273 1 273 273 1 273 1 273 1 1 137 1 273 273 137 1 273 1 409 137 137 1 137 273 273 1 137 137 1 137 1 1 137 137 273 137 137 137 137 137 137 1 273 137 137 273 137 1 137 137 273 137 1 1 1 1 1 1 137 1 409 137 1 273 273 1 137 137 1 1 1 137 273 273 1 137 137 1 1 1 1 137 137 1 1 1 137 137 1 1 137 1 1 137 1 137 137 1 1 409 1 137 137 137 137 1 1 137 273 273 1 1 1 1 1 273 137 137 1 1 137 1 1 1 1 1 1 409 137 137 1 137 137 1 1 1 137 1 273 1 1 137 137 273 137 1 1 137 137 137 1 273 273 137 1 137 137 1 1 137 273 1 1 1 273 1 137 137 1 1 1 1 1 137 137 137 1 1 137 137 137 137 1 1 137 1 1 1 137 1 137 137 1 137 1 1 1 137 1 1 1 137 1 1 137 1 137 137 1 137 1 1 1 137 1 1 1 273 273 1 1 1 1 1 1 137 1 1 1 1 1 1 1 137 137 1 1 1 1 1 1 1 1 1 1 1 1 1 1 1 137 137 1 1 137 1 1 1 1 1 1 1 137 1 1 1 137 1 1 1 137 137 1 1 1 1 1 1 1 137 1 1 1 137 1 137 137 1 1 1 1 1 137 1 1 1 1 1 1 1 1 1 1 1 1 137 1 1 1 1 1 1 1 1 1 1 1 1 1 1 1 
c [Incremental] Max used label: 685.
c [Incremental] Label 685 is removed from searching.
c [Incremental] Solving for max label = 684:
c [Incremental] Solving duration: 232 ms.
s [Incremental] SAT (label = 684).
c [Incremental] Label assignment: 545 409 409 1 545 1 273 273 137 273 409 1 409 1 409 545 273 273 409 137 409 1 273 409 1 409 409 137 409 137 409 137 273 409 273 137 137 137 1 409 273 273 1 545 137 409 137 273 273 137 409 137 137 273 273 273 137 137 1 409 137 273 545 273 137 545 273 545 137 684 1 1 137 137 273 409 684 273 1 1 409 1 409 545 273 137 273 409 137 137 137 137 1 1 273 273 273 273 409 137 273 137 273 409 137 273 273 137 137 273 137 409 1 137 273 137 1 273 545 273 545 273 273 273 137 409 273 273 273 137 137 137 273 1 1 137 137 137 545 137 273 545 1 137 1 137 1 1 273 545 1 137 273 545 273 409 1 137 137 273 1 273 409 273 137 684 137 409 137 137 137 273 273 273 273 137 273 1 1 1 137 1 409 1 273 137 409 137 273 273 273 409 409 137 1 273 137 137 1 273 1 273 273 409 137 1 1 409 409 273 137 1 409 137 137 1 137 273 137 1 137 137 1 545 1 273 137 273 137 273 409 409 137 137 137 409 137 1 137 137 1 273 409 273 137 273 137 545 409 273 137 137 273 545 1 137 409 1 1 137 137 137 1 137 137 273 1 1 409 409 273 137 1 137 1 273 1 137 409 1 1 1 273 137 273 1 273 409 1 273 137 137 1 137 137 137 137 273 137 409 137 1 1 1 137 137 137 137 273 1 137 273 273 273 137 1 273 137 273 137 137 1 1 137 409 273 1 137 137 273 273 1 137 137 273 1 409 137 137 137 1 409 137 273 1 273 137 1 137 137 137 137 137 137 137 137 1 409 137 137 273 273 137 137 273 1 273 273 1 273 1 273 1 1 137 1 273 273 137 1 273 1 409 137 137 1 137 273 273 1 137 137 1 137 1 1 137 137 273 137 137 137 137 137 137 1 273 137 137 273 137 1 137 137 273 137 1 1 1 1 1 1 137 1 409 137 1 273 273 1 137 137 1 1 1 137 273 273 1 137 137 1 1 1 1 137 137 1 1 1 137 137 1 1 137 1 1 137 1 137 137 1 1 409 1 137 137 137 137 1 1 137 273 273 1 1 1 1 1 273 137 137 1 1 137 1 1 1 1 1 1 409 137 137 1 137 137 1 1 1 137 1 273 1 1 137 137 273 137 1 1 137 137 137 1 273 273 137 1 137 137 1 1 137 273 1 1 1 273 1 137 137 1 1 1 1 1 137 137 137 1 1 137 137 137 137 1 1 137 1 1 1 137 1 137 137 1 137 1 1 1 137 1 1 1 137 1 1 137 1 137 137 1 137 1 1 1 137 1 1 1 273 273 1 1 1 1 1 1 137 1 1 1 1 1 1 1 137 137 1 1 1 1 1 1 1 1 1 1 1 1 1 1 1 137 137 1 1 137 1 1 1 1 1 1 1 137 1 1 1 137 1 1 1 137 137 1 1 1 1 1 1 1 137 1 1 1 137 1 137 137 1 1 1 1 1 137 1 1 1 1 1 1 1 1 1 1 1 1 137 1 1 1 1 1 1 1 1 1 1 1 1 1 1 1 
c [Incremental] Max used label: 684.
c [Incremental] Label 684 is removed from searching.
c [Incremental] Solving for max label = 683:
c [Incremental] Solving duration: 239 ms.
s [Incremental] SAT (label = 683).
c [Incremental] Label assignment: 545 409 409 1 545 1 273 273 137 273 409 1 409 1 409 545 273 273 409 137 409 1 273 409 1 409 409 137 409 137 409 137 273 409 273 137 137 137 1 409 273 273 1 545 137 409 137 273 273 137 409 137 137 273 273 273 137 137 1 409 137 273 545 273 137 545 273 545 137 683 1 1 137 137 273 409 683 273 1 1 409 1 409 545 273 137 273 409 137 137 137 137 1 1 273 273 273 273 409 137 273 137 273 409 137 273 273 137 137 273 137 409 1 137 273 137 1 273 545 273 545 273 273 273 137 409 273 273 273 137 137 137 273 1 1 137 137 137 545 137 273 545 1 137 1 137 1 1 273 545 1 137 273 545 273 409 1 137 137 273 1 273 409 273 137 683 137 409 137 137 137 273 273 273 273 137 273 1 1 1 137 1 409 1 273 137 409 137 273 273 273 409 409 137 1 273 137 137 1 273 1 273 273 409 137 1 1 409 409 273 137 1 409 137 137 1 137 273 137 1 137 137 1 545 1 273 137 273 137 273 409 409 137 137 137 409 137 1 137 137 1 273 409 273 137 273 137 545 409 273 137 137 273 545 1 137 409 1 1 137 137 137 1 137 137 273 1 1 409 409 273 137 1 137 1 273 1 137 409 1 1 1 273 137 273 1 273 409 1 273 137 137 1 137 137 137 137 273 137 409 137 1 1 1 137 137 137 137 273 1 137 273 273 273 137 1 273 137 273 137 137 1 1 137 409 273 1 137 137 273 273 1 137 137 273 1 409 137 137 137 1 409 137 273 1 273 137 1 137 137 137 137 137 137 137 137 1 409 137 137 273 273 137 137 273 1 273 273 1 273 1 273 1 1 137 1 273 273 137 1 273 1 409 137 137 1 137 273 273 1 137 137 1 137 1 1 137 137 273 137 137 137 137 137 137 1 273 137 137 273 137 1 137 137 273 137 1 1 1 1 1 1 137 1 409 137 1 273 273 1 137 137 1 1 1 137 273 273 1 137 137 1 1 1 1 137 137 1 1 1 137 137 1 1 137 1 1 137 1 137 137 1 1 409 1 137 137 137 137 1 1 137 273 273 1 1 1 1 1 273 137 137 1 1 137 1 1 1 1 1 1 409 137 137 1 137 137 1 1 1 137 1 273 1 1 137 137 273 137 1 1 137 137 137 1 273 273 137 1 137 137 1 1 137 273 1 1 1 273 1 137 137 1 1 1 1 1 137 137 137 1 1 137 137 137 137 1 1 137 1 1 1 137 1 137 137 1 137 1 1 1 137 1 1 1 137 1 1 137 1 137 137 1 137 1 1 1 137 1 1 1 273 273 1 1 1 1 1 1 137 1 1 1 1 1 1 1 137 137 1 1 1 1 1 1 1 1 1 1 1 1 1 1 1 137 137 1 1 137 1 1 1 1 1 1 1 137 1 1 1 137 1 1 1 137 137 1 1 1 1 1 1 1 137 1 1 1 137 1 137 137 1 1 1 1 1 137 1 1 1 1 1 1 1 1 1 1 1 1 137 1 1 1 1 1 1 1 1 1 1 1 1 1 1 1 
c [Incremental] Max used label: 683.
c [Incremental] Label 683 is removed from searching.
c [Incremental] Solving for max label = 682:
c [Incremental] Solving duration: 237 ms.
s [Incremental] SAT (label = 682).
c [Incremental] Label assignment: 545 409 409 1 545 1 273 273 137 273 409 1 409 1 409 545 273 273 409 137 409 1 273 409 1 409 409 137 409 137 409 137 273 409 273 137 137 137 1 409 273 273 1 545 137 409 137 273 273 137 409 137 137 273 273 273 137 137 1 409 137 273 545 273 137 545 273 545 137 681 1 1 137 137 273 409 681 273 1 1 409 1 409 545 273 137 273 409 137 137 137 137 1 1 273 273 273 273 409 137 273 137 273 409 137 273 273 137 137 273 137 409 1 137 273 137 1 273 545 273 545 273 273 273 137 409 273 273 273 137 137 137 273 1 1 137 137 137 545 137 273 545 1 137 1 137 1 1 273 545 1 137 273 545 273 409 1 137 137 273 1 273 409 273 137 681 137 409 137 137 137 273 273 273 273 137 273 1 1 1 137 1 409 1 273 137 409 137 273 273 273 409 409 137 1 273 137 137 1 273 1 273 273 409 137 1 1 409 409 273 137 1 409 137 137 1 137 273 137 1 137 137 1 545 1 273 137 273 137 273 409 409 137 137 137 409 137 1 137 137 1 273 409 273 137 273 137 545 409 273 137 137 273 545 1 137 409 1 1 137 137 137 1 137 137 273 1 1 409 409 273 137 1 137 1 273 1 137 409 1 1 1 273 137 273 1 273 409 1 273 137 137 1 137 137 137 137 273 137 409 137 1 1 1 137 137 137 137 273 1 137 273 273 273 137 1 273 137 273 137 137 1 1 137 409 273 1 137 137 273 273 1 137 137 273 1 409 137 137 137 1 409 137 273 1 273 137 1 137 137 137 137 137 137 137 137 1 409 137 137 273 273 137 137 273 1 273 273 1 273 1 273 1 1 137 1 273 273 137 1 273 1 409 137 137 1 137 273 273 1 137 137 1 137 1 1 137 137 273 137 137 137 137 137 137 1 273 137 137 273 137 1 137 137 273 137 1 1 1 1 1 1 137 1 409 137 1 273 273 1 137 137 1 1 1 137 273 273 1 137 137 1 1 1 1 137 137 1 1 1 137 137 1 1 137 1 1 137 1 137 137 1 1 409 1 137 137 137 137 1 1 137 273 273 1 1 1 1 1 273 137 137 1 1 137 1 1 1 1 1 1 409 137 137 1 137 137 1 1 1 137 1 273 1 1 137 137 273 137 1 1 137 137 137 1 273 273 137 1 137 137 1 1 137 273 1 1 1 273 1 137 137 1 1 1 1 1 137 137 137 1 1 137 137 137 137 1 1 137 1 1 1 137 1 137 137 1 137 1 1 1 137 1 1 1 137 1 1 137 1 137 137 1 137 1 1 1 137 1 1 1 273 273 1 1 1 1 1 1 137 1 1 1 1 1 1 1 137 137 1 1 1 1 1 1 1 1 1 1 1 1 1 1 1 137 137 1 1 137 1 1 1 1 1 1 1 137 1 1 1 137 1 1 1 137 137 1 1 1 1 1 1 1 137 1 1 1 137 1 137 137 1 1 1 1 1 137 1 1 1 1 1 1 1 1 1 1 1 1 137 1 1 1 1 1 1 1 1 1 1 1 1 1 1 1 
c [Incremental] Max used label: 681.
c [Incremental] Label 682 is removed from searching.
c [Incremental] Label 681 is removed from searching.
c [Incremental] Solving for max label = 680:
c [Incremental] Solving duration: 1070 ms.
s [Incremental] UNSAT (label = 680).
c [Main] Work pid ends with result: 0.
r [Main] 
r [Main] Final results: 
r [Main] Total real time: 7733 ms.
r [Main] Total memory consumed: 1481.5 MB.
r [Main] 
c [Signal] Signal interruption. Caught signal: SIGTERM (15).
