c [Version] Minimize Makespan Labeling Encoder version 1.0.0.
c [Param] Target value is set to 151.
c [Param] LB is predefined as 152.
c [Param] UB is predefined as 1073.
c [Param] Target value is set to Cyclic Antibandwidth.
c [Param] Vertices mode is set to Has hole.
c [Param] Result verification is ON.
c [Param] Memory limit is set to 45000.
c [Param] Real time limit is set to 1800.
c [Param] Worker count is set to 8.
c [Param] Max CNF size is set to 10.
c [Main] Search strategy: Iterating Breadth First Search (Reverse).
c [Main] Search order: 612 843 381 958 727 496 266 1016 900 785 669 554 438 323 208 1045 987 929 871 814 756 698 640 583 525 467 409 352 294 237 179 1059 1030 1001 972 943 914 885 857 828 799 770 741 712 683 654 626 597 568 539 510 481 452 423 395 366 337 308 280 251 222 193 165 1066 1052 1037 1023 1008 994 979 965 950 936 921 907 892 878 864 850 835 821 806 792 777 763 748 734 719 705 690 676 661 647 633 619 604 590 575 561 546 532 517 503 488 474 459 445 430 416 402 388 373 359 344 330 315 301 287 273 258 244 229 215 200 186 172 158 1070 1062 1055 1048 1041 1033 1026 1019 1012 1004 997 990 983 975 968 961 954 946 939 932 925 917 910 903 896 888 881 874 867 860 853 846 839 831 824 817 810 802 795 788 781 773 766 759 752 744 737 730 723 715 708 701 694 686 679 672 665 657 650 643 636 629 622 615 608 600 593 586 579 571 564 557 550 542 535 528 521 513 506 499 492 484 477 470 463 455 448 441 434 426 419 412 405 398 391 384 377 369 362 355 348 340 333 326 319 311 304 297 290 283 276 269 262 254 247 240 233 225 218 211 204 196 189 182 175 168 161 154 1072 1068 1064 1060 1057 1053 1050 1046 1043 1039 1035 1031 1028 1024 1021 1017 1014 1010 1006 1002 999 995 992 988 985 981 977 973 970 966 963 959 956 952 948 944 941 937 934 930 927 923 919 915 912 908 905 901 898 894 890 886 883 879 876 872 869 865 862 858 855 851 848 844 841 837 833 829 826 822 819 815 812 808 804 800 797 793 790 786 783 779 775 771 768 764 761 757 754 750 746 742 739 735 732 728 725 721 717 713 710 706 703 699 696 692 688 684 681 677 674 670 667 663 659 655 652 648 645 641 638 634 631 627 624 620 617 613 610 606 602 598 595 591 588 584 581 577 573 569 566 562 559 555 552 548 544 540 537 533 530 526 523 519 515 511 508 504 501 497 494 490 486 482 479 475 472 468 465 461 457 453 450 446 443 439 436 432 428 424 421 417 414 410 407 403 400 396 393 389 386 382 379 375 371 367 364 360 357 353 350 346 342 338 335 331 328 324 321 317 313 309 306 302 299 295 292 288 285 281 278 274 271 267 264 260 256 252 249 245 242 238 235 231 227 223 220 216 213 209 206 202 198 194 191 187 184 180 177 173 170 166 163 159 156 152 1073 1071 1069 1067 1065 1063 1061 1058 1056 1054 1051 1049 1047 1044 1042 1040 1038 1036 1034 1032 1029 1027 1025 1022 1020 1018 1015 1013 1011 1009 1007 1005 1003 1000 998 996 993 991 989 986 984 982 980 978 976 974 971 969 967 964 962 960 957 955 953 951 949 947 945 942 940 938 935 933 931 928 926 924 922 920 918 916 913 911 909 906 904 902 899 897 895 893 891 889 887 884 882 880 877 875 873 870 868 866 863 861 859 856 854 852 849 847 845 842 840 838 836 834 832 830 827 825 823 820 818 816 813 811 809 807 805 803 801 798 796 794 791 789 787 784 782 780 778 776 774 772 769 767 765 762 760 758 755 753 751 749 747 745 743 740 738 736 733 731 729 726 724 722 720 718 716 714 711 709 707 704 702 700 697 695 693 691 689 687 685 682 680 678 675 673 671 668 666 664 662 660 658 656 653 651 649 646 644 642 639 637 635 632 630 628 625 623 621 618 616 614 611 609 607 605 603 601 599 596 594 592 589 587 585 582 580 578 576 574 572 570 567 565 563 560 558 556 553 551 549 547 545 543 541 538 536 534 531 529 527 524 522 520 518 516 514 512 509 507 505 502 500 498 495 493 491 489 487 485 483 480 478 476 473 471 469 466 464 462 460 458 456 454 451 449 447 444 442 440 437 435 433 431 429 427 425 422 420 418 415 413 411 408 406 404 401 399 397 394 392 390 387 385 383 380 378 376 374 372 370 368 365 363 361 358 356 354 351 349 347 345 343 341 339 336 334 332 329 327 325 322 320 318 316 314 312 310 307 305 303 300 298 296 293 291 289 286 284 282 279 277 275 272 270 268 265 263 261 259 257 255 253 250 248 246 243 241 239 236 234 232 230 228 226 224 221 219 217 214 212 210 207 205 203 201 199 197 195 192 190 188 185 183 181 178 176 174 171 169 167 164 162 160 157 155 153.
c [Main] Encoding and solving for graph: X-can__715.mtx.rnd.
c [Label = 612] Minimize Makespan Labeling problem (X-can__715.mtx.rnd):
c [Label = 843] Minimize Makespan Labeling problem (X-can__715.mtx.rnd):
c [Label = 381] Minimize Makespan Labeling problem (X-can__715.mtx.rnd):
c [Label = 958] Minimize Makespan Labeling problem (X-can__715.mtx.rnd):
c [Label = 727] Minimize Makespan Labeling problem (X-can__715.mtx.rnd):
c [Label = 496] Minimize Makespan Labeling problem (X-can__715.mtx.rnd):
c [Label = 266] Minimize Makespan Labeling problem (X-can__715.mtx.rnd):
c [Label = 1016] Minimize Makespan Labeling problem (X-can__715.mtx.rnd):
c [Label = 266] Encoding starts with target value = 151:
c [Label = 266] Encoding duration: 5922ms.
c [Label = 266] Number of clauses: 4840963.
c [Label = 266] Number of variables: 592178.
c [Label = 266] Solving duration: 0 ms.
s [Label = 266] UNSAT (w = 151).
c [Main] Highest label UNSAT is set to 266
c [Label = 900] Minimize Makespan Labeling problem (X-can__715.mtx.rnd):
c [Label = 496] Encoding starts with target value = 151:
c [Label = 496] Encoding duration: 11648ms.
c [Label = 496] Number of clauses: 9022403.
c [Label = 496] Number of variables: 1132718.
c [Label = 496] Solving duration: 20285 ms.
s [Label = 496] UNSAT (w = 151).
c [Main] Highest label UNSAT is set to 496
c [Main] Kill lower label pid 381.
c [Label = 381] Encoding starts with target value = 151:
c [Label = 381] Encoding duration: 8457ms.
c [Label = 381] Number of clauses: 6931325.
c [Label = 381] Number of variables: 862448.
c [Signal] Signal interruption. Caught signal: SIGTERM (15).
c [Label = 785] Minimize Makespan Labeling problem (X-can__715.mtx.rnd):
c [Main] Child pid 381 - 1806533 terminated by signal 15.
c [Label = 669] Minimize Makespan Labeling problem (X-can__715.mtx.rnd):
c [Label = 612] Encoding starts with target value = 151:
c [Label = 612] Encoding duration: 14232ms.
c [Label = 612] Number of clauses: 11129671.
c [Label = 612] Number of variables: 1404418.
c [Label = 612] Solving duration: 25656 ms.
s [Label = 612] UNSAT (w = 151).
c [Main] Highest label UNSAT is set to 612
c [Label = 1045] Minimize Makespan Labeling problem (X-can__715.mtx.rnd):
c [Label = 727] Encoding starts with target value = 151:
c [Label = 727] Encoding duration: 17018ms.
c [Label = 727] Number of clauses: 12909353.
c [Label = 727] Number of variables: 1568868.
c [Label = 727] Solving duration: 31173 ms.
s [Label = 727] UNSAT (w = 151).
c [Main] Highest label UNSAT is set to 727
c [Main] Kill lower label pid 669.
c [Label = 669] Encoding starts with target value = 151:
c [Label = 669] Encoding duration: 16861ms.
c [Label = 669] Number of clauses: 12011774.
c [Label = 669] Number of variables: 1485928.
c [Signal] Signal interruption. Caught signal: SIGTERM (15).
c [Label = 987] Minimize Makespan Labeling problem (X-can__715.mtx.rnd):
c [Main] Child pid 669 - 1806547 terminated by signal 15.
c [Label = 929] Minimize Makespan Labeling problem (X-can__715.mtx.rnd):
c [Label = 958] Encoding starts with target value = 151:
c [Label = 958] Encoding duration: 24851ms.
c [Label = 958] Number of clauses: 17110559.
c [Label = 958] Number of variables: 2110838.
c [Label = 958] Solving duration: 45738 ms.
s [Label = 958] SAT (w = 151).
c [Label = 958] Label assignment: 957 957 353 957 957 957 957 957 806 806 957 957 957 806 957 957 957 957 806 957 957 957 806 806 150 806 806 655 806 806 806 957 957 957 806 806 957 957 655 957 655 957 957 957 807 655 655 957 957 301 655 957 806 957 806 504 655 806 806 957 655 957 957 957 655 957 957 957 655 655 504 957 957 806 655 353 806 806 806 957 957 957 957 806 806 957 957 807 655 202 655 655 202 353 504 957 656 806 504 655 504 806 504 957 957 957 806 957 806 957 957 655 504 806 504 957 655 957 655 655 957 504 806 603 806 957 806 655 806 806 504 957 806 957 806 806 655 957 806 754 806 806 655 806 957 957 957 957 806 806 806 957 202 806 353 957 655 957 806 806 957 806 806 806 957 806 957 957 452 806 957 655 806 504 655 504 655 655 806 806 655 957 957 504 453 806 957 452 806 656 655 354 957 655 504 353 806 504 806 806 957 655 957 655 353 957 504 957 504 806 655 504 806 353 957 957 603 655 353 957 504 655 504 504 353 957 655 806 656 957 655 807 957 957 504 353 957 655 806 957 806 957 655 655 957 504 504 655 603 353 957 806 957 806 504 504 150 957 806 806 504 353 655 957 603 806 655 655 353 655 504 957 504 808 202 655 806 353 957 957 957 202 353 202 806 353 353 957 655 202 957 655 353 655 957 655 504 353 806 957 353 806 504 504 655 806 655 655 958 301 655 504 655 150 353 655 655 452 806 655 504 655 806 806 655 655 505 806 504 353 655 655 202 655 301 806 957 957 353 957 202 353 353 202 806 806 655 806 504 655 202 655 452 504 301 957 807 957 655 504 957 958 504 656 957 353 504 806 655 202 452 353 504 504 504 655 655 202 504 504 504 806 655 353 655 957 655 202 504 353 202 505 806 806 353 353 504 806 504 504 655 655 957 957 202 504 505 202 353 504 504 958 806 655 957 353 957 504 655 353 957 655 655 957 353 957 504 150 806 806 806 301 655 504 806 603 957 353 655 957 504 806 957 655 806 504 353 957 452 957 353 353 202 202 504 202 353 353 452 655 957 353 504 655 504 655 806 957 806 806 655 806 504 504 655 957 655 603 655 353 806 806 353 353 353 655 202 655 504 655 655 353 655 504 806 655 504 302 504 957 504 504 504 504 806 504 806 806 957 504 806 806 353 150 806 655 807 353 655 806 655 504 150 504 806 504 353 301 504 353 957 353 504 957 301 353 353 202 353 353 655 504 806 302 202 202 353 504 353 806 504 202 655 957 806 806 957 504 504 504 806 957 655 202 655 504 353 353 655 301 150 353 353 353 655 957 957 203 957 452 353 202 150 452 504 504 353 504 150 353 806 202 504 655 957 957 504 504 504 202 202 957 504 202 655 655 957 957 806 353 655 957 504 806 504 353 301 353 806 202 957 655 656 504 301 453 806 504 807 957 957 504 353 957 151 957 655 504 806 957 202 504 806 806 504 353 957 202 202 202 504 353 806 806 655 452 957 957 504 655 353 806 806 504 655 202 202 806 150 655 202 504 655 504 202 504 957 504 806 806 302 202 655 504 353 353 354 655 504 806 656 202 202 353 504 202 957 806 957 958 655 151 957 806 504 655 353 202 353 353 504 957 957 301 1 
c [Main] Lowest label SAT is set to 958.
c [Main] Kill higher label pid 987.
c [Main] Kill higher label pid 1045.
c [Main] Kill higher label pid 1016.
c [Label = 1045] Encoding starts with target value = 151:
c [Label = 1045] Encoding duration: 26614ms.
c [Label = 1045] Number of clauses: 18456927.
c [Label = 1045] Number of variables: 2235248.
c [Signal] Signal interruption. Caught signal: SIGTERM (15).
c [Label = 987] Encoding starts with target value = 151:
c [Signal] Signal interruption. Caught signal: SIGTERM (15).
c [Label = 1016] Encoding starts with target value = 151:
c [Label = 1016] Encoding duration: 26080ms.
c [Label = 1016] Number of clauses: 18008138.
c [Label = 1016] Number of variables: 2193778.
c [Label = 1016] Solving duration: 45863 ms.
s [Label = 1016] SAT (w = 151).
c [Label = 1016] Label assignment: 1 1 1 1 1 1 1 1 152 152 1 1 1 1 1 1 1 1 1 1 1 1 152 152 152 152 152 152 152 152 152 1 1 1 152 1 1 1 152 303 152 1 1 1 1 303 303 1 1 1 303 1 152 1 1 303 1 152 1 303 303 1 1 1 303 1 1 1 303 152 152 1 1 152 152 152 152 152 152 303 1 1 1 152 152 1 1 1 303 454 303 303 303 1 152 1 152 303 303 1 1 1 454 1 1 1 303 152 1 1 152 303 454 303 454 1 454 152 303 1 303 303 454 303 152 1 1 303 152 152 1 454 152 152 303 454 303 152 152 454 152 1 411 152 1 1 1 454 152 152 152 1 303 152 454 1 152 1 1 152 152 303 152 152 303 303 1 1 303 152 303 152 152 454 715 152 303 1 152 152 303 1 1 454 42 152 152 454 152 344 303 605 1 303 303 605 152 454 152 303 1 303 1 303 152 1 454 1 454 152 1 411 152 303 1 1 454 1 454 152 866 152 605 605 605 1 303 303 152 1 605 303 1 1 303 152 866 303 152 715 1 303 1 152 1 866 152 152 454 715 866 454 1 152 761 864 303 1 152 152 454 605 303 152 454 152 866 454 454 303 454 1 454 152 454 152 303 303 1 1 605 715 715 454 564 605 303 1 866 454 152 303 605 1 1 303 411 454 152 1 866 152 715 303 866 303 1 303 756 303 303 152 605 454 43 303 454 454 152 303 605 564 152 454 303 303 454 152 454 605 605 605 454 1 610 152 303 1 605 411 756 1 756 454 411 152 1 1 152 303 756 866 303 454 455 1 907 1 152 454 866 454 866 42 1 1015 454 756 454 605 454 454 454 756 866 303 303 756 411 303 454 303 455 303 713 562 303 715 454 605 715 605 152 454 605 303 866 866 459 756 303 564 562 761 605 756 454 715 454 152 454 756 152 152 1 303 866 605 303 454 152 303 303 1 152 610 605 605 454 152 562 605 303 454 152 715 866 866 605 1 605 756 866 303 152 152 756 715 866 1 303 152 454 152 454 1 562 562 605 303 605 454 866 757 605 303 454 454 866 454 303 152 605 866 605 1 562 605 303 756 715 152 605 564 756 605 152 866 605 303 303 756 715 605 454 303 454 495 454 152 564 454 454 605 605 454 152 756 1 866 866 303 303 758 756 303 866 454 605 152 303 152 715 605 454 605 605 756 756 303 1 756 562 1 605 757 152 866 454 152 303 303 564 411 303 303 605 454 605 756 865 606 454 607 152 605 605 564 756 303 303 1 152 454 303 454 605 605 454 756 756 756 454 562 411 908 303 907 605 303 605 756 303 605 756 454 1 454 454 303 152 454 866 303 761 454 866 605 756 715 866 303 756 605 303 605 1 715 564 303 303 1 454 152 608 562 756 605 454 454 1 760 454 605 303 562 303 303 303 564 454 562 605 606 713 605 605 303 152 1 303 454 562 866 454 454 152 454 756 715 303 562 605 756 303 605 1 605 260 866 605 152 303 605 607 454 605 152 759 605 605 454 562 756 605 715 303 454 456 866 411 454 864 866 454 605 454 152 756 152 152 756 756 866 605 866 1 303 152 193 454 193 756 866 454 303 303 303 564 756 605 1016 303 454 756 
c [Signal] Signal interruption. Caught signal: SIGTERM (15).
c [Label = 871] Minimize Makespan Labeling problem (X-can__715.mtx.rnd):
c [Main] Child pid 987 - 1806558 terminated by signal 15.
c [Label = 814] Minimize Makespan Labeling problem (X-can__715.mtx.rnd):
c [Main] Child pid 1045 - 1806553 terminated by signal 15.
c [Label = 756] Minimize Makespan Labeling problem (X-can__715.mtx.rnd):
c [Main] Child pid 1016 - 1806538 terminated by signal 15.
c [Label = 943] Minimize Makespan Labeling problem (X-can__715.mtx.rnd):
c [Label = 843] Encoding starts with target value = 151:
c [Label = 843] Encoding duration: 21118ms.
c [Label = 843] Number of clauses: 15017336.
c [Label = 843] Number of variables: 1840568.
c [Label = 843] Solving duration: 54067 ms.
s [Label = 843] UNSAT (w = 151).
c [Main] Highest label UNSAT is set to 843
c [Main] Kill lower label pid 814.
c [Main] Kill lower label pid 785.
c [Main] Kill lower label pid 756.
c [Label = 785] Encoding starts with target value = 151:
c [Label = 785] Encoding duration: 20601ms.
c [Label = 785] Number of clauses: 14119757.
c [Label = 785] Number of variables: 1757628.
c [Signal] Signal interruption. Caught signal: SIGTERM (15).
c [Label = 814] Encoding starts with target value = 151:
c [Signal] Signal interruption. Caught signal: SIGTERM (15).
c [Label = 756] Encoding starts with target value = 151:
c [Signal] Signal interruption. Caught signal: SIGTERM (15).
c [Label = 914] Minimize Makespan Labeling problem (X-can__715.mtx.rnd):
c [Main] Child pid 756 - 1806577 terminated by signal 15.
c [Label = 885] Minimize Makespan Labeling problem (X-can__715.mtx.rnd):
c [Main] Child pid 814 - 1806576 terminated by signal 15.
c [Label = 857] Minimize Makespan Labeling problem (X-can__715.mtx.rnd):
c [Main] Child pid 785 - 1806546 terminated by signal 15.
c [Label = 950] Minimize Makespan Labeling problem (X-can__715.mtx.rnd):
c [Label = 900] Encoding starts with target value = 151:
c [Label = 900] Encoding duration: 23260ms.
c [Label = 900] Number of clauses: 15899440.
c [Label = 900] Number of variables: 1922078.
c [Label = 900] Solving duration: 55470 ms.
s [Label = 900] UNSAT (w = 151).
c [Main] Highest label UNSAT is set to 900
c [Main] Kill lower label pid 857.
c [Main] Kill lower label pid 885.
c [Main] Kill lower label pid 871.
c [Label = 857] Encoding starts with target value = 151:
c [Signal] Signal interruption. Caught signal: SIGTERM (15).
c [Label = 885] Encoding starts with target value = 151:
c [Signal] Signal interruption. Caught signal: SIGTERM (15).
c [Label = 871] Encoding starts with target value = 151:
c [Signal] Signal interruption. Caught signal: SIGTERM (15).
c [Label = 936] Minimize Makespan Labeling problem (X-can__715.mtx.rnd):
c [Main] Child pid 857 - 1806583 terminated by signal 15.
c [Label = 921] Minimize Makespan Labeling problem (X-can__715.mtx.rnd):
c [Main] Child pid 885 - 1806582 terminated by signal 15.
c [Label = 907] Minimize Makespan Labeling problem (X-can__715.mtx.rnd):
c [Main] Child pid 871 - 1806575 terminated by signal 15.
c [Label = 954] Minimize Makespan Labeling problem (X-can__715.mtx.rnd):
c [Label = 929] Encoding starts with target value = 151:
c [Label = 929] Encoding duration: 25218ms.
c [Label = 929] Number of clauses: 16661769.
c [Label = 929] Number of variables: 2069368.
c [Label = 929] Solving duration: 45843 ms.
s [Label = 929] SAT (w = 151).
c [Label = 929] Label assignment: 928 928 324 928 928 928 928 928 777 777 928 928 928 777 928 928 928 928 777 928 928 928 777 777 150 777 777 475 777 777 777 928 928 928 777 777 928 928 626 928 626 928 928 928 777 626 626 928 928 173 626 928 777 928 928 475 626 777 777 928 626 928 928 928 626 928 928 928 626 626 475 928 928 777 626 324 777 777 777 928 928 928 475 777 777 928 928 325 626 173 626 626 173 905 778 777 928 626 475 626 475 777 475 928 928 928 777 777 929 928 928 626 475 777 475 928 626 928 626 626 777 475 777 603 777 928 777 626 777 777 475 928 777 928 626 777 626 928 777 754 777 777 324 626 928 928 928 928 777 777 777 324 173 928 324 928 475 928 777 777 928 777 777 777 928 777 928 928 452 777 928 626 777 475 626 475 626 777 777 777 626 626 928 475 627 777 928 452 777 929 626 605 928 475 173 324 777 475 777 777 928 626 928 777 324 928 324 928 173 777 626 475 777 324 928 928 603 626 324 928 475 626 475 173 173 928 626 777 150 928 626 302 928 928 452 324 777 626 777 928 777 928 626 626 928 475 475 626 603 324 928 777 928 777 475 626 150 928 777 777 475 324 626 928 603 777 150 626 475 626 475 928 475 779 173 626 777 324 928 928 928 173 324 173 777 324 324 928 475 928 928 626 324 626 928 626 324 173 777 928 475 777 475 475 626 626 626 626 151 301 626 475 626 150 605 626 626 452 777 475 324 626 777 777 626 626 454 777 475 324 777 626 173 929 301 626 928 928 324 928 173 324 324 150 777 777 626 777 475 626 928 626 452 475 301 173 778 928 626 475 928 627 475 929 928 777 475 777 626 173 452 324 475 475 475 626 626 173 475 475 626 777 626 324 626 928 626 626 626 324 173 605 777 777 324 626 475 777 475 475 626 626 302 928 173 475 626 301 475 475 626 151 777 324 928 324 626 475 626 626 173 626 626 928 626 928 475 150 173 777 777 301 626 475 777 603 928 324 626 928 324 777 928 626 777 475 324 928 452 928 324 324 626 173 475 777 324 324 452 626 928 324 475 626 475 475 777 928 777 475 626 324 475 475 626 928 476 603 626 324 928 777 324 324 173 626 150 626 475 626 626 324 626 475 777 475 475 476 475 928 475 475 173 324 777 475 777 777 928 475 777 777 324 150 777 324 325 324 626 777 626 475 928 475 777 475 324 301 475 324 324 777 475 928 301 475 324 173 173 777 626 475 777 325 475 303 324 475 324 777 475 150 626 928 777 777 928 475 475 626 777 928 626 475 626 475 324 324 626 301 475 173 324 777 928 928 928 302 928 452 324 173 150 452 475 475 777 475 150 324 777 173 475 475 928 928 475 928 475 626 173 928 475 173 626 324 928 928 777 324 626 928 173 777 475 324 301 324 777 173 928 626 928 626 301 627 777 324 756 928 475 475 324 928 151 928 173 475 777 928 626 475 626 626 475 324 928 173 777 173 475 324 324 777 626 452 928 928 475 626 324 777 777 475 626 173 173 324 150 626 173 475 626 475 324 475 928 475 777 777 324 475 928 475 324 324 454 626 777 626 301 173 173 324 150 173 928 777 928 778 626 303 928 777 475 626 626 173 301 173 475 928 928 928 1 
c [Label = 954] Encoding starts with target value = 151:
c [Label = 954] Encoding duration: 25162ms.
c [Label = 954] Number of clauses: 17048657.
c [Label = 954] Number of variables: 2105118.
c [Signal] Signal interruption. Caught signal: SIGTERM (15).
c [Main] Lowest label SAT is set to 929.
c [Main] Kill higher label pid 954.
c [Main] Kill higher label pid 950.
c [Main] Kill higher label pid 943.
c [Main] Kill higher label pid 936.
c [Label = 950] Encoding starts with target value = 151:
c [Label = 950] Encoding duration: 24926ms.
c [Label = 950] Number of clauses: 16986755.
c [Label = 950] Number of variables: 2099398.
c [Signal] Signal interruption. Caught signal: SIGTERM (15).
c [Label = 943] Encoding starts with target value = 151:
c [Label = 943] Encoding duration: 25369ms.
c [Label = 943] Number of clauses: 16878426.
c [Label = 943] Number of variables: 2089388.
c [Signal] Signal interruption. Caught signal: SIGTERM (15).
c [Label = 936] Encoding starts with target value = 151:
c [Label = 936] Encoding duration: 24467ms.
c [Label = 936] Number of clauses: 16770098.
c [Label = 936] Number of variables: 2079378.
c [Signal] Signal interruption. Caught signal: SIGTERM (15).
c [Label = 925] Minimize Makespan Labeling problem (X-can__715.mtx.rnd):
c [Main] Child pid 954 - 1806590 terminated by signal 15.
c [Main] Child pid 936 - 1806587 terminated by signal 15.
c [Label = 917] Minimize Makespan Labeling problem (X-can__715.mtx.rnd):
c [Main] Child pid 950 - 1806584 terminated by signal 15.
c [Label = 903] Minimize Makespan Labeling problem (X-can__715.mtx.rnd):
c [Main] Child pid 943 - 1806578 terminated by signal 15.
c [Label = 910] Minimize Makespan Labeling problem (X-can__715.mtx.rnd):
c [Label = 927] Minimize Makespan Labeling problem (X-can__715.mtx.rnd):
c [Label = 914] Encoding starts with target value = 151:
c [Label = 914] Encoding duration: 23240ms.
c [Label = 914] Number of clauses: 16429637.
c [Label = 914] Number of variables: 2047918.
c [Label = 914] Solving duration: 42510 ms.
s [Label = 914] SAT (w = 151).
c [Label = 914] Label assignment: 1 1 1 1 1 1 1 1 152 152 1 1 1 1 1 1 1 1 1 1 1 1 152 152 152 152 152 152 152 152 152 1 1 1 152 1 1 1 152 303 152 1 1 1 1 303 303 1 1 1 303 1 152 1 1 303 1 152 1 303 303 1 1 1 303 1 1 1 303 152 152 1 1 152 152 152 152 152 152 303 1 1 1 152 152 1 1 1 303 454 303 303 303 1 152 1 152 303 303 1 1 1 454 1 1 1 303 152 1 1 152 303 454 303 454 1 454 152 303 1 303 303 454 303 152 1 1 303 152 152 1 454 152 152 303 454 303 152 152 454 152 1 461 310 1 1 1 454 152 152 152 1 303 152 454 1 461 1 1 152 152 303 152 152 303 303 1 1 303 152 303 152 152 454 613 152 303 1 152 152 303 1 1 454 151 152 152 454 152 763 303 461 1 303 303 605 152 454 152 303 1 303 1 303 152 1 454 1 454 152 1 309 152 303 1 1 454 1 454 152 764 152 605 605 605 1 303 303 152 1 605 303 1 1 303 152 159 303 152 613 1 303 1 152 1 764 152 152 454 613 764 454 1 152 761 763 303 1 152 152 454 605 303 152 454 152 764 454 454 303 454 1 454 152 454 152 303 303 1 1 605 613 613 454 462 605 303 1 764 454 152 303 605 1 1 303 310 454 152 1 764 152 613 303 764 303 1 303 612 303 303 152 605 454 151 303 454 454 152 303 605 462 152 454 303 303 763 152 454 605 605 605 454 763 610 152 303 1 605 309 756 1 756 454 309 152 1 1 152 303 756 764 303 454 455 1 612 1 152 454 764 454 764 151 1 914 454 756 454 605 454 454 454 756 764 303 303 756 309 303 454 303 455 303 612 460 303 613 454 605 613 763 152 454 605 303 764 764 459 756 303 462 461 761 605 756 454 612 454 152 454 310 152 764 1 303 764 605 303 454 152 303 303 1 152 610 605 605 454 152 460 605 303 454 152 613 764 764 605 1 605 756 764 303 152 152 756 613 764 1 303 152 454 152 454 1 460 461 605 303 605 454 764 757 605 303 454 454 764 454 303 152 605 764 605 1 461 605 303 756 613 152 605 462 756 605 152 764 605 303 303 756 613 605 454 303 454 461 454 152 462 454 454 605 605 454 152 756 1 764 764 303 303 758 756 303 914 454 605 152 303 152 613 605 454 605 605 756 756 303 1 756 460 1 605 757 152 764 454 152 303 303 462 764 303 310 605 454 605 756 152 606 454 607 152 605 605 462 756 303 303 1 152 454 303 454 605 605 454 756 756 756 454 152 309 908 303 310 605 303 605 756 303 605 756 454 1 454 454 303 152 454 764 303 761 454 764 605 756 613 764 303 756 605 303 605 1 613 462 303 303 1 454 152 608 460 756 605 454 454 1 760 764 605 303 159 303 310 914 462 454 460 605 606 612 605 605 303 152 1 303 454 460 764 454 454 152 454 756 613 303 460 605 756 303 605 1 605 158 764 605 152 303 605 607 454 605 152 759 605 605 454 460 756 605 613 303 454 456 764 461 454 763 764 454 605 461 152 756 152 152 756 756 764 605 764 1 303 152 310 454 914 756 764 454 303 303 303 462 756 605 914 303 454 756 
c [Main] Lowest label SAT is set to 914.
c [Main] Kill higher label pid 925.
c [Main] Kill higher label pid 921.
c [Main] Kill higher label pid 927.
c [Main] Kill higher label pid 917.
c [Label = 925] Encoding starts with target value = 151:
c [Signal] Signal interruption. Caught signal: SIGTERM (15).
c [Label = 917] Encoding starts with target value = 151:
c [Signal] Signal interruption. Caught signal: SIGTERM (15).
c [Label = 927] Encoding starts with target value = 151:
c [Signal] Signal interruption. Caught signal: SIGTERM (15).
c [Label = 921] Encoding starts with target value = 151:
c [Label = 921] Encoding duration: 23381ms.
c [Label = 921] Number of clauses: 16537965.
c [Label = 921] Number of variables: 2057928.
c [Signal] Signal interruption. Caught signal: SIGTERM (15).
c [Label = 912] Minimize Makespan Labeling problem (X-can__715.mtx.rnd):
c [Main] Child pid 927 - 1806612 terminated by signal 15.
c [Main] Child pid 917 - 1806609 terminated by signal 15.
c [Label = 908] Minimize Makespan Labeling problem (X-can__715.mtx.rnd):
c [Label = 905] Minimize Makespan Labeling problem (X-can__715.mtx.rnd):
c [Main] Child pid 925 - 1806608 terminated by signal 15.
c [Label = 901] Minimize Makespan Labeling problem (X-can__715.mtx.rnd):
c [Main] Child pid 921 - 1806588 terminated by signal 15.
c [Label = 913] Minimize Makespan Labeling problem (X-can__715.mtx.rnd):
c [Label = 907] Encoding starts with target value = 151:
c [Label = 907] Encoding duration: 22298ms.
c [Label = 907] Number of clauses: 16002418.
c [Label = 907] Number of variables: 1932088.
c [Label = 907] Solving duration: 34352 ms.
s [Label = 907] SAT (w = 151).
c [Label = 907] Label assignment: 1 1 1 1 1 1 1 1 152 152 1 1 1 1 1 1 1 1 1 1 1 1 152 152 152 152 152 152 152 152 152 1 1 1 152 1 1 1 152 303 152 1 1 1 1 303 303 1 1 1 303 1 152 1 1 303 1 152 1 303 303 1 1 1 303 1 1 1 303 152 152 1 1 152 152 152 152 152 152 303 1 1 1 152 152 1 1 1 303 454 303 303 303 1 152 1 152 303 303 1 1 1 454 1 1 1 303 152 1 1 152 303 454 303 454 1 454 152 303 1 303 303 454 303 152 1 1 303 152 152 1 454 152 152 303 454 303 152 152 454 152 1 304 455 1 1 1 454 152 152 152 1 303 152 454 1 152 1 1 152 152 303 152 152 303 303 1 1 303 152 303 152 152 454 606 152 303 1 152 152 303 1 1 454 153 152 152 454 152 757 303 152 1 303 303 605 152 454 152 303 1 303 1 303 152 1 454 1 454 152 1 304 152 303 1 1 454 1 454 152 757 152 605 605 605 1 303 303 152 1 605 303 1 1 303 152 455 303 152 606 1 303 1 152 1 757 152 152 454 606 757 454 1 152 757 303 303 1 152 152 454 605 303 152 454 152 152 454 454 303 454 1 454 152 454 152 303 303 1 1 605 606 606 454 455 605 303 1 757 454 152 303 605 1 1 303 757 454 152 1 454 152 606 303 757 303 1 303 606 303 303 152 605 454 1 303 454 454 152 303 605 455 152 454 303 303 757 152 454 605 605 605 454 757 606 152 303 1 605 304 756 1 756 454 304 152 1 1 152 303 756 757 303 454 455 1 606 1 152 454 757 454 757 304 1 1 454 756 454 605 454 454 454 756 757 303 303 756 304 303 454 303 455 303 606 455 303 606 454 605 606 757 152 454 605 303 757 757 455 756 303 455 757 757 605 756 454 606 454 152 454 455 152 757 1 303 757 605 303 454 152 303 303 1 152 606 605 605 454 152 455 605 303 454 152 606 757 757 605 1 605 756 757 303 152 152 756 605 757 1 303 152 454 152 454 1 455 455 605 303 605 454 757 757 605 303 454 454 757 454 303 152 605 757 605 1 757 605 303 756 606 152 605 455 756 605 152 757 605 303 303 756 606 605 454 303 454 304 454 152 455 454 454 605 605 454 152 756 1 757 757 303 303 757 756 303 1 454 605 152 303 152 606 303 454 605 605 756 756 303 1 756 455 1 605 756 152 757 454 152 303 303 455 304 303 304 605 454 605 756 152 606 454 606 152 605 605 455 756 303 303 1 152 454 303 454 605 605 454 756 756 756 454 455 455 907 303 1 605 303 605 756 303 605 756 454 1 454 454 303 152 454 757 304 757 454 757 605 756 606 757 303 756 605 303 605 1 606 756 303 303 1 454 152 606 455 756 605 454 454 1 757 757 605 303 153 303 304 455 455 454 303 605 606 606 605 605 303 152 1 303 454 305 757 454 454 152 454 756 606 303 455 605 756 303 605 1 605 153 757 605 152 303 605 606 454 605 152 757 605 605 454 455 756 605 606 152 454 455 757 304 454 606 757 454 605 304 152 756 152 152 756 756 757 605 757 1 303 152 455 454 1 756 757 454 303 605 303 455 756 605 1 303 454 756 
c [Label = 913] Encoding starts with target value = 151:
c [Signal] Signal interruption. Caught signal: SIGTERM (15).
c [Main] Lowest label SAT is set to 907.
c [Main] Kill higher label pid 913.
c [Main] Kill higher label pid 910.
c [Main] Kill higher label pid 912.
c [Main] Kill higher label pid 908.
c [Label = 912] Encoding starts with target value = 151:
c [Signal] Signal interruption. Caught signal: SIGTERM (15).
c [Label = 910] Encoding starts with target value = 151:
c [Signal] Signal interruption. Caught signal: SIGTERM (15).
c [Label = 908] Encoding starts with target value = 151:
c [Signal] Signal interruption. Caught signal: SIGTERM (15).
c [Label = 906] Minimize Makespan Labeling problem (X-can__715.mtx.rnd):
c [Main] Child pid 913 - 1806625 terminated by signal 15.
c [Label = 904] Minimize Makespan Labeling problem (X-can__715.mtx.rnd):
c [Main] Child pid 908 - 1806622 terminated by signal 15.
c [Main] Child pid 912 - 1806621 terminated by signal 15.
c [Label = 902] Minimize Makespan Labeling problem (X-can__715.mtx.rnd):
c [Main] Child pid 910 - 1806610 terminated by signal 15.
c [Label = 906] Encoding starts with target value = 151:
c [Label = 906] Encoding duration: 24249ms.
c [Label = 906] Number of clauses: 15992293.
c [Label = 906] Number of variables: 1930658.
c [Label = 906] Solving duration: 32728 ms.
s [Label = 906] SAT (w = 151).
c [Label = 906] Label assignment: 1 1 1 1 1 1 1 1 152 152 1 1 1 1 1 1 1 1 1 1 1 1 152 152 152 152 152 152 152 152 152 1 1 1 152 1 1 1 152 303 152 1 1 1 1 303 303 1 1 1 303 1 152 1 1 303 1 152 1 303 303 1 1 1 303 1 1 1 303 152 152 1 1 152 152 152 152 152 152 303 1 1 1 152 152 1 1 1 303 454 303 303 303 1 152 1 152 303 303 1 1 1 454 1 1 1 303 152 1 1 152 303 454 303 454 1 454 152 303 1 303 303 454 303 152 1 1 303 152 152 1 454 152 152 303 454 303 152 152 454 152 1 756 303 1 1 1 454 152 152 152 1 303 152 454 1 152 1 1 152 152 303 152 152 303 303 1 1 303 152 303 152 152 454 605 152 303 1 152 152 303 1 1 454 152 152 152 454 152 756 303 152 1 303 303 605 152 454 152 303 1 303 1 303 152 1 454 1 454 152 1 303 152 603 1 1 454 1 454 152 756 152 605 605 605 1 303 303 152 1 605 303 1 1 303 152 303 303 152 303 1 303 1 152 1 756 152 152 454 454 605 454 1 152 756 303 303 1 152 152 454 605 303 152 454 152 152 454 454 303 454 1 454 152 454 152 303 303 1 1 605 454 454 454 605 605 303 1 756 454 152 303 605 1 1 303 756 454 152 1 454 152 754 303 303 303 1 303 303 303 303 152 605 454 1 303 454 454 152 303 605 605 152 454 303 303 454 152 454 605 605 605 756 756 605 152 303 1 605 303 756 1 756 454 756 152 1 1 152 303 756 756 303 454 454 1 605 1 152 454 756 454 756 756 1 605 454 756 454 605 454 454 454 756 756 303 303 756 303 303 454 303 454 303 605 454 303 605 454 605 454 756 152 454 605 303 303 756 605 756 303 605 1 756 605 756 455 756 454 152 454 303 152 454 1 303 303 605 303 454 152 303 303 1 152 454 605 605 454 152 454 605 303 454 152 605 756 756 605 1 605 756 756 303 152 152 756 605 756 1 756 152 454 152 454 1 454 454 605 303 605 454 756 756 605 303 454 454 756 454 303 152 605 754 605 1 454 605 303 756 605 605 605 454 756 605 152 756 605 303 303 756 605 605 454 303 454 454 454 152 152 454 454 605 605 454 152 756 1 756 756 303 303 756 756 303 1 454 605 152 303 152 303 605 454 605 605 756 756 303 1 756 452 1 605 454 152 303 454 152 303 303 756 756 303 756 605 454 605 756 152 756 454 605 152 605 605 605 756 303 303 1 152 454 303 454 605 605 454 756 756 756 454 454 454 1 303 1 605 303 605 756 303 605 756 454 756 454 454 303 152 454 756 756 756 454 756 605 756 605 605 303 756 605 303 605 1 756 756 303 303 1 605 152 605 454 756 605 454 454 1 756 603 605 303 152 303 756 605 454 454 1 605 605 605 605 605 303 152 1 303 454 303 303 454 454 152 454 756 605 303 454 605 756 303 605 1 605 152 756 605 152 303 756 605 454 605 152 756 605 605 454 454 756 756 605 152 454 454 605 454 454 756 756 454 605 454 152 756 152 152 756 756 756 605 605 1 303 152 303 454 1 756 756 454 303 303 303 603 756 605 906 303 454 756 
c [Main] Lowest label SAT is set to 906.
c [Label = 901] Encoding starts with target value = 151:
c [Label = 901] Encoding duration: 19745ms.
c [Label = 901] Number of clauses: 15914915.
c [Label = 901] Number of variables: 1923508.
c [Label = 901] Solving duration: 40465 ms.
s [Label = 901] UNSAT (w = 151).
c [Main] Highest label UNSAT is set to 901
c [Label = 903] Encoding starts with target value = 151:
c [Label = 903] Encoding duration: 23002ms.
c [Label = 903] Number of clauses: 15945866.
c [Label = 903] Number of variables: 1926368.
c [Label = 903] Solving duration: 59328 ms.
s [Label = 903] UNSAT (w = 151).
c [Main] Highest label UNSAT is set to 903
c [Main] Kill lower label pid 902.
c [Label = 902] Encoding starts with target value = 151:
c [Label = 902] Encoding duration: 25195ms.
c [Label = 902] Number of clauses: 15930391.
c [Label = 902] Number of variables: 1924938.
c [Signal] Signal interruption. Caught signal: SIGTERM (15).
c [Main] Child pid 902 - 1806628 terminated by signal 15.
c [Label = 905] Encoding starts with target value = 151:
c [Label = 905] Encoding duration: 20766ms.
c [Label = 905] Number of clauses: 15976817.
c [Label = 905] Number of variables: 1929228.
c [Label = 905] Solving duration: 42742 ms.
s [Label = 905] UNSAT (w = 151).
c [Main] Highest label UNSAT is set to 905
c [Main] Kill lower label pid 904.
c [Label = 904] Encoding starts with target value = 151:
c [Label = 904] Encoding duration: 24167ms.
c [Label = 904] Number of clauses: 15961342.
c [Label = 904] Number of variables: 1927798.
c [Signal] Signal interruption. Caught signal: SIGTERM (15).
c [Main] Child pid 904 - 1806627 terminated by signal 15.
c [Signal] Signal interruption. Caught signal: SIGTERM (15).
c [Main] All children have completed.
r [Main] 
r [Main] Final results: 
r [Main] Lowest label SAT:  	906.
r [Main] Highest label UNSAT:	905.
r [Main] Total real time: 215665 ms.
r [Main] Total memory consumed: 37171.6 MB.
r [Main] 
