c [Version] Minimize Makespan Labeling Encoder version 1.0.0.
c [Param] LB is predefined as 113.
c [Param] UB is predefined as 557.
c [Param] Memory limit is set to 30000.
c [Param] Real time limit is set to 1800.
c [Param] Worker count is set to 8.
c [Main] Search strategy: Iterating from upper bound.
c [Main] Search order: 557 556 555 554 553 552 551 550 549 548 547 546 545 544 543 542 541 540 539 538 537 536 535 534 533 532 531 530 529 528 527 526 525 524 523 522 521 520 519 518 517 516 515 514 513 512 511 510 509 508 507 506 505 504 503 502 501 500 499 498 497 496 495 494 493 492 491 490 489 488 487 486 485 484 483 482 481 480 479 478 477 476 475 474 473 472 471 470 469 468 467 466 465 464 463 462 461 460 459 458 457 456 455 454 453 452 451 450 449 448 447 446 445 444 443 442 441 440 439 438 437 436 435 434 433 432 431 430 429 428 427 426 425 424 423 422 421 420 419 418 417 416 415 414 413 412 411 410 409 408 407 406 405 404 403 402 401 400 399 398 397 396 395 394 393 392 391 390 389 388 387 386 385 384 383 382 381 380 379 378 377 376 375 374 373 372 371 370 369 368 367 366 365 364 363 362 361 360 359 358 357 356 355 354 353 352 351 350 349 348 347 346 345 344 343 342 341 340 339 338 337 336 335 334 333 332 331 330 329 328 327 326 325 324 323 322 321 320 319 318 317 316 315 314 313 312 311 310 309 308 307 306 305 304 303 302 301 300 299 298 297 296 295 294 293 292 291 290 289 288 287 286 285 284 283 282 281 280 279 278 277 276 275 274 273 272 271 270 269 268 267 266 265 264 263 262 261 260 259 258 257 256 255 254 253 252 251 250 249 248 247 246 245 244 243 242 241 240 239 238 237 236 235 234 233 232 231 230 229 228 227 226 225 224 223 222 221 220 219 218 217 216 215 214 213 212 211 210 209 208 207 206 205 204 203 202 201 200 199 198 197 196 195 194 193 192 191 190 189 188 187 186 185 184 183 182 181 180 179 178 177 176 175 174 173 172 171 170 169 168 167 166 165 164 163 162 161 160 159 158 157 156 155 154 153 152 151 150 149 148 147 146 145 144 143 142 141 140 139 138 137 136 135 134 133 132 131 130 129 128 127 126 125 124 123 122 121 120 119 118 117 116 115 114 113.
c [Main] Encoding and solving for graph: P-can__445.mtx.rnd.
c [Label = 555] Encoding duration: 7896ms.
c [Label = 555] Number of clauses: 5151570.
c [Label = 555] Number of variables: 684085.
c [Label = 555] Solving duration: 303134 ms.
s [Label = 555] SAT (w = 112).
Label assignment: 65 427 78 340 6 417 322 442 339 88 361 470 532 364 509 380 400 217 337 326 545 109 273 548 416 175 99 37 535 421 248 183 406 118 230 373 42 524 286 346 61 223 504 508 335 210 505 218 87 471 172 419 220 460 203 551 374 356 168 482 182 353 507 247 107 38 215 166 308 261 321 546 377 174 22 72 304 193 501 466 479 150 49 96 159 91 180 170 197 309 310 81 381 195 289 113 267 502 194 34 541 185 424 307 533 46 323 475 282 370 372 461 299 121 498 239 534 231 158 465 481 553 110 242 523 59 184 39 401 163 324 420 363 254 77 394 187 494 7 398 245 62 506 171 287 499 234 426 57 76 134 146 56 312 518 415 493 145 540 41 531 63 284 292 448 446 93 397 491 527 383 164 258 359 82 26 58 537 222 225 89 10 206 233 347 423 315 128 186 60 226 294 51 522 253 554 552 85 173 542 97 368 79 100 200 332 204 12 390 360 290 392 472 66 266 106 350 298 54 8 445 422 181 176 70 241 90 555 125 313 44 301 141 429 120 191 489 391 74 64 102 468 510 404 303 244 549 111 43 238 511 490 179 387 503 35 342 21 297 178 257 29 53 344 36 487 336 371 80 467 268 521 201 530 480 515 160 27 348 162 362 18 271 30 9 407 20 388 520 167 469 386 285 382 262 55 50 198 378 462 86 212 190 205 243 525 351 23 196 385 177 550 52 276 270 188 484 94 45 538 13 496 209 250 357 436 95 84 48 495 47 208 399 221 219 413 486 513 11 349 365 485 459 214 155 334 384 396 369 433 19 497 189 249 224 536 500 516 463 410 5 478 488 543 278 492 269 216 32 341 15 149 379 28 395 68 375 389 132 143 512 14 207 279 547 263 354 291 345 117 33 418 161 124 483 355 514 539 103 412 202 156 211 119 528 456 277 293 3 246 139 148 474 283 317 529 228 403 236 331 136 130 473 104 352 142 358 144 199 17 259 402 31 75 192 476 519 108 25 169 477 526 376 405 517 
c [Main] Lowest label SAT is set to 555.
c [Main] Kill higher label pid 556.
c [Main] Kill higher label pid 557.
c [Label = 556] Encoding duration: 7889ms.
c [Label = 556] Number of clauses: 5161533.
c [Label = 556] Number of variables: 685057.
c [Signal] Signal interruption. Caught signal: SIGTERM (15).
c [Label = 557] Encoding duration: 7870ms.
c [Label = 557] Number of clauses: 5171495.
c [Label = 557] Number of variables: 686029.
c [Signal] Signal interruption. Caught signal: SIGTERM (15).
c [Main] Child pid 556 - 1170361 terminated by signal 15.
c [Main] Child pid 557 - 1170360 terminated by signal 15.
c [Label = 552] Encoding duration: 7865ms.
c [Label = 552] Number of clauses: 5121683.
c [Label = 552] Number of variables: 681169.
c [Label = 552] Solving duration: 562063 ms.
s [Label = 552] SAT (w = 112).
Label assignment: 79 39 182 220 324 33 499 383 73 216 378 52 258 421 328 17 290 332 380 399 507 550 418 70 195 251 130 204 224 103 356 435 203 439 162 338 491 462 22 112 107 539 178 424 334 337 35 363 161 531 201 51 168 207 166 549 74 123 151 55 416 306 155 205 183 145 138 379 3 223 269 157 128 544 197 110 506 132 528 350 24 480 106 59 291 288 19 81 321 495 433 10 503 129 319 90 335 508 353 406 34 239 312 473 326 397 47 260 315 375 341 474 211 420 501 534 37 240 58 346 263 16 108 163 463 254 61 548 309 248 243 212 97 181 365 202 147 330 4 524 77 100 42 7 125 513 354 413 38 231 445 45 393 146 520 390 352 174 247 486 522 93 307 256 511 109 172 538 105 1 111 431 271 84 299 257 442 133 482 187 91 542 432 48 303 361 384 215 229 31 339 189 99 82 196 270 156 9 2 502 423 209 504 388 496 66 362 294 381 152 466 427 283 302 415 267 373 139 264 165 86 318 419 340 551 358 494 160 436 525 131 225 545 12 401 158 259 273 244 242 487 434 50 411 509 311 336 304 543 322 296 497 101 278 310 536 297 213 517 348 498 351 521 11 136 53 32 398 83 541 141 333 357 537 532 15 167 483 222 523 377 366 262 28 308 199 40 56 62 122 119 526 409 252 20 343 218 57 219 404 191 124 331 284 177 27 402 217 395 287 440 512 78 546 400 159 153 67 301 488 185 468 44 6 54 21 344 274 134 479 405 250 249 389 510 41 323 26 64 425 60 485 190 275 374 208 277 194 89 385 193 98 530 226 266 500 65 265 281 149 447 43 540 519 493 36 368 179 372 92 514 414 104 292 527 396 471 489 441 529 329 355 490 438 18 29 49 261 403 23 492 410 535 422 94 367 255 63 446 236 210 387 342 241 272 467 376 245 547 552 371 472 444 407 443 429 464 206 516 25 448 46 320 95 76 180 289 5 518 87 14 484 175 198 347 469 68 154 8 515 173 470 300 533 69 
c [Main] Lowest label SAT is set to 552.
c [Main] Kill higher label pid 553.
c [Main] Kill higher label pid 554.
c [Label = 553] Encoding duration: 7762ms.
c [Label = 553] Number of clauses: 5131645.
c [Label = 553] Number of variables: 682141.
c [Signal] Signal interruption. Caught signal: SIGTERM (15).
c [Label = 554] Encoding duration: 7728ms.
c [Label = 554] Number of clauses: 5141608.
c [Label = 554] Number of variables: 683113.
c [Signal] Signal interruption. Caught signal: SIGTERM (15).
c [Main] Child pid 553 - 1170364 terminated by signal 15.
c [Main] Child pid 554 - 1170363 terminated by signal 15.
c [Label = 551] Encoding duration: 7798ms.
c [Label = 551] Number of clauses: 5111720.
c [Label = 551] Number of variables: 680197.
c [Label = 551] Solving duration: 788321 ms.
s [Label = 551] SAT (w = 112).
Label assignment: 455 380 19 81 426 399 91 249 52 49 324 320 514 230 234 353 423 345 479 433 92 15 242 473 18 537 485 489 414 301 11 181 114 232 3 516 425 316 175 333 428 39 541 408 146 339 470 214 4 31 23 299 305 458 132 456 76 61 511 40 405 352 392 82 480 262 78 287 10 522 391 505 323 41 16 292 247 209 517 168 521 248 518 169 520 244 152 474 332 2 98 96 179 519 188 487 338 379 17 462 382 449 357 331 360 439 300 328 227 466 29 310 265 5 104 213 478 221 32 167 551 56 461 137 343 482 413 178 512 105 396 160 502 443 77 111 9 161 533 13 233 306 350 35 14 403 21 367 475 133 199 22 239 211 1 529 63 240 484 442 393 102 170 337 272 463 497 28 327 66 245 183 258 476 235 154 346 355 459 8 501 43 363 97 156 219 257 530 176 148 197 286 445 376 303 495 24 50 366 430 383 202 12 528 309 113 172 293 550 434 421 236 539 121 228 513 38 422 87 432 454 358 44 46 69 54 229 496 182 252 394 189 207 369 544 127 191 542 123 143 190 330 368 296 494 83 386 348 536 322 125 142 469 351 420 163 151 499 416 187 195 73 110 59 412 491 385 145 486 284 218 312 389 271 174 297 34 215 55 279 349 25 185 70 468 429 548 60 365 184 103 373 254 488 261 238 424 220 203 165 493 171 131 119 281 158 361 45 275 371 335 340 395 295 134 36 33 162 173 329 406 226 503 237 51 344 164 504 401 492 159 532 515 241 347 447 90 307 291 546 58 290 549 186 74 216 264 57 508 136 198 388 465 404 200 26 7 437 545 302 263 118 177 122 115 334 130 441 274 48 374 538 464 140 109 523 356 483 311 526 225 138 276 128 524 95 477 415 427 378 124 37 47 467 325 407 525 246 540 543 498 527 88 166 341 80 217 509 448 62 42 194 231 256 243 317 354 75 208 304 273 267 318 112 460 481 153 129 282 71 53 139 531 210 359 266 535 86 65 283 547 315 27 180 294 
c [Main] Lowest label SAT is set to 551.
c [Label = 548] Encoding duration: 6374ms.
c [Label = 548] Number of clauses: 5081833.
c [Label = 548] Number of variables: 677281.
c [Label = 548] Solving duration: 709444 ms.
s [Label = 548] SAT (w = 112).
Label assignment: 24 347 69 143 543 38 464 504 158 124 129 496 277 319 439 257 501 237 491 493 200 196 393 182 195 9 153 227 273 506 398 344 247 353 74 19 189 399 535 176 285 72 193 278 446 88 223 324 226 264 297 174 521 211 254 113 141 3 515 379 279 512 290 205 172 268 372 164 156 178 362 4 396 168 212 542 348 5 52 460 188 345 171 376 380 548 329 50 539 327 427 490 46 524 373 53 474 207 354 151 217 449 80 466 459 525 30 250 547 147 15 58 486 54 370 366 208 457 17 402 262 301 367 492 386 47 81 202 462 230 59 231 14 530 25 170 102 448 528 418 425 60 86 169 149 180 155 381 63 70 331 120 339 502 359 66 304 95 269 388 154 97 503 536 67 218 204 265 275 307 242 135 363 87 31 35 322 55 150 203 29 144 452 240 424 351 516 61 423 179 255 391 118 84 298 213 198 197 392 513 311 276 400 62 305 115 350 514 40 219 355 337 426 495 22 522 404 308 234 184 104 465 75 480 100 162 318 57 358 91 190 266 296 281 65 90 258 163 130 32 13 479 294 44 481 375 461 454 394 468 291 248 271 477 252 440 453 26 442 519 96 387 20 77 383 89 526 475 78 469 499 458 497 537 167 544 314 64 518 289 546 79 21 431 482 209 82 409 214 192 320 415 152 346 531 483 16 194 49 489 313 309 484 368 498 420 378 215 28 263 532 390 45 11 478 317 185 272 166 6 540 352 41 34 397 274 267 142 48 508 160 159 280 23 340 121 417 260 405 71 410 517 210 527 132 270 325 199 92 485 243 292 139 131 357 286 111 408 56 187 332 186 283 411 520 246 488 127 541 145 233 134 10 401 407 42 369 356 487 138 463 412 523 349 117 437 8 534 538 73 326 39 505 133 500 37 507 36 146 173 2 419 161 282 429 438 472 444 509 76 406 333 494 533 334 529 288 136 12 511 328 360 471 99 443 128 384 1 341 83 33 261 148 312 476 385 7 236 545 330 126 510 18 303 191 
c [Main] Lowest label SAT is set to 548.
c [Main] Kill higher label pid 549.
c [Main] Kill higher label pid 550.
c [Label = 549] Encoding duration: 6620ms.
c [Label = 549] Number of clauses: 5091795.
c [Label = 549] Number of variables: 678253.
c [Signal] Signal interruption. Caught signal: SIGTERM (15).
c [Label = 550] Encoding duration: 7652ms.
c [Label = 550] Number of clauses: 5101758.
c [Label = 550] Number of variables: 679225.
c [Signal] Signal interruption. Caught signal: SIGTERM (15).
c [Main] Child pid 550 - 1170367 terminated by signal 15.
c [Main] Child pid 549 - 1170426 terminated by signal 15.
c [Label = 547] Encoding duration: 6358ms.
c [Label = 547] Number of clauses: 5071870.
c [Label = 547] Number of variables: 676309.
c [Label = 547] Solving duration: 790960 ms.
s [Label = 547] SAT (w = 112).
Label assignment: 180 338 25 222 515 423 366 69 209 483 168 373 303 236 21 217 107 111 60 143 349 386 157 160 393 308 82 359 183 7 2 151 135 244 6 36 44 376 64 253 234 41 375 464 240 4 131 113 484 477 461 192 345 293 547 476 137 512 482 228 379 286 480 378 56 73 339 181 394 251 268 387 13 532 381 363 279 53 510 71 383 493 252 152 270 283 166 134 238 275 354 281 125 506 540 207 15 542 48 75 146 369 237 541 129 171 317 391 20 106 33 367 301 144 335 30 37 371 315 95 470 364 479 190 334 475 121 122 39 179 504 176 245 277 348 488 16 96 263 169 104 427 401 18 182 524 395 282 123 429 490 43 290 102 280 224 501 404 507 344 417 178 8 327 341 215 474 307 221 500 167 446 230 5 46 374 250 405 502 172 509 196 97 12 155 291 57 495 198 29 78 49 422 269 31 526 380 142 310 314 503 68 174 79 351 17 93 61 186 19 294 260 431 514 337 26 262 534 170 525 491 163 271 3 400 469 249 130 164 58 28 120 72 323 74 411 212 159 535 233 468 101 328 227 518 530 1 496 325 463 324 150 478 430 210 45 242 432 336 539 331 332 195 156 189 59 225 472 505 392 105 248 397 382 492 421 543 88 508 384 220 34 533 47 471 361 133 85 288 112 206 211 77 531 437 284 498 94 109 11 536 276 522 24 326 83 165 360 273 274 409 257 126 329 162 465 355 145 197 304 527 368 38 462 177 218 65 14 419 511 154 497 296 447 243 416 292 219 402 241 285 385 399 485 460 66 412 370 115 499 118 10 481 265 528 340 40 343 256 201 513 356 289 158 537 352 153 517 420 208 350 76 229 194 139 54 424 519 247 459 494 80 486 516 408 298 239 347 9 110 545 529 42 173 232 27 441 50 458 114 365 84 489 132 353 297 63 413 342 52 487 473 362 448 272 287 320 67 51 98 546 389 266 141 231 55 187 538 372 128 346 70 403 116 22 108 418 175 466 520 398 357 523 149 410 
c [Main] Lowest label SAT is set to 547.
c [Label = 545] Encoding duration: 6325ms.
c [Label = 545] Number of clauses: 5051945.
c [Label = 545] Number of variables: 674365.
c [Label = 545] Solving duration: 796130 ms.
s [Label = 545] SAT (w = 112).
Label assignment: 215 195 57 73 265 274 458 326 400 176 184 536 519 526 424 321 300 498 354 368 493 228 390 190 82 151 130 180 77 449 452 469 76 514 46 115 258 341 405 253 90 163 50 169 346 187 171 172 254 381 482 360 537 29 94 183 15 124 308 199 491 353 179 245 31 40 186 39 51 508 283 157 272 132 230 5 450 540 210 512 35 511 173 3 513 545 14 206 445 473 310 60 152 287 457 198 273 247 510 259 193 131 178 344 359 241 146 373 356 70 365 453 490 9 156 518 79 113 520 440 369 467 225 506 472 43 201 153 342 221 6 217 144 250 439 81 59 497 244 267 380 97 220 209 516 238 332 174 185 74 494 45 470 71 441 277 378 216 296 431 219 456 329 509 24 397 492 534 36 501 205 191 330 110 521 388 539 91 196 100 188 282 266 138 374 471 309 86 525 164 338 47 102 114 517 80 49 251 214 335 487 83 541 239 288 67 285 379 387 41 336 446 486 314 454 12 232 522 61 141 197 352 147 485 154 496 505 17 64 530 262 26 270 407 350 192 531 56 21 111 311 437 149 264 358 461 393 284 306 236 524 488 292 324 425 408 345 155 52 479 135 315 523 371 278 212 370 442 194 483 542 382 319 58 375 399 30 19 55 286 268 129 33 327 289 48 166 54 25 389 304 280 62 465 402 464 168 459 213 515 66 118 316 140 503 409 260 16 527 502 328 468 204 538 340 535 53 119 323 355 261 63 170 392 98 430 395 34 275 447 398 361 20 451 298 231 455 533 126 421 99 478 89 18 148 84 7 69 133 444 88 32 203 242 477 504 68 528 4 351 462 401 495 165 162 177 349 248 293 42 202 159 385 175 299 366 333 334 320 189 420 246 507 466 426 499 23 13 364 218 475 377 44 10 318 137 396 116 419 223 233 167 543 8 28 463 484 489 384 414 271 544 367 529 460 343 312 85 500 27 269 362 357 474 302 37 22 181 139 160 134 38 2 65 322 480 200 108 145 476 383 337 372 376 532 
c [Main] Lowest label SAT is set to 545.
c [Main] Kill higher label pid 546.
c [Label = 546] Encoding duration: 6529ms.
c [Label = 546] Number of clauses: 5061908.
c [Label = 546] Number of variables: 675337.
c [Signal] Signal interruption. Caught signal: SIGTERM (15).
c [Main] Child pid 546 - 1170906 terminated by signal 15.
c [Label = 537] Encoding duration: 6738ms.
c [Label = 537] Number of clauses: 4972245.
c [Label = 537] Number of variables: 666589.
c [Signal] Signal interruption. Caught signal: SIGTERM (15).
c [Label = 539] Encoding duration: 6829ms.
c [Label = 539] Number of clauses: 4992170.
c [Label = 539] Number of variables: 668533.
c [Signal] Signal interruption. Caught signal: SIGTERM (15).
c [Label = 543] Encoding duration: 6791ms.
c [Label = 543] Number of clauses: 5032020.
c [Label = 543] Number of variables: 672421.
c [Signal] Signal interruption. Caught signal: SIGTERM (15).
c [Label = 541] Encoding duration: 6506ms.
c [Label = 541] Number of clauses: 5012095.
c [Label = 541] Number of variables: 670477.
c [Signal] Signal interruption. Caught signal: SIGTERM (15).
c [Label = 542] Encoding duration: 6612ms.
c [Label = 542] Number of clauses: 5022058.
c [Label = 542] Number of variables: 671449.
c [Signal] Signal interruption. Caught signal: SIGTERM (15).
c [Label = 544] Encoding duration: 6315ms.
c [Label = 544] Number of clauses: 5041983.
c [Label = 544] Number of variables: 673393.
c [Signal] Signal interruption. Caught signal: SIGTERM (15).
c [Main] Lim pid ends with result: 254.
c [Main] All children have completed.
r [Main] 
r [Main] Final results: 
r [Main] Lowest label SAT:  	545.
r [Main] Highest label UNSAT:	-.
r [Main] Total real time: 1812537 ms.
r [Main] Total memory consumed: 13203.3 MB.
r [Main] 
c [Label = 540] Encoding duration: 6455ms.
c [Label = 540] Number of clauses: 5002133.
c [Label = 540] Number of variables: 669505.
c [Signal] Signal interruption. Caught signal: SIGTERM (15).
c [Label = 538] Encoding duration: 6922ms.
c [Label = 538] Number of clauses: 4982208.
c [Label = 538] Number of variables: 667561.
c [Signal] Signal interruption. Caught signal: SIGTERM (15).
