c [Version] Minimize Makespan Labeling Encoder version 1.0.0.
c [Param] LB is predefined as 142.
c [Param] UB is predefined as 740.
c [Param] Memory limit is set to 30000.
c [Param] Real time limit is set to 1800.
c [Param] Worker count is set to 8.
c [Main] Search strategy: Iterating from upper bound.
c [Main] Search order: 740 739 738 737 736 735 734 733 732 731 730 729 728 727 726 725 724 723 722 721 720 719 718 717 716 715 714 713 712 711 710 709 708 707 706 705 704 703 702 701 700 699 698 697 696 695 694 693 692 691 690 689 688 687 686 685 684 683 682 681 680 679 678 677 676 675 674 673 672 671 670 669 668 667 666 665 664 663 662 661 660 659 658 657 656 655 654 653 652 651 650 649 648 647 646 645 644 643 642 641 640 639 638 637 636 635 634 633 632 631 630 629 628 627 626 625 624 623 622 621 620 619 618 617 616 615 614 613 612 611 610 609 608 607 606 605 604 603 602 601 600 599 598 597 596 595 594 593 592 591 590 589 588 587 586 585 584 583 582 581 580 579 578 577 576 575 574 573 572 571 570 569 568 567 566 565 564 563 562 561 560 559 558 557 556 555 554 553 552 551 550 549 548 547 546 545 544 543 542 541 540 539 538 537 536 535 534 533 532 531 530 529 528 527 526 525 524 523 522 521 520 519 518 517 516 515 514 513 512 511 510 509 508 507 506 505 504 503 502 501 500 499 498 497 496 495 494 493 492 491 490 489 488 487 486 485 484 483 482 481 480 479 478 477 476 475 474 473 472 471 470 469 468 467 466 465 464 463 462 461 460 459 458 457 456 455 454 453 452 451 450 449 448 447 446 445 444 443 442 441 440 439 438 437 436 435 434 433 432 431 430 429 428 427 426 425 424 423 422 421 420 419 418 417 416 415 414 413 412 411 410 409 408 407 406 405 404 403 402 401 400 399 398 397 396 395 394 393 392 391 390 389 388 387 386 385 384 383 382 381 380 379 378 377 376 375 374 373 372 371 370 369 368 367 366 365 364 363 362 361 360 359 358 357 356 355 354 353 352 351 350 349 348 347 346 345 344 343 342 341 340 339 338 337 336 335 334 333 332 331 330 329 328 327 326 325 324 323 322 321 320 319 318 317 316 315 314 313 312 311 310 309 308 307 306 305 304 303 302 301 300 299 298 297 296 295 294 293 292 291 290 289 288 287 286 285 284 283 282 281 280 279 278 277 276 275 274 273 272 271 270 269 268 267 266 265 264 263 262 261 260 259 258 257 256 255 254 253 252 251 250 249 248 247 246 245 244 243 242 241 240 239 238 237 236 235 234 233 232 231 230 229 228 227 226 225 224 223 222 221 220 219 218 217 216 215 214 213 212 211 210 209 208 207 206 205 204 203 202 201 200 199 198 197 196 195 194 193 192 191 190 189 188 187 186 185 184 183 182 181 180 179 178 177 176 175 174 173 172 171 170 169 168 167 166 165 164 163 162 161 160 159 158 157 156 155 154 153 152 151 150 149 148 147 146 145 144 143 142.
c [Main] Encoding and solving for graph: T-dwt__592.mtx.rnd.
c [Label = 733] Encoding duration: 14249ms.
c [Label = 733] Number of clauses: 9359715.
c [Label = 733] Number of variables: 1262374.
c [Label = 733] Solving duration: 357427 ms.
s [Label = 733] SAT (w = 141).
Label assignment: 488 718 405 156 665 468 80 370 22 193 725 568 469 133 10 173 50 236 608 45 18 513 352 166 410 645 626 59 333 140 557 201 449 272 478 442 146 289 605 225 651 491 259 175 218 55 164 250 699 252 446 720 56 438 52 155 582 458 408 318 526 34 559 502 3 355 242 695 150 91 390 310 654 179 12 298 69 321 29 348 662 67 629 535 89 668 28 128 638 562 327 570 731 659 447 21 200 489 297 395 602 192 465 44 263 295 247 280 357 270 319 74 560 269 87 437 23 470 24 14 459 671 693 649 25 195 553 316 315 107 558 456 19 724 338 622 719 372 64 413 732 682 506 722 389 114 657 276 678 174 386 403 420 245 335 207 517 669 60 378 398 172 57 603 621 71 510 227 243 211 42 40 381 41 374 454 460 524 261 493 700 104 188 283 334 95 687 641 303 339 433 342 637 163 499 196 215 543 516 404 509 267 17 278 308 364 463 706 448 294 85 683 292 424 452 709 385 8 51 53 660 379 171 65 199 222 232 730 1 412 401 154 613 729 84 337 402 519 191 393 20 569 9 205 233 550 138 708 134 527 213 705 82 340 273 271 72 407 68 43 88 116 443 650 47 36 656 363 494 394 241 202 658 545 235 400 652 111 490 440 73 461 653 113 642 219 75 371 566 688 226 169 382 500 685 515 707 165 279 710 332 673 655 692 350 49 237 616 312 639 450 32 253 423 197 627 497 6 511 525 151 161 434 677 675 643 258 475 228 676 531 698 733 31 16 131 441 388 537 619 94 618 498 567 528 66 180 480 418 714 533 483 320 359 620 262 711 2 457 504 198 290 105 61 92 492 474 564 532 715 376 453 397 246 495 646 635 293 177 702 203 99 723 607 249 380 366 579 672 601 425 631 462 37 54 78 38 604 354 230 664 473 344 139 640 300 48 661 496 606 485 522 204 77 406 216 313 663 185 501 554 102 674 536 184 551 507 704 544 455 27 624 476 690 329 176 13 588 451 648 419 122 503 563 383 530 254 76 234 314 644 429 523 679 391 238 600 520 353 667 103 633 302 26 160 62 168 248 301 182 427 5 265 586 484 411 112 548 136 717 7 375 630 541 703 508 634 361 119 4 277 681 623 157 518 716 435 208 343 409 147 183 15 162 346 217 251 46 728 546 90 152 209 632 220 11 189 142 721 58 680 33 377 686 98 347 336 538 712 158 190 239 110 186 628 356 93 670 63 268 281 351 229 101 574 323 96 539 367 256 647 244 214 223 83 505 421 275 148 697 713 521 549 70 694 487 439 542 432 436 86 159 625 684 212 30 727 194 430 296 416 726 555 373 39 481 696 167 309 330 322 305 
c [Label = 735] Encoding duration: 14096ms.
c [Label = 735] Number of clauses: 9386326.
c [Label = 735] Number of variables: 1264930.
c [Signal] Signal interruption. Caught signal: SIGTERM (15).
c [Label = 734] Encoding duration: 14062ms.
c [Label = 734] Number of clauses: 9373021.
c [Label = 734] Number of variables: 1263652.
c [Signal] Signal interruption. Caught signal: SIGTERM (15).
c [Label = 736] Encoding duration: 14133ms.
c [Label = 736] Number of clauses: 9399632.
c [Label = 736] Number of variables: 1266208.
c [Signal] Signal interruption. Caught signal: SIGTERM (15).
c [Label = 737] Encoding duration: 14286ms.
c [Label = 737] Number of clauses: 9412937.
c [Label = 737] Number of variables: 1267486.
c [Signal] Signal interruption. Caught signal: SIGTERM (15).
c [Main] Lowest label SAT is set to 733.
c [Main] Kill higher label pid 734.
c [Main] Kill higher label pid 735.
c [Main] Kill higher label pid 736.
c [Main] Kill higher label pid 737.
c [Main] Kill higher label pid 738.
c [Main] Kill higher label pid 739.
c [Main] Kill higher label pid 740.
c [Label = 740] Encoding duration: 13973ms.
c [Label = 740] Number of clauses: 9452854.
c [Label = 740] Number of variables: 1271320.
c [Signal] Signal interruption. Caught signal: SIGTERM (15).
c [Label = 739] Encoding duration: 14152ms.
c [Label = 739] Number of clauses: 9439548.
c [Label = 739] Number of variables: 1270042.
c [Signal] Signal interruption. Caught signal: SIGTERM (15).
c [Label = 738] Encoding duration: 14009ms.
c [Label = 738] Number of clauses: 9426243.
c [Label = 738] Number of variables: 1268764.
c [Signal] Signal interruption. Caught signal: SIGTERM (15).
c [Main] Child pid 736 - 1176852 terminated by signal 15.
c [Main] Child pid 734 - 1176854 terminated by signal 15.
c [Main] Child pid 735 - 1176853 terminated by signal 15.
c [Main] Child pid 737 - 1176851 terminated by signal 15.
c [Main] Child pid 740 - 1176848 terminated by signal 15.
c [Main] Child pid 738 - 1176850 terminated by signal 15.
c [Main] Child pid 739 - 1176849 terminated by signal 15.
c [Label = 732] Encoding duration: 12932ms.
c [Label = 732] Number of clauses: 9346410.
c [Label = 732] Number of variables: 1261096.
c [Label = 732] Solving duration: 378419 ms.
s [Label = 732] SAT (w = 141).
Label assignment: 540 524 586 408 326 487 454 178 330 344 218 443 69 77 318 684 361 229 150 627 450 479 86 302 552 43 362 575 346 44 483 102 441 236 117 453 637 145 112 285 300 72 79 141 210 726 667 508 341 176 9 345 386 674 533 679 114 196 620 73 522 366 543 701 11 645 269 375 685 357 448 161 211 37 25 98 124 359 22 457 316 614 702 90 364 89 158 504 484 728 451 172 217 298 490 414 107 509 293 220 133 553 608 13 273 235 51 21 115 333 525 365 183 649 274 653 580 173 3 263 482 444 254 539 332 68 723 400 510 628 126 495 50 354 683 732 406 704 581 45 467 156 709 222 373 378 250 554 227 214 105 384 720 712 259 134 584 129 139 8 426 696 380 311 201 388 480 123 634 276 351 456 290 60 643 705 245 665 355 623 369 537 14 334 381 360 205 299 538 647 348 313 722 132 631 184 695 54 548 275 513 692 64 288 706 391 545 249 4 55 676 66 678 715 65 500 445 29 626 588 349 238 237 433 636 127 67 175 725 505 103 83 672 407 680 15 202 106 644 88 61 87 140 296 700 470 518 232 714 396 198 257 234 314 219 182 352 185 711 76 374 526 204 485 188 99 650 724 31 710 639 242 420 546 397 28 411 591 556 246 536 27 317 303 488 81 569 661 642 338 666 405 146 442 576 494 350 721 165 94 377 62 191 551 281 703 96 477 203 289 625 503 125 58 252 137 641 603 118 520 717 385 617 310 319 719 171 147 382 651 669 516 48 499 632 372 531 228 446 100 648 363 478 677 630 430 681 93 731 213 689 698 419 497 534 528 664 577 404 491 248 612 466 239 19 544 160 247 472 35 230 121 635 527 673 49 208 325 708 512 307 30 387 179 135 244 468 199 415 347 675 697 565 656 707 33 582 159 668 291 337 358 422 84 174 101 559 304 18 17 589 459 402 609 652 12 690 713 157 640 671 280 287 521 138 128 629 329 130 7 687 92 523 389 233 225 16 32 498 312 694 622 699 493 428 321 654 646 342 2 5 383 619 486 223 240 335 621 194 418 476 368 38 693 519 113 166 256 471 718 192 52 496 574 376 41 658 535 633 200 501 195 395 97 686 447 294 169 624 209 340 663 258 53 85 563 215 270 463 440 24 618 324 47 251 190 36 638 431 437 474 560 336 39 26 367 282 20 390 34 144 657 542 224 455 660 186 562 272 82 10 78 492 399 379 729 119 136 585 309 212 730 515 154 180 46 655 271 403 297 356 6 305 241 659 688 193 206 489 662 301 91 507 572 231 104 558 578 458 481 56 177 221 682 460 432 277 187 464 63 462 226 564 469 23 71 393 189 331 691 555 392 
c [Main] Lowest label SAT is set to 732.
c [Label = 726] Encoding duration: 12765ms.
c [Label = 726] Number of clauses: 9266577.
c [Label = 726] Number of variables: 1253428.
c [Label = 726] Solving duration: 654271 ms.
s [Label = 726] SAT (w = 141).
Label assignment: 449 369 15 498 256 475 566 615 494 426 162 540 96 468 339 197 625 422 251 117 398 204 8 712 376 182 525 678 56 715 259 328 565 208 529 628 201 134 435 129 370 554 113 196 106 569 344 445 263 97 545 572 624 722 681 135 193 419 227 17 553 354 638 570 314 62 209 379 41 650 179 210 70 692 725 477 116 229 406 608 68 100 287 321 601 233 338 363 218 613 175 584 699 282 607 627 165 724 417 504 311 507 105 706 586 166 317 101 74 518 609 612 464 517 527 618 709 79 661 211 596 384 629 167 18 188 359 691 378 670 283 617 623 337 90 377 23 688 502 679 278 299 39 404 666 523 71 178 522 237 84 568 403 645 366 723 418 501 152 412 333 176 604 277 261 616 12 289 87 266 626 219 293 349 347 484 622 530 228 385 183 346 248 262 719 643 19 257 556 544 389 343 705 154 59 483 667 657 65 598 16 716 330 127 92 222 673 511 697 273 139 161 160 438 471 372 234 192 336 320 543 242 253 20 121 54 717 685 654 115 83 446 252 536 635 567 76 305 78 157 680 512 701 174 710 695 476 200 524 488 294 213 189 515 245 619 3 6 718 547 13 559 621 658 300 534 226 441 194 356 364 14 593 57 690 258 63 64 503 185 80 486 288 595 703 73 497 327 528 51 461 552 660 495 357 444 393 303 235 89 181 335 265 642 272 470 704 663 173 361 611 714 700 177 539 284 391 633 653 168 698 108 602 26 429 312 170 505 675 250 2 238 492 636 514 329 665 199 516 309 260 434 491 254 693 128 399 214 315 239 652 82 61 159 186 396 4 548 519 198 702 112 402 526 686 472 397 225 473 172 91 67 187 171 77 109 155 136 212 215 9 25 217 255 659 241 184 424 386 307 634 69 630 75 230 460 390 141 348 86 510 448 66 535 35 440 95 195 531 94 726 655 671 375 631 190 351 319 85 326 594 11 614 682 469 651 432 53 668 401 7 367 24 298 550 551 49 649 509 276 38 648 362 44 496 164 224 672 156 27 46 563 43 677 394 684 295 392 537 436 450 407 707 365 380 560 331 132 708 490 458 60 485 582 620 641 286 439 455 207 382 462 637 711 324 576 694 103 421 575 124 40 373 696 205 371 506 216 21 352 267 50 423 358 306 323 640 341 58 456 42 720 721 147 246 639 656 353 34 442 662 669 5 223 457 48 232 555 202 520 143 541 243 126 98 169 302 513 355 713 478 32 36 459 31 47 395 644 52 647 220 131 360 45 508 37 33 664 606 163 28 689 308 10 30 231 474 683 467 452 533 114 244 280 433 646 597 400 603 107 487 268 538 480 542 521 140 206 153 674 676 410 
c [Main] Lowest label SAT is set to 726.
c [Main] Kill higher label pid 727.
c [Main] Kill higher label pid 728.
c [Main] Kill higher label pid 729.
c [Main] Kill higher label pid 730.
c [Main] Kill higher label pid 731.
c [Label = 727] Encoding duration: 12772ms.
c [Label = 727] Number of clauses: 9279882.
c [Label = 727] Number of variables: 1254706.
c [Signal] Signal interruption. Caught signal: SIGTERM (15).
c [Label = 729] Encoding duration: 12646ms.
c [Label = 729] Number of clauses: 9306493.
c [Label = 729] Number of variables: 1257262.
c [Signal] Signal interruption. Caught signal: SIGTERM (15).
c [Label = 728] Encoding duration: 12660ms.
c [Label = 728] Number of clauses: 9293188.
c [Label = 728] Number of variables: 1255984.
c [Signal] Signal interruption. Caught signal: SIGTERM (15).
c [Label = 730] Encoding duration: 12771ms.
c [Label = 730] Number of clauses: 9319799.
c [Label = 730] Number of variables: 1258540.
c [Signal] Signal interruption. Caught signal: SIGTERM (15).
c [Label = 731] Encoding duration: 12963ms.
c [Label = 731] Number of clauses: 9333104.
c [Label = 731] Number of variables: 1259818.
c [Signal] Signal interruption. Caught signal: SIGTERM (15).
c [Main] Child pid 731 - 1177348 terminated by signal 15.
c [Main] Child pid 730 - 1177349 terminated by signal 15.
c [Main] Child pid 727 - 1177352 terminated by signal 15.
c [Main] Child pid 729 - 1177350 terminated by signal 15.
c [Main] Child pid 728 - 1177351 terminated by signal 15.
c [Label = 718] Encoding duration: 12655ms.
c [Label = 718] Number of clauses: 9160133.
c [Label = 718] Number of variables: 1243204.
c [Label = 718] Solving duration: 500958 ms.
s [Label = 718] SAT (w = 141).
Label assignment: 461 210 648 619 249 464 56 136 376 54 158 417 669 456 688 172 295 471 197 628 498 386 500 323 561 632 163 214 351 655 244 455 604 258 285 28 549 590 77 625 78 426 159 418 279 435 145 695 431 390 641 228 636 711 443 702 32 524 618 5 257 325 31 274 204 243 52 65 622 337 581 479 546 25 712 481 117 212 491 414 180 510 252 60 301 263 644 201 514 314 209 99 527 412 86 382 450 487 396 437 462 571 691 3 475 635 192 470 111 389 207 230 505 529 589 100 709 135 333 460 126 81 507 19 332 541 513 340 658 112 127 108 58 562 613 520 428 580 631 388 404 200 75 502 298 663 80 570 157 515 82 342 668 242 83 115 254 8 50 594 355 222 284 267 302 493 12 215 79 615 621 392 398 150 191 650 110 703 211 600 629 384 24 569 346 341 525 198 554 387 220 178 270 607 7 480 269 116 585 356 266 710 105 303 633 22 40 182 17 67 537 62 44 466 130 448 446 91 53 630 349 327 357 598 289 421 519 27 336 313 690 66 260 547 334 38 552 296 184 406 353 642 102 42 97 239 612 543 305 682 114 297 359 307 469 137 277 87 643 694 573 13 20 699 138 282 339 457 530 235 195 41 459 696 104 451 430 21 689 128 664 708 606 240 698 88 89 511 706 377 512 139 26 489 294 496 216 528 484 272 427 146 686 680 453 599 704 11 2 539 118 701 153 85 59 241 662 626 226 693 247 400 140 61 474 640 190 394 45 653 647 714 345 29 236 582 101 483 255 261 679 521 697 645 659 677 34 614 646 189 331 348 452 338 271 454 656 37 673 683 223 51 347 415 343 591 499 409 657 73 441 141 660 497 6 23 48 405 667 371 193 379 375 488 436 559 397 416 238 231 93 181 92 166 366 532 700 179 545 684 367 365 715 395 47 458 413 39 43 170 18 654 122 84 335 531 173 237 639 592 113 476 71 246 350 482 286 672 225 623 273 411 717 278 544 176 671 199 687 175 368 96 123 35 276 369 538 556 4 536 666 360 168 224 429 692 292 649 370 74 588 165 203 444 16 352 106 610 463 555 718 10 185 256 57 465 678 55 611 508 385 596 281 605 202 196 72 107 447 364 320 595 103 68 407 574 517 601 213 315 624 685 593 707 129 171 676 597 188 63 293 665 156 280 616 344 164 15 705 572 486 328 95 494 449 587 557 609 94 121 506 64 70 602 187 358 477 14 652 495 422 424 264 638 526 317 131 675 36 504 608 445 578 713 46 634 125 440 363 109 503 183 661 169 438 391 49 205 670 603 186 33 310 259 651 76 234 98 119 410 324 490 9 373 245 674 439 551 509 501 467 468 
c [Label = 721] Encoding duration: 12551ms.
c [Label = 721] Number of clauses: 9200049.
c [Label = 721] Number of variables: 1247038.
c [Signal] Signal interruption. Caught signal: SIGTERM (15).
c [Label = 719] Encoding duration: 12154ms.
c [Label = 719] Number of clauses: 9173438.
c [Label = 719] Number of variables: 1244482.
c [Signal] Signal interruption. Caught signal: SIGTERM (15).
c [Main] Lowest label SAT is set to 718.
c [Main] Kill higher label pid 719.
c [Main] Kill higher label pid 720.
c [Main] Kill higher label pid 721.
c [Main] Kill higher label pid 722.
c [Main] Kill higher label pid 723.
c [Main] Kill higher label pid 724.
c [Main] Kill higher label pid 725.
c [Label = 722] Encoding duration: 12264ms.
c [Label = 722] Number of clauses: 9213355.
c [Label = 722] Number of variables: 1248316.
c [Signal] Signal interruption. Caught signal: SIGTERM (15).
c [Label = 720] Encoding duration: 12103ms.
c [Label = 720] Number of clauses: 9186744.
c [Label = 720] Number of variables: 1245760.
c [Signal] Signal interruption. Caught signal: SIGTERM (15).
c [Label = 724] Encoding duration: 13562ms.
c [Label = 724] Number of clauses: 9239966.
c [Label = 724] Number of variables: 1250872.
c [Signal] Signal interruption. Caught signal: SIGTERM (15).
c [Label = 723] Encoding duration: 12371ms.
c [Label = 723] Number of clauses: 9226660.
c [Label = 723] Number of variables: 1249594.
c [Signal] Signal interruption. Caught signal: SIGTERM (15).
c [Label = 725] Encoding duration: 12608ms.
c [Label = 725] Number of clauses: 9253271.
c [Label = 725] Number of variables: 1252150.
c [Signal] Signal interruption. Caught signal: SIGTERM (15).
c [Main] Child pid 725 - 1177354 terminated by signal 15.
c [Main] Child pid 719 - 1177896 terminated by signal 15.
c [Main] Child pid 724 - 1177413 terminated by signal 15.
c [Main] Child pid 723 - 1177890 terminated by signal 15.
c [Main] Child pid 720 - 1177895 terminated by signal 15.
c [Main] Child pid 721 - 1177894 terminated by signal 15.
c [Main] Child pid 722 - 1177893 terminated by signal 15.
c [Label = 713] Encoding duration: 14398ms.
c [Label = 713] Number of clauses: 9093605.
c [Label = 713] Number of variables: 1236814.
c [Signal] Signal interruption. Caught signal: SIGTERM (15).
c [Label = 711] Encoding duration: 14122ms.
c [Label = 711] Number of clauses: 9066994.
c [Label = 711] Number of variables: 1234258.
c [Signal] Signal interruption. Caught signal: SIGTERM (15).
c [Label = 712] Encoding duration: 14311ms.
c [Label = 712] Number of clauses: 9080300.
c [Label = 712] Number of variables: 1235536.
c [Signal] Signal interruption. Caught signal: SIGTERM (15).
c [Label = 715] Encoding duration: 14440ms.
c [Label = 715] Number of clauses: 9120216.
c [Label = 715] Number of variables: 1239370.
c [Signal] Signal interruption. Caught signal: SIGTERM (15).
c [Label = 714] Encoding duration: 14396ms.
c [Label = 714] Number of clauses: 9106911.
c [Label = 714] Number of variables: 1238092.
c [Signal] Signal interruption. Caught signal: SIGTERM (15).
c [Label = 717] Encoding duration: 14435ms.
c [Label = 717] Number of clauses: 9146827.
c [Label = 717] Number of variables: 1241926.
c [Signal] Signal interruption. Caught signal: SIGTERM (15).
c [Label = 716] Encoding duration: 14405ms.
c [Label = 716] Number of clauses: 9133522.
c [Label = 716] Number of variables: 1240648.
c [Signal] Signal interruption. Caught signal: SIGTERM (15).
c [Main] Lim pid ends with result: 254.
c [Main] All children have completed.
r [Main] 
r [Main] Final results: 
r [Main] Lowest label SAT:  	718.
r [Main] Highest label UNSAT:	-.
r [Main] Total real time: 1812429 ms.
r [Main] Total memory consumed: 24286.8 MB.
r [Main] 
c [Label = 710] Encoding duration: 14378ms.
c [Label = 710] Number of clauses: 9053689.
c [Label = 710] Number of variables: 1232980.
c [Signal] Signal interruption. Caught signal: SIGTERM (15).
