c [Version] Minimize Makespan Labeling Encoder version 1.0.0.
c [Param] Target value is set to 330.
c [Param] LB is predefined as 331.
c [Param] UB is predefined as 993.
c [Param] Target value is set to Antibandwidth.
c [Param] Vertices mode is set to Has hole.
c [Param] Result verification is ON.
c [Param] Memory limit is set to 30000.
c [Param] Real time limit is set to 1800.
c [Param] Max CNF size is set to 10.
c [Main] Search strategy: Incremental from upper bound.
c [Main] Encoding and solving for graph: U-662_bus.mtx.rnd.
c [Incremental] Minimize Makespan Labeling problem (U-662_bus.mtx.rnd):
c [Incremental] Encoding starts with target value = 330:
c [Incremental] Encoding duration: 8723ms.
c [Incremental] Number of clauses: 6766628.
c [Incremental] Number of variables: 1746429.
c [Incremental] Solving for max label = 993:
c [Incremental] Solving duration: 218 ms.
s [Incremental] SAT (label = 993).
c [Incremental] Label assignment: 993 993 993 993 993 993 993 993 993 993 663 993 993 993 993 993 993 993 993 993 993 993 663 663 993 993 993 993 993 993 993 993 993 993 993 993 993 993 993 993 993 993 993 993 663 993 993 993 993 993 993 993 993 993 993 993 993 993 993 663 993 993 993 993 993 993 993 663 993 663 993 993 663 663 663 993 993 993 993 993 993 993 993 993 663 993 993 993 993 663 993 663 993 993 663 993 993 993 993 993 663 993 993 993 333 663 993 663 993 993 993 993 993 993 993 663 663 993 663 993 993 993 993 663 993 663 993 993 663 993 993 663 663 993 663 993 993 993 993 663 993 663 663 993 663 663 993 663 663 663 993 993 993 993 993 993 993 993 993 993 993 993 663 993 993 993 333 663 993 333 663 993 993 993 663 663 333 993 993 993 663 663 663 993 663 993 663 663 993 993 663 993 993 663 993 663 663 993 663 663 993 993 663 993 993 333 993 993 993 663 663 993 993 993 993 663 993 663 993 663 497 993 993 663 663 333 993 993 993 993 333 663 663 663 993 993 993 663 663 333 993 993 663 663 663 993 993 993 993 663 333 663 663 663 663 993 333 993 663 663 663 663 333 993 663 663 663 993 993 663 663 663 663 993 663 993 993 663 663 993 993 993 663 993 993 3 663 333 663 3 663 663 663 993 993 333 663 993 663 663 333 663 333 993 993 663 993 993 167 663 333 663 663 663 333 333 663 993 993 333 3 993 663 663 3 333 663 993 993 3 663 993 3 993 663 663 993 663 663 663 993 663 663 333 663 993 993 663 993 993 993 663 663 993 663 333 993 993 993 993 663 663 663 663 663 663 333 663 663 663 663 993 333 993 993 333 993 663 663 993 333 993 663 663 663 333 663 333 663 663 333 993 663 333 663 333 663 663 663 663 3 993 993 663 333 993 663 663 993 663 333 993 993 993 333 333 333 663 993 663 993 663 663 993 333 663 993 663 663 333 663 663 663 663 993 993 663 663 333 663 993 663 333 3 663 333 663 663 663 993 333 993 333 663 3 993 993 993 993 993 3 993 663 663 663 333 663 993 993 333 663 663 333 663 333 663 663 663 993 993 663 167 663 3 333 993 993 663 993 993 993 663 333 663 993 663 663 333 663 663 333 3 333 993 993 663 993 333 993 333 663 333 333 333 333 663 333 333 663 333 333 663 663 3 663 333 663 993 993 993 333 663 993 663 663 663 333 663 663 333 663 663 993 333 993 663 663 333 993 993 333 663 333 333 993 333 993 333 333 663 663 333 993 663 663 333 993 663 333 993 333 3 663 663 993 993 333 663 333 663 333 333 333 333 663 663 3 663 663 663 663 993 333 3 663 993 3 993 663 333 663 333 333 993 663 993 333 993 333 3 333 333 333 993 993 993 993 3 993 993 333 663 663 333 333 663 663 993 3 333 333 3 333 993 663 333 663 663 333 3 993 3 993 993 663 333 333 3 333 993 663 333 663 663 993 993 333 3 333 333 3 1 
c [Incremental] Max used label: 993.
c [Incremental] Label 993 is removed from searching.
c [Incremental] Solving for max label = 992:
c [Incremental] Solving duration: 104 ms.
s [Incremental] SAT (label = 992).
c [Incremental] Label assignment: 992 992 992 992 992 992 992 992 992 992 662 992 992 992 992 992 992 992 992 992 992 992 662 662 992 992 992 992 992 992 992 992 992 992 992 992 992 992 992 992 992 992 992 992 662 992 992 992 992 992 992 992 992 992 992 992 992 992 992 662 992 992 992 992 992 992 992 662 992 662 992 992 662 662 662 992 992 992 992 992 992 992 992 992 662 992 992 992 992 662 992 662 992 992 662 992 992 992 992 992 662 992 992 992 332 662 992 662 992 992 992 992 992 992 992 662 662 992 662 992 992 992 992 662 992 662 992 992 662 992 992 662 662 992 662 992 992 992 992 662 992 662 662 992 662 662 992 662 662 662 992 992 992 992 992 992 992 992 992 992 992 992 662 992 992 992 332 662 992 332 662 992 992 992 662 662 332 992 992 992 662 662 662 992 662 992 662 662 992 992 662 992 992 662 992 662 662 992 662 662 992 992 662 992 992 332 992 992 992 662 662 992 992 992 992 662 992 662 992 662 497 992 992 662 662 332 992 992 992 992 332 662 662 662 992 992 992 662 662 332 992 992 662 662 662 992 992 992 992 662 332 662 662 662 662 992 332 992 662 662 662 662 332 992 662 662 662 992 992 662 662 662 662 992 662 992 992 662 662 992 992 992 662 992 992 2 662 332 662 2 662 662 662 992 992 332 662 992 662 662 332 662 332 992 992 662 992 992 167 662 332 662 662 662 332 332 662 992 992 332 2 992 662 662 2 332 662 992 992 2 662 992 2 992 662 662 992 662 662 662 992 662 662 332 662 992 992 662 992 992 992 662 662 992 662 332 992 992 992 992 662 662 662 662 662 662 332 662 662 662 662 992 332 992 992 332 992 662 662 992 332 992 662 662 662 332 662 332 662 662 332 992 662 332 662 332 662 662 662 662 2 992 992 662 332 992 662 662 992 662 332 992 992 992 332 332 332 662 992 662 992 662 662 992 332 662 992 662 662 332 662 662 662 662 992 992 662 662 332 662 992 662 332 2 662 332 662 662 662 992 332 992 332 662 2 992 992 992 992 992 2 992 662 662 662 332 662 992 992 332 662 662 332 662 332 662 662 662 992 992 662 167 662 2 332 992 992 662 992 992 992 662 332 662 992 662 662 332 662 662 332 2 332 992 992 662 992 332 992 332 662 332 332 332 332 662 332 332 662 332 332 662 662 2 662 332 662 992 992 992 332 662 992 662 662 662 332 662 662 332 662 662 992 332 992 662 662 332 992 992 332 662 332 332 992 332 992 332 332 662 662 332 992 662 662 332 992 662 332 992 332 2 662 662 992 992 332 662 332 662 332 332 332 332 662 662 2 662 662 662 662 992 332 2 662 992 2 992 662 332 662 332 332 992 662 992 332 992 332 2 332 332 332 992 992 992 992 2 992 992 332 662 662 332 332 662 662 992 2 332 332 2 332 992 662 332 662 662 332 2 992 2 992 992 662 332 332 2 332 992 662 332 662 662 992 992 332 2 332 332 2 1 
c [Incremental] Max used label: 992.
c [Incremental] Label 992 is removed from searching.
c [Incremental] Solving for max label = 991:
c [Incremental] Solving duration: 103 ms.
s [Incremental] SAT (label = 991).
c [Incremental] Label assignment: 991 991 991 991 991 991 991 991 991 991 661 991 991 991 991 991 991 991 991 991 991 991 661 661 991 991 991 991 991 991 991 991 991 991 991 991 991 991 991 991 991 991 991 991 661 991 991 991 991 991 991 991 991 991 991 991 991 991 991 661 991 991 991 991 991 991 991 661 991 661 991 991 661 661 661 991 991 991 991 991 991 991 991 991 661 991 991 991 991 661 991 661 991 991 661 991 991 991 991 991 661 991 991 991 331 661 991 661 991 991 991 991 991 991 991 661 661 991 661 991 991 991 991 661 991 661 991 991 661 991 991 661 661 991 661 991 991 991 991 661 991 661 661 991 661 661 991 661 661 661 991 991 991 991 991 991 991 991 991 991 991 991 661 991 991 991 331 661 991 331 661 991 991 991 661 661 331 991 991 991 661 661 661 991 661 991 661 661 991 991 661 991 991 661 991 661 661 991 661 661 991 991 661 991 991 331 991 991 991 661 661 991 991 991 991 661 991 661 991 661 497 991 991 661 661 331 991 991 991 991 331 661 661 661 991 991 991 661 661 331 991 991 661 661 661 991 991 991 991 661 331 661 661 661 661 991 331 991 661 661 661 661 331 991 661 661 661 991 991 661 661 661 661 991 661 991 991 661 661 991 991 991 661 991 991 1 661 331 661 1 661 661 661 991 991 331 661 991 661 661 331 661 331 991 991 661 991 991 167 661 331 661 661 661 331 331 661 991 991 331 1 991 661 661 1 331 661 991 991 1 661 991 1 991 661 661 991 661 661 661 991 661 661 331 661 991 991 661 991 991 991 661 661 991 661 331 991 991 991 991 661 661 661 661 661 661 331 661 661 661 661 991 331 991 991 331 991 661 661 991 331 991 661 661 661 331 661 331 661 661 331 991 661 331 661 331 661 661 661 661 1 991 991 661 331 991 661 661 991 661 331 991 991 991 331 331 331 661 991 661 991 661 661 991 331 661 991 661 661 331 661 661 661 661 991 991 661 661 331 661 991 661 331 1 661 331 661 661 661 991 331 991 331 661 1 991 991 991 991 991 1 991 661 661 661 331 661 991 991 331 661 661 331 661 331 661 661 661 991 991 661 167 661 1 331 991 991 661 991 991 991 661 331 661 991 661 661 331 661 661 331 1 331 991 991 661 991 331 991 331 661 331 331 331 331 661 331 331 661 331 331 661 661 1 661 331 661 991 991 991 331 661 991 661 661 661 331 661 661 331 661 661 991 331 991 661 661 331 991 991 331 661 331 331 991 331 991 331 331 661 661 331 991 661 661 331 991 661 331 991 331 1 661 661 991 991 331 661 331 661 331 331 331 331 661 661 1 661 661 661 661 991 331 1 661 991 1 991 661 331 661 331 331 991 661 991 331 991 331 1 331 331 331 991 991 991 991 1 991 991 331 661 661 331 331 661 661 991 1 331 331 1 331 991 661 331 661 661 331 1 991 1 991 991 661 331 331 1 331 991 661 331 661 661 991 991 331 1 331 331 1 661 
c [Incremental] Max used label: 991.
c [Incremental] Label 991 is removed from searching.
c [Incremental] Solving for max label = 990:
c [Incremental] Solving duration: 675 ms.
s [Incremental] UNSAT (label = 990).
c [Signal] Signal interruption. Caught signal: SIGTERM (15).
c [Main] Work pid ends with result: 0.
r [Main] 
r [Main] Final results: 
r [Main] Total real time: 10062 ms.
r [Main] Total memory consumed: 2127.9 MB.
r [Main] 
