c [Version] Minimize Makespan Labeling Encoder version 1.0.0.
c [Param] Target value is set to 204.
c [Param] LB is predefined as 205.
c [Param] UB is predefined as 1028.
c [Param] Target value is set to Antibandwidth.
c [Param] Vertices mode is set to Has hole.
c [Param] Result verification is ON.
c [Param] Memory limit is set to 30000.
c [Param] Real time limit is set to 1800.
c [Param] Max CNF size is set to 10.
c [Main] Search strategy: Incremental from upper bound.
c [Main] Encoding and solving for graph: W-685_bus.mtx.rnd.
c [Incremental] Minimize Makespan Labeling problem (W-685_bus.mtx.rnd):
c [Incremental] Encoding starts with target value = 204:
c [Incremental] Encoding duration: 9899ms.
c [Incremental] Number of clauses: 9253560.
c [Incremental] Number of variables: 1957805.
c [Incremental] Solving for max label = 1028:
c [Incremental] Solving duration: 457 ms.
s [Incremental] SAT (label = 1028).
c [Incremental] Label assignment: 817 613 613 1 817 1 409 409 205 409 613 1 613 1 613 817 409 409 613 205 613 1 409 613 1 613 613 205 613 205 613 205 409 613 409 205 205 205 1 613 409 409 1 817 205 613 205 409 409 205 613 205 205 409 409 409 205 205 1 613 205 409 817 409 205 817 409 817 205 1028 1 1 205 205 409 613 1028 409 1 1 613 1 613 817 409 205 409 613 205 205 205 205 1 1 409 409 409 409 613 205 409 205 409 613 205 409 409 205 205 409 205 613 1 205 409 205 1 409 817 409 817 409 409 409 205 613 409 409 409 205 205 205 409 1 1 205 205 205 817 205 409 817 1 205 1 205 1 1 409 817 1 205 409 817 409 613 1 205 205 409 1 409 613 409 205 1028 205 613 205 205 205 409 409 409 409 205 409 1 1 1 205 1 613 1 409 205 613 205 409 409 409 613 613 205 1 409 205 205 1 409 1 409 409 613 205 1 1 613 613 409 205 1 613 205 205 1 205 409 205 1 205 205 1 817 1 409 205 409 205 409 613 613 205 205 205 613 205 1 205 205 1 409 613 409 205 409 205 817 613 409 205 205 409 817 1 205 613 1 1 205 205 205 1 205 205 409 1 1 613 613 409 205 1 205 1 409 1 205 613 1 1 1 409 205 409 1 409 613 1 409 205 205 1 205 205 205 205 409 205 613 205 1 1 1 205 205 205 205 409 1 205 409 409 409 205 1 409 205 409 205 205 1 1 205 613 409 1 205 205 409 409 1 205 205 409 1 613 205 205 205 1 613 205 409 1 409 205 1 205 205 205 205 205 205 205 205 1 613 205 205 409 409 205 205 409 1 409 409 1 409 1 409 1 1 205 1 409 409 205 1 409 1 613 205 205 1 205 409 409 1 205 205 1 205 1 1 205 205 409 205 205 205 205 205 205 1 409 205 205 409 205 1 205 205 409 205 1 1 1 1 1 1 205 1 613 205 1 409 409 1 205 205 1 1 1 205 409 409 1 205 205 1 1 1 1 205 205 1 1 1 205 205 1 1 205 1 1 205 1 205 205 1 1 613 1 205 205 205 205 1 1 205 409 409 1 1 1 1 1 409 205 205 1 1 205 1 1 1 1 1 1 613 205 205 1 205 205 1 1 1 205 1 409 1 1 205 205 409 205 1 1 205 205 205 1 409 409 205 1 205 205 1 1 205 409 1 1 1 409 1 205 205 1 1 1 1 1 205 205 205 1 1 205 205 205 205 1 1 205 1 1 1 205 1 205 205 1 205 1 1 1 205 1 1 1 205 1 1 205 1 205 205 1 205 1 1 1 205 1 1 1 409 409 1 1 1 1 1 1 205 1 1 1 1 1 1 1 205 205 1 1 1 1 1 1 1 1 1 1 1 1 1 1 1 205 205 1 1 205 1 1 1 1 1 1 1 205 1 1 1 205 1 1 1 205 205 1 1 1 1 1 1 1 205 1 1 1 205 1 205 205 1 1 1 1 1 205 1 1 1 1 1 1 1 1 1 1 1 1 205 1 1 1 1 1 1 1 1 1 1 1 1 1 1 1 
c [Incremental] Max used label: 1028.
c [Incremental] Label 1028 is removed from searching.
c [Incremental] Solving for max label = 1027:
c [Incremental] Solving duration: 349 ms.
s [Incremental] SAT (label = 1027).
c [Incremental] Label assignment: 817 613 613 1 817 1 409 409 205 409 613 1 613 1 613 817 409 409 613 205 613 1 409 613 1 613 613 205 613 205 613 205 409 613 409 205 205 205 1 613 409 409 1 817 205 613 205 409 409 205 613 205 205 409 409 409 205 205 1 613 205 409 817 409 205 817 409 817 205 1027 1 1 205 205 409 613 1027 409 1 1 613 1 613 817 409 205 409 613 205 205 205 205 1 1 409 409 409 409 613 205 409 205 409 613 205 409 409 205 205 409 205 613 1 205 409 205 1 409 817 409 817 409 409 409 205 613 409 409 409 205 205 205 409 1 1 205 205 205 817 205 409 817 1 205 1 205 1 1 409 817 1 205 409 817 409 613 1 205 205 409 1 409 613 409 205 1027 205 613 205 205 205 409 409 409 409 205 409 1 1 1 205 1 613 1 409 205 613 205 409 409 409 613 613 205 1 409 205 205 1 409 1 409 409 613 205 1 1 613 613 409 205 1 613 205 205 1 205 409 205 1 205 205 1 817 1 409 205 409 205 409 613 613 205 205 205 613 205 1 205 205 1 409 613 409 205 409 205 817 613 409 205 205 409 817 1 205 613 1 1 205 205 205 1 205 205 409 1 1 613 613 409 205 1 205 1 409 1 205 613 1 1 1 409 205 409 1 409 613 1 409 205 205 1 205 205 205 205 409 205 613 205 1 1 1 205 205 205 205 409 1 205 409 409 409 205 1 409 205 409 205 205 1 1 205 613 409 1 205 205 409 409 1 205 205 409 1 613 205 205 205 1 613 205 409 1 409 205 1 205 205 205 205 205 205 205 205 1 613 205 205 409 409 205 205 409 1 409 409 1 409 1 409 1 1 205 1 409 409 205 1 409 1 613 205 205 1 205 409 409 1 205 205 1 205 1 1 205 205 409 205 205 205 205 205 205 1 409 205 205 409 205 1 205 205 409 205 1 1 1 1 1 1 205 1 613 205 1 409 409 1 205 205 1 1 1 205 409 409 1 205 205 1 1 1 1 205 205 1 1 1 205 205 1 1 205 1 1 205 1 205 205 1 1 613 1 205 205 205 205 1 1 205 409 409 1 1 1 1 1 409 205 205 1 1 205 1 1 1 1 1 1 613 205 205 1 205 205 1 1 1 205 1 409 1 1 205 205 409 205 1 1 205 205 205 1 409 409 205 1 205 205 1 1 205 409 1 1 1 409 1 205 205 1 1 1 1 1 205 205 205 1 1 205 205 205 205 1 1 205 1 1 1 205 1 205 205 1 205 1 1 1 205 1 1 1 205 1 1 205 1 205 205 1 205 1 1 1 205 1 1 1 409 409 1 1 1 1 1 1 205 1 1 1 1 1 1 1 205 205 1 1 1 1 1 1 1 1 1 1 1 1 1 1 1 205 205 1 1 205 1 1 1 1 1 1 1 205 1 1 1 205 1 1 1 205 205 1 1 1 1 1 1 1 205 1 1 1 205 1 205 205 1 1 1 1 1 205 1 1 1 1 1 1 1 1 1 1 1 1 205 1 1 1 1 1 1 1 1 1 1 1 1 1 1 1 
c [Incremental] Max used label: 1027.
c [Incremental] Label 1027 is removed from searching.
c [Incremental] Solving for max label = 1026:
c [Incremental] Solving duration: 345 ms.
s [Incremental] SAT (label = 1026).
c [Incremental] Label assignment: 817 613 613 1 817 1 409 409 205 409 613 1 613 1 613 817 409 409 613 205 613 1 409 613 1 613 613 205 613 205 613 205 409 613 409 205 205 205 1 613 409 409 1 817 205 613 205 409 409 205 613 205 205 409 409 409 205 205 1 613 205 409 817 409 205 817 409 817 205 1026 1 1 205 205 409 613 1026 409 1 1 613 1 613 817 409 205 409 613 205 205 205 205 1 1 409 409 409 409 613 205 409 205 409 613 205 409 409 205 205 409 205 613 1 205 409 205 1 409 817 409 817 409 409 409 205 613 409 409 409 205 205 205 409 1 1 205 205 205 817 205 409 817 1 205 1 205 1 1 409 817 1 205 409 817 409 613 1 205 205 409 1 409 613 409 205 1026 205 613 205 205 205 409 409 409 409 205 409 1 1 1 205 1 613 1 409 205 613 205 409 409 409 613 613 205 1 409 205 205 1 409 1 409 409 613 205 1 1 613 613 409 205 1 613 205 205 1 205 409 205 1 205 205 1 817 1 409 205 409 205 409 613 613 205 205 205 613 205 1 205 205 1 409 613 409 205 409 205 817 613 409 205 205 409 817 1 205 613 1 1 205 205 205 1 205 205 409 1 1 613 613 409 205 1 205 1 409 1 205 613 1 1 1 409 205 409 1 409 613 1 409 205 205 1 205 205 205 205 409 205 613 205 1 1 1 205 205 205 205 409 1 205 409 409 409 205 1 409 205 409 205 205 1 1 205 613 409 1 205 205 409 409 1 205 205 409 1 613 205 205 205 1 613 205 409 1 409 205 1 205 205 205 205 205 205 205 205 1 613 205 205 409 409 205 205 409 1 409 409 1 409 1 409 1 1 205 1 409 409 205 1 409 1 613 205 205 1 205 409 409 1 205 205 1 205 1 1 205 205 409 205 205 205 205 205 205 1 409 205 205 409 205 1 205 205 409 205 1 1 1 1 1 1 205 1 613 205 1 409 409 1 205 205 1 1 1 205 409 409 1 205 205 1 1 1 1 205 205 1 1 1 205 205 1 1 205 1 1 205 1 205 205 1 1 613 1 205 205 205 205 1 1 205 409 409 1 1 1 1 1 409 205 205 1 1 205 1 1 1 1 1 1 613 205 205 1 205 205 1 1 1 205 1 409 1 1 205 205 409 205 1 1 205 205 205 1 409 409 205 1 205 205 1 1 205 409 1 1 1 409 1 205 205 1 1 1 1 1 205 205 205 1 1 205 205 205 205 1 1 205 1 1 1 205 1 205 205 1 205 1 1 1 205 1 1 1 205 1 1 205 1 205 205 1 205 1 1 1 205 1 1 1 409 409 1 1 1 1 1 1 205 1 1 1 1 1 1 1 205 205 1 1 1 1 1 1 1 1 1 1 1 1 1 1 1 205 205 1 1 205 1 1 1 1 1 1 1 205 1 1 1 205 1 1 1 205 205 1 1 1 1 1 1 1 205 1 1 1 205 1 205 205 1 1 1 1 1 205 1 1 1 1 1 1 1 1 1 1 1 1 205 1 1 1 1 1 1 1 1 1 1 1 1 1 1 1 
c [Incremental] Max used label: 1026.
c [Incremental] Label 1026 is removed from searching.
c [Incremental] Solving for max label = 1025:
c [Incremental] Solving duration: 352 ms.
s [Incremental] SAT (label = 1025).
c [Incremental] Label assignment: 817 613 613 1 817 1 409 409 205 409 613 1 613 1 613 817 409 409 613 205 613 1 409 613 1 613 613 205 613 205 613 205 409 613 409 205 205 205 1 613 409 409 1 817 205 613 205 409 409 205 613 205 205 409 409 409 205 205 1 613 205 409 817 409 205 817 409 817 205 1025 1 1 205 205 409 613 1025 409 1 1 613 1 613 817 409 205 409 613 205 205 205 205 1 1 409 409 409 409 613 205 409 205 409 613 205 409 409 205 205 409 205 613 1 205 409 205 1 409 817 409 817 409 409 409 205 613 409 409 409 205 205 205 409 1 1 205 205 205 817 205 409 817 1 205 1 205 1 1 409 817 1 205 409 817 409 613 1 205 205 409 1 409 613 409 205 1025 205 613 205 205 205 409 409 409 409 205 409 1 1 1 205 1 613 1 409 205 613 205 409 409 409 613 613 205 1 409 205 205 1 409 1 409 409 613 205 1 1 613 613 409 205 1 613 205 205 1 205 409 205 1 205 205 1 817 1 409 205 409 205 409 613 613 205 205 205 613 205 1 205 205 1 409 613 409 205 409 205 817 613 409 205 205 409 817 1 205 613 1 1 205 205 205 1 205 205 409 1 1 613 613 409 205 1 205 1 409 1 205 613 1 1 1 409 205 409 1 409 613 1 409 205 205 1 205 205 205 205 409 205 613 205 1 1 1 205 205 205 205 409 1 205 409 409 409 205 1 409 205 409 205 205 1 1 205 613 409 1 205 205 409 409 1 205 205 409 1 613 205 205 205 1 613 205 409 1 409 205 1 205 205 205 205 205 205 205 205 1 613 205 205 409 409 205 205 409 1 409 409 1 409 1 409 1 1 205 1 409 409 205 1 409 1 613 205 205 1 205 409 409 1 205 205 1 205 1 1 205 205 409 205 205 205 205 205 205 1 409 205 205 409 205 1 205 205 409 205 1 1 1 1 1 1 205 1 613 205 1 409 409 1 205 205 1 1 1 205 409 409 1 205 205 1 1 1 1 205 205 1 1 1 205 205 1 1 205 1 1 205 1 205 205 1 1 613 1 205 205 205 205 1 1 205 409 409 1 1 1 1 1 409 205 205 1 1 205 1 1 1 1 1 1 613 205 205 1 205 205 1 1 1 205 1 409 1 1 205 205 409 205 1 1 205 205 205 1 409 409 205 1 205 205 1 1 205 409 1 1 1 409 1 205 205 1 1 1 1 1 205 205 205 1 1 205 205 205 205 1 1 205 1 1 1 205 1 205 205 1 205 1 1 1 205 1 1 1 205 1 1 205 1 205 205 1 205 1 1 1 205 1 1 1 409 409 1 1 1 1 1 1 205 1 1 1 1 1 1 1 205 205 1 1 1 1 1 1 1 1 1 1 1 1 1 1 1 205 205 1 1 205 1 1 1 1 1 1 1 205 1 1 1 205 1 1 1 205 205 1 1 1 1 1 1 1 205 1 1 1 205 1 205 205 1 1 1 1 1 205 1 1 1 1 1 1 1 1 1 1 1 1 205 1 1 1 1 1 1 1 1 1 1 1 1 1 1 1 
c [Incremental] Max used label: 1025.
c [Incremental] Label 1025 is removed from searching.
c [Incremental] Solving for max label = 1024:
c [Incremental] Solving duration: 350 ms.
s [Incremental] SAT (label = 1024).
c [Incremental] Label assignment: 817 613 613 1 817 1 409 409 205 409 613 1 613 1 613 817 409 409 613 205 613 1 409 613 1 613 613 205 613 205 613 205 409 613 409 205 205 205 1 613 409 409 1 817 205 613 205 409 409 205 613 205 205 409 409 409 205 205 1 613 205 409 817 409 205 817 409 817 205 1024 1 1 205 205 409 613 1024 409 1 1 613 1 613 817 409 205 409 613 205 205 205 205 1 1 409 409 409 409 613 205 409 205 409 613 205 409 409 205 205 409 205 613 1 205 409 205 1 409 817 409 817 409 409 409 205 613 409 409 409 205 205 205 409 1 1 205 205 205 817 205 409 817 1 205 1 205 1 1 409 817 1 205 409 817 409 613 1 205 205 409 1 409 613 409 205 1024 205 613 205 205 205 409 409 409 409 205 409 1 1 1 205 1 613 1 409 205 613 205 409 409 409 613 613 205 1 409 205 205 1 409 1 409 409 613 205 1 1 613 613 409 205 1 613 205 205 1 205 409 205 1 205 205 1 817 1 409 205 409 205 409 613 613 205 205 205 613 205 1 205 205 1 409 613 409 205 409 205 817 613 409 205 205 409 817 1 205 613 1 1 205 205 205 1 205 205 409 1 1 613 613 409 205 1 205 1 409 1 205 613 1 1 1 409 205 409 1 409 613 1 409 205 205 1 205 205 205 205 409 205 613 205 1 1 1 205 205 205 205 409 1 205 409 409 409 205 1 409 205 409 205 205 1 1 205 613 409 1 205 205 409 409 1 205 205 409 1 613 205 205 205 1 613 205 409 1 409 205 1 205 205 205 205 205 205 205 205 1 613 205 205 409 409 205 205 409 1 409 409 1 409 1 409 1 1 205 1 409 409 205 1 409 1 613 205 205 1 205 409 409 1 205 205 1 205 1 1 205 205 409 205 205 205 205 205 205 1 409 205 205 409 205 1 205 205 409 205 1 1 1 1 1 1 205 1 613 205 1 409 409 1 205 205 1 1 1 205 409 409 1 205 205 1 1 1 1 205 205 1 1 1 205 205 1 1 205 1 1 205 1 205 205 1 1 613 1 205 205 205 205 1 1 205 409 409 1 1 1 1 1 409 205 205 1 1 205 1 1 1 1 1 1 613 205 205 1 205 205 1 1 1 205 1 409 1 1 205 205 409 205 1 1 205 205 205 1 409 409 205 1 205 205 1 1 205 409 1 1 1 409 1 205 205 1 1 1 1 1 205 205 205 1 1 205 205 205 205 1 1 205 1 1 1 205 1 205 205 1 205 1 1 1 205 1 1 1 205 1 1 205 1 205 205 1 205 1 1 1 205 1 1 1 409 409 1 1 1 1 1 1 205 1 1 1 1 1 1 1 205 205 1 1 1 1 1 1 1 1 1 1 1 1 1 1 1 205 205 1 1 205 1 1 1 1 1 1 1 205 1 1 1 205 1 1 1 205 205 1 1 1 1 1 1 1 205 1 1 1 205 1 205 205 1 1 1 1 1 205 1 1 1 1 1 1 1 1 1 1 1 1 205 1 1 1 1 1 1 1 1 1 1 1 1 1 1 1 
c [Incremental] Max used label: 1024.
c [Incremental] Label 1024 is removed from searching.
c [Incremental] Solving for max label = 1023:
c [Incremental] Solving duration: 342 ms.
s [Incremental] SAT (label = 1023).
c [Incremental] Label assignment: 817 613 613 1 817 1 409 409 205 409 613 1 613 1 613 817 409 409 613 205 613 1 409 613 1 613 613 205 613 205 613 205 409 613 409 205 205 205 1 613 409 409 1 817 205 613 205 409 409 205 613 205 205 409 409 409 205 205 1 613 205 409 817 409 205 817 409 817 205 1023 1 1 205 205 409 613 1023 409 1 1 613 1 613 817 409 205 409 613 205 205 205 205 1 1 409 409 409 409 613 205 409 205 409 613 205 409 409 205 205 409 205 613 1 205 409 205 1 409 817 409 817 409 409 409 205 613 409 409 409 205 205 205 409 1 1 205 205 205 817 205 409 817 1 205 1 205 1 1 409 817 1 205 409 817 409 613 1 205 205 409 1 409 613 409 205 1023 205 613 205 205 205 409 409 409 409 205 409 1 1 1 205 1 613 1 409 205 613 205 409 409 409 613 613 205 1 409 205 205 1 409 1 409 409 613 205 1 1 613 613 409 205 1 613 205 205 1 205 409 205 1 205 205 1 817 1 409 205 409 205 409 613 613 205 205 205 613 205 1 205 205 1 409 613 409 205 409 205 817 613 409 205 205 409 817 1 205 613 1 1 205 205 205 1 205 205 409 1 1 613 613 409 205 1 205 1 409 1 205 613 1 1 1 409 205 409 1 409 613 1 409 205 205 1 205 205 205 205 409 205 613 205 1 1 1 205 205 205 205 409 1 205 409 409 409 205 1 409 205 409 205 205 1 1 205 613 409 1 205 205 409 409 1 205 205 409 1 613 205 205 205 1 613 205 409 1 409 205 1 205 205 205 205 205 205 205 205 1 613 205 205 409 409 205 205 409 1 409 409 1 409 1 409 1 1 205 1 409 409 205 1 409 1 613 205 205 1 205 409 409 1 205 205 1 205 1 1 205 205 409 205 205 205 205 205 205 1 409 205 205 409 205 1 205 205 409 205 1 1 1 1 1 1 205 1 613 205 1 409 409 1 205 205 1 1 1 205 409 409 1 205 205 1 1 1 1 205 205 1 1 1 205 205 1 1 205 1 1 205 1 205 205 1 1 613 1 205 205 205 205 1 1 205 409 409 1 1 1 1 1 409 205 205 1 1 205 1 1 1 1 1 1 613 205 205 1 205 205 1 1 1 205 1 409 1 1 205 205 409 205 1 1 205 205 205 1 409 409 205 1 205 205 1 1 205 409 1 1 1 409 1 205 205 1 1 1 1 1 205 205 205 1 1 205 205 205 205 1 1 205 1 1 1 205 1 205 205 1 205 1 1 1 205 1 1 1 205 1 1 205 1 205 205 1 205 1 1 1 205 1 1 1 409 409 1 1 1 1 1 1 205 1 1 1 1 1 1 1 205 205 1 1 1 1 1 1 1 1 1 1 1 1 1 1 1 205 205 1 1 205 1 1 1 1 1 1 1 205 1 1 1 205 1 1 1 205 205 1 1 1 1 1 1 1 205 1 1 1 205 1 205 205 1 1 1 1 1 205 1 1 1 1 1 1 1 1 1 1 1 1 205 1 1 1 1 1 1 1 1 1 1 1 1 1 1 1 
c [Incremental] Max used label: 1023.
c [Incremental] Label 1023 is removed from searching.
c [Incremental] Solving for max label = 1022:
c [Incremental] Solving duration: 343 ms.
s [Incremental] SAT (label = 1022).
c [Incremental] Label assignment: 817 613 613 1 817 1 409 409 205 409 613 1 613 1 613 817 409 409 613 205 613 1 409 613 1 613 613 205 613 205 613 205 409 613 409 205 205 205 1 613 409 409 1 817 205 613 205 409 409 205 613 205 205 409 409 409 205 205 1 613 205 409 817 409 205 817 409 817 205 1021 1 1 205 205 409 613 1021 409 1 1 613 1 613 817 409 205 409 613 205 205 205 205 1 1 409 409 409 409 613 205 409 205 409 613 205 409 409 205 205 409 205 613 1 205 409 205 1 409 817 409 817 409 409 409 205 613 409 409 409 205 205 205 409 1 1 205 205 205 817 205 409 817 1 205 1 205 1 1 409 817 1 205 409 817 409 613 1 205 205 409 1 409 613 409 205 1021 205 613 205 205 205 409 409 409 409 205 409 1 1 1 205 1 613 1 409 205 613 205 409 409 409 613 613 205 1 409 205 205 1 409 1 409 409 613 205 1 1 613 613 409 205 1 613 205 205 1 205 409 205 1 205 205 1 817 1 409 205 409 205 409 613 613 205 205 205 613 205 1 205 205 1 409 613 409 205 409 205 817 613 409 205 205 409 817 1 205 613 1 1 205 205 205 1 205 205 409 1 1 613 613 409 205 1 205 1 409 1 205 613 1 1 1 409 205 409 1 409 613 1 409 205 205 1 205 205 205 205 409 205 613 205 1 1 1 205 205 205 205 409 1 205 409 409 409 205 1 409 205 409 205 205 1 1 205 613 409 1 205 205 409 409 1 205 205 409 1 613 205 205 205 1 613 205 409 1 409 205 1 205 205 205 205 205 205 205 205 1 613 205 205 409 409 205 205 409 1 409 409 1 409 1 409 1 1 205 1 409 409 205 1 409 1 613 205 205 1 205 409 409 1 205 205 1 205 1 1 205 205 409 205 205 205 205 205 205 1 409 205 205 409 205 1 205 205 409 205 1 1 1 1 1 1 205 1 613 205 1 409 409 1 205 205 1 1 1 205 409 409 1 205 205 1 1 1 1 205 205 1 1 1 205 205 1 1 205 1 1 205 1 205 205 1 1 613 1 205 205 205 205 1 1 205 409 409 1 1 1 1 1 409 205 205 1 1 205 1 1 1 1 1 1 613 205 205 1 205 205 1 1 1 205 1 409 1 1 205 205 409 205 1 1 205 205 205 1 409 409 205 1 205 205 1 1 205 409 1 1 1 409 1 205 205 1 1 1 1 1 205 205 205 1 1 205 205 205 205 1 1 205 1 1 1 205 1 205 205 1 205 1 1 1 205 1 1 1 205 1 1 205 1 205 205 1 205 1 1 1 205 1 1 1 409 409 1 1 1 1 1 1 205 1 1 1 1 1 1 1 205 205 1 1 1 1 1 1 1 1 1 1 1 1 1 1 1 205 205 1 1 205 1 1 1 1 1 1 1 205 1 1 1 205 1 1 1 205 205 1 1 1 1 1 1 1 205 1 1 1 205 1 205 205 1 1 1 1 1 205 1 1 1 1 1 1 1 1 1 1 1 1 205 1 1 1 1 1 1 1 1 1 1 1 1 1 1 1 
c [Incremental] Max used label: 1021.
c [Incremental] Label 1022 is removed from searching.
c [Incremental] Label 1021 is removed from searching.
c [Incremental] Solving for max label = 1020:
c [Incremental] Solving duration: 1571 ms.
s [Incremental] UNSAT (label = 1020).
c [Signal] Signal interruption. Caught signal: SIGTERM (15).
c [Main] Work pid ends with result: 0.
r [Main] 
r [Main] Final results: 
r [Main] Total real time: 14370 ms.
r [Main] Total memory consumed: 2375.1 MB.
r [Main] 
