c [Version] Minimize Makespan Labeling Encoder version 1.0.0.
c [Param] LB is predefined as 61.
c [Param] UB is predefined as 212.
c [Param] Memory limit is set to 30000.
c [Param] Real time limit is set to 1800.
c [Main] Search strategy: Incremental from upper bound.
c [Main] Encoding and solving for graph: O-impcol_d.mtx.rnd.
c [Incremental] Minimize Makespan Labeling Antibandwidth problem (O-impcol_d.mtx.rnd):
c [Incremental] Encoding starts with target value = 60:
c [Incremental] Encoding duration: 1136ms.
c [Incremental] Number of clauses: 1425405.
c [Incremental] Number of variables: 228012.
c [Incremental] Solving for max label = 212:
c [Incremental] Solving duration: 72123 ms.
s [Incremental] SAT (label = 212).
Label assignment: 32 6 92 48 1 4 212 73 212 185 207 3 152 92 180 6 133 81 186 61 171 1 115 152 23 165 70 7 152 146 72 4 152 13 92 212 3 152 63 25 155 208 1 131 44 7 212 87 6 16 134 212 212 152 104 75 24 61 39 201 152 212 24 98 7 1 154 20 195 111 92 152 1 109 212 118 92 67 36 152 72 98 152 212 176 92 212 87 103 103 212 152 3 5 6 82 69 144 197 212 152 152 175 212 152 117 212 6 181 92 51 212 49 212 147 67 138 25 212 104 170 25 92 212 111 125 61 198 212 61 50 212 193 88 212 66 5 202 24 25 70 152 8 151 25 212 11 127 35 120 212 66 23 212 126 152 212 212 79 9 87 173 2 7 108 12 184 131 46 23 24 136 212 192 212 212 177 187 1 190 92 117 92 185 212 210 13 20 212 42 182 92 152 117 80 206 147 105 56 212 152 138 159 212 1 76 212 69 13 124 25 32 26 43 179 62 1 212 73 95 166 92 13 37 212 112 158 136 77 13 212 3 212 84 60 5 139 73 169 5 41 92 7 178 212 7 113 1 88 130 92 13 85 152 73 107 71 2 152 212 9 203 123 212 152 55 164 212 212 74 9 90 1 74 59 22 152 14 163 73 157 92 162 102 152 152 92 106 212 100 45 152 53 212 153 212 150 92 1 94 194 14 183 156 65 90 167 2 69 152 84 19 149 33 212 1 212 143 84 211 9 27 152 1 204 212 160 205 172 92 92 152 168 28 212 212 142 212 6 92 212 110 212 212 21 73 137 4 68 152 152 101 200 122 135 3 128 9 57 18 10 141 91 212 152 77 52 152 122 174 58 92 31 40 152 212 15 116 129 140 114 212 99 123 212 199 148 188 47 212 86 97 38 73 121 191 1 83 93 133 30 89 65 152 75 212 152 132 117 96 189 145 196 119 144 54 17 34 64 152 92 161 78 209 29 
c [Incremental] Max used label: 212.
c [Incremental] Label 212 is removed from searching.
c [Incremental] Solving for max label = 211:
c [Incremental] Solving duration: 333 ms.
s [Incremental] SAT (label = 211).
Label assignment: 24 6 92 48 1 4 208 73 211 185 207 3 147 91 180 6 133 81 186 61 171 1 115 151 23 165 70 7 147 146 72 4 151 13 91 211 3 147 63 25 155 208 1 131 44 7 1 87 6 16 140 211 211 151 104 75 24 61 39 201 208 211 24 98 7 1 154 20 195 111 91 147 1 109 208 118 91 67 36 147 72 98 152 211 176 91 211 87 103 103 211 151 3 5 6 82 69 144 197 208 151 151 175 211 152 117 211 6 181 91 51 211 49 208 147 67 138 25 208 104 170 25 91 211 111 125 61 198 211 61 50 211 193 87 211 66 5 202 24 25 70 151 8 147 25 211 11 127 35 120 211 66 23 211 126 151 6 211 79 9 87 173 2 7 108 12 184 131 46 23 24 136 208 192 211 211 177 187 1 190 87 117 91 185 211 210 13 20 208 42 182 91 151 117 80 206 147 105 56 211 151 138 159 211 1 76 211 69 13 124 25 26 26 43 179 62 130 211 73 95 166 91 13 37 211 112 158 136 77 13 211 3 208 84 60 5 139 73 169 5 41 87 7 178 211 7 113 1 88 135 92 13 85 151 73 107 71 2 152 211 9 203 123 211 151 55 164 211 211 74 9 90 1 80 59 22 151 14 163 73 157 92 162 102 151 151 92 106 211 100 45 151 53 211 153 147 150 92 1 94 194 19 183 156 65 90 167 2 69 151 84 17 149 33 91 1 208 143 84 211 9 27 151 1 204 211 160 205 172 70 91 152 168 28 91 208 142 211 6 91 211 110 211 211 32 73 137 4 68 151 151 101 200 122 134 3 128 9 57 18 10 141 91 208 151 77 52 151 122 174 58 90 31 40 151 208 15 116 129 140 114 211 99 123 208 199 148 188 47 211 86 97 38 73 121 191 1 83 93 133 30 89 65 151 75 122 151 132 117 96 189 145 196 119 144 54 21 34 64 151 91 161 78 209 29 
c [Incremental] Max used label: 211.
c [Incremental] Label 211 is removed from searching.
c [Incremental] Solving for max label = 210:
c [Incremental] Solving duration: 33019 ms.
s [Incremental] SAT (label = 210).
Label assignment: 27 1 122 1 1 1 144 73 36 210 132 3 154 87 178 149 86 210 132 101 210 144 115 150 23 153 204 7 2 141 2 4 150 202 87 210 140 148 1 12 174 208 38 1 105 149 2 147 150 16 124 55 210 2 88 67 4 82 210 204 180 181 35 73 195 5 155 20 150 117 90 2 113 117 179 118 1 86 57 106 206 98 2 210 176 103 7 210 93 81 183 59 78 150 150 80 90 3 197 88 150 2 175 140 210 136 45 148 189 148 196 207 49 207 68 70 138 201 25 18 2 2 90 210 100 194 23 198 210 204 73 39 203 3 209 69 210 209 30 7 58 150 14 2 6 203 143 150 210 109 208 66 150 210 5 147 210 52 205 1 1 173 147 108 100 81 116 7 53 15 62 192 210 149 210 210 151 193 1 210 88 46 65 185 1 187 1 20 208 61 182 66 150 107 69 204 60 72 104 65 123 138 29 210 1 1 210 69 41 126 76 28 1 128 172 114 150 197 73 119 133 90 13 1 209 79 186 92 77 90 200 43 3 84 121 142 74 78 23 208 6 66 8 12 210 188 120 88 88 83 92 1 85 65 210 118 71 150 157 209 206 134 147 124 150 210 170 34 210 209 9 64 32 191 110 22 150 63 210 73 168 92 171 97 1 17 90 102 210 66 50 210 66 210 158 5 67 92 1 94 210 13 152 163 2 90 180 24 89 184 90 37 69 33 62 23 156 210 210 207 130 67 149 25 206 210 162 5 169 90 90 210 198 6 210 136 48 180 129 69 210 146 210 208 7 204 6 8 20 210 95 91 144 44 1 10 128 208 208 4 25 75 210 177 166 77 51 131 54 210 42 90 210 19 148 208 145 112 3 31 164 190 99 85 199 144 75 56 47 210 17 160 11 73 209 210 67 40 96 139 5 127 74 150 75 74 21 26 119 62 165 145 159 111 77 167 6 137 134 125 13 209 161 135 18 
c [Incremental] Max used label: 210.
c [Incremental] Label 210 is removed from searching.
c [Incremental] Solving for max label = 209:
c [Incremental] Solving duration: 250 ms.
s [Incremental] SAT (label = 209).
Label assignment: 27 1 122 1 1 1 144 73 36 209 132 3 154 87 178 149 86 209 132 101 209 144 115 149 23 153 204 7 2 141 2 4 149 202 87 209 140 148 1 12 174 208 38 1 105 149 2 147 149 16 124 55 209 2 88 67 4 82 209 204 180 181 35 73 195 5 155 20 149 117 89 2 113 117 179 118 1 86 57 106 206 98 2 209 176 103 7 209 93 81 183 59 78 149 149 80 90 3 197 88 149 2 175 140 209 136 45 148 189 148 196 207 49 207 68 70 138 201 25 18 2 2 89 209 100 194 23 198 209 204 73 39 203 3 209 69 209 209 29 7 58 149 14 2 6 203 143 149 209 109 208 66 149 209 5 147 151 52 205 1 1 173 147 108 100 81 116 7 53 15 62 192 209 149 209 209 150 193 1 209 88 46 65 185 1 187 1 20 208 61 182 66 149 107 69 204 60 72 104 65 123 138 29 209 1 1 209 69 41 126 76 28 1 128 172 114 149 197 73 119 133 89 13 1 209 79 186 92 77 90 200 43 3 84 121 142 74 78 23 208 6 66 8 12 209 188 120 88 88 83 92 1 85 65 209 118 71 149 157 209 206 134 147 124 149 209 170 34 209 209 9 64 32 191 110 22 149 63 209 73 168 92 171 97 1 17 89 102 209 66 50 209 66 209 158 5 67 92 1 94 209 13 152 163 2 89 180 24 89 184 89 37 69 33 62 23 156 209 209 207 130 67 149 25 206 209 162 5 169 89 89 209 198 6 209 136 48 180 129 69 209 146 209 208 7 204 6 8 20 209 95 91 144 44 1 10 128 208 208 4 31 75 209 177 166 77 51 131 54 209 42 89 209 19 148 208 145 112 3 30 164 190 99 85 199 144 75 56 47 209 17 160 11 73 209 209 67 40 96 139 5 127 74 149 75 74 21 26 119 62 165 145 159 111 77 167 6 137 134 125 13 209 161 135 18 
c [Incremental] Max used label: 209.
c [Incremental] Label 209 is removed from searching.
c [Incremental] Solving for max label = 208:
c [Incremental] Solving duration: 17860 ms.
s [Incremental] SAT (label = 208).
Label assignment: 62 132 88 208 201 208 66 197 88 122 208 106 208 197 28 124 208 87 1 208 122 4 208 208 81 21 148 194 123 208 9 8 65 208 207 4 123 208 65 62 207 35 145 208 119 177 126 208 123 61 60 208 192 109 168 208 65 206 122 122 124 88 62 208 148 133 70 29 62 194 208 3 208 207 77 207 5 208 208 208 63 208 26 154 208 148 123 208 88 88 208 128 144 174 88 207 148 53 96 208 124 3 3 44 3 7 88 1 10 138 139 208 147 122 29 107 208 208 90 208 140 5 148 5 169 179 39 70 2 148 208 2 148 62 1 208 172 115 74 208 89 23 208 113 64 208 91 157 28 160 147 208 208 180 61 3 24 31 2 208 208 115 208 208 165 141 208 127 6 56 208 122 111 203 148 208 108 5 1 198 2 1 130 105 68 208 64 208 79 8 148 29 23 7 186 122 51 29 7 204 208 3 11 4 208 13 208 29 208 7 191 23 64 120 98 34 148 129 43 65 148 208 122 190 148 55 137 182 45 203 101 24 29 208 93 173 62 142 57 152 161 148 208 59 148 134 208 208 187 85 71 2 167 69 148 170 188 63 123 208 121 208 29 181 148 122 54 97 84 148 3 175 115 120 48 88 14 88 28 62 78 208 73 123 2 28 185 196 4 27 171 3 178 82 117 62 2 66 49 159 151 24 148 103 104 208 24 143 148 92 208 136 3 148 148 64 208 3 135 176 208 183 2 64 119 4 75 2 80 208 208 73 100 5 166 208 208 208 19 20 4 153 125 86 2 148 114 148 32 42 184 202 208 200 1 2 155 63 95 149 22 208 150 164 199 18 5 118 208 15 163 83 4 208 62 76 162 16 17 47 46 38 74 5 72 208 208 102 50 148 12 40 146 148 131 67 205 37 58 208 195 36 41 65 63 189 112 3 33 30 208 208 99 158 1 116 156 193 25 208 64 94 110 208 52 
c [Incremental] Max used label: 208.
c [Incremental] Label 208 is removed from searching.
c [Incremental] Solving for max label = 207:
c [Incremental] Solving duration: 315 ms.
s [Incremental] SAT (label = 207).
Label assignment: 62 132 87 207 201 207 66 197 87 122 207 106 207 197 27 124 207 87 1 207 122 4 207 207 81 21 147 194 123 207 9 8 65 207 207 4 123 207 65 62 207 35 145 207 119 177 126 207 123 88 60 207 192 109 168 207 65 206 122 122 124 87 62 207 147 133 70 29 62 194 207 3 207 207 77 207 5 207 207 207 63 207 26 154 207 147 123 207 87 87 207 128 144 174 87 207 147 53 96 207 124 3 3 44 3 7 87 1 10 138 139 207 147 122 29 107 207 207 90 207 140 5 147 5 169 179 39 70 2 147 207 2 147 62 1 207 172 115 74 207 89 23 207 113 64 207 91 157 27 160 147 207 207 180 61 3 24 31 2 207 207 115 207 207 165 141 207 127 6 56 207 122 111 203 147 207 108 5 1 198 2 1 130 105 68 207 64 207 79 8 147 29 23 7 186 122 51 29 7 204 207 3 11 4 207 13 207 29 207 7 191 23 64 120 98 34 147 129 43 65 147 207 122 190 147 55 137 182 45 203 101 24 29 207 93 173 62 142 57 152 161 147 207 59 147 134 148 207 187 85 71 2 167 69 147 170 188 63 123 207 121 207 28 181 147 122 54 97 84 147 3 175 115 120 48 87 14 87 27 62 78 207 73 123 2 27 185 196 4 27 171 3 178 82 117 62 2 66 49 159 151 24 147 103 104 207 24 143 147 92 207 136 3 147 147 64 207 3 135 176 207 183 2 64 119 4 75 2 80 207 207 73 100 5 166 207 207 207 19 20 4 153 125 86 2 147 114 147 32 42 184 202 207 200 1 2 155 63 95 149 22 207 150 164 199 18 5 118 207 15 163 83 4 207 62 76 162 16 17 47 46 38 74 5 72 207 207 102 50 147 12 40 146 147 131 67 205 37 58 207 195 36 41 65 63 189 112 3 33 30 207 207 99 158 1 116 156 193 25 207 64 94 110 207 52 
c [Incremental] Max used label: 207.
c [Incremental] Label 207 is removed from searching.
c [Incremental] Solving for max label = 206:
c [Incremental] Solving duration: 7876 ms.
s [Incremental] SAT (label = 206).
Label assignment: 61 96 156 79 82 206 123 146 206 166 4 106 206 146 146 124 146 206 6 72 1 4 80 21 7 73 206 146 63 146 61 12 61 206 121 206 146 121 206 86 150 162 11 13 61 155 74 4 124 12 7 151 132 116 62 206 206 19 86 206 206 142 11 2 146 71 1 61 206 123 206 63 121 115 180 100 70 206 22 4 182 121 26 99 93 3 83 146 175 204 159 105 206 206 123 134 12 13 167 206 1 3 9 13 28 86 206 206 124 146 171 206 5 81 64 57 117 169 7 1 146 206 205 61 4 206 46 206 206 206 95 27 69 64 206 3 206 10 4 1 206 65 125 87 64 152 206 1 37 3 206 3 203 206 206 136 68 185 206 154 163 1 146 3 1 1 168 109 206 206 4 91 206 11 77 206 130 92 206 206 146 96 206 177 85 206 1 36 206 147 96 64 124 97 189 206 64 45 1 204 124 125 8 206 146 61 206 30 206 113 146 61 64 3 161 14 12 206 15 29 121 124 63 158 61 3 164 138 16 3 196 111 25 206 3 160 1 3 44 172 9 146 3 149 3 120 4 190 133 63 90 61 146 146 206 206 206 144 1 201 124 123 88 191 4 20 131 85 1 198 24 146 7 86 35 4 206 54 84 3 181 206 41 124 63 63 49 34 206 197 11 13 120 38 206 11 1 137 146 143 139 194 127 206 98 121 101 124 2 18 140 55 4 184 146 61 103 76 192 178 206 174 206 61 193 206 141 135 48 122 145 1 1 206 153 123 110 123 66 64 206 1 1 186 112 62 118 12 78 60 11 11 124 95 32 187 11 3 206 199 2 26 86 176 148 50 146 4 170 94 119 195 146 51 11 47 206 165 202 63 188 39 58 67 157 123 1 114 43 64 90 89 183 206 108 206 206 86 104 129 102 40 31 86 59 146 128 52 146 33 126 107 200 56 53 173 121 75 42 23 86 146 179 4 17 
c [Incremental] Max used label: 206.
c [Incremental] Label 206 is removed from searching.
c [Incremental] Solving for max label = 205:
c [Incremental] Solving duration: 44177 ms.
s [Incremental] SAT (label = 205).
Label assignment: 205 1 205 54 205 1 205 73 36 201 1 3 163 85 178 145 83 145 132 101 143 144 27 135 46 168 145 4 205 141 2 4 145 205 81 205 198 205 4 205 141 131 38 55 105 204 126 148 199 16 80 28 205 2 29 62 3 10 205 145 145 181 34 7 195 1 205 1 143 205 85 1 145 205 143 111 3 85 121 127 145 98 143 84 176 103 1 205 203 205 183 52 80 145 205 80 90 3 204 85 145 2 175 141 137 23 45 143 189 205 205 205 49 151 68 85 205 201 25 18 6 205 80 97 110 205 23 145 11 145 73 39 205 67 144 129 203 203 17 5 16 205 25 2 2 203 145 113 205 102 152 66 85 141 5 143 205 8 3 8 89 85 77 205 100 202 205 7 53 15 77 158 205 205 145 85 146 99 1 1 61 47 63 180 1 202 1 20 145 200 120 85 205 26 64 205 63 72 104 73 205 205 25 205 3 25 88 91 41 125 85 1 25 205 205 205 145 145 86 187 85 85 202 40 205 79 118 112 77 60 205 25 3 205 156 145 63 78 17 205 35 205 57 205 145 189 107 85 67 205 31 3 85 205 145 117 68 145 145 205 191 134 93 109 145 192 167 43 145 202 59 205 32 140 106 20 205 63 145 82 160 92 171 94 4 17 23 122 205 169 50 205 66 115 154 25 4 66 80 87 205 3 145 164 2 85 177 12 96 150 85 83 197 33 62 23 172 205 145 193 194 66 145 25 147 205 173 3 162 85 77 190 159 205 85 136 48 174 69 85 205 166 25 108 83 205 6 25 1 138 116 67 142 44 1 3 85 139 157 6 25 63 203 155 170 71 85 145 51 205 42 77 196 76 1 119 145 184 3 37 179 185 25 205 188 144 30 55 56 137 17 149 161 65 128 186 67 22 205 145 123 130 75 145 74 58 9 24 61 95 165 205 172 114 85 182 14 70 133 124 13 21 153 145 19 
c [Incremental] Max used label: 205.
c [Incremental] Label 205 is removed from searching.
c [Incremental] Solving for max label = 204:
c [Incremental] Solving duration: 23474 ms.
s [Incremental] SAT (label = 204).
Label assignment: 203 202 202 54 203 1 204 28 36 201 1 3 163 80 178 145 83 144 132 101 122 144 5 135 46 168 144 4 125 141 2 4 144 198 81 144 198 204 4 204 141 131 38 125 105 204 126 148 199 16 80 32 204 2 29 62 3 10 203 145 142 181 34 7 195 1 203 1 143 204 84 2 124 203 143 111 3 83 121 127 204 98 143 84 176 103 204 204 203 204 183 52 80 145 202 80 90 3 204 84 204 2 175 137 137 1 45 143 189 202 65 203 82 151 68 74 203 201 22 44 1 203 80 97 79 204 23 145 11 144 73 79 204 67 143 129 203 203 17 5 16 204 23 2 2 203 204 204 202 204 152 66 82 141 5 143 204 8 204 8 89 64 77 25 204 202 204 7 53 15 77 158 202 203 144 84 146 99 1 1 62 47 63 180 1 202 204 20 143 200 118 80 202 49 64 201 63 84 104 73 203 4 24 144 3 3 88 91 41 125 83 1 18 204 187 204 204 139 87 174 204 84 142 40 16 79 119 112 77 60 204 4 3 198 156 144 63 78 17 198 35 204 57 204 142 185 78 77 67 204 31 129 65 204 136 117 68 144 143 202 191 3 93 109 204 192 167 43 143 194 59 83 33 140 106 19 201 63 142 66 160 96 171 94 4 17 23 122 144 169 65 23 66 113 154 5 4 66 80 27 144 204 138 164 2 76 177 204 100 150 79 39 197 37 62 23 172 204 143 193 186 66 143 24 147 144 173 3 116 84 77 190 159 204 84 2 5 174 69 69 144 166 15 108 83 204 6 23 1 138 110 26 3 1 1 137 85 139 157 6 74 63 203 155 170 86 82 144 51 102 42 75 196 48 2 120 162 184 3 92 107 179 24 204 61 3 30 55 56 137 17 149 161 65 115 188 67 22 182 144 123 130 72 143 71 58 9 21 61 95 165 14 172 114 83 50 13 70 133 128 12 9 153 134 16 
c [Incremental] Max used label: 204.
c [Incremental] Label 204 is removed from searching.
c [Incremental] Solving for max label = 203:
c [Incremental] Solving duration: 24368 ms.
s [Incremental] SAT (label = 203).
Label assignment: 203 202 202 54 203 1 203 31 36 201 1 3 163 80 178 145 83 138 132 101 122 141 5 135 49 168 143 4 125 141 2 4 143 198 81 143 198 203 67 203 141 131 38 125 105 203 126 148 199 16 80 32 63 2 51 62 3 10 203 145 142 181 41 7 195 1 203 1 143 203 83 2 124 203 143 111 3 83 121 1 203 98 143 77 176 103 203 203 203 203 183 52 80 145 202 80 90 3 62 69 203 2 175 137 137 1 45 143 189 202 65 203 82 151 87 62 203 201 22 44 1 203 80 97 79 203 23 145 11 140 73 79 203 84 143 129 203 203 17 2 122 203 12 2 2 203 203 203 202 203 152 85 82 141 25 143 203 64 2 8 89 64 3 26 203 202 203 7 53 15 77 158 203 203 143 77 146 99 1 1 62 58 63 180 1 202 203 10 143 200 118 80 203 57 64 201 63 83 104 70 203 4 23 134 2 3 88 91 40 46 83 1 14 202 187 203 203 139 123 174 203 74 142 50 3 79 119 112 84 60 203 4 3 198 156 143 62 78 4 198 33 202 1 202 142 185 78 64 67 61 30 129 65 65 136 117 68 143 143 202 191 203 93 109 203 192 167 43 143 2 59 83 3 140 120 17 201 63 142 62 160 96 171 94 4 17 12 122 143 169 143 23 66 113 154 5 24 66 80 34 143 203 124 164 2 81 177 197 100 150 79 83 203 1 28 4 172 203 143 193 186 66 143 14 147 143 173 203 116 83 77 190 159 203 69 203 5 174 69 69 134 166 19 108 76 2 6 21 1 138 110 35 203 1 1 122 85 139 157 6 74 63 203 155 170 86 29 144 47 102 42 64 196 27 2 107 162 194 3 92 106 179 17 184 61 182 37 55 56 141 18 149 161 65 115 188 67 20 62 143 123 130 72 143 71 48 9 9 61 95 165 14 172 114 75 39 4 1 133 128 1 9 153 127 13 
c [Incremental] Max used label: 203.
c [Incremental] Label 203 is removed from searching.
c [Incremental] Solving for max label = 202:
c [Incremental] Solving duration: 26848 ms.
s [Incremental] SAT (label = 202).
Label assignment: 202 202 202 54 72 1 200 74 36 201 1 3 142 80 178 145 199 202 132 101 199 141 5 135 49 168 140 142 199 141 65 4 202 198 72 139 198 140 67 202 97 184 38 125 105 202 126 148 199 12 80 32 63 2 51 62 3 82 113 202 142 181 41 107 195 1 153 1 12 121 98 2 139 199 143 114 3 82 2 1 123 67 202 77 176 112 142 111 202 202 183 52 202 151 202 79 90 3 62 137 201 2 147 137 137 141 45 139 189 66 202 202 62 6 87 62 131 201 22 44 1 142 202 80 79 202 70 202 11 1 73 202 138 84 156 129 200 202 1 2 68 1 202 2 14 197 63 202 174 201 152 85 82 73 25 27 194 3 127 8 89 64 3 22 70 202 186 7 53 15 77 158 202 175 142 77 146 99 1 1 202 58 63 144 1 202 202 10 202 200 118 123 81 57 64 201 63 95 104 70 140 4 23 134 131 3 125 91 40 46 19 1 12 202 169 202 200 139 123 159 8 74 202 50 3 79 171 141 88 60 138 4 3 180 202 143 66 78 123 198 33 65 82 142 142 202 78 21 67 142 30 132 65 202 136 117 68 202 14 202 191 6 102 109 199 202 164 43 201 192 59 72 3 202 120 17 201 63 142 62 160 78 142 94 4 17 202 122 140 155 142 22 96 201 154 5 24 66 22 34 187 141 119 22 2 81 177 197 103 161 79 67 201 1 28 5 172 2 63 193 190 66 142 7 3 140 165 202 116 77 63 149 162 142 86 6 110 163 69 126 134 157 7 61 100 142 26 185 81 138 142 35 2 1 202 202 93 202 202 6 74 63 79 150 166 138 29 188 47 133 42 202 202 21 2 71 196 179 3 82 76 170 17 182 62 6 1 55 56 141 20 31 167 65 115 202 198 13 92 202 2 130 83 202 136 48 9 9 142 108 173 2 202 106 124 39 16 75 133 142 79 37 142 128 18 
c [Incremental] Max used label: 202.
c [Incremental] Label 202 is removed from searching.
c [Incremental] Solving for max label = 201:
c [Incremental] Solving duration: 248 ms.
s [Incremental] SAT (label = 201).
Label assignment: 201 201 201 54 72 1 200 74 36 201 1 3 141 80 178 145 199 201 132 101 199 141 5 135 49 168 140 141 199 141 65 4 201 198 72 139 198 140 67 201 97 184 38 125 105 201 126 148 199 12 80 32 63 2 51 62 3 81 113 201 141 181 41 107 195 1 153 1 12 121 98 2 139 199 143 114 3 81 2 1 123 67 201 77 176 112 141 111 201 201 183 52 201 151 201 79 90 3 62 137 201 2 147 137 137 141 45 139 189 66 201 201 62 6 87 62 131 201 21 44 1 141 201 80 79 201 70 201 11 1 83 201 138 84 156 129 200 201 1 2 68 1 201 2 14 197 63 201 174 201 152 85 81 73 25 27 194 3 127 8 89 64 3 21 70 201 186 7 53 15 77 158 201 175 141 77 146 99 1 1 201 58 63 144 1 201 201 10 201 200 118 123 81 57 64 201 63 95 104 70 140 4 23 134 131 3 125 91 40 46 19 1 12 201 169 201 200 139 123 159 8 74 201 50 3 79 171 141 88 60 138 4 3 180 201 142 66 78 123 198 33 65 81 141 141 201 78 21 67 141 30 132 65 201 136 117 68 201 14 201 191 6 102 109 199 201 164 43 201 192 59 72 3 201 120 17 201 63 141 62 160 78 141 94 4 17 201 122 140 155 141 21 96 201 154 5 24 66 21 34 187 141 119 21 2 81 177 197 103 161 79 28 201 1 22 5 172 2 63 193 190 66 141 7 3 140 165 201 116 77 63 149 162 141 86 6 110 163 69 126 134 157 7 61 100 141 26 185 81 138 141 35 2 1 201 201 93 201 201 6 74 63 79 150 166 138 29 188 47 133 42 201 201 21 2 71 196 179 3 81 76 170 17 182 62 6 1 55 56 141 20 31 167 65 115 201 198 13 92 201 2 130 82 201 136 48 9 9 141 108 173 2 201 106 124 39 16 75 133 141 79 37 141 128 18 
c [Incremental] Max used label: 201.
c [Incremental] Label 201 is removed from searching.
c [Incremental] Solving for max label = 200:
c [Incremental] Solving duration: 334 ms.
s [Incremental] SAT (label = 200).
Label assignment: 200 200 200 54 72 1 200 74 36 200 1 3 140 80 178 145 199 200 132 101 199 140 5 135 49 168 140 140 199 140 65 4 200 198 72 139 198 140 67 200 97 184 38 125 105 200 142 148 199 12 80 32 63 2 51 62 3 80 113 200 140 181 41 107 195 1 153 1 12 121 98 2 139 199 143 114 3 80 2 1 123 67 200 77 176 112 140 111 200 200 183 52 200 151 200 79 90 3 62 137 200 2 147 137 137 140 45 139 189 66 200 200 62 6 87 62 131 200 19 44 1 140 200 80 79 200 28 200 11 1 83 200 138 84 156 129 200 200 1 2 68 1 200 2 14 197 63 200 174 200 152 85 80 73 25 24 194 3 127 8 89 64 3 19 70 200 186 7 53 15 77 158 200 175 140 77 146 99 1 1 200 58 63 144 1 200 200 10 200 200 118 123 80 57 64 200 63 95 104 70 140 4 23 134 131 3 125 91 40 46 19 1 12 200 169 200 200 139 123 159 8 74 200 50 3 79 171 140 88 60 138 4 3 180 200 141 66 78 123 198 33 65 80 140 140 200 78 19 67 140 30 132 65 200 136 117 68 200 14 200 191 6 102 109 199 200 164 43 200 192 59 72 3 200 120 17 200 82 140 62 160 78 140 94 4 17 200 122 140 155 140 19 96 200 154 5 22 66 19 34 187 140 119 19 2 80 177 197 103 161 79 21 200 1 27 5 172 2 63 193 190 66 140 7 3 140 165 200 116 77 63 149 162 140 86 6 110 163 69 126 134 157 7 61 100 140 26 185 80 138 140 35 2 1 200 200 93 200 200 6 74 63 79 150 166 138 29 188 47 133 42 200 200 19 2 71 196 179 3 80 76 170 17 182 62 6 1 55 56 140 20 31 167 65 115 200 198 13 92 200 2 130 81 200 136 48 9 9 140 108 173 2 200 106 124 39 16 75 133 140 79 37 140 128 18 
c [Incremental] Max used label: 200.
c [Incremental] Label 200 is removed from searching.
c [Incremental] Solving for max label = 199:
c [Incremental] Solving duration: 143046 ms.
s [Incremental] SAT (label = 199).
Label assignment: 2 16 56 59 20 43 199 74 75 162 79 73 144 64 178 195 199 61 120 118 199 139 84 135 182 164 19 1 199 2 65 72 2 198 72 199 198 198 67 1 97 1 38 48 110 6 140 146 199 6 67 2 63 62 91 4 2 77 116 199 139 181 41 1 195 199 153 137 12 121 139 63 1 198 143 4 61 1 196 1 61 67 1 77 176 113 139 199 179 3 197 58 91 150 199 73 104 199 62 137 136 61 152 136 137 2 74 139 189 4 194 195 3 6 139 123 141 199 92 50 66 127 10 79 79 197 90 199 163 25 89 127 138 102 139 129 199 1 1 197 81 139 1 71 14 199 1 139 145 130 199 135 199 139 57 135 194 139 139 32 65 199 197 22 70 160 199 1 8 183 199 154 136 174 122 137 168 99 45 1 80 52 73 144 13 195 2 177 74 197 117 139 77 86 1 139 1 121 83 1 188 139 23 199 139 72 125 94 36 49 115 78 12 199 169 198 5 139 134 159 199 75 199 166 197 98 171 199 1 119 138 72 3 46 187 156 79 113 134 198 63 1 60 1 130 175 82 18 67 128 40 139 93 199 199 114 131 199 190 195 199 1 62 130 139 148 167 21 1 199 1 72 3 199 61 199 199 100 139 78 158 78 151 85 66 39 199 1 198 139 199 61 199 87 199 27 42 66 139 64 199 61 108 199 28 67 184 197 105 199 62 67 1 1 199 5 172 72 66 193 199 12 132 7 191 196 180 18 103 68 63 133 197 128 161 19 24 165 1 139 199 157 192 61 94 139 26 186 78 71 121 76 6 1 199 199 88 199 155 6 74 124 79 142 149 101 77 199 47 106 34 17 199 170 2 102 199 29 3 111 9 147 30 1 109 15 139 53 51 137 31 35 199 33 96 199 198 66 95 199 2 133 2 3 1 199 61 69 77 107 173 187 1 11 126 185 199 55 133 139 54 44 37 112 5 
c [Incremental] Max used label: 199.
c [Incremental] Label 199 is removed from searching.
c [Incremental] Solving for max label = 198:
c [Incremental] Solving duration: 235 ms.
s [Incremental] SAT (label = 198).
Label assignment: 2 16 56 59 20 43 198 74 75 162 78 73 144 64 178 195 198 61 120 118 198 139 84 135 182 164 18 1 198 2 65 72 2 198 72 198 198 198 67 1 97 1 38 48 110 6 140 146 198 6 67 2 63 62 91 4 2 77 116 198 138 181 41 1 195 198 153 137 12 121 138 63 1 198 143 4 61 1 196 1 61 67 1 77 176 113 138 198 179 3 197 58 91 150 198 73 104 198 62 137 136 61 152 136 137 2 74 138 189 4 194 195 3 6 138 123 141 198 92 50 66 127 10 78 79 197 90 198 163 25 89 127 138 102 138 129 198 1 1 197 81 138 1 71 14 198 1 138 145 130 198 135 198 138 57 135 194 138 138 32 65 198 197 22 70 160 198 1 8 183 198 154 136 174 122 137 168 99 45 1 80 52 73 144 13 195 2 177 74 197 117 138 77 86 1 138 1 121 83 1 188 138 23 198 138 72 125 94 36 49 115 78 12 198 169 198 5 138 134 159 198 75 198 166 197 98 171 198 1 119 138 72 3 46 187 156 78 113 134 198 63 1 60 1 130 175 82 18 67 128 40 138 93 198 198 114 131 198 190 195 198 1 62 130 138 148 167 21 1 198 1 72 3 198 61 198 198 100 138 78 158 78 151 85 66 39 198 1 198 138 198 61 198 87 198 27 42 66 138 64 198 61 108 198 28 67 184 197 105 198 62 24 1 1 198 5 172 72 66 193 198 12 132 7 191 196 180 18 103 68 63 133 197 128 161 18 19 165 1 138 198 157 192 61 94 138 26 186 78 71 121 76 6 1 198 198 88 198 155 6 74 124 198 142 149 101 77 198 47 106 34 17 198 170 2 102 198 29 3 111 9 147 30 1 109 15 138 53 51 137 31 35 198 33 96 198 198 66 95 198 2 133 2 3 1 198 61 69 77 107 173 187 1 11 126 185 198 55 133 138 54 44 37 112 5 
c [Incremental] Max used label: 198.
c [Incremental] Label 198 is removed from searching.
c [Incremental] Solving for max label = 197:
c [Incremental] Solving duration: 248 ms.
s [Incremental] SAT (label = 197).
Label assignment: 2 16 56 59 20 43 197 74 75 162 77 73 144 64 178 195 197 61 120 118 197 139 84 135 182 164 17 1 197 2 65 72 2 197 72 197 197 197 67 1 97 1 38 48 110 6 140 146 197 6 67 2 63 62 91 4 2 77 116 197 137 181 41 1 195 197 153 137 12 121 137 63 1 197 143 4 61 1 196 1 61 67 1 77 176 113 137 197 179 3 197 58 91 150 197 73 104 197 62 137 136 61 152 136 137 2 74 137 189 4 194 195 3 6 137 123 141 197 92 50 66 127 10 77 79 197 90 197 163 25 89 127 137 102 137 129 197 1 1 197 81 137 1 71 14 197 1 137 145 130 197 135 197 137 57 135 194 137 137 32 65 197 197 22 70 160 197 1 8 183 197 154 136 174 122 137 168 99 45 1 80 52 73 138 13 195 2 177 74 197 117 137 77 86 1 137 1 121 83 1 188 137 23 197 137 72 125 94 36 49 115 78 12 197 169 197 5 137 134 159 197 75 197 166 197 98 171 197 1 119 137 24 3 46 187 156 77 113 134 197 63 1 60 1 130 175 82 17 67 128 40 137 93 197 197 114 131 197 190 195 197 1 62 130 137 148 167 19 1 197 1 72 3 197 61 197 197 100 137 77 158 77 151 85 66 39 197 1 197 137 197 61 197 87 197 27 42 66 137 64 197 61 108 197 28 67 184 197 105 197 62 18 1 1 197 5 172 72 66 193 197 12 132 7 191 196 180 17 103 68 63 133 197 128 161 17 21 165 1 137 197 157 192 61 94 137 26 186 77 71 121 76 6 1 197 197 88 197 155 6 74 124 197 142 149 101 77 197 47 106 34 17 197 170 2 102 197 29 3 111 9 147 30 1 109 15 137 53 51 137 31 35 197 33 96 197 197 66 95 197 2 133 2 3 1 197 61 69 77 107 173 187 1 11 126 185 197 55 133 137 54 44 37 112 5 
c [Incremental] Max used label: 197.
c [Incremental] Label 197 is removed from searching.
c [Incremental] Solving for max label = 196:
c [Incremental] Solving duration: 27686 ms.
s [Incremental] SAT (label = 196).
Label assignment: 2 16 56 59 20 43 195 88 75 162 69 73 144 64 178 195 195 61 120 118 195 139 84 134 182 164 11 1 196 2 65 72 2 196 72 194 196 189 67 1 97 1 38 48 110 6 140 146 195 6 67 2 63 62 91 4 2 68 116 196 136 181 41 1 137 196 153 134 12 121 122 63 1 187 143 4 61 1 196 1 61 67 1 73 176 113 132 194 179 3 195 58 91 150 196 73 104 196 62 136 132 61 152 136 131 2 74 135 189 2 194 195 3 6 129 123 141 196 92 50 66 127 10 75 79 196 19 195 163 25 89 127 131 102 135 129 196 1 1 196 81 133 1 71 10 189 1 87 145 130 196 135 193 127 57 135 194 136 136 32 65 195 196 22 70 160 196 1 8 183 196 154 136 172 122 136 168 99 45 1 80 52 73 144 13 195 2 177 74 194 117 131 76 18 1 136 1 121 83 1 188 135 23 194 133 72 125 94 36 49 115 78 12 195 169 185 5 136 134 159 196 72 196 166 196 98 175 196 1 119 134 72 3 46 187 138 72 113 127 196 63 1 60 1 130 161 82 15 67 128 40 136 93 196 193 114 131 196 190 195 192 1 62 130 134 148 167 21 1 196 1 72 3 193 61 196 196 100 128 71 158 69 151 85 62 39 196 1 193 134 196 61 196 90 195 27 42 66 129 64 189 61 108 195 28 67 174 195 105 196 62 17 1 1 196 5 171 72 66 193 196 12 132 7 191 196 180 11 103 68 63 133 196 128 156 4 24 165 1 129 196 157 192 61 94 135 26 186 76 71 121 76 6 1 196 195 95 196 155 6 74 124 75 142 149 101 68 194 47 106 34 14 195 170 2 86 194 29 3 111 9 147 30 1 109 9 135 53 51 136 31 35 195 33 96 190 196 66 77 196 2 133 2 3 1 196 61 64 64 107 173 187 1 11 126 184 194 55 133 135 54 44 37 112 5 
c [Incremental] Max used label: 196.
c [Incremental] Label 196 is removed from searching.
c [Incremental] Solving for max label = 195:
c [Incremental] Solving duration: 299 ms.
s [Incremental] SAT (label = 195).
Label assignment: 2 195 56 59 20 43 195 88 75 162 69 73 144 64 178 195 195 61 120 118 195 139 84 134 182 164 11 1 195 2 65 72 2 195 72 194 195 189 67 1 97 1 38 48 110 6 140 146 195 6 67 2 63 62 91 4 2 68 116 195 135 181 41 1 137 195 153 134 12 121 122 63 1 187 143 4 61 1 195 1 61 67 1 73 176 113 132 194 179 3 195 58 91 150 2 73 104 195 62 135 132 61 152 135 131 2 74 135 189 2 194 195 3 6 129 123 141 195 92 50 66 127 10 75 79 195 19 195 163 25 89 127 131 102 135 129 195 1 1 195 81 133 1 71 10 189 1 87 145 130 195 135 193 127 57 135 194 135 135 32 65 195 195 22 70 160 195 1 8 183 195 154 135 172 122 135 168 99 45 1 80 52 73 144 13 195 2 177 74 194 117 131 75 18 1 135 1 121 83 1 188 135 23 194 133 72 125 94 36 49 115 78 12 195 169 185 5 135 134 159 195 72 195 166 195 98 175 195 1 119 134 72 3 46 187 138 72 111 127 195 63 1 60 1 136 161 82 15 67 128 40 135 93 195 193 114 131 195 190 195 192 1 62 130 134 148 167 21 1 195 1 72 3 193 61 195 195 100 128 71 158 69 151 85 62 39 195 1 193 134 195 61 195 90 195 27 42 66 129 64 189 61 108 195 28 67 174 195 105 195 62 17 1 1 195 5 171 72 66 193 195 12 132 7 191 195 180 11 76 68 63 133 195 128 156 4 24 165 1 129 195 157 192 61 94 135 26 186 75 71 121 16 6 1 195 195 95 195 155 6 74 124 75 142 149 101 68 194 47 106 34 14 195 170 2 86 194 29 3 103 9 147 30 1 109 9 135 53 51 135 31 35 195 33 96 190 195 66 77 195 2 133 2 3 1 195 61 64 64 107 173 187 1 11 126 184 194 55 133 135 54 44 37 112 5 
c [Incremental] Max used label: 195.
c [Incremental] Label 195 is removed from searching.
c [Incremental] Solving for max label = 194:
c [Incremental] Solving duration: 917 ms.
s [Incremental] SAT (label = 194).
Label assignment: 2 194 56 59 19 43 194 88 74 162 69 73 139 64 178 194 194 61 120 118 194 140 75 134 182 164 11 1 194 2 65 72 2 194 72 194 194 189 67 1 97 1 38 48 110 6 148 146 194 6 67 2 63 62 87 4 2 68 119 194 134 181 41 1 137 194 153 134 12 121 122 63 1 187 143 4 61 1 194 1 61 67 1 73 176 113 132 194 179 3 194 58 91 150 2 73 104 194 62 134 132 61 152 134 131 2 74 134 189 2 194 194 3 6 129 123 141 194 92 50 66 127 10 74 80 194 19 194 163 25 89 127 131 102 134 129 194 1 1 194 81 133 1 71 10 189 1 84 145 130 194 134 193 127 57 134 194 134 134 32 65 194 194 22 70 160 194 1 17 183 194 154 134 172 122 134 168 99 45 1 79 52 73 144 13 194 2 177 74 194 117 131 74 18 1 134 1 121 83 1 188 134 23 194 133 72 125 94 36 49 115 78 12 194 169 185 5 134 134 159 194 72 194 166 194 98 175 194 1 76 134 20 3 46 187 138 72 116 127 194 63 1 60 1 135 161 82 14 67 128 40 134 93 194 193 114 131 194 190 194 192 1 62 130 134 136 167 21 1 194 1 72 3 193 61 194 194 100 128 71 158 69 151 85 62 39 194 1 193 134 194 61 194 90 194 27 42 66 129 64 189 61 108 194 28 67 174 194 105 194 62 24 1 1 194 5 171 72 66 193 194 12 132 7 191 194 180 11 103 68 63 133 194 128 156 4 33 165 1 129 194 157 192 61 94 134 26 186 74 71 121 16 6 1 194 194 95 194 155 6 74 124 74 142 149 101 68 194 47 106 34 14 194 170 2 86 194 29 3 111 9 147 30 1 109 8 134 53 51 134 31 35 194 37 96 190 194 66 77 194 2 133 2 3 1 194 61 64 64 107 173 187 1 11 126 184 194 55 133 134 54 44 15 112 5 
c [Incremental] Max used label: 194.
c [Incremental] Label 194 is removed from searching.
c [Incremental] Solving for max label = 193:
c [Incremental] Solving duration: 210439 ms.
s [Incremental] SAT (label = 193).
Label assignment: 2 16 46 59 7 34 131 90 2 186 2 67 2 64 193 1 73 193 132 95 1 146 61 129 50 157 193 1 1 61 133 133 2 193 72 165 1 73 2 1 4 1 31 55 1 164 138 172 7 193 65 187 101 62 73 1 139 68 1 193 193 181 41 69 193 193 156 12 192 69 193 131 61 26 143 67 74 1 81 2 178 67 191 75 188 98 193 118 193 3 145 29 193 149 1 72 94 121 131 193 73 61 152 133 133 21 6 161 193 1 135 189 133 134 169 82 124 193 73 73 12 127 1 6 27 193 13 193 166 193 65 3 133 73 133 191 193 1 1 193 193 24 126 73 133 109 193 73 137 28 132 193 193 193 72 20 119 1 133 13 80 193 67 21 73 193 193 25 193 183 193 185 147 18 133 193 193 95 22 193 68 85 62 144 2 7 2 177 193 193 117 76 69 108 1 1 103 150 76 193 67 1 51 193 2 121 71 76 32 6 89 193 133 9 47 193 105 14 2 171 2 6 9 54 193 77 142 193 1 97 133 99 170 193 193 193 73 133 126 30 63 193 36 1 193 163 73 3 60 133 42 133 130 193 193 106 191 133 190 193 136 193 84 2 69 127 181 10 129 13 37 69 10 193 86 193 193 115 133 73 148 73 8 38 133 35 67 71 193 13 69 73 73 133 160 44 133 73 8 64 12 2 73 158 73 67 173 193 107 193 61 56 193 7 193 133 176 73 193 193 193 13 133 133 193 193 162 13 88 13 63 14 193 133 193 193 49 175 114 123 193 100 193 6 7 133 43 154 83 93 92 87 193 15 125 1 102 71 179 13 73 91 73 193 140 116 70 184 53 110 23 9 189 167 193 180 193 13 33 111 133 153 58 133 141 193 66 52 40 129 79 57 151 48 78 182 193 121 104 193 2 131 128 4 96 63 39 69 19 120 168 63 13 113 45 159 155 112 129 122 11 16 174 17 5 
c [Incremental] Max used label: 193.
c [Incremental] Label 193 is removed from searching.
c [Incremental] Solving for max label = 192:
c [Incremental] Solving duration: 568 ms.
s [Incremental] SAT (label = 192).
Label assignment: 2 16 46 59 7 34 131 90 2 186 2 67 2 64 192 1 72 192 132 95 1 144 61 129 50 157 192 1 1 61 132 132 2 192 72 165 1 72 2 1 19 1 31 55 1 164 133 172 7 192 65 187 101 62 73 1 139 68 1 192 192 181 41 69 192 192 146 12 192 69 192 131 61 26 143 67 74 1 78 2 166 67 191 75 188 98 192 118 192 3 141 29 192 149 1 72 94 121 131 192 72 61 152 132 132 18 6 161 192 1 135 189 132 134 169 82 124 192 72 72 12 127 1 6 27 192 12 192 158 192 65 3 132 72 132 191 192 1 1 192 192 24 126 72 132 109 192 72 137 28 132 192 192 192 72 20 119 1 132 13 81 192 67 21 72 192 192 25 192 183 192 185 147 18 132 192 192 95 22 192 68 85 62 145 2 7 2 177 192 192 117 76 69 108 1 1 103 150 76 192 67 1 51 192 2 121 71 76 32 6 89 192 132 9 47 192 105 14 2 171 2 6 9 54 192 77 142 192 1 97 132 99 170 192 192 192 72 132 126 30 63 192 36 1 192 163 72 3 60 132 42 132 130 192 192 106 191 132 190 192 136 192 84 2 69 127 180 10 129 12 37 69 10 192 86 192 192 115 132 72 148 72 8 38 132 35 67 71 192 13 69 72 72 132 160 44 132 72 8 64 12 2 72 154 72 67 173 192 107 192 61 56 192 7 192 132 176 72 192 192 192 12 132 132 192 192 162 12 88 12 63 14 192 132 192 192 49 175 114 123 192 100 192 6 7 132 43 153 83 93 92 87 192 15 125 1 102 71 179 12 72 91 73 192 140 116 70 184 53 110 23 9 189 167 192 178 192 12 33 111 132 156 58 132 138 192 66 52 40 129 79 57 151 48 78 182 192 121 104 192 2 131 128 4 96 80 39 69 18 120 168 63 13 113 45 159 155 112 129 122 11 16 174 17 5 
c [Incremental] Max used label: 192.
c [Incremental] Label 192 is removed from searching.
c [Incremental] Solving for max label = 191:
c [Incremental] Solving duration: 299456 ms.
s [Incremental] SAT (label = 191).
Label assignment: 129 62 71 22 131 191 70 1 191 179 165 64 191 1 189 1 124 191 131 106 36 131 60 71 191 189 131 10 191 131 191 2 128 148 4 130 130 81 191 131 131 151 46 56 65 162 39 147 131 64 191 4 191 71 173 191 191 40 191 131 191 191 131 48 134 66 131 185 64 111 1 67 127 2 117 77 3 1 91 14 128 8 108 2 133 67 67 4 68 71 145 86 191 130 127 4 129 191 131 191 70 70 131 3 1 10 180 191 1 129 155 191 191 103 44 98 92 178 1 127 70 191 71 1 30 191 2 146 191 191 4 191 188 97 191 191 191 115 191 191 158 131 66 90 130 191 189 24 15 33 125 191 71 191 28 123 131 55 131 190 1 191 70 31 32 66 101 49 171 47 144 71 191 105 1 191 113 109 1 191 4 78 191 129 131 177 70 191 12 191 131 2 131 38 191 66 70 43 79 191 95 85 83 191 2 1 190 7 129 82 70 172 131 130 168 191 70 126 4 1 124 10 191 191 131 80 137 182 3 13 187 45 131 70 128 150 71 139 69 161 154 130 34 174 6 143 23 185 41 110 121 191 4 66 191 20 191 130 62 181 88 7 100 149 70 142 164 167 4 131 191 7 29 96 114 191 71 71 11 127 170 104 116 42 67 7 131 71 191 66 17 190 4 16 109 131 35 99 191 4 119 166 3 153 63 4 136 72 71 176 131 71 130 1 4 131 191 66 1 191 169 175 191 131 191 191 184 67 84 2 131 135 107 191 191 8 54 191 131 27 191 89 68 1 4 131 120 130 3 69 102 2 4 19 190 191 21 6 160 159 64 7 131 132 18 59 51 112 71 19 58 71 5 191 65 141 157 71 4 191 138 131 53 130 152 11 191 75 94 10 6 57 122 74 37 156 183 5 118 3 52 4 1 131 2 50 70 61 26 25 140 68 73 76 130 163 147 186 3 71 191 87 93 9 65 
c [Incremental] Max used label: 191.
c [Incremental] Label 191 is removed from searching.
c [Incremental] Solving for max label = 190:
c [Incremental] Solving duration: 303 ms.
s [Incremental] SAT (label = 190).
Label assignment: 129 62 70 22 130 190 70 1 190 179 165 64 190 1 189 1 124 190 130 106 36 130 60 70 190 13 130 12 190 130 190 2 128 148 4 130 130 69 190 130 130 151 46 56 65 162 39 147 130 64 190 4 190 70 173 190 190 40 190 130 190 190 130 48 134 66 130 185 64 111 1 67 127 2 117 77 3 1 91 14 128 8 108 2 133 67 67 4 68 70 153 86 190 130 127 4 90 190 130 190 70 70 130 3 1 10 180 190 1 129 155 190 190 103 44 98 92 178 1 127 70 190 70 1 30 190 2 146 190 190 4 190 188 97 190 190 190 115 190 190 158 130 66 83 130 190 189 24 15 33 125 190 71 190 28 123 130 55 130 190 1 190 70 31 32 66 101 49 171 47 144 70 190 105 1 190 113 109 11 190 4 78 190 129 130 177 70 190 9 190 130 2 130 38 190 66 70 43 79 190 95 85 81 190 2 1 190 7 129 82 70 172 130 130 168 190 70 126 4 1 124 10 190 190 130 80 137 182 3 16 187 45 130 70 128 150 70 139 69 161 154 130 34 174 6 143 23 185 41 110 121 190 4 66 190 20 190 130 62 181 88 7 100 149 70 142 164 167 4 130 190 7 29 96 114 190 70 70 10 127 170 104 116 42 67 7 130 70 190 66 17 190 4 9 109 130 35 99 190 4 119 166 3 141 63 4 136 72 71 176 130 70 130 1 4 130 190 66 1 190 169 175 190 130 190 190 184 67 84 2 130 135 107 190 190 8 54 190 130 27 190 89 68 1 4 130 120 130 3 69 102 2 4 19 190 190 21 6 160 159 64 7 130 132 18 59 51 112 70 19 58 70 5 190 65 131 157 70 4 190 138 130 53 130 152 10 190 75 94 10 6 57 122 74 37 156 183 5 118 3 52 4 1 130 2 50 70 61 26 25 140 68 73 76 130 163 145 186 3 70 190 87 93 9 65 
c [Incremental] Max used label: 190.
c [Incremental] Label 190 is removed from searching.
c [Incremental] Solving for max label = 189:
c [Incremental] Solving duration: 87554 ms.
s [Incremental] SAT (label = 189).
Label assignment: 68 93 63 11 67 73 50 181 145 174 129 84 77 189 186 9 129 187 130 9 101 9 60 2 189 105 179 80 184 1 189 156 69 129 8 129 129 65 189 69 69 149 126 74 69 9 189 24 129 69 18 9 4 63 176 4 189 15 6 159 129 189 189 12 142 66 114 189 69 30 189 69 7 9 148 81 189 1 99 14 124 69 111 129 129 126 189 129 69 69 9 63 189 129 2 6 8 134 129 2 61 69 120 189 24 9 173 69 183 135 141 3 129 150 44 9 96 129 186 9 189 129 9 5 55 3 189 151 129 189 9 4 171 113 129 189 2 129 67 189 157 3 68 125 189 129 189 57 21 36 86 189 69 189 26 143 129 69 123 131 189 85 67 76 46 129 189 49 172 132 1 64 169 108 129 2 92 62 69 189 3 87 189 117 129 6 5 147 2 189 3 2 69 38 2 67 189 8 106 6 65 91 6 124 83 189 189 4 8 82 69 187 182 129 133 189 62 79 189 1 125 1 185 189 68 3 152 5 189 59 165 17 139 69 129 7 3 164 72 116 3 129 89 119 129 140 53 12 45 6 136 189 183 13 188 90 189 129 3 3 189 69 84 3 69 146 189 170 127 129 43 69 98 180 109 189 189 42 129 3 97 37 104 56 69 65 189 3 123 19 20 69 9 5 168 3 29 103 88 189 102 4 129 153 95 189 188 137 2 155 3 41 7 129 189 189 189 69 189 16 129 7 129 189 189 122 110 128 47 1 7 129 104 129 129 63 52 128 129 10 121 100 6 177 8 189 118 129 189 69 4 33 63 25 188 129 35 3 160 163 3 64 129 8 34 58 189 70 69 71 51 2 69 189 189 189 158 75 111 9 22 154 78 7 162 69 115 112 28 129 5 189 175 44 48 166 3 178 40 104 54 144 189 69 31 189 69 69 39 32 189 64 94 9 129 161 107 167 189 2 189 98 138 27 23 
c [Incremental] Max used label: 189.
c [Incremental] Label 189 is removed from searching.
c [Incremental] Solving for max label = 188:
c [Incremental] Solving duration: 44587 ms.
s [Incremental] SAT (label = 188).
Label assignment: 65 91 63 11 67 73 50 181 145 174 124 68 77 187 186 5 125 187 130 1 101 7 60 2 187 105 179 80 184 12 188 156 61 128 5 127 127 65 187 65 67 149 126 69 68 62 188 3 127 65 18 67 183 63 176 4 188 16 5 159 128 151 4 15 142 188 114 186 65 30 187 67 7 23 148 81 188 1 99 24 124 64 111 128 128 8 188 126 68 67 142 63 186 1 2 5 13 134 127 2 61 61 120 188 29 7 173 65 183 135 129 128 128 144 44 3 96 128 186 5 67 127 61 1 55 3 188 151 127 186 2 4 171 113 127 188 2 128 67 187 157 3 63 125 188 128 188 57 21 36 86 188 66 188 26 188 128 67 123 131 47 85 7 76 46 128 188 49 172 132 1 64 169 108 127 188 92 62 63 67 3 87 188 118 128 3 2 147 2 62 3 2 1 38 2 74 188 10 106 62 65 71 34 124 83 188 188 4 72 75 67 187 182 128 133 188 62 82 2 1 125 1 185 188 67 3 152 14 188 59 165 17 139 68 127 7 3 164 104 116 3 128 89 119 125 140 53 32 45 6 136 188 183 19 188 88 188 127 2 3 187 64 1 3 63 153 188 187 127 128 43 66 97 180 109 188 188 27 128 3 94 37 98 7 65 68 188 3 123 22 11 67 3 5 168 1 51 102 84 188 110 4 128 154 79 188 150 137 2 161 3 41 67 128 187 188 188 67 188 2 129 7 127 185 188 122 138 128 58 1 7 128 107 127 127 63 56 141 128 7 121 100 1 177 5 188 115 128 188 2 127 31 63 35 188 128 2 3 160 163 3 64 128 2 42 7 188 70 67 5 54 67 65 188 188 188 158 117 87 4 8 155 78 67 162 68 112 95 28 127 6 63 175 40 48 166 3 170 39 103 52 132 188 67 6 188 62 67 5 33 178 64 90 5 126 9 146 167 188 2 188 93 143 25 20 
c [Incremental] Max used label: 188.
c [Incremental] Label 188 is removed from searching.
c [Incremental] Solving for max label = 187:
c [Signal] Signal interruption. Caught signal: SIGTERM (15).
c [Main] Lim pid ends with result: 254.
r [Main] 
r [Main] Final results: 
r [Main] Total real time: 1806514 ms.
r [Main] Total memory consumed: 1270.4 MB.
r [Main] 
