c [Version] Minimize Makespan Labeling Encoder version 1.0.0.
c [Param] LB is predefined as 114.
c [Param] UB is predefined as 247.
c [Param] Memory limit is set to 30000.
c [Param] Real time limit is set to 1800.
c [Main] Search strategy: Incremental from upper bound.
c [Main] Encoding and solving for graph: Q-494_bus.mtx.rnd.
c [Incremental] Minimize Makespan Labeling Antibandwidth problem (Q-494_bus.mtx.rnd):
c [Incremental] Encoding starts with target value = 113:
c [Incremental] Encoding duration: 1018ms.
c [Incremental] Number of clauses: 1151364.
c [Incremental] Number of variables: 297635.
c [Incremental] Solving for max label = 247:
c [Incremental] Solving duration: 168941 ms.
s [Incremental] SAT (label = 247).
Label assignment: 245 66 87 87 87 21 247 63 87 21 17 86 247 57 6 247 89 247 2 62 21 21 247 134 20 245 19 247 76 244 119 247 169 240 21 247 134 197 243 87 176 119 34 127 93 247 7 20 102 127 21 134 87 44 21 21 134 21 96 87 200 233 1 76 65 246 13 71 247 87 59 87 85 21 148 6 4 87 247 87 2 111 83 21 87 247 80 130 132 242 247 134 134 21 21 87 32 156 134 2 2 83 3 13 247 2 120 163 2 247 58 247 134 172 134 224 87 144 1 158 8 214 247 247 87 134 247 173 17 109 53 2 21 21 45 134 226 212 157 48 211 14 134 7 21 246 79 204 203 112 12 21 247 159 247 6 54 82 247 94 67 247 247 247 21 21 210 92 56 247 247 87 24 134 247 241 82 207 170 9 247 12 238 246 106 27 240 21 77 174 135 143 23 4 21 220 98 11 116 247 134 134 87 179 70 247 29 80 235 21 246 63 247 1 134 53 78 186 168 247 95 247 161 194 175 247 21 134 247 247 134 247 21 21 3 87 22 114 14 247 184 50 21 52 60 6 229 107 104 247 247 134 21 131 241 247 21 26 130 30 247 234 247 87 1 129 21 2 84 134 142 247 38 61 134 53 167 99 21 21 97 191 134 199 247 247 21 21 21 223 10 2 11 21 247 17 234 247 43 134 236 21 247 31 162 28 37 233 216 202 134 183 21 187 166 130 115 51 138 246 153 237 247 247 21 149 247 214 155 247 133 196 1 247 222 34 21 206 36 8 134 34 247 2 123 127 247 160 247 134 246 40 247 126 139 21 165 146 247 64 247 247 247 134 247 219 1 215 193 20 113 6 238 57 141 198 35 9 134 147 247 41 218 72 6 39 217 124 171 189 182 201 132 55 134 42 87 247 134 154 227 2 247 131 134 46 230 134 213 12 57 88 209 247 110 231 133 205 75 178 101 247 152 185 118 122 68 21 164 247 21 2 128 134 145 91 108 74 16 33 134 180 105 221 247 137 51 133 151 208 247 247 100 2 47 117 73 247 188 49 192 195 181 134 134 247 69 13 25 90 177 14 150 239 247 125 18 15 136 140 228 5 134 121 190 232 247 75 225 1 103 247 81 8 
c [Incremental] Max used label: 247.
c [Incremental] Label 247 is removed from searching.
c [Incremental] Solving for max label = 246:
c [Incremental] Solving duration: 11034 ms.
s [Incremental] SAT (label = 246).
Label assignment: 245 66 87 87 87 21 240 63 87 21 17 86 246 57 6 243 89 246 2 62 150 21 245 133 20 245 246 119 76 244 119 245 169 240 131 237 133 197 243 87 176 119 34 127 19 153 7 20 102 127 21 41 87 44 149 21 15 115 96 87 200 233 1 76 65 137 13 71 10 87 59 87 85 21 148 6 4 87 238 87 2 111 83 15 87 236 80 130 132 242 246 134 133 20 221 87 32 156 246 2 2 83 3 8 121 2 120 163 2 246 58 172 24 1 133 224 87 144 1 158 8 214 245 244 87 15 215 173 17 109 53 2 21 15 45 36 226 244 157 48 138 14 13 7 21 246 79 204 203 112 12 21 246 53 239 6 4 82 244 94 67 154 235 140 128 240 210 92 56 246 237 87 24 13 244 241 82 207 177 117 18 12 244 246 106 27 240 21 77 174 135 143 23 4 21 220 98 11 125 14 129 236 87 179 70 246 12 80 246 19 246 63 136 1 2 53 78 186 168 242 95 239 161 194 175 224 21 243 242 15 129 171 21 125 3 87 22 114 14 246 184 50 8 18 60 6 229 107 104 201 233 243 131 131 241 220 17 246 130 30 202 234 246 87 1 129 123 2 84 133 142 236 38 61 239 53 167 99 143 6 97 191 129 199 246 236 8 9 133 223 10 2 11 13 239 17 234 133 43 126 236 246 244 31 162 28 37 233 216 228 122 183 21 187 166 130 115 51 18 246 7 237 230 228 20 25 246 214 155 246 133 196 1 246 222 34 1 206 36 8 125 34 246 2 123 211 241 160 246 49 246 40 243 127 139 126 165 146 246 64 21 228 232 134 246 219 1 215 193 20 113 6 245 57 141 198 35 9 133 147 246 52 218 72 6 39 217 124 190 189 182 6 125 55 18 42 87 246 130 207 227 128 246 131 232 46 230 36 213 12 57 88 209 246 110 231 133 205 75 178 101 246 26 185 118 124 68 126 164 130 170 2 133 132 145 91 108 74 16 33 133 181 105 221 218 246 51 133 151 208 246 125 100 2 47 246 73 246 188 54 192 212 180 18 20 246 69 13 29 90 159 14 116 239 246 131 18 246 152 81 228 5 4 123 195 225 243 75 246 1 103 246 93 239 
c [Incremental] Max used label: 246.
c [Incremental] Label 246 is removed from searching.
c [Incremental] Solving for max label = 245:
c [Incremental] Solving duration: 167 ms.
s [Incremental] SAT (label = 245).
Label assignment: 245 66 87 87 87 21 240 63 87 21 17 86 245 57 6 243 89 245 2 62 150 21 245 132 19 245 245 119 76 244 119 245 169 240 131 237 132 197 243 87 176 119 34 127 19 153 7 19 102 127 21 41 87 44 149 21 15 115 96 87 200 233 1 76 65 137 13 71 10 87 59 87 85 21 148 6 4 87 238 87 2 111 83 15 87 236 80 130 132 242 245 134 132 19 221 87 32 156 245 2 2 83 3 8 121 2 120 163 2 245 58 172 24 1 132 224 87 144 1 158 8 214 245 244 87 15 215 173 17 109 53 2 21 15 45 36 226 244 157 48 138 14 13 7 21 245 79 204 203 112 12 21 245 53 239 6 4 82 244 94 67 154 235 140 128 240 210 92 56 245 237 87 24 13 244 241 82 207 177 117 18 12 244 245 106 27 240 21 77 174 135 143 23 4 21 220 98 11 125 14 129 236 87 179 70 245 12 80 245 19 245 63 136 1 2 53 78 186 168 242 95 239 161 194 175 224 21 243 242 15 129 171 21 125 3 87 22 114 14 245 184 50 8 18 60 6 229 107 104 201 233 243 131 131 241 220 17 245 130 30 202 234 245 87 1 129 123 2 84 132 142 236 38 61 239 53 167 99 143 6 97 191 129 199 245 236 8 9 132 223 10 2 11 13 239 17 234 132 43 126 236 245 244 31 162 28 37 233 216 228 122 183 21 187 166 130 115 51 18 245 7 237 230 228 19 25 245 214 155 245 132 196 1 245 222 34 1 206 36 8 125 34 245 2 123 211 241 160 245 49 245 40 243 127 139 126 165 146 245 64 21 228 232 134 245 219 1 215 193 19 113 6 245 57 141 198 35 9 132 147 245 52 218 72 6 39 217 124 190 189 182 6 125 55 18 42 87 245 130 207 227 128 245 131 232 46 230 36 213 12 57 88 209 245 110 231 132 205 75 178 101 245 26 185 118 124 68 126 164 130 170 2 132 132 145 91 108 74 16 33 132 181 105 133 218 245 51 132 151 208 245 125 100 2 47 245 73 245 188 54 192 212 180 18 19 245 69 13 29 90 159 14 116 239 245 131 20 245 152 81 228 5 4 123 195 225 243 75 245 1 103 245 93 239 
c [Incremental] Max used label: 245.
c [Incremental] Label 245 is removed from searching.
c [Incremental] Solving for max label = 244:
c [Incremental] Solving duration: 160 ms.
s [Incremental] SAT (label = 244).
Label assignment: 244 66 87 87 87 21 240 63 87 21 17 86 244 57 6 243 89 244 2 62 150 21 244 131 15 244 244 119 76 244 119 244 169 240 131 237 131 197 243 87 176 119 34 127 18 153 7 18 102 127 21 41 87 44 149 21 15 115 96 87 200 233 1 76 65 137 13 71 10 87 59 87 85 21 148 6 4 87 238 87 2 111 83 15 87 236 80 130 131 242 244 134 131 18 221 87 32 156 244 2 2 83 3 8 121 2 120 163 2 244 58 172 24 1 131 224 87 144 1 158 8 214 244 244 87 15 215 173 17 109 53 2 21 15 45 36 226 244 157 48 138 14 13 7 21 244 79 204 203 112 12 21 244 53 239 6 4 82 244 94 67 154 235 140 128 240 210 92 56 244 237 87 24 13 244 241 82 207 177 117 18 12 244 244 106 27 240 21 77 174 135 143 23 4 21 220 98 11 125 14 129 236 87 179 70 244 12 80 244 13 244 63 136 1 2 53 78 186 168 242 95 239 161 194 175 224 21 243 242 15 129 171 21 125 3 87 22 114 14 244 184 50 8 18 60 6 229 107 104 201 233 243 131 131 241 220 17 244 130 30 202 234 244 87 1 129 123 2 84 128 142 236 38 61 239 53 167 99 143 6 97 191 129 199 244 236 8 9 131 223 10 2 11 13 239 17 234 131 43 126 236 244 244 31 162 28 37 233 216 228 122 183 21 187 166 130 115 51 18 244 7 237 230 228 18 25 244 214 155 244 131 196 1 244 222 34 1 206 36 8 125 34 244 2 123 211 241 160 244 49 244 40 243 127 139 126 165 146 244 64 21 228 232 134 244 219 1 215 193 18 113 6 244 57 141 198 35 9 131 147 244 52 218 72 6 39 217 124 190 189 182 6 125 55 18 42 87 244 130 207 227 128 244 131 232 46 230 36 213 12 57 88 209 244 110 231 131 205 75 178 101 244 26 185 118 124 68 126 164 116 170 2 131 126 145 91 108 74 16 33 131 181 105 133 218 244 51 131 151 208 244 125 100 2 47 244 73 244 188 54 192 212 180 18 18 244 69 20 29 90 159 14 132 239 244 131 19 244 152 81 228 5 4 123 195 225 243 75 244 1 103 244 93 9 
c [Incremental] Max used label: 244.
c [Incremental] Label 244 is removed from searching.
c [Incremental] Solving for max label = 243:
c [Incremental] Solving duration: 15602 ms.
s [Incremental] SAT (label = 243).
Label assignment: 240 66 87 87 87 21 240 63 87 30 239 86 240 57 6 243 89 239 2 62 150 21 243 128 3 243 243 119 76 243 119 241 169 240 129 237 120 197 243 87 176 119 34 127 10 153 7 4 102 127 21 41 87 44 149 21 15 115 96 87 200 233 1 76 65 137 13 71 10 87 59 87 85 21 148 6 4 87 238 87 2 111 83 15 87 236 80 125 127 242 233 134 121 15 221 87 32 156 238 2 2 83 3 1 121 2 120 163 2 235 58 172 24 1 130 224 87 144 1 158 8 214 231 243 87 15 215 173 17 109 53 2 21 15 45 36 226 242 157 48 138 14 13 7 21 240 79 204 203 112 12 21 241 53 239 6 4 82 233 94 67 154 235 140 128 240 210 92 56 234 237 87 24 13 240 241 82 207 177 117 17 12 243 243 106 27 240 21 77 174 135 143 23 4 21 220 98 6 125 14 129 236 87 179 70 238 12 80 243 2 240 63 136 1 2 53 78 186 168 242 95 239 161 194 175 224 21 243 242 6 129 171 21 125 3 87 22 114 14 196 184 50 8 3 60 6 229 107 104 201 233 243 130 125 133 220 7 231 130 3 202 234 240 87 1 18 131 2 84 123 142 236 38 61 239 53 167 99 143 6 97 191 8 199 243 236 8 241 130 223 10 2 11 13 239 10 234 125 43 126 236 243 230 31 162 28 37 233 216 228 122 183 21 187 166 130 115 51 243 243 7 237 230 228 5 25 243 214 155 243 121 196 1 243 243 34 1 206 36 8 125 34 242 2 123 211 241 160 243 49 243 40 243 127 139 126 165 146 233 64 21 228 232 134 132 219 1 215 193 17 113 6 243 57 141 198 35 9 130 147 240 52 217 72 6 39 217 124 190 189 182 6 117 55 12 42 87 243 120 243 227 128 243 130 232 46 230 36 213 12 57 88 209 243 110 231 122 205 75 178 101 242 26 185 118 121 68 126 164 130 170 2 130 120 145 91 108 74 4 33 128 181 105 180 218 243 51 130 151 208 243 125 100 2 47 243 73 243 188 54 192 212 222 17 16 243 69 20 29 90 159 14 116 239 243 130 19 243 152 81 228 5 4 123 195 225 243 75 243 1 103 242 93 239 
c [Incremental] Max used label: 243.
c [Incremental] Label 243 is removed from searching.
c [Incremental] Solving for max label = 242:
c [Incremental] Solving duration: 226 ms.
s [Incremental] SAT (label = 242).
Label assignment: 240 66 87 87 87 21 240 63 87 30 239 86 240 57 6 241 89 239 2 62 150 17 242 128 3 242 242 119 76 241 119 241 169 240 129 237 120 197 242 87 176 119 34 127 10 153 7 4 102 127 21 41 87 44 149 21 15 115 96 87 200 233 1 76 65 137 13 71 10 87 59 87 85 21 148 6 4 87 238 87 2 111 83 15 87 236 80 125 127 242 233 130 121 15 221 87 32 156 238 2 2 83 3 1 121 2 120 163 2 235 58 172 24 1 129 224 87 144 1 158 8 214 231 241 87 15 215 173 16 109 53 2 21 15 45 36 226 242 157 48 138 14 13 7 21 240 79 204 203 112 12 21 241 53 239 6 4 82 233 94 67 154 235 140 128 240 210 92 56 234 237 87 24 13 240 241 82 207 177 117 16 12 241 242 106 27 240 21 77 174 135 143 23 4 21 220 98 6 125 14 129 236 87 179 70 238 12 80 242 2 240 63 136 1 2 53 78 186 168 242 95 239 161 194 175 224 21 242 242 6 128 171 21 125 3 87 22 114 14 196 184 50 8 3 60 6 229 107 104 201 233 242 128 125 133 220 7 231 129 3 202 234 240 87 242 18 131 2 84 123 142 236 38 61 239 53 167 99 143 6 97 191 8 199 242 236 8 241 129 223 10 2 11 13 239 10 234 125 43 126 236 242 230 31 162 28 37 233 216 228 122 183 21 187 166 129 115 51 242 242 7 237 230 228 5 25 242 214 155 242 121 196 1 242 242 34 1 206 36 8 125 34 242 2 123 211 241 160 16 49 242 40 241 127 139 126 165 146 233 64 17 228 232 134 132 219 1 215 193 16 113 6 242 57 141 198 35 9 129 147 240 52 217 72 6 39 217 124 190 189 182 6 117 55 12 42 87 242 120 242 227 128 242 129 232 46 230 26 213 12 57 88 209 242 110 231 122 205 75 178 101 242 20 185 118 121 68 126 164 129 170 2 129 120 145 91 108 74 4 33 128 181 105 180 218 242 51 129 151 208 241 125 100 2 47 242 73 242 188 54 192 212 222 15 16 242 69 19 29 90 159 14 116 239 241 128 17 242 152 81 228 5 4 123 195 225 242 75 242 1 103 242 93 239 
c [Incremental] Max used label: 242.
c [Incremental] Label 242 is removed from searching.
c [Incremental] Solving for max label = 241:
c [Incremental] Solving duration: 16611 ms.
s [Incremental] SAT (label = 241).
Label assignment: 240 66 87 87 87 21 240 63 87 30 239 86 240 57 6 235 89 239 2 62 150 21 240 128 3 240 241 119 76 126 119 241 169 240 127 237 120 197 188 87 176 119 34 127 10 153 7 4 102 127 21 41 87 44 149 21 15 115 96 87 200 233 1 76 65 137 13 71 10 87 59 87 85 21 148 6 4 87 238 87 2 111 83 15 87 236 80 125 127 235 233 134 121 15 221 87 32 156 238 2 2 83 3 1 121 2 120 163 2 235 58 172 24 1 128 224 87 144 1 158 8 214 231 241 87 15 215 173 15 109 53 2 21 15 45 36 226 240 157 48 138 14 13 7 21 240 79 204 203 112 12 21 241 53 239 6 4 82 233 94 67 154 235 140 128 240 210 92 56 234 237 87 24 13 240 241 82 207 177 117 15 12 241 241 106 27 240 21 77 174 135 143 23 4 21 220 98 6 125 14 128 236 87 179 70 238 12 80 241 2 240 63 136 1 2 53 78 186 168 231 95 239 161 194 175 224 21 241 236 6 116 171 21 125 3 87 22 114 14 196 184 50 8 3 60 6 229 107 104 201 233 241 128 125 133 220 7 231 128 3 202 234 240 87 1 18 131 2 84 123 142 236 38 61 239 53 167 99 143 5 97 191 8 199 241 236 241 241 128 223 10 2 11 13 239 10 234 125 43 126 236 241 230 31 162 28 37 233 216 228 118 183 21 187 166 128 115 51 1 241 7 237 230 228 5 25 241 214 155 232 121 196 1 241 241 34 1 206 36 130 125 34 241 2 17 211 241 160 241 49 233 40 241 127 139 126 165 146 233 64 21 228 232 134 132 219 16 215 193 8 113 6 241 57 141 198 35 9 128 147 240 52 217 72 6 39 217 124 190 189 182 6 117 55 12 42 87 241 120 241 227 128 241 127 232 46 230 36 213 9 57 88 209 241 110 231 120 205 75 178 101 241 26 185 118 119 68 126 164 128 170 2 128 120 145 91 108 74 4 33 128 181 105 226 218 241 51 128 151 208 241 125 100 2 47 241 73 241 192 54 212 152 222 15 15 241 69 19 29 90 180 14 129 240 241 122 20 241 159 81 228 5 4 123 195 225 240 75 241 1 103 240 93 2 
c [Incremental] Max used label: 241.
c [Incremental] Label 241 is removed from searching.
c [Incremental] Solving for max label = 240:
c [Incremental] Solving duration: 192 ms.
s [Incremental] SAT (label = 240).
Label assignment: 240 66 87 87 87 21 240 63 87 30 239 86 240 57 6 235 89 239 2 62 150 21 240 124 3 240 240 119 76 128 119 240 169 240 127 237 120 197 188 87 176 119 34 127 10 153 7 4 102 127 21 41 87 44 149 21 13 115 96 87 200 233 1 76 65 137 13 71 10 87 59 87 85 21 148 6 4 87 238 87 2 111 83 10 87 236 80 125 127 235 233 134 121 10 221 87 32 156 238 2 2 83 3 1 121 2 120 163 2 235 58 172 24 1 126 224 87 144 1 158 8 214 231 239 87 13 215 173 11 109 53 2 21 11 45 36 226 240 157 48 138 11 13 7 21 240 79 204 203 112 12 21 240 53 239 6 4 82 233 94 67 154 235 140 126 240 210 92 56 234 237 87 24 13 240 240 82 207 177 117 13 11 239 240 106 27 240 21 77 174 135 143 23 4 21 220 98 6 125 14 127 236 87 179 70 238 12 80 240 2 240 63 136 1 2 53 78 186 168 231 95 239 161 194 175 224 21 240 236 6 116 171 21 125 3 87 22 114 11 196 184 50 8 3 60 6 229 107 104 201 233 240 126 125 133 220 7 231 127 3 202 234 240 87 1 18 131 2 84 123 142 236 38 61 239 53 167 99 143 5 97 191 15 199 240 236 240 240 126 223 10 2 11 13 239 10 234 125 43 126 236 240 230 31 162 28 37 233 216 228 118 183 21 187 166 124 115 51 1 240 7 237 230 228 5 25 240 214 155 232 121 196 1 240 240 34 1 206 36 130 125 34 239 2 17 211 240 160 240 49 233 40 239 126 139 126 165 146 233 64 21 228 232 134 132 219 16 215 193 8 113 6 240 57 141 198 35 9 127 147 240 52 217 72 6 39 217 124 190 189 182 6 117 55 12 42 87 240 120 240 227 127 240 127 232 46 230 36 213 9 57 88 209 240 110 231 120 205 75 178 101 240 26 185 118 119 68 126 164 127 170 2 126 120 145 91 108 74 4 33 126 181 105 226 218 240 51 124 151 208 240 125 100 2 47 240 73 240 192 54 212 152 222 13 13 240 69 19 29 90 180 14 129 240 239 122 20 239 159 81 228 5 4 123 195 225 240 75 240 1 103 240 93 2 
c [Incremental] Max used label: 240.
c [Incremental] Label 240 is removed from searching.
c [Incremental] Solving for max label = 239:
c [Incremental] Solving duration: 176 ms.
s [Incremental] SAT (label = 239).
Label assignment: 239 66 87 87 87 21 239 63 87 30 239 86 239 57 6 235 89 239 2 62 150 21 239 124 3 239 239 119 76 128 119 239 169 239 126 237 120 197 188 87 176 119 34 127 10 153 7 4 102 126 21 41 87 44 149 21 13 115 96 87 200 233 1 76 65 137 13 71 10 87 59 87 85 21 148 6 4 87 238 87 2 111 83 10 87 236 80 125 125 235 233 134 121 10 221 87 32 156 238 2 2 83 3 1 121 2 120 163 2 235 58 172 24 1 126 224 87 144 1 158 8 214 231 239 87 13 215 173 11 109 53 2 21 11 45 36 226 239 157 48 138 11 13 7 21 239 79 204 203 112 12 21 239 53 239 6 4 82 233 94 67 154 235 140 126 239 210 92 56 234 237 87 24 13 239 239 82 207 177 117 13 11 239 239 106 27 239 21 77 174 135 143 23 4 21 220 98 6 125 13 126 236 87 179 70 238 12 80 239 2 238 63 136 1 2 53 78 186 168 231 95 239 161 194 175 224 21 239 236 6 116 171 21 125 3 87 22 114 11 196 184 50 8 3 60 6 229 107 104 201 233 239 126 125 133 220 7 231 126 15 202 234 239 87 1 18 131 2 84 123 142 236 38 61 239 53 167 99 143 5 97 191 14 199 239 236 239 239 126 223 10 2 11 13 239 10 234 125 43 126 236 239 230 31 162 28 37 233 216 228 118 183 21 187 166 124 115 51 1 239 7 237 230 228 5 25 239 214 155 232 121 196 1 239 239 34 1 206 36 130 125 34 239 2 17 211 239 160 239 49 233 40 239 126 139 126 165 146 233 64 21 228 232 134 132 219 16 215 193 8 113 6 239 57 141 198 35 9 126 147 239 52 217 72 6 39 217 124 190 189 182 6 117 55 12 42 87 239 120 239 227 126 239 126 232 46 230 36 213 9 57 88 209 239 110 231 120 205 75 178 101 239 26 185 118 119 68 126 164 126 170 2 126 120 145 91 108 74 4 33 126 181 105 226 218 239 51 124 151 208 239 125 100 2 47 239 73 239 192 54 212 152 222 13 13 239 69 19 29 90 180 13 129 239 239 122 20 239 159 81 228 5 4 123 195 225 239 75 239 1 103 239 93 2 
c [Incremental] Max used label: 239.
c [Incremental] Label 239 is removed from searching.
c [Incremental] Solving for max label = 238:
c [Incremental] Solving duration: 213 ms.
s [Incremental] SAT (label = 238).
Label assignment: 238 66 87 87 87 21 238 63 87 30 236 86 238 57 6 235 89 238 2 62 150 21 237 124 3 238 238 119 76 126 119 238 169 238 125 237 120 197 188 87 176 119 34 127 10 153 7 4 102 125 21 41 87 44 149 21 11 115 96 87 200 233 1 76 65 137 11 71 10 87 59 87 85 21 148 6 4 87 238 87 2 111 83 10 87 236 80 125 125 235 233 134 121 12 221 87 32 156 238 2 2 83 3 1 121 2 120 163 2 235 58 172 24 1 125 224 87 144 1 158 8 214 231 237 87 12 215 173 11 109 53 2 21 11 45 36 226 238 157 48 138 11 11 7 21 238 79 204 203 112 12 21 238 53 238 6 4 82 233 94 67 154 235 128 125 238 210 92 56 234 237 87 24 11 238 238 82 207 177 117 12 11 237 238 106 27 238 21 77 174 135 143 23 4 22 220 98 6 125 238 125 236 87 179 70 238 12 80 238 2 238 63 142 1 2 53 78 186 168 231 95 237 161 194 175 224 21 238 236 6 116 171 21 125 20 87 29 114 11 196 184 50 8 3 60 6 229 107 104 201 233 238 124 123 133 220 7 231 125 3 202 234 238 87 1 18 131 2 84 123 142 236 38 61 237 53 167 99 143 5 97 191 13 199 238 236 238 238 124 223 10 2 11 11 237 10 234 125 43 124 236 238 230 31 162 28 37 233 216 228 118 183 21 187 166 124 115 51 1 238 7 237 230 228 5 25 238 214 155 232 121 196 1 238 238 34 1 206 36 130 125 34 237 2 17 211 238 160 238 49 233 40 238 124 139 124 141 146 233 64 21 228 232 136 132 219 16 215 193 8 113 6 238 57 140 198 35 9 124 147 238 52 205 72 6 39 217 124 190 189 182 6 117 55 11 42 87 238 120 238 227 125 238 125 232 46 230 36 213 9 57 88 209 238 110 231 120 170 75 178 101 238 26 185 118 119 68 124 164 125 165 2 125 120 145 91 108 74 4 33 125 181 105 226 218 238 51 124 151 208 238 124 100 2 47 238 73 238 192 54 212 152 222 11 11 238 69 15 14 90 180 12 129 238 238 122 19 238 159 81 228 5 4 123 195 225 238 75 238 1 103 238 93 2 
c [Incremental] Max used label: 238.
c [Incremental] Label 238 is removed from searching.
c [Incremental] Solving for max label = 237:
c [Incremental] Solving duration: 185 ms.
s [Incremental] SAT (label = 237).
Label assignment: 236 66 87 87 87 21 237 63 87 30 237 86 237 57 6 235 89 237 2 62 150 21 237 123 3 237 237 119 76 126 119 236 169 237 123 237 120 197 188 87 176 119 34 127 10 153 7 4 102 124 21 41 87 44 149 21 11 115 96 87 200 233 1 76 65 137 11 71 10 87 59 87 85 21 148 6 4 87 237 87 2 111 83 10 87 236 80 123 120 235 233 134 121 11 221 87 32 156 237 2 2 83 3 1 121 2 120 163 2 235 58 172 24 1 124 224 87 144 1 158 8 214 231 237 87 6 215 173 10 109 53 2 21 10 45 36 226 236 157 48 138 10 10 7 21 237 79 204 203 112 11 21 237 53 237 6 4 82 233 94 67 154 235 140 124 237 210 92 56 234 237 87 24 10 237 237 82 207 177 117 11 10 237 236 106 27 237 21 77 174 135 143 23 4 21 220 98 6 122 237 124 236 87 179 70 237 237 80 236 2 236 63 136 1 2 53 78 186 168 231 95 237 161 194 175 224 21 237 236 6 116 171 21 124 15 87 22 114 10 196 184 50 8 3 60 6 229 107 104 201 233 237 124 124 133 220 7 231 124 14 202 234 237 87 1 18 131 2 84 123 125 236 38 61 237 53 167 99 143 5 97 191 13 199 237 236 237 237 124 223 10 2 11 11 237 10 234 124 43 124 236 237 230 31 162 28 37 233 216 228 118 183 21 152 166 123 115 51 1 236 12 237 230 228 5 25 237 214 155 232 121 196 1 237 237 34 1 206 36 130 124 34 237 2 17 211 237 160 237 49 233 40 237 124 139 124 165 146 233 64 21 228 232 141 132 219 16 215 193 8 113 6 237 57 142 198 35 9 124 147 237 52 205 72 6 39 217 124 190 189 182 6 117 55 11 42 87 237 120 237 227 119 237 124 232 46 230 36 213 9 57 88 209 237 110 231 120 187 75 178 101 236 26 185 118 119 68 123 164 124 170 2 124 120 145 91 108 74 4 33 124 181 105 226 218 237 51 123 151 208 237 124 100 2 47 237 73 237 192 54 212 128 222 11 11 237 69 19 29 90 180 11 129 236 237 122 20 237 159 81 228 5 4 123 195 225 237 75 237 1 103 236 93 2 
c [Incremental] Max used label: 237.
c [Incremental] Label 237 is removed from searching.
c [Incremental] Solving for max label = 236:
c [Incremental] Solving duration: 16857 ms.
s [Incremental] SAT (label = 236).
Label assignment: 236 66 87 87 87 5 234 63 87 30 2 86 234 57 6 235 89 235 2 62 150 21 236 121 2 236 233 119 76 126 119 228 169 230 115 226 120 197 188 87 176 119 34 127 10 153 7 4 102 123 21 41 87 44 149 21 9 115 96 87 200 233 1 76 65 137 10 71 10 87 59 87 85 21 148 6 4 87 236 87 2 111 83 4 87 236 80 7 122 158 233 134 121 7 221 87 32 156 121 2 2 83 11 1 121 2 120 163 2 235 58 172 24 1 118 224 87 144 1 124 8 214 236 231 87 1 215 173 15 109 53 2 21 5 45 36 226 233 157 48 138 5 2 233 21 233 79 204 203 112 119 38 234 53 227 6 4 82 233 94 67 154 235 140 115 5 210 92 56 234 231 87 24 10 236 229 82 207 177 117 6 12 235 122 106 27 235 21 77 174 135 143 23 4 21 220 98 6 28 233 118 236 87 179 70 234 12 80 232 2 235 63 136 1 1 35 78 186 168 231 95 231 205 194 175 224 21 235 236 6 116 171 21 119 3 87 22 114 3 196 184 50 8 3 60 6 229 107 104 201 233 234 122 122 133 220 7 231 116 3 202 234 234 87 1 18 125 2 84 123 128 236 13 61 236 53 167 99 143 5 97 191 8 199 234 236 5 4 120 223 10 2 10 3 233 120 234 236 43 118 236 3 230 31 162 14 37 233 216 228 118 183 21 187 166 116 115 51 1 234 7 236 230 228 5 25 235 214 155 232 118 196 1 2 197 34 1 206 8 130 4 34 236 7 17 131 235 160 229 49 233 40 236 123 139 119 165 146 233 64 21 228 232 134 132 219 16 215 193 8 113 6 236 57 141 198 142 9 118 147 232 52 217 72 3 39 217 123 190 189 182 6 117 55 6 42 87 235 120 229 227 118 234 122 232 46 230 36 213 9 57 88 209 236 110 231 120 211 75 178 101 236 26 161 118 119 68 123 164 114 170 2 123 115 145 91 108 74 4 33 121 181 105 226 218 2 51 235 151 208 236 123 100 2 47 185 73 236 192 54 212 152 222 9 6 236 69 19 29 90 180 9 129 236 236 122 20 236 159 81 228 5 4 123 195 225 233 75 232 1 103 236 93 2 
c [Incremental] Max used label: 236.
c [Incremental] Label 236 is removed from searching.
c [Incremental] Solving for max label = 235:
c [Incremental] Solving duration: 178 ms.
s [Incremental] SAT (label = 235).
Label assignment: 235 66 87 87 87 5 234 63 87 30 2 86 234 57 6 235 89 235 2 62 150 21 235 121 2 235 233 119 76 126 119 228 169 230 115 226 120 197 188 87 176 119 34 127 10 153 7 4 102 122 21 41 87 44 149 21 9 115 96 87 200 233 1 76 65 137 9 71 235 87 59 87 85 21 148 6 4 87 235 87 2 111 83 4 87 235 80 7 122 158 233 134 121 7 221 87 32 156 121 2 2 83 11 1 121 2 120 163 2 235 58 172 24 1 118 224 87 144 1 124 8 214 235 231 87 1 215 173 15 109 53 2 21 5 45 36 226 233 157 48 138 5 2 233 21 233 79 204 203 112 119 38 234 53 227 6 4 82 233 94 67 154 235 140 115 5 210 92 56 234 231 87 24 9 235 229 82 207 177 117 6 12 235 122 106 27 235 21 77 174 135 143 23 4 21 220 98 6 28 233 118 235 87 179 70 234 12 80 232 2 235 63 136 1 1 35 78 186 168 231 95 231 205 194 175 224 21 235 235 6 116 171 21 119 3 87 22 114 3 196 184 50 8 3 60 6 229 107 104 201 233 234 122 122 133 220 7 231 116 3 202 234 234 87 1 18 125 2 84 122 128 235 13 61 235 53 167 99 143 5 97 191 8 199 234 235 5 4 120 223 9 2 9 3 233 120 234 235 43 118 235 3 230 31 162 14 37 233 216 228 118 183 21 187 166 116 115 51 1 234 7 235 230 228 5 25 235 214 152 232 118 196 1 2 197 34 1 206 8 130 4 34 235 7 17 131 235 160 229 49 233 40 235 122 139 119 165 146 233 64 21 228 232 134 132 219 16 215 193 8 113 6 235 57 141 198 142 9 118 147 232 52 217 72 3 39 217 122 190 189 182 6 117 55 6 42 87 235 120 229 227 118 234 122 232 46 230 36 213 9 57 88 209 235 110 231 120 211 75 178 101 235 26 161 118 119 68 122 164 114 155 2 119 115 123 91 108 74 4 33 121 181 105 170 218 2 51 235 151 208 235 122 100 2 47 185 73 235 192 54 212 145 222 9 6 235 69 19 29 90 180 9 129 235 235 122 20 235 159 81 228 5 4 122 195 225 233 75 232 1 103 235 93 2 
c [Incremental] Max used label: 235.
c [Incremental] Label 235 is removed from searching.
c [Incremental] Solving for max label = 234:
c [Incremental] Solving duration: 172 ms.
s [Incremental] SAT (label = 234).
Label assignment: 234 66 87 87 87 5 234 63 87 30 2 86 234 57 6 234 89 233 2 62 150 21 234 121 2 234 233 119 76 126 119 228 169 230 115 226 120 197 188 87 176 119 34 127 10 153 7 4 102 121 21 41 87 44 149 21 8 115 96 87 200 233 1 76 65 137 8 71 8 87 59 87 85 21 148 6 4 87 234 87 2 111 83 4 87 234 80 7 121 158 233 134 121 7 221 87 32 156 121 2 2 83 11 1 121 2 120 163 2 234 58 172 24 1 118 224 87 144 1 124 8 214 234 231 87 1 215 173 15 109 53 2 21 5 45 36 226 233 157 48 138 5 2 233 21 233 79 204 203 112 119 38 234 53 227 5 4 82 233 94 67 154 234 140 115 5 210 92 56 234 231 87 24 7 234 229 82 207 177 117 6 12 234 121 106 27 234 21 77 174 133 143 23 4 21 220 98 6 28 233 118 234 87 179 70 234 12 80 232 2 234 63 136 1 1 35 78 186 168 231 95 231 205 194 175 224 21 234 234 6 116 171 21 119 3 87 22 114 3 196 184 50 5 3 60 6 229 107 104 201 233 234 121 120 129 220 7 231 116 3 202 234 234 87 1 18 122 2 84 118 128 234 13 61 233 53 167 99 143 5 97 191 8 199 234 234 5 4 120 223 7 2 5 3 233 120 234 234 43 118 234 3 230 31 162 14 37 233 216 228 118 183 47 187 166 116 115 51 1 234 7 234 230 228 5 25 234 214 155 232 118 196 1 2 197 34 1 206 8 130 4 34 234 5 17 131 234 160 229 49 233 40 234 121 139 119 165 146 233 64 21 228 232 135 132 219 16 215 193 8 113 6 234 57 141 198 142 7 118 147 232 52 217 72 3 39 217 118 190 189 182 6 117 55 6 42 87 234 120 229 227 118 234 120 232 46 230 36 213 120 57 88 209 234 110 231 120 211 75 178 101 234 26 161 118 119 68 120 164 114 159 2 119 115 145 91 108 74 4 33 120 181 105 170 218 2 51 234 151 208 234 120 100 2 9 185 73 234 192 54 212 152 222 8 6 234 69 19 29 90 180 7 125 234 233 7 20 234 123 81 234 5 4 121 195 225 233 75 232 1 103 234 93 2 
c [Incremental] Max used label: 234.
c [Incremental] Label 234 is removed from searching.
c [Incremental] Solving for max label = 233:
c [Incremental] Solving duration: 185 ms.
s [Incremental] SAT (label = 233).
Label assignment: 233 66 87 87 87 5 233 63 87 30 2 86 233 57 6 233 89 233 2 62 150 21 233 120 2 233 233 119 76 121 119 228 169 230 115 226 120 197 188 87 176 119 34 127 10 153 7 4 102 120 21 41 87 44 149 21 9 115 96 87 200 233 1 76 65 137 5 71 6 87 59 87 85 21 148 6 4 87 233 87 2 111 83 4 87 233 80 7 120 158 233 134 120 7 221 87 32 120 120 2 2 83 11 1 120 2 120 163 2 233 58 172 24 1 118 224 87 144 233 124 8 214 233 231 87 1 215 173 15 109 53 2 21 5 45 36 226 233 157 48 138 5 2 233 21 233 79 204 203 112 119 38 233 53 227 5 4 82 233 94 67 154 233 140 115 5 210 92 56 233 231 87 24 7 233 229 82 207 177 117 6 12 2 120 106 27 233 21 77 174 133 143 23 4 21 220 98 6 28 233 118 233 87 179 70 233 12 80 232 2 233 63 136 1 1 35 78 186 168 231 95 231 205 194 175 224 21 233 233 6 116 156 21 119 3 87 22 114 3 196 184 50 5 3 60 6 229 107 104 201 233 233 122 120 126 220 7 231 116 3 202 233 233 87 1 18 125 2 84 118 128 233 13 61 233 53 167 99 143 5 97 191 8 199 233 233 5 4 120 223 7 2 5 3 233 120 233 233 43 118 232 3 230 31 162 14 37 233 216 228 118 183 21 187 166 116 115 51 1 233 7 232 230 228 5 25 233 214 155 232 118 196 1 2 197 34 1 206 7 130 4 34 233 5 17 131 233 160 229 49 233 40 233 118 139 119 165 146 233 64 21 228 232 135 132 219 16 215 193 8 113 6 6 57 141 198 142 7 118 147 232 52 217 72 3 39 217 118 190 189 182 6 117 55 6 42 87 233 120 171 227 118 233 120 232 46 230 36 213 4 57 88 209 233 110 231 120 211 75 178 101 233 26 161 118 119 68 120 164 114 170 2 119 115 145 91 108 74 4 33 120 181 105 123 218 2 51 233 151 208 233 120 100 2 47 185 73 233 192 54 212 152 222 9 6 233 69 19 29 90 180 7 129 233 233 117 20 233 159 81 228 5 4 119 195 225 233 75 232 1 103 233 93 2 
c [Incremental] Max used label: 233.
c [Incremental] Label 233 is removed from searching.
c [Incremental] Solving for max label = 232:
c [Incremental] Solving duration: 229 ms.
s [Incremental] SAT (label = 232).
Label assignment: 232 66 87 87 87 5 121 63 87 30 2 86 232 57 5 231 89 232 2 62 150 21 232 119 2 232 232 119 13 122 119 228 169 230 115 226 119 197 188 87 176 119 34 127 7 153 7 4 102 119 21 6 87 44 149 21 5 115 96 87 200 232 1 76 65 137 5 71 3 87 59 87 85 21 148 6 4 87 232 87 2 111 83 4 87 232 80 5 119 158 232 134 118 5 221 87 32 156 119 2 2 83 11 1 118 2 118 163 2 231 58 172 24 1 118 224 87 144 1 124 8 214 232 231 87 1 123 173 15 109 53 2 21 5 45 36 226 232 157 48 138 5 2 232 21 232 79 204 203 112 119 38 231 53 227 5 4 82 232 94 67 154 232 140 115 5 210 92 56 232 231 87 24 1 232 229 82 207 177 117 6 12 231 119 106 27 232 21 77 174 135 143 23 4 21 220 98 232 28 232 118 231 87 179 70 232 10 80 232 2 232 8 136 1 1 35 78 186 168 231 95 231 205 194 175 224 21 232 232 6 116 155 21 119 3 87 22 114 3 196 184 50 5 3 60 6 229 107 104 201 232 232 118 119 133 220 5 231 116 3 202 232 232 87 1 18 125 2 84 118 128 232 13 61 231 53 167 99 143 5 97 191 8 199 232 232 5 4 119 223 5 2 5 3 231 118 232 232 43 118 232 3 230 31 162 14 37 232 216 228 118 183 41 187 166 116 115 13 1 232 7 232 230 228 5 25 232 214 151 232 118 196 1 2 197 34 1 206 6 130 4 34 231 5 17 131 232 160 229 49 232 40 231 118 139 118 165 146 232 64 21 228 232 134 132 219 16 215 193 8 113 5 5 57 141 198 142 6 118 147 232 52 217 72 3 39 217 118 190 126 182 232 117 55 5 42 87 232 118 171 225 118 232 119 232 46 230 36 213 4 57 88 209 232 110 231 118 211 75 178 101 232 26 161 118 119 68 114 164 114 170 2 232 115 145 91 108 74 4 33 118 181 105 120 218 2 51 232 9 208 232 118 100 2 47 185 73 232 192 54 212 152 189 5 6 232 69 19 29 90 180 6 129 232 231 117 20 119 159 81 228 5 4 116 195 222 232 75 232 1 103 231 93 2 
c [Incremental] Max used label: 232.
c [Incremental] Label 232 is removed from searching.
c [Incremental] Solving for max label = 231:
c [Incremental] Solving duration: 227 ms.
s [Incremental] SAT (label = 231).
Label assignment: 231 63 87 87 87 5 231 63 87 30 119 86 231 66 4 231 89 231 2 62 150 21 231 118 2 231 231 118 76 126 118 228 169 230 115 226 118 173 188 87 182 118 34 127 10 153 7 4 102 118 21 41 87 44 149 21 5 115 96 87 200 231 1 76 8 137 5 71 3 87 59 87 85 21 148 5 4 87 177 87 2 111 83 4 87 231 80 5 231 158 231 134 118 5 221 87 32 156 118 2 2 83 11 1 118 2 118 163 2 231 58 172 24 1 118 224 87 144 1 124 8 214 231 231 87 1 215 178 15 109 53 2 21 5 45 36 226 230 157 48 138 5 2 230 21 231 79 204 203 112 118 38 231 53 227 5 4 82 230 94 67 154 231 140 115 231 210 92 56 231 231 87 24 5 231 229 82 207 179 117 5 12 231 117 106 27 231 21 77 174 133 143 23 4 21 220 98 4 28 231 118 231 87 176 70 230 12 80 229 2 118 63 136 1 1 35 78 186 168 231 95 231 205 194 175 224 21 231 231 116 116 171 21 118 3 87 22 114 3 196 184 50 5 3 60 5 229 107 104 201 231 231 118 3 129 220 4 231 116 3 202 231 231 87 1 18 123 2 84 118 128 231 13 61 231 53 167 99 143 4 97 191 8 199 231 231 231 4 118 223 5 2 4 3 231 118 231 231 43 118 230 3 230 31 162 14 37 231 216 228 117 121 26 187 166 116 115 51 1 231 7 230 230 228 5 25 231 214 155 231 118 196 1 2 197 6 1 206 4 130 4 34 231 4 17 131 231 160 229 49 231 40 231 118 139 118 165 146 231 64 21 228 231 135 132 219 16 215 193 8 113 5 5 65 141 198 142 5 118 120 231 52 217 72 3 39 217 117 190 189 183 231 117 55 5 42 87 231 117 229 227 116 231 118 231 46 230 36 213 4 57 88 209 231 110 231 117 211 75 122 101 231 9 161 118 118 68 118 164 114 170 2 118 115 145 91 108 74 4 33 118 181 105 152 218 2 51 230 151 208 231 118 100 2 47 185 73 231 192 54 212 147 222 5 5 231 69 19 29 90 180 5 125 230 231 117 20 231 159 81 228 4 4 116 195 225 231 75 230 1 103 231 93 2 
c [Incremental] Max used label: 231.
c [Incremental] Label 231 is removed from searching.
c [Incremental] Solving for max label = 230:
c [Incremental] Solving duration: 22535 ms.
s [Incremental] SAT (label = 230).
Label assignment: 230 66 87 87 87 2 229 6 87 30 2 86 228 57 2 230 89 228 2 62 150 21 116 115 1 229 229 116 76 124 115 228 169 230 115 226 4 197 188 87 176 230 34 126 10 153 7 2 102 116 21 41 87 44 149 10 1 115 96 87 200 230 1 76 65 137 3 71 1 87 59 87 85 21 148 1 4 87 182 87 2 111 83 4 87 228 80 4 115 158 120 134 116 4 221 87 32 156 117 2 2 83 5 1 117 2 115 163 2 229 58 172 24 1 117 224 87 144 1 123 8 214 230 227 87 1 215 173 15 109 53 2 21 2 45 36 226 229 157 48 138 2 2 230 21 230 79 204 203 112 115 38 230 53 227 2 4 82 230 94 67 154 230 140 115 230 210 92 56 230 230 87 24 4 228 229 82 207 177 114 4 12 229 116 106 27 2 21 77 174 130 143 23 4 21 220 98 3 28 228 117 230 87 179 70 229 12 80 230 2 228 63 136 1 1 35 78 186 168 229 95 229 205 194 175 224 21 229 230 1 116 171 21 117 3 87 22 114 3 196 184 50 3 3 60 2 229 107 104 201 230 230 116 115 133 220 4 228 116 3 202 228 230 87 1 18 125 2 84 116 128 229 13 61 230 53 167 99 143 2 97 191 8 199 230 224 230 4 116 223 4 2 2 3 229 117 230 230 43 116 228 3 230 31 127 14 37 230 216 228 116 183 21 187 166 116 115 51 1 230 7 229 230 228 2 25 230 214 155 230 117 196 1 2 197 34 1 206 3 129 2 34 230 1 16 118 230 8 229 49 230 40 230 117 139 116 165 146 228 64 21 228 228 134 132 213 16 218 193 11 113 2 230 57 141 198 142 228 114 147 230 52 217 72 3 39 225 115 190 189 182 230 117 116 3 42 87 230 117 212 227 116 230 115 230 46 230 36 209 131 57 88 211 230 110 229 116 170 75 178 101 230 26 161 117 117 68 117 162 114 159 230 117 115 145 91 108 74 121 29 117 181 105 135 219 2 33 230 151 208 230 117 100 2 47 164 73 230 185 69 195 152 180 2 3 230 81 17 54 90 160 2 122 230 230 9 20 230 119 19 1 3 1 115 192 222 230 55 230 1 103 230 93 2 
c [Incremental] Max used label: 230.
c [Incremental] Label 230 is removed from searching.
c [Incremental] Solving for max label = 229:
c [Incremental] Solving duration: 255 ms.
s [Incremental] SAT (label = 229).
Label assignment: 229 66 87 229 87 2 229 6 87 30 2 86 228 57 2 4 89 228 2 62 150 21 116 229 1 229 229 115 76 124 115 228 169 229 115 226 4 197 188 87 176 229 34 126 10 153 7 2 102 116 21 41 87 44 149 10 1 115 96 87 200 229 1 76 65 137 3 229 1 87 59 87 85 21 148 1 4 87 182 87 2 3 83 3 87 228 80 4 115 158 120 134 116 3 221 87 32 156 116 2 2 83 5 1 116 2 115 163 2 229 58 172 3 1 116 224 87 144 1 123 8 214 229 227 87 1 215 173 15 109 53 2 21 2 45 36 226 229 157 48 138 2 2 229 21 229 116 204 203 112 115 38 229 53 227 2 4 82 116 3 67 154 229 140 115 229 210 92 56 229 229 84 24 3 228 229 79 207 177 114 3 12 229 116 106 27 2 21 77 174 130 143 23 4 21 220 116 3 3 228 116 229 71 179 70 229 12 80 229 2 228 63 136 1 1 35 78 186 168 229 95 229 205 194 175 224 21 229 229 1 116 171 21 116 3 90 22 114 3 196 184 50 3 3 60 2 229 107 104 201 229 229 116 115 133 220 4 228 116 3 202 228 229 93 1 18 125 2 94 116 128 229 13 61 229 53 167 99 143 2 97 191 8 199 229 224 229 4 116 223 3 2 2 3 229 229 229 229 43 116 228 3 228 31 127 14 37 229 216 228 116 183 21 187 166 116 115 51 1 229 7 229 229 228 2 25 229 214 155 229 116 196 1 2 197 3 1 206 3 129 2 34 229 1 16 118 229 8 229 49 229 40 229 116 139 116 165 146 228 64 21 213 229 134 132 229 16 218 193 11 113 2 229 57 141 198 142 228 114 147 229 52 217 72 3 117 225 115 190 189 182 229 115 116 3 42 88 229 229 212 227 116 229 115 228 46 229 28 209 131 39 229 211 229 110 229 116 170 75 178 101 229 26 161 116 116 68 116 162 114 159 229 116 115 145 91 108 74 121 29 116 181 105 135 219 2 33 229 151 208 229 116 100 2 47 164 73 116 185 69 195 152 180 2 3 229 81 17 54 98 160 2 122 228 229 9 20 229 119 19 1 3 1 115 192 222 3 55 229 1 103 229 111 2 
c [Incremental] Max used label: 229.
c [Incremental] Label 229 is removed from searching.
c [Incremental] Solving for max label = 228:
c [Incremental] Solving duration: 185 ms.
s [Incremental] SAT (label = 228).
Label assignment: 228 66 87 228 87 2 228 6 87 30 2 86 228 57 2 18 89 228 2 62 150 21 115 115 1 228 228 115 76 124 115 228 169 228 115 226 4 197 188 87 176 228 34 126 10 153 7 2 102 115 21 41 87 44 149 10 1 115 96 87 200 228 1 76 65 137 2 228 1 87 59 87 85 21 148 1 4 87 174 87 2 2 83 2 87 228 80 4 115 158 120 134 115 2 221 90 32 156 115 2 2 83 5 1 115 2 115 163 2 228 58 165 2 1 115 224 93 144 1 123 8 214 228 227 94 1 215 173 15 109 53 2 21 2 45 36 226 228 157 48 138 2 2 228 21 228 2 204 203 112 115 38 228 53 227 2 4 82 115 228 67 154 228 140 115 228 210 92 56 228 228 98 24 2 228 228 82 207 177 114 2 12 228 115 106 27 2 21 77 172 130 143 23 4 21 220 2 2 116 228 115 228 71 179 70 228 12 80 228 2 228 63 136 1 1 35 78 186 168 228 95 228 205 194 175 224 21 228 228 1 115 171 21 115 2 87 22 114 2 196 184 50 2 3 60 2 228 107 104 201 228 228 115 115 133 220 4 228 115 3 202 228 228 87 1 18 125 2 84 115 128 228 13 61 228 53 167 99 143 2 74 191 8 199 228 224 228 4 115 223 2 2 2 2 228 117 228 228 43 115 228 3 228 31 127 14 37 228 216 228 115 183 21 187 166 115 115 51 1 228 7 228 228 228 228 25 228 214 155 228 115 196 1 2 197 228 1 206 2 129 2 34 228 1 16 118 228 8 228 49 228 40 228 115 139 115 147 146 228 61 21 228 228 134 132 213 16 218 193 11 113 2 228 39 141 198 142 228 114 115 228 52 217 72 228 228 225 115 190 189 182 228 115 115 2 42 88 228 228 212 227 115 228 115 228 46 228 28 209 131 64 228 211 228 110 228 115 170 79 178 101 228 26 161 115 115 68 115 162 114 159 228 115 115 145 91 108 75 121 29 115 181 105 135 219 2 33 228 151 208 228 115 100 2 47 164 73 2 185 69 195 152 180 2 2 228 81 17 54 97 160 2 122 228 228 9 20 228 119 19 1 2 1 115 192 222 115 55 228 1 103 228 111 2 
c [Incremental] Max used label: 228.
c [Incremental] Label 228 is removed from searching.
c [Incremental] Solving for max label = 227:
c [Incremental] Solving duration: 203 ms.
s [Incremental] SAT (label = 227).
Label assignment: 227 66 87 227 87 227 227 6 87 30 227 86 227 57 1 18 89 227 227 62 150 21 114 114 1 227 227 114 76 124 114 227 169 227 114 226 4 197 188 87 176 227 34 126 10 153 7 1 102 114 21 41 87 44 149 10 1 114 96 87 200 227 1 76 65 137 1 227 1 87 59 87 85 21 148 1 4 87 182 90 1 1 83 1 93 227 80 4 114 158 120 134 114 1 221 94 32 156 114 1 1 83 5 1 114 1 114 163 2 227 58 172 1 1 114 224 98 144 1 123 8 214 227 227 99 1 215 173 15 109 53 2 21 1 45 36 209 227 157 48 138 1 1 227 21 227 1 204 203 227 114 38 227 53 227 1 4 82 114 227 67 154 227 140 114 227 210 92 56 227 227 97 24 1 227 227 114 207 177 114 1 12 227 114 165 27 227 21 77 174 130 143 23 4 21 220 1 1 116 227 114 227 71 179 70 227 12 80 2 1 227 63 136 1 1 35 78 186 168 227 95 227 205 194 175 224 21 227 227 1 114 171 21 114 1 87 22 114 1 196 184 50 1 3 60 1 227 107 104 201 227 227 114 114 133 220 4 227 114 3 202 227 227 87 1 18 125 1 84 114 128 227 13 61 227 53 167 100 143 1 75 191 8 199 227 224 227 4 114 223 1 2 1 1 227 117 227 227 43 114 227 3 227 31 127 14 37 227 216 227 114 183 21 187 166 114 114 51 1 227 7 227 227 227 227 25 227 214 155 227 114 196 1 1 197 227 1 206 1 129 1 34 227 1 16 118 227 8 227 49 227 40 227 114 139 114 147 146 227 64 21 227 227 134 132 213 16 218 193 11 113 1 227 57 141 198 142 227 114 114 227 52 217 72 227 227 222 114 190 189 182 227 114 114 1 42 88 227 227 212 227 115 227 114 227 46 227 28 211 131 39 227 219 227 110 227 114 170 79 178 101 227 26 161 114 114 68 114 162 114 159 227 114 114 145 91 108 74 121 29 114 181 105 135 227 227 33 227 151 208 227 114 103 1 47 164 73 1 185 69 195 152 180 1 1 227 81 17 54 106 160 1 122 227 227 9 20 227 119 19 1 1 1 114 192 225 114 55 1 1 112 227 111 1 
c [Incremental] Max used label: 227.
c [Incremental] Label 227 is removed from searching.
c [Incremental] Solving for max label = 226:
c [Incremental] Solving duration: 0 ms.
s [Incremental] UNSAT (label = 226).
c [Main] Work pid ends with result: 0.
r [Main] 
r [Main] Final results: 
r [Main] Total real time: 256083 ms.
r [Main] Total memory consumed: 667.9 MB.
r [Main] 
c [Signal] Signal interruption. Caught signal: SIGTERM (15).
