c [Version] Minimize Makespan Labeling Encoder version 1.0.0.
c [Param] LB is predefined as 165.
c [Param] UB is predefined as 337.
c [Param] Memory limit is set to 30000.
c [Param] Real time limit is set to 1800.
c [Main] Search strategy: Incremental from upper bound.
c [Main] Encoding and solving for graph: V-nos6.mtx.rnd.
c [Incremental] Minimize Makespan Labeling Antibandwidth problem (V-nos6.mtx.rnd):
c [Incremental] Encoding starts with target value = 164:
c [Incremental] Encoding duration: 2337ms.
c [Incremental] Number of clauses: 2469091.
c [Incremental] Number of variables: 562612.
c [Incremental] Solving for max label = 337:
c [Incremental] Solving duration: 830669 ms.
s [Incremental] SAT (label = 337).
Label assignment: 1 251 335 173 282 173 172 1 143 8 173 173 19 12 34 4 217 232 198 209 275 168 322 337 202 228 172 92 132 268 337 327 168 169 173 171 120 99 26 148 172 219 333 337 330 337 205 255 337 171 331 252 336 298 219 337 164 150 172 137 154 6 182 245 191 87 193 62 172 2 249 11 172 266 169 188 180 49 336 8 334 4 170 173 183 88 17 334 213 5 335 281 172 325 169 170 1 334 8 337 167 95 337 337 333 301 139 1 337 336 52 337 200 224 313 43 3 337 11 173 181 337 18 2 48 167 336 118 336 287 2 336 157 36 3 167 264 5 98 167 171 314 29 337 171 40 288 336 5 172 122 279 169 335 114 142 336 305 4 113 2 2 1 269 336 190 263 4 2 85 169 1 254 168 173 336 169 168 39 2 330 62 6 54 336 250 225 24 332 324 316 9 165 2 115 126 11 294 4 246 300 170 333 153 83 289 97 1 2 9 32 88 73 42 326 256 337 336 168 292 336 270 336 336 3 170 173 41 336 337 1 45 39 184 4 337 172 166 257 8 336 96 320 189 165 334 337 203 248 337 175 299 173 258 337 274 315 337 2 337 86 22 141 336 27 337 336 9 1 3 111 130 82 336 108 278 1 337 7 171 337 119 1 214 6 215 2 2 337 38 216 84 1 115 4 171 335 172 63 61 337 337 78 337 133 172 336 337 308 276 173 174 173 6 284 136 6 168 100 337 192 172 168 7 296 336 1 170 267 337 212 337 57 19 262 158 3 285 321 135 336 140 334 172 297 211 261 168 75 286 337 337 337 337 66 176 336 337 310 168 4 337 1 5 4 170 337 69 315 116 3 62 172 207 7 169 335 169 194 71 5 199 230 6 173 206 1 337 123 173 311 3 2 165 110 170 172 271 204 178 173 226 168 65 1 1 87 337 223 1 179 272 335 319 170 90 33 173 221 118 3 283 80 335 173 1 336 337 101 3 229 7 220 337 102 1 4 260 337 127 318 159 170 317 336 125 186 337 162 233 243 337 51 28 259 308 218 9 307 37 240 165 107 148 4 16 44 273 109 337 169 331 8 336 328 177 6 169 336 295 172 172 64 337 9 337 6 2 3 302 306 113 112 171 106 337 337 87 312 31 168 168 253 337 2 1 7 337 77 337 117 129 121 334 293 237 337 236 337 1 337 222 173 2 335 197 247 2 21 170 4 3 239 124 187 138 146 309 1 68 337 337 336 128 20 7 5 94 1 134 244 3 337 337 4 337 337 2 169 1 1 337 208 171 303 14 145 144 3 25 155 337 81 67 336 210 47 337 76 13 1 74 337 337 156 147 171 171 335 336 337 337 55 1 333 333 323 172 35 4 1 171 1 337 149 169 161 196 79 337 329 173 163 336 337 173 169 337 1 53 195 337 173 337 337 291 59 160 58 50 280 304 105 167 93 277 89 227 103 56 4 152 23 91 70 337 173 104 235 131 72 265 171 30 7 151 336 337 1 234 46 60 173 15 4 10 335 241 4 201 185 242 238 231 290 
c [Incremental] Max used label: 337.
c [Incremental] Label 337 is removed from searching.
c [Incremental] Solving for max label = 336:
c [Incremental] Solving duration: 19395 ms.
s [Incremental] SAT (label = 336).
Label assignment: 1 251 335 167 282 173 172 1 143 8 173 165 19 12 34 4 217 232 198 209 275 168 322 335 202 228 172 92 131 268 332 327 168 169 165 171 120 99 26 148 172 219 333 335 335 334 205 255 336 171 331 252 336 298 219 335 164 150 172 137 154 6 182 245 191 87 193 62 166 2 249 11 172 266 169 188 180 49 336 8 334 4 171 170 183 88 17 334 213 5 335 281 172 325 169 170 1 334 2 334 167 95 336 1 333 301 139 1 336 336 52 336 200 224 313 43 3 336 11 173 181 335 18 2 48 167 336 118 336 287 2 336 157 36 3 167 264 5 98 167 171 314 29 336 171 40 288 336 5 172 122 279 169 335 114 142 336 305 4 110 2 2 1 269 336 190 263 3 2 85 169 1 254 168 170 336 169 168 39 2 335 54 6 82 336 250 225 24 332 324 316 9 165 2 115 126 11 294 4 246 300 170 333 153 83 289 97 1 2 9 32 88 73 42 326 256 334 336 168 292 336 270 336 336 3 170 170 41 336 333 1 45 39 184 4 334 167 166 257 4 336 96 320 189 165 334 333 203 248 335 175 299 173 258 335 274 315 336 2 333 165 22 141 336 27 335 336 9 1 3 111 130 112 336 108 278 1 335 7 171 333 119 1 214 74 215 2 2 330 38 216 84 1 115 1 168 335 172 63 61 335 333 78 332 133 172 336 336 308 276 173 174 136 6 284 169 6 168 100 335 192 172 168 7 296 336 1 170 267 335 212 336 57 19 262 170 3 285 321 135 336 166 334 172 297 211 261 168 75 286 336 332 330 336 161 176 336 332 310 168 4 1 1 5 4 170 336 69 315 116 3 62 172 207 3 140 335 169 194 71 5 199 230 6 173 206 1 335 171 166 311 3 2 165 107 132 172 271 204 178 170 226 168 65 1 1 87 3 223 1 179 272 335 319 170 90 33 169 221 118 3 283 80 335 155 1 336 330 103 3 229 7 220 336 86 1 4 260 332 127 318 159 170 317 336 125 186 334 162 233 243 336 51 28 259 308 218 3 307 37 240 165 149 123 4 16 44 273 109 5 169 331 8 336 328 177 6 169 336 295 166 172 64 336 5 333 6 2 3 302 306 113 93 171 106 3 332 87 312 31 168 168 253 1 2 1 7 336 102 331 117 129 121 334 293 237 335 236 336 1 333 222 171 2 335 197 247 2 21 170 4 3 239 124 187 138 146 309 1 68 332 332 336 128 20 7 5 94 1 168 244 3 336 4 4 2 336 2 169 1 1 335 208 169 303 14 145 144 3 25 156 334 81 67 336 210 47 3 76 13 1 66 331 336 171 171 171 169 335 336 336 329 55 1 333 333 323 172 35 4 1 171 1 336 158 169 147 196 79 335 329 173 163 336 334 168 169 333 1 53 195 331 167 335 7 291 59 160 58 50 280 304 105 167 101 277 89 227 77 56 4 152 23 91 70 334 170 104 235 134 72 265 171 30 5 151 336 336 1 234 46 60 173 15 4 10 335 241 4 201 185 242 238 231 290 
c [Incremental] Max used label: 336.
c [Incremental] Label 336 is removed from searching.
c [Incremental] Solving for max label = 335:
c [Incremental] Solving duration: 310 ms.
s [Incremental] SAT (label = 335).
Label assignment: 1 251 335 167 282 173 170 1 143 8 173 165 19 12 34 4 217 232 198 209 275 168 322 335 202 228 171 92 131 268 332 327 168 169 165 171 120 99 26 148 171 219 333 335 335 334 205 255 335 171 331 252 335 298 219 335 164 150 171 137 154 6 182 245 191 87 193 62 166 2 249 11 172 266 169 188 180 49 335 8 334 4 171 170 183 88 17 334 213 5 335 281 171 325 169 170 1 334 2 334 167 95 335 1 333 301 139 1 335 335 52 335 200 224 313 43 3 335 11 173 181 335 18 2 48 167 335 118 335 287 2 335 157 36 3 167 264 5 98 167 171 314 29 335 171 40 288 335 5 171 122 279 169 335 114 142 335 305 4 110 2 2 1 269 335 190 263 3 2 85 169 1 254 168 170 335 169 168 39 2 335 54 6 82 335 250 225 24 332 324 316 9 165 2 115 126 11 294 4 246 300 170 333 153 83 289 97 1 2 9 32 88 73 42 326 256 334 335 168 292 335 270 335 335 3 170 170 41 335 333 1 45 39 184 4 334 167 166 257 4 335 96 320 189 165 334 333 203 248 335 175 299 173 258 335 274 315 335 2 333 165 22 141 335 27 335 335 9 1 3 111 130 112 335 108 278 1 335 7 171 333 119 1 214 74 215 2 2 330 38 216 84 1 115 1 168 335 171 63 61 335 333 78 332 133 171 335 335 308 276 173 174 136 6 284 169 6 168 100 335 192 171 168 7 296 335 1 170 267 335 212 335 57 19 262 170 3 285 321 135 335 166 334 171 297 211 261 168 75 286 335 332 330 335 161 176 335 332 310 168 4 1 1 5 4 170 335 69 315 116 3 62 171 207 3 140 335 169 194 71 5 199 230 6 173 206 1 335 171 166 311 3 2 165 107 132 171 271 204 178 170 226 168 65 1 1 87 3 223 1 179 272 335 319 170 90 33 169 221 118 3 283 80 335 155 1 335 330 103 3 229 7 220 335 86 1 4 260 332 127 318 159 170 317 335 125 186 334 162 233 243 335 51 28 259 308 218 3 307 37 240 165 149 123 4 16 44 273 109 5 169 331 8 335 328 177 6 169 335 295 166 171 64 335 5 333 6 2 3 302 306 113 93 171 106 3 332 87 312 31 168 168 253 1 2 1 7 335 102 331 117 129 121 334 293 237 335 236 335 1 333 222 171 2 335 197 247 2 21 170 4 3 239 124 187 138 146 309 1 68 332 332 335 128 20 7 5 94 1 168 244 3 334 4 4 2 335 2 169 1 1 335 208 169 303 14 145 144 3 25 156 334 81 67 335 210 47 3 76 13 1 66 331 335 171 171 171 169 335 335 335 329 55 1 333 333 323 171 35 4 1 171 1 335 158 169 147 196 79 335 329 173 163 335 334 168 169 333 1 53 195 331 167 335 7 291 59 160 58 50 280 304 105 167 101 277 89 227 77 56 4 152 23 91 70 334 170 104 235 134 72 265 171 30 5 151 335 335 1 234 46 60 173 15 4 10 335 241 4 201 185 242 238 231 290 
c [Incremental] Max used label: 335.
c [Incremental] Label 335 is removed from searching.
c [Incremental] Solving for max label = 334:
c [Incremental] Solving duration: 313 ms.
s [Incremental] SAT (label = 334).
Label assignment: 1 251 334 167 282 173 170 1 143 8 173 165 19 12 34 4 217 232 198 209 275 168 322 334 202 228 167 92 131 268 332 327 168 169 165 171 120 99 26 148 170 219 333 334 334 334 205 255 334 169 331 252 334 298 219 334 164 150 167 137 154 6 182 245 191 87 193 62 166 2 249 11 172 266 169 188 180 49 334 8 334 4 170 170 183 88 17 334 213 5 334 281 169 325 169 170 1 334 2 334 167 95 334 1 333 301 139 1 334 334 52 334 200 224 313 43 3 334 11 173 181 334 18 2 48 167 334 118 6 287 2 334 157 36 3 167 264 5 98 167 170 314 29 334 170 40 288 334 5 170 122 279 169 334 114 142 334 305 4 110 2 2 1 269 334 190 263 3 2 85 169 1 254 168 170 334 169 168 39 2 334 54 6 82 334 250 225 24 332 324 316 9 165 2 115 126 11 294 4 246 300 170 333 153 83 289 97 1 2 9 32 88 73 42 326 256 334 334 168 292 334 270 334 334 3 170 170 41 334 333 1 45 39 184 4 334 167 166 257 4 334 96 320 189 165 334 333 203 248 334 175 299 173 258 334 274 315 334 2 333 165 22 141 334 27 334 334 9 1 3 111 130 112 334 108 278 1 334 7 170 333 119 1 214 74 215 2 2 330 38 216 84 1 115 1 168 334 170 63 61 334 333 78 332 133 170 334 334 308 276 173 174 136 6 284 169 6 168 100 334 192 170 168 3 296 334 1 170 267 334 212 334 57 19 262 170 3 285 321 135 334 166 334 170 297 211 261 170 75 286 334 332 330 334 161 176 333 332 310 168 4 1 1 5 4 170 334 69 315 116 3 62 170 207 3 140 334 169 194 71 3 199 230 6 173 206 1 334 170 166 311 3 2 165 107 132 170 271 204 178 170 226 168 65 1 1 87 3 223 1 179 272 334 319 170 90 33 169 221 118 3 283 80 334 155 1 334 330 103 3 229 7 220 334 86 1 4 260 332 127 318 159 170 317 334 125 186 334 162 233 243 334 51 28 259 308 218 3 307 37 240 165 149 123 4 16 44 273 109 5 169 331 8 334 328 177 6 169 3 295 166 170 64 334 5 333 6 2 3 302 306 113 93 170 106 3 332 87 312 31 168 168 253 1 2 1 6 334 102 331 117 129 121 334 293 237 334 236 334 1 333 222 170 2 334 197 247 2 21 170 4 3 239 124 187 138 146 309 1 68 332 332 334 128 20 7 5 94 1 170 244 3 334 4 4 2 334 2 173 1 1 334 208 169 303 14 145 144 3 25 156 334 81 67 334 210 47 3 76 13 1 66 331 334 170 167 170 169 334 334 334 329 55 1 333 333 323 170 35 4 1 170 1 334 158 169 147 196 79 334 329 173 163 334 334 168 169 333 1 53 195 331 167 334 3 291 59 160 58 50 280 304 105 167 101 277 89 227 77 56 4 152 23 91 70 334 170 104 235 134 72 265 170 30 5 151 334 334 1 234 46 60 173 15 4 10 334 241 4 201 185 242 238 231 290 
c [Incremental] Max used label: 334.
c [Incremental] Label 334 is removed from searching.
c [Incremental] Solving for max label = 333:
c [Incremental] Solving duration: 1648 ms.
s [Incremental] SAT (label = 333).
Label assignment: 1 251 333 167 282 173 169 1 143 8 173 165 19 12 34 4 217 232 198 209 275 168 322 333 202 228 167 92 131 268 332 327 168 169 165 171 120 99 26 148 169 219 333 333 333 333 205 255 333 171 331 252 333 298 219 333 164 150 167 137 154 6 182 245 191 87 193 62 166 2 249 11 172 266 169 188 180 49 333 8 333 4 169 169 183 88 17 333 213 5 333 281 169 325 169 169 1 333 2 333 167 95 333 1 333 301 139 1 333 333 52 333 200 224 313 43 3 333 11 173 181 333 18 2 48 167 333 119 5 287 2 333 157 36 3 167 264 5 98 167 169 314 29 333 169 40 288 333 5 169 122 279 169 333 114 142 333 305 4 110 2 2 1 269 333 190 263 3 2 85 169 1 254 168 169 333 169 168 39 2 333 54 6 82 333 250 225 24 332 324 316 9 165 2 115 126 11 294 4 246 300 169 333 153 83 289 97 1 2 9 32 88 73 42 326 256 333 333 168 292 333 270 333 333 3 169 169 41 333 333 1 45 39 184 4 333 167 166 257 4 333 96 320 189 165 333 333 203 248 333 175 299 173 258 333 274 315 333 2 333 165 22 141 333 27 333 333 9 1 3 111 130 112 333 108 278 1 333 7 169 333 121 1 214 74 215 2 2 330 38 216 84 1 115 1 168 333 169 63 61 333 333 78 332 133 169 333 333 308 276 173 174 136 5 284 169 6 168 100 333 192 169 168 3 296 333 1 169 267 333 212 333 57 19 262 169 3 285 321 135 333 166 333 169 297 211 261 169 75 286 333 332 330 333 161 176 5 332 310 168 4 1 1 5 4 169 333 69 315 116 3 62 169 207 3 140 333 169 194 71 3 199 230 5 173 206 1 333 169 166 311 3 2 165 107 132 169 271 204 178 169 226 168 65 1 1 87 3 223 1 179 272 333 319 169 90 33 169 221 118 3 283 80 333 155 1 333 330 103 3 229 7 220 333 86 1 4 260 332 127 318 159 169 317 333 125 186 333 162 233 243 333 51 28 259 308 218 3 307 37 240 165 149 123 4 16 44 273 109 5 169 331 8 333 328 177 5 169 3 295 166 169 64 333 5 333 5 2 3 302 306 113 93 169 106 3 332 87 312 31 168 168 253 1 2 1 5 333 102 331 117 129 145 333 293 237 333 236 333 1 333 222 169 2 333 197 247 2 21 169 4 3 239 124 187 138 146 309 1 68 332 332 333 128 20 7 5 94 1 169 244 3 333 4 4 2 333 2 169 1 1 333 208 169 303 14 163 144 3 25 156 333 81 67 333 210 47 3 76 13 1 66 331 333 169 167 169 169 333 333 333 329 55 1 333 333 323 169 35 4 1 169 1 333 158 169 147 196 79 333 329 173 169 333 333 168 169 333 1 53 195 331 167 333 3 291 59 160 58 50 280 304 105 167 101 277 89 227 77 56 4 152 23 91 70 333 169 104 235 134 72 265 169 30 5 151 333 333 1 234 46 60 170 15 4 10 333 241 4 201 185 242 238 231 290 
c [Incremental] Max used label: 333.
c [Incremental] Label 333 is removed from searching.
c [Incremental] Solving for max label = 332:
c [Incremental] Solving duration: 24614 ms.
s [Incremental] SAT (label = 332).
Label assignment: 1 251 332 167 282 173 168 1 143 8 173 165 19 12 45 3 217 232 198 209 275 168 322 332 202 228 166 92 131 268 332 327 168 168 165 165 120 99 26 148 168 219 332 332 332 332 166 255 332 168 331 252 329 298 219 332 164 150 168 137 154 6 182 245 205 87 193 62 166 2 233 11 172 266 165 188 191 49 331 8 329 4 167 167 183 88 17 3 220 5 332 281 167 325 165 168 1 328 2 332 167 95 332 1 323 301 139 1 3 332 52 332 200 181 313 43 3 329 11 173 224 331 18 2 48 167 332 118 332 287 2 331 157 36 3 167 250 1 98 167 168 314 29 302 171 40 288 332 5 165 122 279 103 315 114 142 329 305 4 110 2 24 1 269 332 190 263 3 2 85 168 1 254 168 167 330 169 168 39 2 332 54 6 82 332 249 225 76 332 324 316 9 165 2 115 126 11 294 4 246 300 168 327 153 83 264 97 1 2 9 32 88 73 42 326 256 310 332 168 289 1 280 329 4 3 51 170 41 292 332 1 11 39 184 4 331 167 166 257 3 1 96 320 189 165 331 332 203 248 332 175 299 173 258 332 274 315 330 2 329 165 22 141 331 27 332 332 9 1 3 111 130 112 332 108 278 1 332 7 168 326 119 1 214 74 215 2 2 330 38 216 84 1 115 1 168 331 168 63 61 331 305 78 332 133 166 270 331 308 276 173 174 136 1 284 167 6 168 100 332 192 168 168 2 296 332 1 167 267 332 212 331 57 19 262 170 3 285 321 135 332 166 330 10 297 211 261 168 75 286 332 332 330 213 161 176 332 332 310 168 4 1 1 1 332 167 330 69 315 116 3 62 172 207 332 140 332 167 194 71 3 199 230 1 173 206 1 329 168 166 329 3 2 107 168 132 167 271 204 178 166 226 168 65 1 1 87 3 223 1 180 272 332 319 168 90 33 20 221 118 3 283 80 332 155 1 332 330 165 3 229 7 332 332 86 1 4 260 332 127 318 159 168 317 332 125 186 1 162 238 243 329 168 28 259 308 218 2 307 37 240 165 149 123 4 16 44 273 109 4 34 331 8 313 328 177 3 167 1 295 166 195 64 332 4 332 2 2 3 302 306 113 93 168 106 1 332 87 312 31 168 168 253 1 2 1 1 332 102 331 117 129 121 305 293 237 332 236 332 1 331 222 167 2 244 197 247 2 21 61 4 3 239 124 187 138 146 309 1 68 332 332 332 128 20 7 168 94 1 168 251 3 332 332 3 2 331 2 167 1 1 332 208 168 303 14 145 144 3 25 156 330 81 67 332 210 47 1 167 13 332 66 331 332 168 165 168 166 298 332 332 329 55 1 332 332 323 166 35 4 1 166 1 330 158 167 147 196 79 311 329 173 163 332 332 167 165 332 1 53 168 331 167 332 1 291 59 160 58 50 332 304 105 167 101 277 89 227 77 56 4 152 23 91 70 332 168 104 235 134 72 265 168 30 4 151 326 332 1 234 46 60 179 15 4 10 332 242 3 201 185 332 241 231 290 
c [Incremental] Max used label: 332.
c [Incremental] Label 332 is removed from searching.
c [Incremental] Solving for max label = 331:
c [Incremental] Solving duration: 31573 ms.
s [Incremental] SAT (label = 331).
Label assignment: 1 251 331 167 282 165 166 1 143 8 173 165 19 12 166 3 217 232 246 209 275 167 322 1 202 228 166 92 131 268 329 327 167 166 165 166 120 99 26 148 167 219 330 330 1 330 166 255 330 167 331 252 329 298 219 331 141 150 167 137 154 6 182 245 205 87 193 62 166 2 233 11 172 266 165 188 191 49 331 8 329 4 165 167 183 88 17 3 220 5 331 281 167 325 165 166 1 328 2 331 167 95 331 1 323 301 139 1 1 330 52 2 200 181 313 43 2 329 11 173 224 331 18 2 48 167 331 118 2 287 2 331 157 36 3 167 250 1 98 165 167 314 29 302 331 40 288 330 5 165 122 279 103 315 114 142 329 331 2 110 2 24 1 269 331 190 263 3 2 85 166 1 254 2 167 330 169 2 39 2 330 54 6 86 331 249 225 76 330 324 316 9 165 1 115 126 11 294 4 246 300 168 327 153 83 264 97 1 2 9 32 88 73 42 326 256 310 330 165 289 1 280 329 2 3 51 170 41 292 331 1 11 39 184 4 331 167 166 257 3 1 96 320 189 156 331 330 203 248 331 175 299 173 258 331 274 315 330 2 329 166 22 165 331 27 330 331 1 1 1 111 130 112 331 108 278 1 331 7 167 326 119 1 214 74 215 2 2 330 38 216 84 1 115 1 165 331 166 63 61 331 305 37 330 133 166 270 331 308 276 173 174 136 1 284 165 6 166 100 330 192 167 166 2 296 331 1 167 267 331 212 331 57 19 262 170 3 308 321 135 331 166 330 10 297 211 261 168 75 286 331 331 330 213 161 176 331 331 310 168 4 1 45 1 330 167 330 69 315 116 3 62 165 207 2 140 329 167 194 71 3 199 230 1 173 206 1 329 166 166 329 3 2 107 166 132 167 271 204 178 166 226 167 65 1 1 87 3 223 1 180 272 2 319 165 90 33 20 201 118 3 283 80 329 155 1 331 330 165 3 229 7 331 1 78 1 53 260 330 127 318 159 166 317 331 125 186 1 162 238 243 329 166 70 259 308 218 2 307 167 240 165 149 123 4 16 44 273 109 2 34 331 8 313 328 177 3 167 1 295 166 195 64 331 3 330 2 2 3 302 306 113 93 166 106 1 329 87 312 31 166 145 253 1 2 1 1 331 102 331 117 129 121 305 293 237 331 236 330 1 331 222 167 2 244 197 242 2 21 61 1 3 239 124 187 138 146 309 1 68 331 331 331 166 23 82 166 94 1 168 198 3 330 331 2 331 331 2 167 1 1 330 208 166 303 14 168 144 1 25 164 330 79 67 331 210 47 1 165 13 330 81 331 331 168 165 167 166 311 330 2 329 66 1 329 329 323 166 21 3 1 166 1 330 158 165 160 196 91 291 329 173 163 331 329 166 165 331 1 55 168 331 167 331 1 285 59 147 58 50 330 304 105 167 101 277 89 227 77 56 3 152 35 128 28 331 167 104 235 134 72 265 171 30 1 151 326 331 1 234 46 60 179 15 4 10 1 241 3 185 221 331 247 231 290 
c [Incremental] Max used label: 331.
c [Incremental] Label 331 is removed from searching.
c [Incremental] Solving for max label = 330:
c [Incremental] Solving duration: 311 ms.
s [Incremental] SAT (label = 330).
Label assignment: 1 251 330 166 282 165 166 1 143 8 173 165 19 12 166 2 217 232 246 209 275 166 322 1 202 228 166 92 131 268 329 327 166 166 165 166 120 99 26 148 166 219 330 330 1 330 166 255 330 166 330 252 329 298 219 330 141 150 166 137 154 6 182 245 205 87 193 62 166 2 233 11 172 266 165 188 191 49 330 8 329 4 165 167 183 88 17 3 220 5 330 281 166 325 165 166 1 328 2 330 166 95 330 1 323 301 139 1 1 330 52 2 200 181 313 43 2 329 11 173 224 330 18 2 48 167 330 118 2 287 2 330 157 36 2 166 250 1 98 165 166 314 29 302 330 40 288 330 5 165 122 279 103 315 114 142 329 330 2 110 2 24 1 269 330 190 263 330 2 85 166 1 254 2 166 330 169 2 39 2 330 54 6 86 330 249 225 76 330 324 316 9 165 1 115 126 11 294 4 246 300 168 327 153 83 264 97 1 2 9 32 88 73 42 326 256 310 330 165 289 1 280 329 2 2 51 170 41 292 330 1 11 39 184 4 330 166 166 257 2 1 96 320 189 156 330 330 203 248 330 175 299 173 258 330 274 315 330 2 329 166 22 165 330 27 330 330 1 1 1 111 130 112 330 108 278 1 330 7 166 326 119 1 214 74 215 2 2 330 38 216 84 1 115 1 165 330 166 63 61 330 305 37 330 133 166 270 330 308 276 173 174 136 1 284 165 6 166 100 330 192 166 166 2 296 330 1 166 267 330 212 330 57 19 262 170 2 308 321 135 330 166 330 10 297 211 261 168 75 286 330 330 330 213 161 176 330 330 310 168 4 1 45 1 330 166 330 69 315 116 2 62 165 207 2 140 329 166 194 71 2 199 230 1 173 206 1 329 166 166 329 3 2 107 166 132 166 271 204 178 166 226 166 65 1 1 87 3 223 1 180 272 2 319 165 90 33 20 201 118 3 283 80 329 155 1 330 330 165 3 229 7 330 1 78 1 53 260 330 127 318 159 166 317 330 125 186 1 162 238 243 329 166 70 259 308 218 2 307 166 240 165 149 123 4 16 44 273 109 2 34 330 8 313 328 177 3 166 1 295 166 195 64 1 2 330 2 2 3 302 306 113 93 166 106 1 329 87 312 31 166 145 253 1 2 1 1 330 102 330 117 129 121 305 293 237 330 236 330 1 330 222 166 2 244 197 242 2 21 61 1 3 239 124 187 138 146 309 1 68 330 330 330 166 23 82 166 94 1 168 198 3 330 330 2 330 330 2 167 1 1 330 208 166 303 14 168 144 1 25 164 330 79 67 330 210 47 1 165 13 330 81 330 330 168 165 166 166 311 330 2 329 66 1 329 329 323 166 21 2 1 166 1 330 158 165 160 196 91 291 329 166 163 330 329 166 165 330 1 55 166 330 166 330 1 285 59 147 58 50 330 304 105 166 101 277 89 227 77 56 2 152 35 128 28 330 166 104 235 134 72 265 171 30 1 151 326 330 1 234 46 60 179 15 4 10 1 241 3 185 221 330 247 231 290 
c [Incremental] Max used label: 330.
c [Incremental] Label 330 is removed from searching.
c [Incremental] Solving for max label = 329:
c [Incremental] Solving duration: 256 ms.
s [Incremental] SAT (label = 329).
Label assignment: 1 251 329 165 282 165 165 1 143 8 173 165 19 12 165 1 217 232 246 209 275 165 322 1 202 228 165 92 131 268 329 327 165 165 165 166 120 99 26 148 165 219 329 329 1 329 165 255 329 165 329 252 329 298 219 329 141 150 165 137 154 6 182 245 205 87 193 62 165 1 233 11 172 266 165 188 191 49 329 8 329 4 165 167 183 88 17 3 220 5 329 281 165 325 165 165 1 328 1 329 165 95 329 1 323 301 139 1 1 329 52 329 200 181 313 43 1 329 11 173 224 329 18 2 48 167 329 118 2 287 1 329 157 36 1 165 250 1 98 165 165 314 29 302 329 40 288 329 5 165 122 279 103 315 114 142 329 329 1 110 1 24 1 269 329 190 263 329 1 85 165 1 254 2 165 329 169 2 39 1 329 54 6 86 329 249 225 76 329 324 316 9 165 1 115 126 11 294 4 246 300 168 327 153 83 264 97 1 2 9 32 88 73 42 326 256 310 329 165 289 1 280 329 1 1 51 170 41 292 329 1 11 39 184 4 329 165 165 257 1 1 96 320 189 156 329 329 203 248 329 175 299 173 258 329 274 315 329 1 329 165 22 165 329 27 329 329 1 1 1 111 130 112 329 108 278 1 329 7 165 326 119 1 214 74 215 1 1 329 38 216 84 1 115 1 165 329 165 63 61 329 305 37 329 133 165 270 329 308 276 173 174 136 1 284 165 6 165 100 329 192 165 165 1 296 329 1 165 267 329 212 329 57 19 262 170 1 308 321 135 329 165 329 10 297 211 261 168 75 286 329 329 329 213 161 176 329 329 310 168 4 1 45 1 329 165 329 69 315 116 1 62 165 207 329 140 329 165 194 71 1 199 230 1 173 206 1 329 165 165 329 3 1 107 165 132 165 271 204 178 165 226 165 65 1 1 87 3 223 1 180 272 1 319 165 90 33 20 201 118 3 283 80 329 155 1 329 329 165 3 229 7 329 1 78 1 53 260 329 127 318 159 165 317 329 125 186 1 162 238 243 329 165 70 259 308 218 1 307 165 240 165 149 123 4 16 44 273 109 1 34 329 8 313 328 177 3 165 1 295 165 195 64 1 1 329 1 2 3 302 306 113 93 165 106 1 329 87 312 31 165 145 253 1 2 1 1 329 102 329 117 129 121 305 293 237 329 236 329 1 329 222 165 2 244 197 242 2 21 61 1 3 239 124 187 138 146 309 1 68 329 329 329 165 23 82 165 94 1 168 198 3 329 329 1 329 329 2 167 1 1 329 208 165 303 14 168 144 1 25 164 329 79 67 329 210 47 1 165 13 329 81 329 329 168 165 165 165 311 329 1 329 66 1 329 329 323 165 21 1 1 165 1 329 158 165 160 196 91 291 329 165 163 329 329 165 165 329 1 55 165 329 165 329 1 285 59 147 58 50 329 304 105 165 101 277 89 227 77 56 1 152 35 128 28 329 165 104 235 134 72 265 171 30 1 151 326 329 1 234 46 60 179 15 4 10 1 241 3 185 221 329 247 231 290 
c [Incremental] Max used label: 329.
c [Incremental] Label 329 is removed from searching.
c [Incremental] Solving for max label = 328:
c [Incremental] Solving duration: 101739 ms.
s [Incremental] SAT (label = 328).
Label assignment: 167 251 325 12 282 5 7 281 328 4 9 175 19 12 5 305 25 232 68 214 275 32 322 1 202 227 3 92 308 26 294 327 4 18 20 177 16 312 322 148 216 10 327 12 300 321 55 295 326 16 328 252 325 3 13 22 141 321 14 137 320 6 27 245 205 87 18 62 39 309 233 217 197 23 32 326 178 320 9 321 324 4 1 13 183 88 17 3 42 328 313 281 4 325 9 11 322 313 327 322 120 327 322 228 307 308 323 1 327 327 307 302 200 181 313 43 325 24 11 19 47 328 18 2 176 188 323 118 2 16 328 326 275 36 277 80 4 291 215 4 6 314 273 30 139 40 288 317 155 184 122 279 95 321 114 146 328 290 242 110 2 24 1 23 328 190 2 322 312 85 31 1 254 2 100 328 170 328 207 235 320 7 1 86 317 53 35 76 328 22 9 6 87 314 115 71 11 294 238 246 117 7 25 142 308 58 91 1 2 4 15 88 8 6 28 256 310 321 73 289 318 81 78 311 281 51 101 7 320 306 312 11 39 17 4 314 52 186 9 324 296 239 328 189 159 328 296 3 3 328 75 5 174 171 328 274 315 328 320 328 19 312 45 328 8 319 322 270 322 258 111 130 112 328 108 295 261 328 4 87 328 119 1 328 74 68 2 2 1 173 247 84 267 115 249 67 11 109 63 61 321 305 37 209 133 14 1 328 49 276 224 196 136 294 284 93 5 64 100 327 17 72 67 269 322 9 256 1 267 324 212 287 57 19 262 195 303 299 12 135 314 99 286 305 297 113 261 299 38 286 3 325 298 60 164 204 320 290 255 211 4 1 327 247 220 84 165 219 54 116 294 62 3 198 199 312 289 12 182 203 268 169 103 328 187 206 324 313 1 66 318 278 327 107 82 132 33 271 192 96 36 226 213 65 328 234 7 3 9 298 3 272 230 328 27 90 275 20 201 118 3 283 221 328 161 1 328 297 29 223 229 1 318 210 88 327 317 260 304 1 328 153 94 311 328 158 231 308 154 1 243 106 125 70 259 308 218 325 307 97 240 49 141 123 4 16 44 48 50 234 34 328 166 313 328 168 327 83 1 257 63 98 263 317 210 145 306 2 3 304 306 4 162 44 247 265 325 87 312 220 42 147 253 1 2 1 1 316 102 328 36 129 121 305 210 219 303 236 69 1 250 179 122 2 244 3 237 2 160 61 302 3 26 1 7 138 150 19 303 68 11 307 306 2 23 4 65 9 257 172 124 3 324 321 272 292 308 2 304 1 313 6 208 41 303 1 57 144 214 25 143 328 79 21 249 225 295 1 163 300 280 30 307 309 17 3 191 23 311 328 300 328 301 1 264 328 1 26 21 3 325 180 230 328 140 157 156 56 7 259 328 127 152 328 328 4 1 304 256 15 26 328 126 328 313 285 59 149 18 50 318 6 105 18 241 248 89 223 77 6 3 151 34 128 293 297 1 104 1 262 2 25 77 30 214 321 40 319 328 87 46 50 193 15 4 10 266 230 134 222 131 328 194 185 328 
c [Incremental] Max used label: 328.
c [Incremental] Label 328 is removed from searching.
c [Incremental] Solving for max label = 327:
c [Incremental] Solving duration: 1737 ms.
s [Incremental] UNSAT (label = 327).
c [Main] Work pid ends with result: 0.
r [Main] 
r [Main] Final results: 
r [Main] Total real time: 1015632 ms.
r [Main] Total memory consumed: 1332.2 MB.
r [Main] 
c [Signal] Signal interruption. Caught signal: SIGTERM (15).
