c [Version] Minimize Makespan Labeling Encoder version 1.0.0.
c [Param] LB is predefined as 114.
c [Param] UB is predefined as 247.
c [Param] Memory limit is set to 30000.
c [Param] Real time limit is set to 1800.
c [Param] Worker count is set to 8.
c [Main] Search strategy: Iterating from upper bound.
c [Main] Search order: 247 246 245 244 243 242 241 240 239 238 237 236 235 234 233 232 231 230 229 228 227 226 225 224 223 222 221 220 219 218 217 216 215 214 213 212 211 210 209 208 207 206 205 204 203 202 201 200 199 198 197 196 195 194 193 192 191 190 189 188 187 186 185 184 183 182 181 180 179 178 177 176 175 174 173 172 171 170 169 168 167 166 165 164 163 162 161 160 159 158 157 156 155 154 153 152 151 150 149 148 147 146 145 144 143 142 141 140 139 138 137 136 135 134 133 132 131 130 129 128 127 126 125 124 123 122 121 120 119 118 117 116 115 114.
c [Main] Encoding and solving for graph: Q-494_bus.mtx.rnd.
c [Label = 241] Encoding duration: 1282ms.
c [Label = 241] Number of clauses: 1000207.
c [Label = 241] Number of variables: 291460.
c [Label = 241] Solving duration: 167349 ms.
s [Label = 241] SAT (w = 113).
Label assignment: 192 53 123 61 29 241 153 29 105 6 155 68 195 239 15 239 5 146 15 68 25 238 81 232 128 1 128 1 113 2 2 238 241 5 13 241 15 221 150 71 2 239 1 120 128 15 241 15 241 130 11 15 4 222 219 17 15 117 68 22 220 128 8 241 39 128 75 235 120 108 68 64 68 2 241 125 9 15 1 23 218 33 43 125 166 241 222 13 2 240 194 1 241 128 1 93 212 66 2 240 186 44 23 1 241 5 226 84 128 15 65 31 128 14 241 154 33 137 179 112 187 193 241 127 37 241 52 1 15 1 85 241 15 6 1 1 171 241 201 67 151 10 128 128 241 241 2 190 165 9 74 241 3 241 241 177 73 41 241 9 128 236 237 132 1 10 128 1 224 1 241 109 62 3 241 159 4 181 2 241 168 15 15 2 72 54 160 1 4 240 237 241 68 181 5 128 1 49 241 79 123 123 78 207 121 241 69 30 199 1 241 3 6 80 4 14 15 228 170 241 60 128 55 2 181 138 40 128 206 241 241 167 35 124 241 103 128 128 1 197 76 241 233 104 1 241 156 241 11 1 231 128 128 24 241 241 3 128 115 39 183 184 15 2 15 90 140 1 68 15 59 232 18 241 128 19 204 129 15 2 58 118 77 92 241 205 3 5 215 128 241 32 226 83 98 148 139 241 101 241 128 8 50 100 201 39 36 141 227 234 128 178 15 212 169 128 1 127 144 241 2 239 47 241 119 147 241 174 191 241 128 238 217 45 241 241 34 203 127 241 241 48 88 157 111 145 173 35 241 196 128 15 125 208 239 241 213 91 241 223 241 222 201 181 219 198 96 218 143 5 99 2 241 241 51 181 158 3 241 126 241 14 15 176 1 94 208 40 184 241 15 3 224 7 15 62 87 6 123 131 128 21 122 127 142 216 225 200 241 2 241 97 185 128 86 172 241 149 38 152 28 241 214 241 102 115 209 128 42 241 132 241 26 116 114 27 210 20 182 241 241 15 110 241 11 95 163 203 162 189 46 15 202 230 241 107 3 5 188 134 133 229 241 241 89 128 106 124 70 56 211 14 136 241 63 180 164 175 82 241 126 2 1 241 135 16 236 57 161 1 137 241 14 12 
c [Main] Lowest label SAT is set to 241.
c [Main] Kill higher label pid 242.
c [Main] Kill higher label pid 243.
c [Main] Kill higher label pid 244.
c [Main] Kill higher label pid 245.
c [Main] Kill higher label pid 246.
c [Main] Kill higher label pid 247.
c [Label = 243] Encoding duration: 1274ms.
c [Label = 243] Number of clauses: 1009838.
c [Label = 243] Number of variables: 293436.
c [Signal] Signal interruption. Caught signal: SIGTERM (15).
c [Label = 244] Encoding duration: 1322ms.
c [Label = 244] Number of clauses: 1014654.
c [Label = 244] Number of variables: 294424.
c [Signal] Signal interruption. Caught signal: SIGTERM (15).
c [Label = 242] Encoding duration: 1292ms.
c [Label = 242] Number of clauses: 1005023.
c [Label = 242] Number of variables: 292448.
c [Signal] Signal interruption. Caught signal: SIGTERM (15).
c [Label = 246] Encoding duration: 1309ms.
c [Label = 246] Number of clauses: 1024285.
c [Label = 246] Number of variables: 296400.
c [Signal] Signal interruption. Caught signal: SIGTERM (15).
c [Label = 247] Encoding duration: 1344ms.
c [Label = 247] Number of clauses: 1029100.
c [Label = 247] Number of variables: 297388.
c [Label = 247] Solving duration: 167361 ms.
s [Label = 247] SAT (w = 113).
Label assignment: 194 2 187 223 37 230 247 126 122 46 154 201 1 34 1 1 104 223 27 25 213 42 235 246 128 1 247 11 247 162 247 21 247 55 247 173 2 247 237 21 136 110 203 1 1 247 85 1 152 177 49 134 51 96 21 21 130 21 38 247 133 247 140 49 54 158 12 2 45 73 76 65 247 67 247 247 21 202 21 182 43 135 48 2 242 21 45 1 134 247 246 247 247 120 47 22 134 151 2 247 241 14 227 117 4 134 247 238 21 125 13 247 211 64 247 217 174 247 3 198 63 213 3 247 97 2 246 138 2 81 66 29 23 1 42 246 247 133 1 44 247 21 1 133 61 2 134 219 185 245 247 35 247 80 247 21 2 142 11 191 245 33 1 242 134 219 225 27 54 112 244 45 68 1 247 221 246 2 220 21 74 67 129 56 233 222 160 71 26 11 247 243 69 1 8 214 218 116 4 21 134 247 45 247 247 247 2 48 95 247 21 82 247 21 134 247 2 247 101 205 149 15 232 3 150 194 111 183 208 134 1 102 134 6 1 24 106 228 20 119 58 209 121 87 2 21 247 41 52 247 184 196 247 1 185 21 21 247 134 31 190 145 1 1 19 22 247 84 86 247 247 91 247 247 247 28 189 234 90 246 21 225 47 204 247 195 247 21 247 170 134 220 236 18 132 247 143 243 129 155 131 21 214 45 168 57 147 137 247 161 4 171 79 6 77 134 10 2 40 247 15 228 115 148 4 164 2 14 193 134 225 247 16 134 226 3 21 192 181 72 134 32 247 139 224 1 1 50 247 247 129 247 247 134 212 247 247 247 247 156 1 247 105 247 201 247 180 247 215 36 60 23 113 19 247 133 21 22 134 247 247 83 166 5 19 202 134 9 209 124 134 39 1 92 114 22 70 133 144 197 175 247 247 165 163 62 153 20 169 21 53 159 141 125 30 231 247 21 11 210 247 133 226 247 146 247 247 157 21 21 21 123 216 134 200 134 89 178 221 44 2 127 247 176 1 97 167 188 237 78 177 17 186 59 93 172 108 129 199 53 7 207 229 2 75 206 88 114 143 202 179 42 107 109 247 134 134 21 21 98 239 118 134 247 3 99 14 1 100 94 240 2 103 220 
c [Signal] Signal interruption. Caught signal: SIGTERM (15).
c [Label = 245] Encoding duration: 1358ms.
c [Label = 245] Number of clauses: 1019469.
c [Label = 245] Number of variables: 295412.
c [Signal] Signal interruption. Caught signal: SIGTERM (15).
c [Main] Child pid 245 - 1188841 terminated by signal 15.
c [Main] Child pid 247 - 1188839 terminated by signal 15.
c [Main] Child pid 246 - 1188840 terminated by signal 15.
c [Main] Child pid 243 - 1188843 terminated by signal 15.
c [Main] Child pid 244 - 1188842 terminated by signal 15.
c [Main] Child pid 242 - 1188844 terminated by signal 15.
c [Label = 240] Encoding duration: 1309ms.
c [Label = 240] Number of clauses: 995392.
c [Label = 240] Number of variables: 290472.
c [Label = 240] Solving duration: 185780 ms.
s [Label = 240] SAT (w = 113).
Label assignment: 122 239 141 1 149 123 127 240 115 105 166 124 240 129 120 117 119 237 2 119 127 52 1 233 127 14 240 122 145 6 126 6 240 146 7 2 11 167 240 225 1 239 127 66 234 240 74 3 134 224 203 240 4 139 3 122 127 235 125 151 38 230 11 184 213 237 54 120 52 124 81 132 200 239 240 126 124 39 10 8 198 240 9 229 108 7 178 240 12 122 124 234 7 125 14 202 185 136 240 239 235 75 70 127 14 14 239 2 64 127 176 8 240 128 116 5 127 115 15 189 194 72 31 240 240 6 138 127 127 80 97 170 188 115 119 120 32 121 190 237 221 120 240 25 143 240 207 4 131 210 240 240 11 127 123 127 148 161 10 240 214 10 121 219 127 78 71 85 142 240 118 228 77 14 9 1 209 20 8 14 102 240 137 240 199 122 240 2 127 172 240 240 40 133 125 195 208 127 179 196 1 220 50 41 240 59 162 240 73 127 240 14 57 37 2 46 80 240 240 14 62 168 240 127 2 193 70 10 240 192 127 237 6 1 127 150 175 240 127 240 144 40 33 158 7 13 223 191 80 26 122 218 5 51 121 123 127 8 14 212 19 240 240 205 240 4 240 2 127 240 13 127 240 217 14 77 240 3 23 127 240 215 163 65 240 124 100 22 240 67 127 56 14 154 13 127 240 7 6 8 96 127 14 99 240 240 77 240 87 119 240 21 187 240 92 14 120 206 140 240 60 240 240 95 120 130 240 48 153 14 123 240 47 127 14 127 201 16 45 29 127 30 57 9 182 173 240 28 127 127 127 7 240 171 135 126 240 147 109 165 121 118 9 127 49 44 63 61 3 164 36 124 240 240 240 84 240 86 83 240 240 117 82 240 174 240 58 127 88 27 227 169 240 127 127 53 240 3 240 240 240 204 240 240 9 43 240 240 89 67 186 240 240 2 55 1 240 159 156 98 181 90 152 240 160 127 18 211 226 127 35 7 216 240 177 124 155 240 159 34 240 101 1 97 240 42 79 14 240 240 14 240 157 127 127 238 101 7 231 197 68 222 236 127 112 14 110 127 111 114 76 106 183 24 67 180 113 103 240 93 240 5 127 232 107 240 94 104 91 17 127 14 100 69 
c [Main] Lowest label SAT is set to 240.
c [Label = 237] Encoding duration: 1209ms.
c [Label = 237] Number of clauses: 980945.
c [Label = 237] Number of variables: 287508.
c [Label = 237] Solving duration: 152145 ms.
s [Label = 237] SAT (w = 113).
Label assignment: 53 48 144 202 53 236 11 27 43 43 53 38 11 151 11 69 151 31 53 237 39 53 237 237 237 124 237 11 151 211 237 11 237 237 11 13 53 237 237 43 53 98 204 134 124 1 53 237 11 237 53 226 237 237 165 237 11 11 237 124 237 237 62 237 40 237 11 11 124 237 120 210 20 94 124 237 86 237 21 203 115 136 79 237 11 53 237 169 124 51 177 227 11 124 14 53 237 1 123 1 124 66 188 11 124 11 237 132 237 237 237 237 166 11 124 20 140 237 186 178 167 158 163 237 83 116 232 53 145 11 128 237 94 53 190 192 53 237 233 237 215 11 124 11 122 237 237 36 30 209 41 45 237 64 237 6 168 53 6 129 45 53 10 212 1 154 124 2 189 124 124 53 53 124 124 237 198 205 32 124 47 218 71 183 195 187 1 76 12 201 142 35 229 97 54 237 225 237 11 53 237 237 1 184 143 237 126 17 68 237 1 237 237 11 124 146 234 124 7 236 208 124 232 4 88 196 156 237 233 65 237 73 216 124 124 53 11 214 11 11 179 2 11 166 52 124 237 11 237 100 200 237 237 185 1 84 53 222 237 15 68 227 124 45 11 199 11 121 28 124 161 11 124 16 237 180 1 21 49 237 230 217 53 124 124 110 152 53 232 127 11 175 124 53 89 11 227 10 164 237 82 53 124 237 124 226 59 236 87 144 2 235 113 23 11 237 114 124 147 124 135 125 229 237 11 139 237 230 60 237 7 233 170 237 237 11 53 124 18 55 237 176 81 118 237 29 9 42 124 237 11 148 237 237 194 237 228 160 237 150 106 93 61 103 174 102 137 56 159 149 45 75 108 229 221 138 90 58 237 237 237 46 237 37 25 182 2 5 80 11 122 24 237 124 124 1 223 11 226 172 119 232 124 237 171 57 1 157 237 237 11 133 131 237 72 231 124 19 63 153 117 237 173 141 44 2 7 237 220 11 78 237 224 124 7 237 109 91 193 4 11 237 197 1 130 50 2 22 70 181 33 124 237 11 1 219 104 124 34 95 207 213 124 74 77 237 96 11 191 122 92 99 12 11 237 105 107 111 237 26 1 237 11 237 206 155 112 162 85 101 8 3 67 126 
c [Main] Lowest label SAT is set to 237.
c [Main] Kill higher label pid 238.
c [Main] Kill higher label pid 239.
c [Label = 239] Encoding duration: 1341ms.
c [Label = 239] Number of clauses: 990576.
c [Label = 239] Number of variables: 289484.
c [Signal] Signal interruption. Caught signal: SIGTERM (15).
c [Label = 238] Encoding duration: 1221ms.
c [Label = 238] Number of clauses: 985761.
c [Label = 238] Number of variables: 288496.
c [Signal] Signal interruption. Caught signal: SIGTERM (15).
c [Main] Child pid 239 - 1188875 terminated by signal 15.
c [Main] Child pid 238 - 1188876 terminated by signal 15.
c [Label = 233] Encoding duration: 1167ms.
c [Label = 233] Number of clauses: 961683.
c [Label = 233] Number of variables: 283556.
c [Label = 233] Solving duration: 177463 ms.
s [Label = 233] SAT (w = 113).
Label assignment: 1 43 45 42 14 141 117 116 209 1 86 233 231 32 2 157 2 117 14 2 233 233 43 233 117 1 1 2 1 21 2 119 6 43 1 1 138 208 223 95 233 175 1 1 3 233 2 231 233 185 232 1 1 233 51 47 2 43 203 1 117 120 43 133 220 61 1 184 89 125 2 83 233 192 233 2 182 82 19 23 233 24 43 118 1 233 43 231 232 43 2 119 2 3 13 233 199 43 2 117 221 229 80 187 54 115 120 1 2 230 43 43 1 1 2 227 7 1 229 169 226 211 2 114 231 120 233 224 120 120 122 43 233 46 114 116 233 146 157 40 194 115 114 3 43 207 10 132 153 190 120 43 233 170 229 155 7 38 154 31 216 127 152 195 7 69 4 114 43 116 120 233 43 233 177 233 191 118 222 1 232 92 116 4 4 78 228 145 2 230 5 233 200 156 5 134 11 230 181 29 1 233 58 233 1 118 52 43 117 6 119 4 136 1 232 120 151 162 7 70 68 198 115 118 157 233 16 232 233 59 228 232 25 114 56 233 3 231 232 2 214 5 233 55 18 233 233 232 90 12 157 193 233 233 123 217 233 178 26 225 196 227 233 8 1 167 43 114 62 1 15 232 41 215 120 233 1 157 143 6 119 219 204 161 230 157 73 137 1 53 233 79 171 233 233 118 227 233 158 81 35 130 119 27 233 39 28 230 232 163 233 7 6 218 168 114 114 233 131 1 160 233 180 227 119 156 120 176 87 233 1 34 229 233 166 120 120 165 117 66 233 233 233 233 228 233 197 126 228 229 4 116 233 120 20 1 159 57 99 174 1 179 233 205 88 170 1 233 164 120 142 233 118 109 201 98 71 22 233 233 1 6 118 76 233 36 233 49 183 120 233 65 1 110 60 50 44 233 9 120 30 233 1 188 119 230 1 85 108 97 233 37 233 233 144 1 117 233 139 107 63 121 17 233 115 1 101 112 206 119 129 1 33 233 233 48 75 233 13 172 120 102 104 135 233 148 93 233 64 100 111 6 140 128 233 150 106 1 113 5 105 186 213 67 120 233 147 120 103 84 173 72 212 114 7 210 6 149 94 124 233 7 233 202 91 7 189 233 77 74 120 233 7 96 
c [Main] Lowest label SAT is set to 233.
c [Main] Kill higher label pid 234.
c [Main] Kill higher label pid 235.
c [Main] Kill higher label pid 236.
c [Label = 234] Encoding duration: 1189ms.
c [Label = 234] Number of clauses: 966499.
c [Label = 234] Number of variables: 284544.
c [Signal] Signal interruption. Caught signal: SIGTERM (15).
c [Label = 235] Encoding duration: 1197ms.
c [Label = 235] Number of clauses: 971314.
c [Label = 235] Number of variables: 285532.
c [Signal] Signal interruption. Caught signal: SIGTERM (15).
c [Label = 236] Encoding duration: 1226ms.
c [Label = 236] Number of clauses: 976130.
c [Label = 236] Number of variables: 286520.
c [Signal] Signal interruption. Caught signal: SIGTERM (15).
c [Main] Child pid 236 - 1188878 terminated by signal 15.
c [Main] Child pid 234 - 1188880 terminated by signal 15.
c [Main] Child pid 235 - 1188879 terminated by signal 15.
c [Label = 225] Encoding duration: 980ms.
c [Label = 225] Number of clauses: 760415.
c [Label = 225] Number of variables: 221312.
c [Label = 225] Solving duration: 0 ms.
s [Label = 225] UNSAT (w = 113).
c [Label = 226] Encoding duration: 979ms.
c [Label = 226] Number of clauses: 762979.
c [Label = 226] Number of variables: 222300.
c [Label = 226] Solving duration: 0 ms.
s [Label = 226] UNSAT (w = 113).
c [Main] Highest label UNSAT is set to 225
c [Main] Highest label UNSAT is set to 226
c [Label = 229] Encoding duration: 1367ms.
c [Label = 229] Number of clauses: 942421.
c [Label = 229] Number of variables: 279604.
c [Label = 229] Solving duration: 218990 ms.
s [Label = 229] SAT (w = 113).
Label assignment: 229 11 4 128 228 140 116 2 2 227 2 229 228 50 2 6 229 2 229 2 229 151 228 229 115 229 2 90 124 3 2 116 229 229 3 50 229 3 198 50 229 103 2 129 113 56 228 116 57 6 50 3 229 137 229 3 3 2 127 213 57 116 2 132 123 60 229 229 229 135 34 66 37 50 221 229 179 50 3 26 85 229 13 116 99 106 67 115 114 3 116 26 229 2 131 50 125 63 2 12 229 76 3 2 229 116 116 37 228 51 44 2 223 50 3 27 31 229 185 78 50 170 175 3 229 229 116 229 229 1 202 56 1 3 229 229 148 229 204 43 24 1 116 1 229 145 116 84 3 31 3 229 116 229 229 174 18 50 3 118 3 154 116 79 1 20 16 1 50 228 116 218 3 3 116 114 49 229 229 229 139 183 50 229 3 3 173 52 70 221 223 228 123 122 50 96 229 65 3 186 229 3 3 130 3 112 50 15 119 3 1 229 29 229 115 229 229 116 94 26 50 224 1 116 229 160 28 116 229 3 3 116 222 3 83 203 229 210 116 116 138 53 171 54 228 229 229 208 3 12 144 105 229 228 229 143 39 116 229 116 195 172 2 3 116 157 2 116 42 2 40 117 12 229 115 206 62 77 110 2 35 216 225 205 116 212 21 47 3 55 228 111 116 214 229 229 153 229 155 100 229 72 1 229 164 46 91 134 229 142 229 10 229 121 141 229 1 115 220 1 211 209 212 229 2 17 116 184 8 196 2 197 219 22 228 2 229 163 108 33 116 176 201 229 146 229 189 147 2 14 3 3 114 88 166 2 116 58 107 159 229 116 116 59 3 229 3 156 177 191 71 229 116 109 95 158 150 149 73 200 229 3 226 165 98 215 162 3 207 2 115 41 229 229 75 229 38 229 229 152 104 3 229 36 228 136 169 116 228 3 180 120 167 116 2 182 229 102 69 3 25 193 229 133 61 80 2 116 101 229 126 229 5 229 229 229 229 116 30 217 229 116 4 229 181 161 214 68 178 87 229 2 23 187 114 116 82 116 45 93 3 86 115 89 116 92 81 19 7 32 178 199 188 9 64 192 214 166 97 190 116 3 116 116 229 194 3 229 168 1 48 229 229 74 
c [Main] Lowest label SAT is set to 229.
c [Main] Kill higher label pid 230.
c [Main] Kill higher label pid 231.
c [Main] Kill higher label pid 232.
c [Label = 230] Encoding duration: 1376ms.
c [Label = 230] Number of clauses: 947237.
c [Label = 230] Number of variables: 280592.
c [Signal] Signal interruption. Caught signal: SIGTERM (15).
c [Label = 231] Encoding duration: 1382ms.
c [Label = 231] Number of clauses: 952052.
c [Label = 231] Number of variables: 281580.
c [Signal] Signal interruption. Caught signal: SIGTERM (15).
c [Label = 232] Encoding duration: 1203ms.
c [Label = 232] Number of clauses: 956868.
c [Label = 232] Number of variables: 282568.
c [Signal] Signal interruption. Caught signal: SIGTERM (15).
c [Main] Child pid 232 - 1188884 terminated by signal 15.
c [Main] Child pid 230 - 1189344 terminated by signal 15.
c [Main] Child pid 231 - 1189343 terminated by signal 15.
c [Label = 227] Encoding duration: 1265ms.
c [Label = 227] Number of clauses: 932790.
c [Label = 227] Number of variables: 277628.
c [Label = 227] Solving duration: 425017 ms.
s [Label = 227] SAT (w = 113).
Label assignment: 114 153 227 106 222 114 114 149 114 122 200 194 52 76 114 222 63 182 92 114 114 1 139 1 1 114 1 215 114 133 227 1 28 114 31 194 114 162 9 51 227 26 135 222 1 114 53 1 227 227 222 227 1 194 227 211 227 227 86 108 227 114 194 220 198 227 227 62 221 87 227 1 19 163 28 227 32 1 1 187 26 78 208 227 201 1 1 1 114 222 1 142 114 114 227 207 114 227 227 1 1 58 136 114 227 227 1 192 1 1 99 137 114 227 114 195 227 49 101 222 7 164 169 1 227 227 114 227 21 227 39 20 114 173 76 178 158 227 55 35 194 114 144 114 159 1 26 194 188 60 56 150 1 171 31 1 227 64 227 89 1 74 191 196 1 125 62 227 93 1 114 110 130 1 93 1 73 199 227 227 1 28 227 19 42 227 227 210 227 20 109 61 2 20 219 166 1 1 107 114 227 7 154 36 1 114 227 141 155 114 1 1 1 226 114 28 114 1 208 227 227 114 227 167 227 96 174 21 1 114 1 65 30 1 116 94 227 13 1 227 177 227 114 227 4 1 11 227 145 1 95 9 114 1 115 59 165 227 148 227 197 227 227 1 227 12 1 227 227 227 160 114 114 58 227 1 202 227 1 203 1 11 213 152 1 225 175 118 227 8 1 119 1 67 227 114 227 114 18 227 204 129 114 121 1 79 181 227 126 25 1 10 113 22 227 114 114 216 172 227 161 71 83 6 114 34 1 227 227 227 114 227 205 1 114 114 123 227 227 134 227 43 147 54 16 3 50 81 1 114 114 1 114 33 2 1 1 227 45 227 15 114 114 227 100 217 151 131 27 72 114 114 1 114 227 227 209 105 1 1 227 227 176 140 1 68 227 206 212 1 138 1 1 127 227 146 111 1 5 48 227 41 114 227 102 91 227 227 80 114 227 88 78 1 114 227 227 223 66 70 75 114 224 47 46 114 24 227 227 227 85 227 156 227 112 218 143 69 227 90 227 183 227 128 104 84 97 214 117 77 120 114 227 44 1 132 124 227 157 57 185 170 227 227 114 14 98 227 179 168 194 38 23 227 103 227 29 37 193 190 1 227 114 82 184 17 189 40 186 227 227 114 227 180 
c [Main] Lowest label SAT is set to 227.
c [Main] Kill higher label pid 228.
c [Label = 228] Encoding duration: 1240ms.
c [Label = 228] Number of clauses: 937606.
c [Label = 228] Number of variables: 278616.
c [Signal] Signal interruption. Caught signal: SIGTERM (15).
c [Main] Child pid 228 - 1189348 terminated by signal 15.
c [Main] All children have completed.
r [Main] 
r [Main] Final results: 
r [Main] Lowest label SAT:  	227.
r [Main] Highest label UNSAT:	226.
r [Main] Total real time: 774862 ms.
r [Main] Total memory consumed: 3726.8 MB.
r [Main] 
c [Signal] Signal interruption. Caught signal: SIGTERM (15).
