c [Version] Minimize Makespan Labeling Encoder version 1.0.0.
c [Param] LB is predefined as 32.
c [Param] UB is predefined as 251.
c [Param] Memory limit is set to 30000.
c [Param] Real time limit is set to 1800.
c [Param] Worker count is set to 8.
c [Main] Search strategy: Iterating from upper bound.
c [Main] Search order: 251 250 249 248 247 246 245 244 243 242 241 240 239 238 237 236 235 234 233 232 231 230 229 228 227 226 225 224 223 222 221 220 219 218 217 216 215 214 213 212 211 210 209 208 207 206 205 204 203 202 201 200 199 198 197 196 195 194 193 192 191 190 189 188 187 186 185 184 183 182 181 180 179 178 177 176 175 174 173 172 171 170 169 168 167 166 165 164 163 162 161 160 159 158 157 156 155 154 153 152 151 150 149 148 147 146 145 144 143 142 141 140 139 138 137 136 135 134 133 132 131 130 129 128 127 126 125 124 123 122 121 120 119 118 117 116 115 114 113 112 111 110 109 108 107 106 105 104 103 102 101 100 99 98 97 96 95 94 93 92 91 90 89 88 87 86 85 84 83 82 81 80 79 78 77 76 75 74 73 72 71 70 69 68 67 66 65 64 63 62 61 60 59 58 57 56 55 54 53 52 51 50 49 48 47 46 45 44 43 42 41 40 39 38 37 36 35 34 33 32.
c [Main] Encoding and solving for graph: R-dwt__503.mtx.rnd.
c [Label = 248] Encoding duration: 3845ms.
c [Label = 248] Number of clauses: 3217265.
c [Label = 248] Number of variables: 332986.
c [Label = 248] Solving duration: 49626 ms.
s [Label = 248] SAT (w = 31).
Label assignment: 155 248 227 224 225 92 248 248 244 217 124 4 152 248 248 208 217 248 172 248 221 217 122 248 55 37 217 248 248 226 60 217 186 141 217 217 217 248 245 123 222 178 123 248 248 154 194 190 248 48 123 217 121 68 217 248 223 248 186 186 110 218 248 217 16 248 219 183 217 124 248 217 208 217 124 217 210 248 123 101 70 123 237 146 248 186 92 208 141 141 248 92 217 186 228 248 61 155 136 217 217 155 248 92 60 35 238 248 189 248 82 186 230 248 209 202 240 158 217 149 68 239 186 124 123 248 4 186 99 186 186 141 99 248 204 231 66 181 197 143 241 29 170 207 50 146 124 186 155 112 176 186 155 166 186 77 199 206 99 217 93 217 99 182 188 186 127 92 155 155 135 35 186 124 43 91 217 188 172 93 96 79 98 110 191 128 217 248 177 186 60 186 201 186 18 229 217 248 163 156 217 232 177 125 155 155 117 91 175 16 159 155 61 146 175 186 142 205 124 24 154 124 186 62 33 171 124 154 124 115 67 189 145 155 84 164 62 203 68 248 111 38 213 248 155 215 217 2 186 158 93 163 186 124 17 248 200 248 134 190 109 144 37 186 217 217 248 133 35 17 60 92 217 29 248 247 93 93 91 193 155 64 234 155 100 248 155 162 235 34 4 139 124 212 208 54 187 236 246 103 12 110 248 73 248 155 155 198 248 217 86 19 155 26 47 124 126 94 102 58 186 186 4 48 27 22 23 122 102 180 186 137 155 186 63 217 47 208 131 196 139 36 217 56 41 93 248 110 155 15 124 53 66 146 152 248 114 192 140 242 14 32 93 179 108 120 5 186 81 248 91 217 66 107 174 7 65 155 160 72 1 114 3 248 52 9 11 155 79 124 92 8 186 91 248 217 2 45 76 31 57 60 71 138 243 35 85 95 248 116 110 113 104 39 153 69 75 28 104 10 211 130 93 2 173 155 80 177 153 167 217 142 124 78 123 83 195 111 140 33 165 151 185 248 150 119 97 148 90 130 30 184 89 6 118 129 217 1 110 233 59 114 217 25 169 79 44 21 88 217 46 186 20 214 106 132 141 157 105 186 42 124 60 161 13 40 168 74 87 147 51 155 217 216 248 248 206 220 124 248 49 248 70 
c [Main] Lowest label SAT is set to 248.
c [Main] Kill higher label pid 249.
c [Main] Kill higher label pid 250.
c [Main] Kill higher label pid 251.
c [Label = 251] Encoding duration: 4150ms.
c [Label = 251] Number of clauses: 3305240.
c [Label = 251] Number of variables: 350088.
c [Signal] Signal interruption. Caught signal: SIGTERM (15).
c [Label = 250] Encoding duration: 4034ms.
c [Label = 250] Number of clauses: 3291676.
c [Label = 250] Number of variables: 349082.
c [Signal] Signal interruption. Caught signal: SIGTERM (15).
c [Label = 249] Encoding duration: 4080ms.
c [Label = 249] Number of clauses: 3278111.
c [Label = 249] Number of variables: 348076.
c [Signal] Signal interruption. Caught signal: SIGTERM (15).
c [Main] Child pid 250 - 1189428 terminated by signal 15.
c [Main] Child pid 251 - 1189427 terminated by signal 15.
c [Main] Child pid 249 - 1189429 terminated by signal 15.
c [Label = 247] Encoding duration: 3968ms.
c [Label = 247] Number of clauses: 3212489.
c [Label = 247] Number of variables: 331980.
c [Label = 247] Solving duration: 61438 ms.
s [Label = 247] SAT (w = 31).
Label assignment: 117 247 235 223 185 73 247 247 224 226 135 73 112 247 247 216 216 225 247 247 229 10 123 247 216 247 209 216 247 237 154 216 185 42 216 216 216 247 247 247 247 185 173 247 247 185 42 198 185 135 154 216 154 73 247 41 230 247 185 169 104 247 216 216 216 214 186 247 247 222 41 216 216 185 123 247 75 216 247 184 86 154 221 31 104 185 72 193 135 208 15 123 216 166 227 104 213 154 185 216 194 29 11 134 38 49 233 120 45 185 185 185 220 216 247 216 240 185 247 154 102 219 7 28 165 232 11 185 177 185 185 216 247 169 87 218 89 30 196 104 216 41 247 202 104 154 103 195 103 42 171 247 135 242 216 115 187 247 6 201 72 6 177 180 155 163 154 72 121 134 132 247 44 135 123 92 185 202 247 43 123 185 197 154 216 13 6 41 183 170 216 42 55 185 216 56 247 247 156 160 17 191 170 129 206 243 143 71 154 135 167 42 54 139 179 166 49 73 154 142 103 200 175 135 18 162 123 72 246 108 73 123 140 44 154 51 10 6 216 208 92 135 97 216 123 228 211 185 7 181 121 120 169 204 123 185 190 208 154 198 162 203 42 247 247 6 185 180 24 73 154 72 247 92 84 238 10 73 72 154 154 86 73 164 96 123 137 124 153 11 41 159 92 192 62 41 152 11 241 66 10 122 90 131 41 134 103 189 103 16 185 247 154 39 216 41 150 128 63 216 136 185 11 216 27 185 185 216 125 161 145 139 61 169 58 135 42 176 148 188 131 40 245 90 65 109 208 73 216 73 133 25 81 21 199 154 64 178 131 78 73 68 67 14 60 127 9 154 5 215 3 247 216 119 247 7 231 33 158 99 177 92 73 216 85 106 1 104 137 247 173 105 1 92 216 80 174 157 91 236 8 216 50 114 139 52 101 182 118 111 146 59 32 210 216 94 88 35 82 144 207 115 100 151 247 104 12 217 123 108 72 44 185 185 10 70 116 154 130 47 160 147 216 74 93 46 154 141 53 37 170 6 20 200 149 83 247 239 4 95 205 107 247 37 157 166 69 57 26 73 77 103 135 212 126 216 154 168 98 154 36 185 216 146 123 113 172 22 244 79 23 216 2 138 234 41 110 76 247 34 48 37 19 
c [Main] Lowest label SAT is set to 247.
c [Label = 245] Encoding duration: 3948ms.
c [Label = 245] Number of clauses: 3185360.
c [Label = 245] Number of variables: 329968.
c [Label = 245] Solving duration: 62065 ms.
s [Label = 245] SAT (w = 31).
Label assignment: 118 245 228 245 214 83 239 214 245 245 4 35 245 245 245 214 203 245 159 245 223 152 245 245 245 194 208 183 245 225 106 214 35 245 214 201 214 245 245 245 245 167 152 245 234 214 152 192 63 214 183 214 180 66 168 214 224 245 177 183 4 242 146 214 97 119 214 35 231 245 214 183 214 245 103 245 214 214 94 245 183 163 220 245 94 170 214 209 190 66 23 149 217 4 238 183 116 146 183 208 214 198 66 1 245 66 245 183 214 118 183 183 222 183 203 210 219 183 183 135 190 226 43 115 106 237 245 214 245 148 165 212 4 35 63 236 50 152 202 97 235 183 244 214 245 134 120 196 106 1 183 35 1 240 214 243 205 197 107 206 152 159 4 172 183 183 152 75 152 63 152 245 200 183 106 75 152 214 35 36 115 148 166 4 13 184 128 90 174 139 9 183 152 41 4 155 214 121 173 233 245 214 144 152 193 122 4 90 149 162 161 214 62 175 166 152 245 214 245 12 183 117 159 3 111 172 115 63 4 18 66 187 152 214 152 99 71 128 4 97 211 245 207 10 75 216 24 183 152 183 140 82 70 109 183 214 185 159 143 192 176 102 97 214 35 128 73 204 113 63 245 44 152 72 97 227 245 152 63 98 152 245 213 157 108 110 1 16 97 114 147 154 33 200 14 214 80 35 218 100 137 1 72 138 214 77 121 158 121 149 64 37 245 183 97 39 152 123 202 214 245 74 179 1 152 32 168 121 142 169 128 232 214 152 88 245 245 164 22 188 141 183 183 78 65 91 245 66 245 35 96 17 97 82 156 214 54 191 124 60 35 97 79 150 241 183 35 38 32 214 137 245 214 93 128 183 46 183 189 19 35 81 35 214 40 121 152 214 152 4 85 245 45 42 245 145 181 125 105 215 104 245 21 133 91 66 127 20 214 95 4 186 89 131 8 59 15 171 56 3 229 183 48 4 32 214 69 195 1 60 178 245 7 66 116 25 76 101 57 87 86 132 151 58 136 130 4 26 6 66 160 214 49 183 4 31 245 35 34 92 121 62 32 183 153 66 55 47 27 63 29 32 52 67 61 214 182 129 126 44 183 1 199 245 180 170 62 28 156 83 53 214 84 2 214 230 68 51 11 5 112 221 30 
c [Main] Lowest label SAT is set to 245.
c [Main] Kill higher label pid 246.
c [Label = 246] Encoding duration: 3967ms.
c [Label = 246] Number of clauses: 3198925.
c [Label = 246] Number of variables: 330974.
c [Signal] Signal interruption. Caught signal: SIGTERM (15).
c [Main] Child pid 246 - 1189432 terminated by signal 15.
c [Label = 244] Encoding duration: 3907ms.
c [Label = 244] Number of clauses: 3171796.
c [Label = 244] Number of variables: 328962.
c [Label = 244] Solving duration: 73603 ms.
s [Label = 244] SAT (w = 31).
Label assignment: 175 244 230 244 182 67 244 209 244 244 2 160 144 26 244 196 213 244 213 244 244 136 102 244 36 107 205 38 244 222 136 213 178 42 213 22 197 153 244 202 244 182 136 244 244 182 63 57 221 36 129 213 110 64 244 67 224 244 161 182 110 214 244 217 151 98 213 175 25 14 108 180 213 1 118 227 9 195 213 213 105 213 127 238 149 152 67 213 151 182 151 213 185 4 45 35 98 130 182 192 213 182 213 33 94 175 244 42 206 171 23 166 244 70 151 213 231 175 244 133 110 219 203 95 137 244 144 213 2 244 159 46 1 244 13 244 10 98 190 150 201 79 31 72 35 151 150 213 182 67 123 8 117 21 4 182 213 233 1 213 4 213 244 179 182 182 125 111 151 36 151 213 102 198 108 175 1 201 213 118 94 244 199 144 125 122 151 167 162 145 50 64 181 213 79 41 244 239 182 56 120 64 143 129 187 184 79 63 20 142 175 167 89 176 170 135 81 213 121 1 100 68 156 76 225 182 95 64 244 112 151 55 154 38 144 84 87 11 138 182 143 109 194 69 151 91 95 206 213 168 151 150 82 83 79 244 235 182 126 213 174 109 172 182 1 213 211 155 212 4 64 35 1 182 110 220 104 24 1 151 126 39 182 182 102 60 150 169 151 244 244 182 151 204 112 70 120 244 120 95 6 77 182 138 2 180 98 218 32 144 5 244 151 116 79 234 124 150 207 177 146 211 213 112 98 182 232 32 124 173 141 139 38 182 113 2 115 157 120 191 151 98 244 120 119 90 98 110 81 182 228 94 112 74 166 63 89 189 132 18 244 79 48 12 120 124 213 144 213 39 7 210 182 160 5 242 141 101 96 120 244 89 244 110 114 80 241 33 154 229 129 35 244 180 75 240 186 93 89 216 58 43 93 223 128 79 125 155 50 99 15 226 89 106 71 90 54 87 61 142 215 32 89 244 182 33 16 188 148 165 17 47 213 244 95 62 149 144 51 70 85 147 244 37 131 134 213 52 19 34 29 244 163 36 239 142 244 2 213 65 36 30 182 40 193 182 27 88 151 3 97 140 236 200 96 73 44 164 92 208 103 213 78 213 78 28 59 49 243 86 183 172 213 66 244 46 158 237 139 47 47 47 53 
c [Main] Lowest label SAT is set to 244.
c [Label = 240] Encoding duration: 3302ms.
c [Label = 240] Number of clauses: 3117538.
c [Label = 240] Number of variables: 324938.
c [Label = 240] Solving duration: 60888 ms.
s [Label = 240] SAT (w = 31).
Label assignment: 135 240 154 240 3 147 240 173 240 240 209 129 110 240 240 209 192 235 240 231 238 209 198 240 144 3 209 72 240 223 125 209 240 2 209 209 209 234 240 32 240 178 240 25 153 209 65 203 178 134 134 194 142 128 32 113 230 240 178 175 96 139 233 191 142 65 209 173 217 240 113 209 209 39 125 240 240 193 104 240 70 178 228 27 5 178 175 209 1 64 24 178 209 113 240 65 1 147 60 209 184 209 173 1 135 2 239 147 209 103 178 152 221 72 32 209 211 178 36 147 161 220 209 9 36 240 33 36 34 95 178 142 236 39 173 219 113 98 209 103 209 116 240 208 1 140 1 205 137 208 177 33 209 10 209 173 187 240 227 209 240 240 96 29 178 150 147 168 109 233 216 209 1 240 166 135 39 148 240 39 116 79 180 33 209 31 205 1 137 120 94 240 178 237 15 76 32 121 135 178 236 3 120 55 190 225 142 4 133 132 172 178 26 151 110 96 204 240 147 104 144 144 44 3 215 178 116 240 34 89 157 105 146 8 45 240 124 64 138 2 170 3 209 94 209 224 185 237 240 79 100 147 87 28 142 32 181 127 43 204 151 202 65 178 209 209 32 188 38 175 1 175 167 63 2 210 39 70 178 209 83 70 173 174 53 116 209 42 2 209 169 149 62 209 182 7 22 34 214 178 104 110 63 120 98 106 70 195 166 101 21 32 199 130 209 37 48 118 209 135 240 32 240 16 178 67 240 209 104 178 196 77 1 71 85 209 209 176 162 148 126 65 34 226 145 115 2 69 173 178 89 12 64 56 189 1 80 108 20 83 34 2 84 103 17 117 240 232 240 2 156 209 158 114 165 240 34 72 115 116 33 61 178 2 240 137 229 97 106 34 160 6 35 63 70 79 19 179 141 213 1 147 146 143 106 64 13 111 142 107 99 18 81 207 94 58 183 1 112 123 11 127 54 209 47 159 47 212 98 46 74 209 200 33 34 92 86 110 49 167 175 122 67 50 155 131 240 136 144 65 172 240 171 134 206 93 41 33 75 57 66 51 67 1 52 65 78 166 59 40 168 137 240 91 90 178 2 186 119 104 113 201 1 96 102 222 167 52 23 88 14 73 82 218 176 68 164 163 197 94 205 130 30 
c [Main] Lowest label SAT is set to 240.
c [Main] Kill higher label pid 241.
c [Main] Kill higher label pid 242.
c [Main] Kill higher label pid 243.
c [Label = 242] Encoding duration: 3593ms.
c [Label = 242] Number of clauses: 3144667.
c [Label = 242] Number of variables: 326950.
c [Signal] Signal interruption. Caught signal: SIGTERM (15).
c [Label = 243] Encoding duration: 3400ms.
c [Label = 243] Number of clauses: 3158231.
c [Label = 243] Number of variables: 327956.
c [Signal] Signal interruption. Caught signal: SIGTERM (15).
c [Label = 241] Encoding duration: 3445ms.
c [Label = 241] Number of clauses: 3131102.
c [Label = 241] Number of variables: 325944.
c [Signal] Signal interruption. Caught signal: SIGTERM (15).
c [Main] Child pid 243 - 1189872 terminated by signal 15.
c [Main] Child pid 242 - 1189873 terminated by signal 15.
c [Main] Child pid 241 - 1189874 terminated by signal 15.
c [Label = 236] Encoding duration: 3482ms.
c [Label = 236] Number of clauses: 3063280.
c [Label = 236] Number of variables: 320914.
c [Label = 236] Solving duration: 61504 ms.
s [Label = 236] SAT (w = 31).
Label assignment: 236 227 218 236 236 174 236 50 236 205 143 204 236 236 236 62 205 236 33 236 229 205 236 236 1 1 187 236 236 230 1 201 205 236 205 8 205 236 236 64 222 147 143 225 236 197 1 198 236 236 51 121 143 174 65 236 219 236 172 174 101 145 236 205 236 1 205 205 177 174 143 205 205 32 236 60 205 95 63 80 112 166 226 228 1 146 236 200 2 174 53 20 205 32 236 98 1 141 165 203 205 199 76 174 1 13 233 174 1 206 91 174 224 236 205 124 216 174 205 143 103 221 73 110 36 236 205 174 32 45 144 236 41 73 76 220 143 235 174 140 236 1 207 155 112 115 143 174 1 1 30 143 112 231 143 112 189 149 47 205 32 67 205 164 236 174 143 174 135 192 143 32 97 143 174 1 205 182 205 205 110 44 54 76 9 87 72 104 156 130 1 1 1 205 112 208 68 129 157 210 64 205 142 96 183 181 143 236 167 2 161 236 83 173 117 205 12 33 232 36 174 1 152 101 212 162 7 143 33 111 191 72 186 112 143 62 1 64 205 103 236 101 193 134 50 215 89 50 67 70 125 174 52 178 10 174 124 236 116 194 160 92 1 174 143 63 32 188 77 205 1 1 200 34 174 209 58 50 32 196 143 174 33 127 85 236 236 113 143 47 112 163 11 185 106 107 94 64 214 51 32 2 32 128 236 205 174 190 174 205 143 63 143 137 139 81 36 132 195 112 143 168 205 143 213 174 64 98 126 124 135 211 96 67 100 134 112 175 32 184 22 1 33 90 114 117 100 202 174 205 223 83 236 75 26 131 84 119 27 150 34 1 79 61 54 57 64 205 174 174 174 69 236 112 171 32 176 1 158 108 205 151 112 112 82 2 205 236 154 66 170 143 205 64 236 174 174 148 85 29 101 236 94 234 120 2 88 149 112 102 143 123 67 180 138 59 21 99 14 2 86 109 17 45 174 236 81 38 236 179 174 112 133 174 81 55 28 236 22 6 25 122 112 98 23 118 78 19 19 174 24 169 74 236 81 5 63 32 71 93 1 117 205 105 159 205 56 55 48 205 16 1 136 153 15 112 143 18 93 143 112 143 96 143 31 49 43 46 41 42 40 112 205 32 35 236 37 217 64 3 4 236 39 
c [Main] Lowest label SAT is set to 236.
c [Main] Kill higher label pid 237.
c [Main] Kill higher label pid 238.
c [Main] Kill higher label pid 239.
c [Label = 238] Encoding duration: 3572ms.
c [Label = 238] Number of clauses: 3090409.
c [Label = 238] Number of variables: 322926.
c [Signal] Signal interruption. Caught signal: SIGTERM (15).
c [Label = 239] Encoding duration: 3534ms.
c [Label = 239] Number of clauses: 3103973.
c [Label = 239] Number of variables: 323932.
c [Signal] Signal interruption. Caught signal: SIGTERM (15).
c [Label = 237] Encoding duration: 3369ms.
c [Label = 237] Number of clauses: 3076844.
c [Label = 237] Number of variables: 321920.
c [Signal] Signal interruption. Caught signal: SIGTERM (15).
c [Main] Child pid 239 - 1189877 terminated by signal 15.
c [Main] Child pid 238 - 1189879 terminated by signal 15.
c [Main] Child pid 237 - 1189880 terminated by signal 15.
c [Label = 233] Encoding duration: 3259ms.
c [Label = 233] Number of clauses: 3022586.
c [Label = 233] Number of variables: 317896.
c [Label = 233] Solving duration: 75969 ms.
s [Label = 233] SAT (w = 31).
Label assignment: 109 233 233 233 233 63 233 233 233 219 202 63 10 233 140 202 202 233 32 233 233 1 95 223 63 233 58 202 233 222 64 189 202 169 206 207 71 233 233 32 140 171 1 233 233 136 171 202 197 1 70 202 73 63 233 171 142 144 171 140 94 233 208 202 95 140 233 233 233 202 95 209 202 2 171 233 33 201 124 32 171 174 217 31 1 156 94 202 1 126 35 202 120 233 226 156 187 140 171 233 149 12 233 34 64 104 227 202 217 171 175 171 151 202 2 191 215 184 202 57 94 141 233 105 3 153 32 126 131 1 21 95 32 202 233 229 100 187 178 169 189 157 160 194 171 109 1 92 64 67 150 233 95 8 32 140 198 221 36 217 233 32 233 171 171 180 147 171 109 171 211 131 106 32 95 64 2 177 32 101 15 202 184 202 216 50 233 161 171 171 96 196 69 33 171 183 233 140 165 210 232 233 109 37 113 213 73 97 155 1 171 94 140 140 158 1 104 32 125 32 63 63 148 69 214 160 109 199 125 186 228 78 118 171 92 160 65 126 68 94 72 100 186 2 140 216 107 202 233 172 125 38 171 202 72 126 145 171 110 202 171 186 130 126 233 32 202 152 1 138 95 218 233 126 171 204 30 64 32 109 9 140 233 11 46 33 1 122 1 5 233 114 123 188 173 98 78 138 203 21 2 64 139 140 94 170 130 182 171 1 28 202 64 64 63 33 47 83 192 66 130 126 33 166 230 127 33 1 115 156 199 125 157 202 52 32 166 174 92 185 111 195 32 29 143 87 98 102 139 233 82 2 171 78 176 95 140 220 59 56 131 63 78 23 77 119 233 33 233 202 202 130 108 90 200 202 88 202 54 79 1 44 99 171 80 81 137 163 14 1 227 167 233 33 126 135 164 121 22 205 1 64 6 202 117 64 51 179 73 91 202 55 48 20 1 84 225 2 39 19 181 202 45 140 135 161 41 212 159 85 62 103 202 202 1 53 47 2 112 78 146 134 168 13 133 129 140 89 49 202 16 126 154 1 40 75 233 1 116 43 193 86 190 170 186 231 224 202 61 32 17 93 125 42 83 69 1 27 171 33 95 139 95 140 233 74 26 4 25 24 60 132 32 1 132 128 18 7 233 2 104 162 76 
c [Main] Lowest label SAT is set to 233.
c [Main] Kill higher label pid 234.
c [Main] Kill higher label pid 235.
c [Label = 234] Encoding duration: 3501ms.
c [Label = 234] Number of clauses: 3036151.
c [Label = 234] Number of variables: 318902.
c [Signal] Signal interruption. Caught signal: SIGTERM (15).
c [Label = 235] Encoding duration: 3286ms.
c [Label = 235] Number of clauses: 3049715.
c [Label = 235] Number of variables: 319908.
c [Signal] Signal interruption. Caught signal: SIGTERM (15).
c [Main] Child pid 235 - 1189890 terminated by signal 15.
c [Main] Child pid 234 - 1189891 terminated by signal 15.
c [Label = 231] Encoding duration: 3143ms.
c [Label = 231] Number of clauses: 2995457.
c [Label = 231] Number of variables: 315884.
c [Label = 231] Solving duration: 119534 ms.
s [Label = 231] SAT (w = 31).
Label assignment: 107 231 231 231 200 63 147 7 126 216 32 200 131 231 231 1 215 231 231 110 179 32 94 231 1 1 214 101 169 177 63 151 231 134 200 197 200 170 11 231 231 1 200 69 169 148 159 60 162 1 200 200 100 65 200 73 62 231 1 167 103 131 231 139 63 137 200 231 169 231 136 169 200 231 137 231 1 200 107 200 138 32 151 168 68 1 73 206 134 94 124 32 121 169 231 1 137 231 169 187 94 200 32 63 138 136 220 69 138 108 157 138 226 1 200 204 231 51 169 138 125 55 32 91 231 13 231 33 190 169 21 63 194 9 200 231 128 115 200 134 160 73 19 27 1 129 104 107 63 65 119 169 135 6 15 99 107 90 32 205 231 32 231 116 111 138 5 133 31 76 207 32 1 231 94 63 32 151 231 17 82 169 200 231 150 41 163 138 225 145 63 1 169 231 198 219 1 231 45 169 231 200 108 20 114 231 100 63 88 200 146 106 77 75 191 231 131 32 112 231 107 74 169 62 69 132 79 200 200 44 65 197 189 125 107 153 72 165 128 96 7 100 224 1 144 155 85 200 32 22 7 66 146 192 200 1 118 1 39 38 173 227 1 167 200 32 231 90 97 230 135 63 169 169 132 175 107 104 231 200 210 138 1 174 217 39 105 142 1 97 138 87 8 94 217 1 169 1 98 97 164 94 169 54 138 63 107 78 94 231 149 200 94 200 64 23 80 221 89 1 161 200 32 100 32 200 231 104 14 180 158 156 132 167 188 32 131 218 58 143 83 1 199 76 123 57 96 103 63 196 81 70 102 171 117 1 67 112 93 26 196 63 152 38 18 92 168 231 34 1 32 169 97 112 231 231 128 125 209 37 32 228 63 1 1 69 32 231 36 154 63 198 32 32 1 38 201 30 223 43 106 200 172 56 122 1 10 49 1 29 195 4 102 222 137 48 176 200 52 185 24 66 44 33 231 127 162 16 64 61 200 131 32 32 97 109 140 69 71 74 53 84 1 170 178 212 35 46 63 94 186 1 47 198 32 42 200 200 100 50 1 61 166 200 86 165 141 130 12 3 181 169 200 25 213 2 200 183 59 200 136 32 1 231 193 203 208 182 184 211 113 1 40 169 229 95 120 202 169 63 69 1 28 
c [Main] Lowest label SAT is set to 231.
c [Main] Kill higher label pid 232.
c [Label = 232] Encoding duration: 3314ms.
c [Label = 232] Number of clauses: 3009022.
c [Label = 232] Number of variables: 316890.
c [Signal] Signal interruption. Caught signal: SIGTERM (15).
c [Main] Child pid 232 - 1189893 terminated by signal 15.
c [Label = 229] Encoding duration: 3254ms.
c [Label = 229] Number of clauses: 2968328.
c [Label = 229] Number of variables: 313872.
c [Label = 229] Solving duration: 127748 ms.
s [Label = 229] SAT (w = 31).
Label assignment: 229 36 78 12 67 157 91 198 5 4 95 6 165 4 45 198 198 204 130 85 203 126 97 80 198 229 198 4 11 72 4 198 229 32 203 222 198 46 16 95 60 90 94 124 38 225 229 147 229 198 56 10 103 1 129 97 135 229 75 65 94 178 229 198 167 229 127 229 66 96 198 190 198 103 98 131 198 198 136 96 167 83 145 40 34 143 229 198 198 198 137 151 22 64 75 229 2 188 213 198 18 198 134 198 167 167 5 3 198 221 16 93 84 167 186 214 81 27 63 112 1 185 128 42 94 87 34 3 64 136 14 167 68 198 130 36 167 167 203 94 2 34 32 203 1 123 1 123 191 1 39 134 167 136 100 1 207 205 99 201 229 32 64 156 1 104 86 229 51 1 175 131 35 95 198 4 105 196 198 130 117 229 183 99 187 217 99 162 1 2 35 162 229 66 34 198 198 6 1 172 33 198 154 44 198 200 103 229 150 158 1 198 116 98 174 64 198 189 110 32 198 161 167 161 228 113 106 1 33 1 33 30 70 229 142 55 32 63 33 193 72 158 152 198 153 88 105 34 128 4 56 3 155 198 3 198 21 198 107 69 167 212 193 65 65 95 136 195 65 229 35 6 66 35 198 202 129 66 229 182 2 166 127 170 41 35 96 31 198 133 229 65 229 176 9 160 96 220 208 20 35 1 136 199 229 194 1 216 198 65 66 33 167 167 1 132 108 98 184 167 33 35 34 165 54 32 67 1 69 23 95 109 167 63 2 95 96 217 122 179 63 162 32 120 50 7 159 63 229 32 92 141 198 90 219 198 19 218 53 76 229 229 167 136 175 43 126 67 127 198 229 131 167 102 125 136 181 1 180 25 32 177 2 197 118 167 136 229 119 131 198 1 63 229 229 65 167 146 144 209 35 97 115 64 79 229 124 24 3 111 68 181 229 26 167 8 210 4 206 168 169 1 139 34 65 224 134 121 97 5 29 34 98 229 98 114 17 96 82 3 13 77 164 15 49 171 99 64 52 167 48 198 89 32 96 149 129 126 63 138 1 37 66 35 215 63 211 173 47 223 229 61 33 226 101 229 32 227 140 35 32 98 4 136 103 148 56 28 59 57 63 1 130 62 192 160 73 58 71 198 1 163 74 
c [Main] Lowest label SAT is set to 229.
c [Main] Kill higher label pid 230.
c [Label = 230] Encoding duration: 3283ms.
c [Label = 230] Number of clauses: 2981893.
c [Label = 230] Number of variables: 314878.
c [Signal] Signal interruption. Caught signal: SIGTERM (15).
c [Main] Child pid 230 - 1189900 terminated by signal 15.
c [Label = 225] Encoding duration: 3156ms.
c [Label = 225] Number of clauses: 2914070.
c [Label = 225] Number of variables: 309848.
c [Label = 225] Solving duration: 73500 ms.
s [Label = 225] SAT (w = 31).
Label assignment: 160 142 50 225 166 34 43 225 154 225 101 132 67 139 225 111 123 146 2 225 154 194 34 225 225 194 211 163 154 114 163 154 98 64 194 154 194 225 150 2 225 123 128 155 154 67 33 119 169 33 101 132 5 163 194 34 225 154 54 96 163 225 144 183 160 65 7 98 96 98 163 96 108 191 163 225 129 127 98 2 64 194 139 217 225 21 64 194 64 33 16 194 138 96 141 225 65 88 163 123 197 163 225 33 225 64 154 225 194 70 151 225 225 160 194 23 153 163 190 216 163 225 95 26 2 225 191 127 95 95 91 225 2 225 2 135 64 65 205 64 136 34 202 204 225 92 158 194 36 163 170 129 65 225 2 64 104 203 132 194 194 132 194 92 165 115 20 67 36 27 156 225 3 127 34 65 96 122 225 98 122 191 65 191 24 184 194 33 80 225 67 163 160 132 36 95 194 103 73 167 13 33 149 134 188 174 225 64 107 2 70 163 39 110 168 132 225 225 120 2 225 65 90 33 152 106 119 160 1 17 225 194 93 225 130 76 65 194 2 32 2 33 195 65 67 215 187 2 127 78 208 2 83 133 2 220 42 33 89 186 118 145 37 96 2 132 194 196 225 194 65 148 96 3 157 124 98 3 96 94 70 67 98 112 47 87 34 214 160 206 67 8 163 12 194 225 98 132 25 57 3 33 225 11 64 36 159 69 33 98 85 2 36 2 33 136 45 119 164 224 101 2 126 64 66 2 34 33 41 77 101 29 225 132 52 101 64 180 102 105 147 225 1 18 53 62 225 97 222 98 59 51 160 48 9 65 58 109 72 31 2 64 22 86 213 175 194 129 101 33 99 97 225 218 194 194 2 159 171 75 126 58 64 35 101 33 96 194 201 1 33 3 193 127 161 191 117 74 6 79 34 3 10 181 49 33 28 14 33 198 95 44 40 61 65 82 182 5 63 2 210 64 143 192 95 69 129 125 158 15 4 33 98 129 98 173 19 160 137 223 99 38 194 84 179 121 126 178 140 225 142 225 116 2 191 172 98 1 170 73 162 30 189 3 176 101 56 177 207 194 46 129 131 71 105 33 2 219 60 127 163 194 225 95 212 113 93 199 209 200 55 159 127 100 225 160 221 81 1 68 160 225 185 
c [Main] Lowest label SAT is set to 225.
c [Main] Kill higher label pid 226.
c [Main] Kill higher label pid 227.
c [Main] Kill higher label pid 228.
c [Label = 227] Encoding duration: 3207ms.
c [Label = 227] Number of clauses: 2941199.
c [Label = 227] Number of variables: 311860.
c [Signal] Signal interruption. Caught signal: SIGTERM (15).
c [Label = 226] Encoding duration: 3234ms.
c [Label = 226] Number of clauses: 2927635.
c [Label = 226] Number of variables: 310854.
c [Signal] Signal interruption. Caught signal: SIGTERM (15).
c [Label = 228] Encoding duration: 3151ms.
c [Label = 228] Number of clauses: 2954764.
c [Label = 228] Number of variables: 312866.
c [Signal] Signal interruption. Caught signal: SIGTERM (15).
c [Main] Child pid 228 - 1189902 terminated by signal 15.
c [Main] Child pid 226 - 1189911 terminated by signal 15.
c [Main] Child pid 227 - 1189910 terminated by signal 15.
c [Label = 217] Encoding duration: 3037ms.
c [Label = 217] Number of clauses: 2758775.
c [Label = 217] Number of variables: 287716.
c [Label = 217] Solving duration: 14477 ms.
s [Label = 217] UNSAT (w = 31).
c [Main] Highest label UNSAT is set to 217
c [Label = 222] Encoding duration: 2916ms.
c [Label = 222] Number of clauses: 2873377.
c [Label = 222] Number of variables: 306830.
c [Label = 222] Solving duration: 118015 ms.
s [Label = 222] SAT (w = 31).
Label assignment: 98 24 222 7 219 188 91 1 92 222 222 33 94 11 68 191 134 222 1 148 222 219 95 222 33 95 57 98 127 85 222 169 158 33 196 182 191 173 222 157 61 1 220 27 56 191 188 1 64 220 160 182 189 94 127 95 143 222 160 2 222 127 201 204 32 64 149 160 64 20 33 159 170 2 222 180 1 216 95 1 191 71 140 111 222 1 188 50 33 64 69 129 191 126 95 95 64 96 1 1 82 187 126 33 189 32 40 64 195 214 163 160 222 33 95 191 23 144 126 191 95 217 2 65 179 222 222 127 166 160 141 32 222 157 1 155 32 64 160 189 222 95 160 205 95 135 222 150 34 95 97 160 190 89 2 95 123 47 157 43 126 126 157 168 193 160 222 191 129 136 129 157 21 2 64 191 127 173 126 2 30 63 160 222 113 108 126 95 160 125 191 95 63 64 221 63 2 222 87 54 44 125 133 88 192 109 222 95 10 188 132 33 81 79 191 157 94 126 78 157 33 191 107 127 98 160 37 126 1 164 130 104 129 96 98 93 191 64 126 32 189 222 59 191 162 212 218 1 2 146 51 94 116 112 189 127 173 191 53 99 172 222 188 2 1 222 127 115 160 158 33 126 64 2 191 198 167 22 158 177 34 32 1 119 48 76 222 202 95 157 64 77 6 124 165 67 1 64 213 86 222 222 127 123 95 33 64 171 33 129 145 157 33 191 95 90 114 206 80 64 126 127 127 32 211 64 52 222 18 174 219 15 33 64 131 221 189 161 156 83 122 190 1 154 38 45 32 158 64 126 75 120 95 100 5 33 103 181 19 14 64 33 102 74 73 137 126 160 126 32 158 2 33 183 1 2 62 189 210 16 157 39 33 191 36 222 127 64 139 178 126 33 126 158 96 127 138 215 28 196 31 33 49 55 46 64 29 152 191 35 222 106 58 118 189 176 121 96 17 126 194 95 12 222 158 63 63 4 95 153 117 95 2 157 1 84 151 222 105 63 197 101 64 26 25 184 126 147 222 64 13 1 175 33 222 128 129 1 64 42 64 9 64 33 209 157 186 185 8 2 66 200 2 3 109 191 95 207 110 158 95 2 96 2 127 187 167 203 142 60 199 64 64 208 158 65 72 41 222 189 32 188 70 
c [Main] Lowest label SAT is set to 222.
c [Main] Kill higher label pid 223.
c [Main] Kill higher label pid 224.
c [Label = 223] Encoding duration: 2968ms.
c [Label = 223] Number of clauses: 2886941.
c [Label = 223] Number of variables: 307836.
c [Signal] Signal interruption. Caught signal: SIGTERM (15).
c [Label = 224] Encoding duration: 3009ms.
c [Label = 224] Number of clauses: 2900506.
c [Label = 224] Number of variables: 308842.
c [Signal] Signal interruption. Caught signal: SIGTERM (15).
c [Main] Child pid 223 - 1189929 terminated by signal 15.
c [Main] Child pid 224 - 1189928 terminated by signal 15.
c [Label = 220] Encoding duration: 3002ms.
c [Label = 220] Number of clauses: 2846248.
c [Label = 220] Number of variables: 304818.
c [Label = 220] Solving duration: 122654 ms.
s [Label = 220] SAT (w = 31).
Label assignment: 34 149 183 3 158 32 220 63 73 181 1 35 220 220 2 192 15 220 63 93 147 1 32 71 187 1 42 94 195 80 126 191 158 32 189 37 163 220 135 187 33 131 220 117 171 87 127 1 220 219 156 187 189 126 94 125 143 212 40 1 126 75 220 189 33 125 127 158 189 3 125 181 189 1 126 180 96 106 189 65 96 158 167 138 102 158 156 39 32 156 220 38 124 220 216 125 94 130 142 74 145 189 158 158 32 33 208 96 99 121 70 10 220 125 84 168 179 165 63 133 125 58 94 98 65 207 189 63 63 220 131 189 189 63 158 196 220 220 173 32 200 125 202 175 187 100 32 150 125 125 144 2 219 176 211 158 152 51 220 11 156 94 63 66 217 178 4 158 18 156 49 189 95 94 32 156 94 162 64 1 78 64 64 65 201 90 220 125 16 166 188 125 127 63 127 127 95 220 25 141 197 158 122 79 12 220 127 158 158 189 178 156 7 86 164 63 33 1 127 1 32 32 137 125 220 73 9 32 1 159 158 68 28 94 67 158 94 95 94 94 193 220 170 220 119 203 220 65 94 133 96 95 47 151 189 63 74 94 123 85 140 127 32 1 1 189 63 148 59 63 125 1 94 1 32 204 1 31 1 189 41 158 1 77 120 214 218 129 32 14 220 155 21 154 174 32 65 94 205 43 1 220 1 24 220 158 32 12 127 220 64 63 220 32 220 62 66 57 107 96 1 63 96 127 220 156 50 189 110 113 1 131 189 156 23 189 127 185 115 76 20 32 94 64 108 96 188 1 158 1 46 72 127 89 182 125 54 48 104 45 1 32 220 158 213 44 220 63 1 158 157 189 158 116 157 1 189 32 92 109 1 6 32 189 88 60 189 220 26 4 156 125 63 157 125 96 64 34 105 215 101 188 66 199 53 127 220 146 189 209 94 29 17 5 220 13 160 32 8 63 184 96 118 189 1 157 1 56 220 103 112 32 220 158 1 69 55 220 153 127 134 132 125 95 177 210 64 61 198 158 139 1 27 188 96 19 220 220 94 111 94 128 156 189 136 63 36 172 114 94 52 63 63 30 43 158 189 81 83 63 187 189 32 63 65 97 169 91 194 186 161 189 94 82 63 189 206 22 220 189 32 189 190 
c [Main] Lowest label SAT is set to 220.
c [Main] Kill higher label pid 221.
c [Label = 221] Encoding duration: 3049ms.
c [Label = 221] Number of clauses: 2859812.
c [Label = 221] Number of variables: 305824.
c [Signal] Signal interruption. Caught signal: SIGTERM (15).
c [Main] Child pid 221 - 1189931 terminated by signal 15.
c [Label = 219] Encoding duration: 2955ms.
c [Label = 219] Number of clauses: 2832683.
c [Label = 219] Number of variables: 303812.
c [Label = 219] Solving duration: 153968 ms.
s [Label = 219] SAT (w = 31).
Label assignment: 1 3 216 96 157 1 165 94 204 47 126 32 1 190 167 215 196 219 219 219 212 188 32 72 32 2 205 95 145 219 157 187 188 157 120 112 52 194 131 219 213 81 126 138 163 33 2 177 219 126 189 121 126 32 219 157 154 117 13 188 2 219 187 102 126 94 64 94 197 191 32 206 140 126 157 169 188 55 63 188 33 65 193 128 58 103 157 100 126 2 188 65 126 125 32 157 94 106 28 219 76 170 219 29 157 1 4 95 43 34 157 114 121 32 2 66 119 111 63 37 95 50 219 10 64 22 188 89 64 64 15 32 64 188 188 110 33 188 219 32 82 32 24 132 157 219 1 202 1 157 78 64 126 38 138 95 48 113 99 136 94 188 64 70 6 122 20 157 38 95 7 219 26 63 157 95 126 108 64 64 181 94 87 188 56 201 188 1 171 54 33 157 2 64 32 1 219 83 79 117 16 95 168 172 23 1 126 32 161 126 140 32 153 93 209 188 1 188 51 188 32 1 200 157 219 183 219 95 63 199 33 185 44 1 80 88 157 95 188 1 94 1 166 126 133 130 101 188 94 118 141 188 176 175 156 63 61 1 86 105 69 1 157 219 126 219 63 211 64 95 157 103 219 188 1 143 219 8 219 219 74 95 219 59 179 85 126 45 126 104 188 218 116 53 17 32 178 219 15 150 188 157 188 132 183 1 94 84 1 219 203 219 2 1 33 188 12 99 40 157 188 63 219 125 188 188 219 126 159 107 219 174 1 188 134 126 1 14 147 36 98 157 63 110 127 109 1 188 95 64 92 148 32 97 25 1 49 208 35 180 219 33 46 63 214 139 219 126 219 95 95 219 95 137 95 188 67 95 154 217 126 60 33 32 102 157 188 95 41 219 1 32 63 94 32 219 31 186 27 137 149 157 9 182 95 157 57 195 157 71 64 124 164 77 126 192 207 126 219 64 184 33 219 126 63 95 63 62 32 39 126 1 64 188 64 219 30 32 133 157 129 11 152 69 123 173 219 90 198 157 151 188 110 126 126 162 219 126 101 160 94 75 188 1 158 64 142 5 144 64 73 157 63 112 115 157 32 219 79 63 157 64 33 219 32 42 210 146 155 18 21 94 63 68 95 95 91 135 219 126 157 157 19 
c [Main] Lowest label SAT is set to 219.
c [Label = 218] Encoding duration: 2980ms.
c [Label = 218] Number of clauses: 2819119.
c [Label = 218] Number of variables: 302806.
c [Label = 218] Solving duration: 157497 ms.
s [Label = 218] SAT (w = 31).
Label assignment: 125 16 80 164 218 94 218 1 1 1 1 63 94 197 216 190 187 218 156 192 1 1 125 11 32 77 83 187 218 214 187 112 156 187 184 105 156 185 148 218 217 32 156 20 9 195 187 44 156 187 102 161 32 125 1 94 151 1 120 1 32 27 218 154 125 187 179 156 218 70 187 160 104 156 187 156 63 196 187 63 32 97 89 13 95 145 94 188 94 94 92 133 23 156 165 32 187 187 65 85 187 18 218 63 125 32 218 187 87 193 22 125 201 94 123 96 84 186 218 53 32 17 1 88 198 109 218 1 218 156 140 125 156 1 63 93 32 94 218 94 208 94 209 162 32 74 125 38 125 125 26 218 187 157 29 94 139 176 156 34 156 63 218 103 132 156 6 32 2 125 10 1 125 63 32 187 156 58 156 1 54 156 5 1 138 98 218 187 159 146 32 187 203 156 187 218 63 187 171 149 100 167 117 82 178 7 187 187 213 94 75 125 31 212 34 63 187 63 66 63 125 94 45 63 218 61 57 125 1 148 99 43 118 125 1 168 94 1 36 32 63 187 189 32 3 126 41 1 1 183 101 63 15 173 187 218 160 94 40 106 126 94 94 218 63 1 1 210 131 63 125 71 63 63 187 200 187 32 63 199 175 94 218 207 55 115 125 206 187 147 218 81 152 127 170 94 33 218 204 121 218 94 1 72 166 156 125 130 94 156 63 218 125 187 125 63 124 143 113 32 63 1 218 32 94 156 156 94 60 4 1 215 94 156 44 218 32 180 81 59 129 94 218 48 62 202 32 1 187 218 14 218 125 211 119 187 153 111 92 163 218 125 1 218 191 90 156 156 1 94 218 1 125 144 156 218 51 125 172 95 63 12 125 32 49 125 218 156 68 1 125 187 218 156 125 63 8 181 95 24 114 32 141 37 79 32 108 169 94 150 1 21 64 144 94 177 28 94 110 94 86 94 67 1 1 187 218 73 32 135 125 94 63 63 94 218 142 125 30 187 46 136 32 122 47 194 1 76 128 187 39 218 158 32 63 52 1 156 1 11 32 25 156 32 126 1 155 137 205 63 69 32 63 174 50 94 187 134 35 1 32 63 94 1 125 78 91 19 116 36 107 32 63 1 218 187 56 42 63 32 125 187 182 
c [Main] Lowest label SAT is set to 218.
c [Signal] Signal interruption. Caught signal: SIGTERM (15).
c [Main] All children have completed.
r [Main] 
r [Main] Final results: 
r [Main] Lowest label SAT:  	218.
r [Main] Highest label UNSAT:	217.
r [Main] Total real time: 438948 ms.
r [Main] Total memory consumed: 7409.1 MB.
r [Main] 
