c [Version] Minimize Makespan Labeling Encoder version 1.0.0.
c [Param] LB is predefined as 131.
c [Param] UB is predefined as 273.
c [Param] Memory limit is set to 30000.
c [Param] Real time limit is set to 1800.
c [Param] Worker count is set to 8.
c [Main] Search strategy: Iterating from upper bound.
c [Main] Search order: 273 272 271 270 269 268 267 266 265 264 263 262 261 260 259 258 257 256 255 254 253 252 251 250 249 248 247 246 245 244 243 242 241 240 239 238 237 236 235 234 233 232 231 230 229 228 227 226 225 224 223 222 221 220 219 218 217 216 215 214 213 212 211 210 209 208 207 206 205 204 203 202 201 200 199 198 197 196 195 194 193 192 191 190 189 188 187 186 185 184 183 182 181 180 179 178 177 176 175 174 173 172 171 170 169 168 167 166 165 164 163 162 161 160 159 158 157 156 155 154 153 152 151 150 149 148 147 146 145 144 143 142 141 140 139 138 137 136 135 134 133 132 131.
c [Main] Encoding and solving for graph: S-sherman4.mtx.rnd.
c [Label = 270] Encoding duration: 2206ms.
c [Label = 270] Number of clauses: 1621191.
c [Label = 270] Number of variables: 363090.
c [Label = 270] Solving duration: 583142 ms.
s [Label = 270] SAT (w = 130).
Label assignment: 2 10 268 9 267 140 7 140 89 33 234 46 120 212 79 97 140 247 268 187 81 268 268 140 260 270 140 114 136 263 152 1 215 269 6 36 9 105 259 59 1 270 77 270 221 5 227 244 5 229 222 261 3 136 270 30 1 270 270 68 177 10 192 159 262 38 269 6 266 51 2 17 1 138 137 35 137 267 30 140 148 4 75 270 1 139 230 93 128 11 1 6 260 270 43 269 96 269 264 270 270 3 6 270 1 270 270 85 270 21 174 6 6 144 5 132 270 205 8 220 74 270 7 270 268 4 234 10 167 270 60 253 264 252 188 1 140 270 265 199 195 267 2 6 53 87 78 163 169 91 104 259 9 31 187 270 246 166 122 185 100 8 149 67 146 260 3 270 140 129 58 41 270 270 112 270 189 200 1 1 54 4 64 115 35 180 265 270 249 73 10 269 45 139 270 24 140 140 140 140 1 2 10 5 270 270 137 1 256 2 1 270 140 160 40 265 154 70 164 257 258 260 182 9 21 5 18 268 168 55 270 2 98 10 243 8 32 2 5 44 270 242 19 1 266 214 226 131 1 1 126 1 270 2 269 270 140 225 270 1 62 241 139 10 2 270 243 270 270 270 119 270 238 48 42 1 265 28 261 266 2 140 221 66 156 155 50 270 239 49 10 236 5 246 269 248 1 139 9 1 15 2 29 136 22 84 47 139 102 20 135 270 134 270 108 240 86 76 1 27 270 198 82 135 270 140 261 270 270 46 5 61 270 269 172 208 259 270 72 58 233 10 140 265 270 21 263 26 206 136 4 57 261 111 270 136 138 130 2 9 1 10 58 237 80 204 253 265 251 134 270 94 171 106 201 7 15 2 270 138 56 3 270 224 231 1 267 140 157 107 6 267 20 233 235 270 5 3 6 145 270 261 103 123 161 245 230 52 139 270 9 255 197 270 10 2 1 101 270 140 140 20 138 173 250 203 137 116 110 10 270 5 10 223 270 183 210 118 194 270 39 99 270 140 14 4 1 8 162 270 69 165 176 232 219 28 1 88 9 121 10 141 140 23 191 109 267 37 179 270 5 214 270 127 3 270 17 142 133 131 211 10 21 193 21 140 20 218 209 117 18 25 140 175 113 228 71 213 23 92 254 1 270 270 270 270 158 181 1 269 147 151 184 270 178 231 139 207 216 270 13 143 16 270 125 83 153 150 217 34 186 95 139 202 196 1 90 12 244 124 65 1 63 190 270 170 
c [Main] Lowest label SAT is set to 270.
c [Main] Kill higher label pid 271.
c [Main] Kill higher label pid 272.
c [Main] Kill higher label pid 273.
c [Label = 273] Encoding duration: 2243ms.
c [Label = 273] Number of clauses: 1645477.
c [Label = 273] Number of variables: 366366.
c [Signal] Signal interruption. Caught signal: SIGTERM (15).
c [Label = 271] Encoding duration: 2211ms.
c [Label = 271] Number of clauses: 1629286.
c [Label = 271] Number of variables: 364182.
c [Signal] Signal interruption. Caught signal: SIGTERM (15).
c [Label = 272] Encoding duration: 2216ms.
c [Label = 272] Number of clauses: 1637382.
c [Label = 272] Number of variables: 365274.
c [Signal] Signal interruption. Caught signal: SIGTERM (15).
c [Main] Child pid 271 - 1189963 terminated by signal 15.
c [Main] Child pid 272 - 1189962 terminated by signal 15.
c [Main] Child pid 273 - 1189961 terminated by signal 15.
c [Label = 269] Encoding duration: 2186ms.
c [Label = 269] Number of clauses: 1613095.
c [Label = 269] Number of variables: 361998.
c [Label = 269] Solving duration: 669988 ms.
s [Label = 269] SAT (w = 130).
Label assignment: 5 63 263 269 196 3 2 52 183 8 266 8 8 2 5 4 7 3 269 256 111 243 260 1 224 269 34 47 84 135 150 173 240 249 3 138 248 35 258 37 5 237 82 208 261 139 267 261 182 243 269 239 8 131 153 118 1 216 269 257 212 263 268 179 268 16 238 1 265 4 241 1 5 109 61 1 132 269 10 2 257 265 124 254 1 2 239 33 27 5 127 1 174 260 269 239 86 241 267 246 196 24 268 263 184 185 269 9 269 7 139 22 269 4 48 191 229 243 233 2 130 269 208 158 214 157 265 1 138 204 24 231 265 219 259 131 2 152 1 138 260 139 2 67 85 23 86 9 139 19 2 267 126 269 238 220 269 269 1 51 80 1 197 139 154 269 2 161 4 1 133 115 260 260 60 260 198 139 6 77 125 3 1 70 269 269 269 139 260 134 103 137 105 210 206 258 2 78 2 260 34 75 26 269 241 203 3 1 269 80 5 1 41 252 25 1 146 66 269 269 199 147 3 3 38 265 104 255 259 81 202 4 6 139 258 239 269 59 12 6 267 268 1 1 269 269 225 145 1 42 135 1 260 269 159 269 1 267 166 13 1 156 1 1 262 1 155 181 180 269 54 263 139 2 1 67 269 132 269 256 210 2 267 87 139 187 101 269 265 117 32 260 266 269 262 269 1 20 169 167 2 2 17 120 14 144 1 108 1 93 165 260 2 268 175 269 29 1 151 91 269 149 137 2 1 7 1 259 143 135 1 123 164 221 258 269 192 224 133 31 3 267 90 140 258 99 269 9 209 79 1 107 267 122 269 1 121 69 1 8 1 4 89 269 29 269 142 262 260 65 207 1 1 39 95 186 5 56 160 88 1 1 246 269 269 1 269 6 1 1 53 269 129 141 268 240 64 3 97 178 163 269 4 40 200 43 267 162 8 269 5 190 232 195 176 3 1 3 215 2 2 49 74 209 194 269 6 113 1 8 265 24 8 247 235 268 148 83 255 223 135 71 242 15 4 1 193 73 96 230 102 138 268 201 250 36 1 135 8 2 225 138 68 119 222 1 177 212 205 269 58 260 171 110 137 211 55 233 11 189 228 9 15 227 72 2 7 1 168 4 45 112 6 208 136 269 98 269 50 114 139 1 269 269 253 234 245 244 128 269 172 269 188 236 94 220 46 269 1 269 4 30 116 213 44 100 251 226 269 62 216 2 21 264 218 28 106 92 219 18 2 57 76 9 217 170 
c [Main] Lowest label SAT is set to 269.
c [Label = 266] Encoding duration: 2179ms.
c [Label = 266] Number of clauses: 1588809.
c [Label = 266] Number of variables: 358722.
c [Label = 266] Solving duration: 894776 ms.
s [Label = 266] SAT (w = 130).
Label assignment: 133 3 136 17 2 265 266 253 266 260 134 135 266 115 136 156 265 47 2 80 235 257 87 260 81 65 154 266 5 24 56 17 89 159 265 1 136 211 135 266 235 53 238 23 193 26 6 6 30 1 6 114 169 1 69 265 265 103 1 136 83 7 4 5 210 136 3 260 245 205 5 266 168 66 259 189 6 137 260 260 135 1 5 134 266 6 135 53 4 266 139 265 5 123 263 264 1 45 52 20 2 265 260 46 101 4 13 5 6 262 133 63 236 256 244 39 104 1 5 135 266 143 1 2 60 35 184 265 14 1 191 119 109 6 3 136 263 17 266 15 43 128 266 262 265 5 235 222 5 5 4 5 190 265 1 1 2 58 266 146 266 253 59 266 11 6 264 135 204 266 266 214 203 34 21 1 136 62 265 265 6 260 264 263 266 14 112 99 1 258 266 85 187 3 211 37 260 1 266 5 185 5 231 40 3 126 232 265 19 145 264 136 265 31 196 218 120 249 1 6 27 6 238 135 194 92 182 265 2 198 113 233 265 135 57 266 8 266 265 244 28 6 265 223 135 2 45 45 174 260 243 216 70 8 136 6 213 266 67 212 266 82 195 200 136 93 6 266 76 136 2 3 121 265 266 266 166 1 23 144 11 142 1 9 3 61 239 217 130 266 183 5 265 135 135 136 173 266 12 15 260 260 266 6 266 37 265 1 265 266 68 135 266 254 266 3 255 264 124 266 1 49 266 262 129 265 266 265 78 263 266 136 12 186 91 4 64 50 246 3 73 3 4 5 157 136 6 140 5 4 266 136 133 1 2 5 265 250 265 197 266 136 4 17 266 19 5 171 6 2 31 266 266 266 266 1 256 241 8 71 1 177 20 3 75 219 138 229 265 266 178 228 136 122 28 165 266 162 266 90 23 110 4 118 72 220 18 252 161 2 247 259 34 17 74 164 155 6 95 201 264 266 117 55 133 94 141 2 221 176 3 1 202 116 79 10 3 21 44 8 136 3 77 160 251 227 2 234 148 111 237 88 48 96 42 150 225 1 136 266 86 1 208 1 107 266 98 36 6 188 5 84 8 27 158 248 265 34 199 1 8 266 181 127 263 215 266 266 5 180 192 224 266 2 266 6 206 102 266 136 41 263 132 242 261 23 20 54 209 28 33 38 125 29 105 152 207 106 167 163 265 170 172 22 108 266 131 97 25 179 32 266 147 51 16 230 266 240 100 153 175 226 149 266 151 10 
c [Main] Lowest label SAT is set to 266.
c [Main] Kill higher label pid 267.
c [Main] Kill higher label pid 268.
c [Label = 267] Encoding duration: 2177ms.
c [Label = 267] Number of clauses: 1596904.
c [Label = 267] Number of variables: 359814.
c [Signal] Signal interruption. Caught signal: SIGTERM (15).
c [Label = 268] Encoding duration: 2167ms.
c [Label = 268] Number of clauses: 1605000.
c [Label = 268] Number of variables: 360906.
c [Signal] Signal interruption. Caught signal: SIGTERM (15).
c [Main] Child pid 268 - 1189966 terminated by signal 15.
c [Main] Child pid 267 - 1189967 terminated by signal 15.
c [Label = 258] Encoding duration: 1714ms.
c [Label = 258] Number of clauses: 1318404.
c [Label = 258] Number of variables: 280644.
c [Label = 258] Solving duration: 0 ms.
s [Label = 258] UNSAT (w = 130).
c [Main] Highest label UNSAT is set to 258
c [Label = 259] Encoding duration: 1855ms.
c [Label = 259] Number of clauses: 1326499.
c [Label = 259] Number of variables: 281736.
c [Label = 259] Solving duration: 0 ms.
s [Label = 259] UNSAT (w = 130).
c [Label = 260] Encoding duration: 1741ms.
c [Label = 260] Number of clauses: 1330026.
c [Label = 260] Number of variables: 282828.
c [Label = 260] Solving duration: 172 ms.
s [Label = 260] SAT (w = 130).
Label assignment: 1 2 259 260 230 3 4 5 6 7 244 8 9 221 10 11 12 136 240 249 13 200 132 14 255 257 15 16 17 220 255 234 229 133 18 19 171 20 134 21 22 135 23 256 228 226 223 143 238 248 240 260 24 25 258 26 27 197 258 136 253 137 233 250 178 28 257 29 259 30 224 31 32 33 34 35 36 230 37 38 193 204 39 259 40 41 231 42 43 44 45 46 239 234 47 163 48 251 252 256 254 49 50 256 241 258 255 51 235 52 208 53 54 55 56 255 203 256 138 211 57 232 254 152 205 242 181 58 184 225 59 244 252 251 245 60 61 227 62 209 258 202 63 64 65 66 67 68 185 69 70 139 71 72 162 236 190 243 73 74 75 76 194 77 179 237 78 231 79 80 81 82 200 260 83 195 246 218 84 85 86 87 88 89 90 212 131 217 167 91 92 220 93 247 183 140 94 95 96 258 97 98 99 142 256 260 100 101 252 102 103 149 104 243 105 106 219 107 141 233 221 233 108 109 110 238 111 216 232 112 260 113 114 192 243 164 198 115 116 117 210 213 118 119 214 165 248 255 120 121 122 123 168 199 172 191 124 147 215 125 126 161 127 128 166 252 250 196 169 201 129 206 222 130 78 64 228 46 219 216 254 106 247 30 144 249 57 225 207 61 129 145 170 207 259 211 14 36 257 173 37 49 11 40 18 192 4 36 5 24 236 225 38 196 6 241 24 1 146 11 230 218 6 73 150 12 6 213 210 20 18 17 257 199 249 223 253 242 57 3 221 209 41 239 188 32 240 14 194 36 29 9 148 46 260 36 2 107 2 119 101 32 30 246 1 201 239 259 223 44 237 101 10 39 6 204 89 23 258 34 3 11 132 240 219 109 228 8 10 9 102 196 17 159 153 174 21 11 4 219 256 252 42 33 217 45 215 6 22 259 14 213 247 210 254 117 28 30 191 74 5 56 33 235 259 221 45 18 2 49 233 3 27 248 222 223 158 52 251 242 60 51 151 69 31 119 175 71 8 154 23 217 259 249 259 2 28 48 17 121 155 180 21 18 246 18 251 238 260 176 69 251 251 3 23 213 95 249 2 253 232 55 9 246 27 7 1 6 250 103 9 2 22 177 19 251 59 187 119 17 251 117 225 228 200 156 215 223 13 230 253 157 219 234 220 160 45 218 10 182 4 7 59 219 33 1 249 186 189 2 249 4 80 241 206 11 4 91 205 26 15 13 65 8 259 240 
c [Main] Lowest label SAT is set to 260.
c [Main] Kill higher label pid 261.
c [Main] Kill higher label pid 262.
c [Main] Kill higher label pid 263.
c [Main] Kill higher label pid 264.
c [Main] Kill higher label pid 265.
c [Label = 262] Encoding duration: 1943ms.
c [Label = 262] Number of clauses: 1556427.
c [Label = 262] Number of variables: 354354.
c [Signal] Signal interruption. Caught signal: SIGTERM (15).
c [Label = 264] Encoding duration: 1972ms.
c [Label = 264] Number of clauses: 1572618.
c [Label = 264] Number of variables: 356538.
c [Signal] Signal interruption. Caught signal: SIGTERM (15).
c [Label = 261] Encoding duration: 2004ms.
c [Label = 261] Number of clauses: 1548331.
c [Label = 261] Number of variables: 353262.
c [Signal] Signal interruption. Caught signal: SIGTERM (15).
c [Label = 263] Encoding duration: 1978ms.
c [Label = 263] Number of clauses: 1564522.
c [Label = 263] Number of variables: 355446.
c [Signal] Signal interruption. Caught signal: SIGTERM (15).
c [Label = 265] Encoding duration: 2037ms.
c [Label = 265] Number of clauses: 1580713.
c [Label = 265] Number of variables: 357630.
c [Signal] Signal interruption. Caught signal: SIGTERM (15).
c [Main] Highest label UNSAT is set to 259
c [Main] Child pid 261 - 1190518 terminated by signal 15.
c [Main] Child pid 262 - 1190502 terminated by signal 15.
c [Main] Child pid 264 - 1190500 terminated by signal 15.
c [Main] Child pid 265 - 1190499 terminated by signal 15.
c [Main] Child pid 263 - 1190501 terminated by signal 15.
c [Signal] Signal interruption. Caught signal: SIGTERM (15).
c [Main] All children have completed.
r [Main] 
r [Main] Final results: 
r [Main] Lowest label SAT:  	260.
r [Main] Highest label UNSAT:	259.
r [Main] Total real time: 899991 ms.
r [Main] Total memory consumed: 5794 MB.
r [Main] 
