c [Version] Minimize Makespan Labeling Encoder version 1.0.0.
c [Param] LB is predefined as 57.
c [Param] UB is predefined as 296.
c [Param] Memory limit is set to 30000.
c [Param] Real time limit is set to 1800.
c [Param] Worker count is set to 8.
c [Main] Search strategy: Iterating from upper bound.
c [Main] Search order: 296 295 294 293 292 291 290 289 288 287 286 285 284 283 282 281 280 279 278 277 276 275 274 273 272 271 270 269 268 267 266 265 264 263 262 261 260 259 258 257 256 255 254 253 252 251 250 249 248 247 246 245 244 243 242 241 240 239 238 237 236 235 234 233 232 231 230 229 228 227 226 225 224 223 222 221 220 219 218 217 216 215 214 213 212 211 210 209 208 207 206 205 204 203 202 201 200 199 198 197 196 195 194 193 192 191 190 189 188 187 186 185 184 183 182 181 180 179 178 177 176 175 174 173 172 171 170 169 168 167 166 165 164 163 162 161 160 159 158 157 156 155 154 153 152 151 150 149 148 147 146 145 144 143 142 141 140 139 138 137 136 135 134 133 132 131 130 129 128 127 126 125 124 123 122 121 120 119 118 117 116 115 114 113 112 111 110 109 108 107 106 105 104 103 102 101 100 99 98 97 96 95 94 93 92 91 90 89 88 87 86 85 84 83 82 81 80 79 78 77 76 75 74 73 72 71 70 69 68 67 66 65 64 63 62 61 60 59 58 57.
c [Main] Encoding and solving for graph: T-dwt__592.mtx.rnd.
c [Label = 296] Encoding duration: 4039ms.
c [Label = 296] Number of clauses: 3368012.
c [Label = 296] Number of variables: 474784.
c [Label = 296] Solving duration: 233241 ms.
s [Label = 296] SAT (w = 56).
Label assignment: 156 296 290 1 169 118 166 165 295 130 216 119 278 296 293 233 160 46 4 59 123 186 57 296 296 103 1 181 51 231 3 58 282 17 113 41 129 107 72 76 288 113 47 18 179 57 104 42 122 57 179 28 160 296 186 99 50 84 128 4 296 127 127 69 18 1 1 296 75 184 105 60 296 57 1 156 168 296 279 177 240 142 59 296 113 1 296 296 170 186 175 91 57 88 22 161 18 296 72 164 295 296 224 120 269 144 58 289 187 69 113 113 186 26 296 178 160 180 4 57 218 173 74 114 43 119 216 160 296 176 289 1 3 236 296 74 234 191 57 138 18 165 2 240 153 144 195 296 97 172 184 1 60 122 57 74 1 130 296 31 296 183 160 45 3 123 134 28 74 250 160 208 205 164 296 2 7 113 57 110 220 66 296 184 18 296 10 60 296 15 69 296 74 190 296 39 36 3 94 202 296 156 18 154 88 296 200 38 3 254 140 20 130 104 296 119 130 196 296 294 118 9 172 147 199 81 63 168 147 184 296 174 9 149 240 183 113 130 57 238 1 91 3 227 63 138 200 225 24 296 33 296 169 175 4 95 224 1 170 114 85 128 78 231 57 136 239 89 237 296 94 28 83 74 218 3 169 155 296 2 168 48 96 109 108 57 200 173 1 21 57 1 152 296 169 64 296 104 296 186 186 61 62 127 18 126 208 119 239 296 167 1 78 280 74 34 114 5 113 117 1 156 77 296 13 64 143 118 1 8 296 204 67 296 175 222 200 203 157 44 16 246 185 170 113 206 224 124 13 57 108 57 57 296 57 290 148 116 274 119 57 4 121 155 207 130 175 61 151 125 57 113 128 213 1 129 296 296 1 285 54 1 183 60 49 7 201 92 135 134 296 239 225 1 1 113 93 239 58 74 296 1 1 238 125 283 296 239 152 4 115 117 232 296 163 68 2 57 4 111 1 219 296 296 61 193 27 82 186 4 74 73 296 227 240 71 1 150 240 167 162 90 23 6 137 112 53 6 87 57 37 296 55 198 146 52 19 276 58 84 101 186 4 171 212 2 14 296 258 221 296 2 106 292 32 277 11 84 78 74 225 264 284 113 88 84 296 255 262 217 6 130 192 2 40 247 267 268 182 132 139 62 261 56 215 197 141 70 259 131 184 140 271 273 164 1 2 4 211 263 1 102 216 240 223 270 287 140 210 1 240 29 214 275 291 149 30 229 266 296 145 1 65 133 13 240 296 12 260 241 80 248 265 1 249 57 226 158 243 100 25 242 281 245 231 7 244 286 184 235 130 79 144 98 86 239 188 194 189 257 256 230 272 210 159 228 251 225 209 35 253 252 
c [Main] Lowest label SAT is set to 296.
c [Label = 293] Encoding duration: 4022ms.
c [Label = 293] Number of clauses: 3332055.
c [Label = 293] Number of variables: 471232.
c [Label = 293] Solving duration: 306926 ms.
s [Label = 293] SAT (w = 56).
Label assignment: 6 293 121 237 221 4 21 1 115 13 61 20 19 1 12 11 1 1 293 69 114 12 6 58 237 184 158 18 158 237 235 13 212 123 115 11 12 67 237 4 1 130 12 9 4 6 12 22 138 103 195 69 114 13 275 148 29 134 150 181 237 125 50 131 181 293 59 293 125 67 116 293 293 8 11 39 16 128 88 32 98 180 181 251 108 67 107 54 77 233 102 100 68 154 185 227 11 69 124 10 125 67 210 67 94 179 125 125 132 125 181 10 237 111 17 1 237 4 174 118 11 10 65 11 161 14 293 181 13 69 292 24 74 180 140 181 255 162 3 179 63 12 293 178 8 67 10 186 124 237 235 59 1 179 180 293 188 170 181 138 134 173 125 11 202 62 148 106 181 73 123 24 5 8 104 69 205 237 3 153 127 96 11 69 180 237 196 2 6 155 134 68 126 218 293 67 147 194 5 236 181 13 68 13 160 61 237 237 237 293 163 237 293 45 118 68 271 66 125 149 237 34 69 179 216 181 151 293 181 157 202 281 11 143 181 181 67 46 293 6 180 2 69 87 195 211 213 237 66 6 285 293 125 145 135 279 62 72 241 191 293 191 293 237 193 124 237 27 215 237 125 84 244 57 181 125 293 293 5 197 5 293 192 268 217 122 293 109 293 10 242 232 293 151 293 181 75 117 293 139 12 293 293 58 44 141 237 218 133 104 181 181 23 259 219 69 1 40 237 2 178 293 3 225 64 209 93 237 181 238 68 159 214 229 60 62 260 237 277 237 38 95 125 234 62 164 252 122 181 12 176 69 234 33 293 293 113 185 2 293 293 58 1 293 265 245 67 293 292 293 11 175 91 171 12 181 1 125 51 185 237 28 180 137 206 81 37 203 293 13 237 237 293 293 146 30 223 253 69 7 90 116 189 55 293 86 25 170 181 125 62 53 181 68 232 233 277 237 293 89 218 99 67 272 293 220 129 291 125 1 124 11 68 261 83 13 125 183 237 293 237 249 68 270 293 230 97 293 293 293 207 68 226 240 4 201 224 280 142 293 293 257 80 118 284 167 181 293 286 290 266 199 293 105 69 144 293 49 69 6 237 15 263 174 293 231 289 8 166 208 237 125 293 228 67 42 264 76 222 156 188 169 1 5 68 237 78 112 125 258 293 204 256 187 120 195 243 121 36 278 220 79 248 125 123 200 101 122 59 273 287 62 254 250 247 26 177 168 3 85 4 293 71 67 198 5 293 3 62 35 246 125 110 181 276 68 31 6 70 288 165 282 186 52 172 82 293 119 237 181 124 274 269 136 92 47 41 6 239 152 56 12 267 69 98 3 283 48 43 182 190 262 
c [Main] Lowest label SAT is set to 293.
c [Main] Kill higher label pid 294.
c [Main] Kill higher label pid 295.
c [Label = 295] Encoding duration: 4071ms.
c [Label = 295] Number of clauses: 3356026.
c [Label = 295] Number of variables: 473600.
c [Signal] Signal interruption. Caught signal: SIGTERM (15).
c [Label = 294] Encoding duration: 4039ms.
c [Label = 294] Number of clauses: 3344041.
c [Label = 294] Number of variables: 472416.
c [Signal] Signal interruption. Caught signal: SIGTERM (15).
c [Main] Child pid 295 - 1190991 terminated by signal 15.
c [Main] Child pid 294 - 1190992 terminated by signal 15.
c [Label = 290] Encoding duration: 3965ms.
c [Label = 290] Number of clauses: 3296099.
c [Label = 290] Number of variables: 467680.
c [Label = 290] Solving duration: 335634 ms.
s [Label = 290] SAT (w = 56).
Label assignment: 108 63 122 234 290 120 7 1 186 216 172 178 11 63 58 290 12 11 219 103 290 122 123 1 177 290 84 49 6 290 1 54 178 234 29 205 60 67 174 61 177 122 168 122 141 93 230 23 16 84 234 234 84 11 103 112 50 178 84 57 59 280 287 126 178 61 86 65 52 33 88 122 92 113 35 112 290 57 84 290 178 135 232 32 95 233 65 66 122 66 111 91 1 64 223 12 11 212 275 122 58 98 134 225 28 119 145 59 279 234 290 12 234 7 234 133 268 137 60 91 178 290 234 282 186 290 186 57 290 178 79 151 176 198 272 21 290 281 28 178 1 62 107 234 178 105 287 198 290 234 290 4 90 3 161 150 37 178 234 234 235 128 67 290 46 74 178 18 66 109 20 5 290 290 63 72 224 1 148 55 66 157 119 288 115 210 214 169 8 2 5 4 208 58 234 83 94 192 168 191 139 97 290 1 7 290 178 96 171 290 290 204 290 15 14 1 178 57 117 27 178 191 178 85 290 203 64 290 57 118 82 60 31 290 60 113 57 42 67 181 1 119 191 87 118 178 122 174 24 100 156 234 199 181 228 43 137 68 73 290 122 146 184 7 78 1 290 277 178 1 149 125 221 1 64 1 227 122 1 273 153 286 80 10 178 129 117 111 234 234 193 290 76 57 35 70 234 116 1 1 123 290 234 6 3 110 23 127 174 138 124 234 36 290 162 77 234 197 290 167 1 64 132 53 215 1 122 10 274 290 234 290 119 170 234 271 162 178 246 64 270 189 178 290 9 290 59 80 176 178 40 171 225 137 130 153 206 234 178 121 229 113 1 8 238 67 63 121 8 119 158 290 234 15 194 104 202 2 101 249 22 267 169 57 19 276 88 38 62 283 10 57 175 237 166 231 13 155 234 57 114 226 3 290 122 51 218 177 213 207 25 178 290 122 182 178 1 7 1 81 178 261 257 1 256 199 165 122 290 290 200 48 2 285 57 1 130 173 258 286 254 136 102 178 5 150 187 262 290 66 260 17 234 159 234 62 259 3 4 79 196 75 239 39 8 290 290 290 224 234 1 290 121 220 178 160 267 99 122 183 290 120 209 168 7 289 234 278 11 4 1 234 164 178 225 65 89 154 178 269 41 194 234 1 266 47 61 234 1 26 290 1 62 218 152 118 30 265 234 234 180 290 140 4 8 66 11 113 284 106 290 178 290 45 34 186 185 290 142 290 66 233 290 188 179 147 120 61 255 56 195 44 290 290 117 143 217 71 63 201 2 69 264 10 290 4 211 10 263 251 59 117 236 248 247 250 243 244 131 241 163 200 253 240 245 121 222 242 144 255 252 190 
c [Main] Lowest label SAT is set to 290.
c [Main] Kill higher label pid 291.
c [Main] Kill higher label pid 292.
c [Label = 291] Encoding duration: 3991ms.
c [Label = 291] Number of clauses: 3308084.
c [Label = 291] Number of variables: 468864.
c [Signal] Signal interruption. Caught signal: SIGTERM (15).
c [Label = 292] Encoding duration: 3971ms.
c [Label = 292] Number of clauses: 3320070.
c [Label = 292] Number of variables: 470048.
c [Signal] Signal interruption. Caught signal: SIGTERM (15).
c [Main] Child pid 291 - 1190995 terminated by signal 15.
c [Main] Child pid 292 - 1190994 terminated by signal 15.
c [Label = 289] Encoding duration: 3946ms.
c [Label = 289] Number of clauses: 3284113.
c [Label = 289] Number of variables: 466496.
c [Label = 289] Solving duration: 396019 ms.
s [Label = 289] SAT (w = 56).
Label assignment: 1 135 13 146 179 9 8 29 1 8 289 12 31 281 114 187 8 14 176 289 30 12 75 121 289 123 134 127 45 9 12 12 232 16 9 11 177 177 13 130 289 9 12 21 6 207 177 13 8 7 233 2 108 49 98 127 13 114 233 233 129 121 59 2 119 289 233 1 70 121 16 233 177 209 9 13 4 289 289 5 177 13 233 185 178 233 5 128 121 153 92 70 149 288 9 289 4 289 106 8 180 233 232 289 289 216 65 233 3 184 121 177 180 16 289 207 62 35 2 202 57 163 275 289 3 137 289 2 33 65 121 101 289 126 289 103 289 289 3 72 2 177 198 289 51 289 65 213 211 190 37 233 118 162 65 6 147 182 67 76 204 194 203 289 224 181 32 167 233 77 6 68 63 210 193 233 289 289 289 85 64 274 209 111 1 9 1 121 28 186 114 289 289 233 65 65 233 289 289 289 289 172 233 65 1 140 159 197 289 197 224 121 58 52 65 142 65 177 289 24 75 289 191 289 168 228 200 240 289 177 51 5 42 53 6 233 152 41 3 165 9 79 289 121 222 6 289 267 121 218 177 201 191 265 192 257 289 289 121 233 36 249 177 75 229 121 85 62 54 61 1 109 289 65 160 65 289 176 58 132 65 58 233 220 266 4 289 123 22 233 96 258 196 233 9 233 81 121 62 165 26 173 227 289 186 75 167 59 117 138 233 289 105 100 214 65 18 15 177 2 1 175 95 179 121 65 9 59 9 125 289 177 88 243 86 177 166 233 277 177 104 44 233 121 134 242 289 177 67 177 253 252 233 1 9 65 73 289 233 23 219 177 289 84 289 139 131 221 139 2 65 273 144 108 65 13 177 121 177 233 233 272 287 50 155 279 238 289 55 90 121 177 122 19 107 65 225 177 69 121 289 48 97 259 260 71 111 89 233 174 20 1 145 9 289 56 161 3 177 154 121 177 269 177 283 73 133 286 177 65 83 91 61 205 148 6 164 58 233 233 289 9 40 25 17 184 107 158 262 115 261 230 1 177 285 221 263 289 264 223 9 136 112 9 121 237 195 121 289 121 233 10 233 121 102 74 233 43 289 233 82 66 284 141 46 206 199 60 121 256 124 289 65 185 276 278 183 80 143 289 189 3 121 208 217 215 2 70 9 212 87 58 177 233 2 233 126 156 27 235 177 248 289 177 38 65 150 117 289 110 116 121 289 157 34 282 94 289 171 39 233 289 179 207 58 78 109 120 65 289 178 151 126 239 233 254 268 233 236 121 65 169 177 1 241 113 121 177 280 244 121 246 170 231 226 255 270 130 47 233 271 177 65 188 41 93 99 250 251 247 234 245 
c [Main] Lowest label SAT is set to 289.
c [Label = 285] Encoding duration: 3948ms.
c [Label = 285] Number of clauses: 3236171.
c [Label = 285] Number of variables: 461760.
c [Label = 285] Solving duration: 273307 ms.
s [Label = 285] SAT (w = 56).
Label assignment: 285 285 185 5 108 20 86 227 285 161 285 31 32 228 100 5 94 30 152 24 87 268 1 1 285 153 97 9 174 57 185 27 35 153 14 48 57 118 229 224 36 178 32 50 115 173 283 25 24 165 231 31 282 283 20 115 23 125 126 29 129 146 229 106 122 167 214 285 3 32 285 59 285 285 27 203 32 167 41 284 2 18 117 223 104 169 144 285 117 2 1 209 82 160 226 5 15 87 30 269 3 125 221 59 65 285 117 285 92 67 1 229 55 212 141 193 173 12 147 173 208 62 2 285 284 31 285 16 31 78 134 229 190 140 285 5 285 254 5 129 109 118 237 285 2 97 167 143 58 170 112 35 285 168 229 9 5 5 143 191 65 173 97 1 226 267 285 142 285 201 30 5 229 285 90 173 264 113 113 274 45 56 6 100 128 35 131 147 173 6 75 173 117 169 184 285 150 213 1 206 228 192 173 138 285 275 221 145 5 285 271 172 187 21 176 1 51 10 102 4 163 142 61 285 110 46 229 6 1 173 122 61 200 4 1 203 57 79 285 60 1 155 229 172 285 185 74 72 91 265 224 173 57 117 99 280 285 285 229 1 285 213 130 173 149 10 285 112 177 188 117 144 276 285 113 80 285 95 205 143 219 151 285 229 118 117 122 57 229 66 150 285 197 229 117 171 113 91 91 229 229 117 285 285 251 285 229 146 61 61 190 229 2 280 135 117 173 164 66 117 68 61 273 285 163 173 285 117 1 3 285 1 1 285 123 285 40 84 285 134 5 61 1 173 114 98 285 12 187 61 33 229 229 260 28 37 73 229 221 285 6 5 96 57 61 285 62 44 162 131 57 61 117 229 230 239 285 22 70 61 204 108 1 154 216 139 262 93 197 11 229 261 47 229 183 285 256 173 173 172 229 229 118 2 234 180 26 210 229 156 285 1 238 116 207 178 89 164 3 69 101 281 218 103 222 285 109 62 229 117 106 232 1 59 62 229 5 166 182 258 266 255 203 285 158 67 6 57 257 61 285 173 141 217 215 173 7 285 1 83 252 157 277 82 117 229 13 246 224 62 229 236 81 168 18 105 117 86 77 57 1 270 85 229 165 88 175 220 179 173 137 285 171 229 173 247 195 240 119 116 49 253 17 128 186 124 8 120 285 64 285 221 61 168 89 189 61 148 224 285 228 228 226 117 61 285 107 132 285 173 62 159 249 34 155 200 122 1 102 39 111 272 157 133 187 229 285 244 285 61 147 63 71 108 53 121 245 94 243 172 19 76 38 127 60 54 52 42 225 196 194 248 136 117 263 4 242 241 235 279 181 250 199 43 174 1 198 202 233 211 259 278 
c [Main] Lowest label SAT is set to 285.
c [Main] Kill higher label pid 286.
c [Main] Kill higher label pid 287.
c [Main] Kill higher label pid 288.
c [Label = 286] Encoding duration: 3705ms.
c [Label = 286] Number of clauses: 3248157.
c [Label = 286] Number of variables: 462944.
c [Signal] Signal interruption. Caught signal: SIGTERM (15).
c [Label = 288] Encoding duration: 3801ms.
c [Label = 288] Number of clauses: 3272128.
c [Label = 288] Number of variables: 465312.
c [Signal] Signal interruption. Caught signal: SIGTERM (15).
c [Label = 287] Encoding duration: 3753ms.
c [Label = 287] Number of clauses: 3260142.
c [Label = 287] Number of variables: 464128.
c [Signal] Signal interruption. Caught signal: SIGTERM (15).
c [Main] Child pid 288 - 1191039 terminated by signal 15.
c [Main] Child pid 287 - 1191053 terminated by signal 15.
c [Main] Child pid 286 - 1191054 terminated by signal 15.
c [Label = 279] Encoding duration: 3690ms.
c [Label = 279] Number of clauses: 3073346.
c [Label = 279] Number of variables: 423280.
c [Label = 279] Solving duration: 85183 ms.
s [Label = 279] SAT (w = 56).
Label assignment: 279 279 190 279 223 239 243 61 279 2 279 47 223 87 167 223 241 101 17 111 194 125 223 81 1 157 279 97 279 279 223 233 223 129 167 264 69 192 223 279 223 57 261 245 126 111 252 229 167 160 138 76 214 75 171 207 230 1 42 167 223 223 223 25 132 1 277 279 223 211 279 1 1 58 223 279 279 114 279 246 271 212 183 152 191 179 276 223 69 97 96 279 57 133 232 167 223 14 187 279 143 279 73 238 111 279 22 165 223 279 203 279 20 167 111 140 1 240 167 1 223 226 58 268 279 167 223 167 223 84 122 104 111 66 58 14 16 223 59 111 167 223 69 1 113 206 85 72 225 18 201 148 74 145 72 18 167 198 188 153 41 57 213 18 227 223 279 279 43 111 279 279 279 113 111 79 151 113 195 189 167 89 90 18 175 135 166 1 263 111 20 1 167 165 279 101 57 223 1 66 158 279 223 15 167 236 73 83 127 224 10 1 270 279 57 219 279 208 164 88 146 156 1 158 19 223 167 97 279 279 170 1 18 44 168 279 114 114 57 167 57 115 111 1 223 223 74 1 155 1 12 279 1 1 18 186 117 57 204 237 167 131 251 223 234 167 126 214 33 1 57 223 49 63 235 167 1 73 81 110 139 106 85 1 223 57 167 64 1 279 1 57 223 182 167 182 223 223 18 167 65 265 167 178 279 167 279 167 1 1 84 279 40 222 279 71 13 36 159 120 152 15 105 176 81 11 259 114 205 1 57 223 223 57 13 214 262 1 279 140 38 107 125 113 113 223 231 211 153 1 1 74 39 213 158 1 142 137 185 69 1 57 218 113 113 9 1 57 177 216 1 223 111 1 1 228 279 15 223 162 8 203 217 274 111 111 260 1 1 15 35 137 18 279 114 91 279 1 8 93 221 113 113 248 223 94 167 68 113 242 128 120 57 1 66 279 109 147 70 112 46 2 65 9 247 220 202 279 223 193 121 17 57 34 1 70 279 223 113 24 10 199 254 279 1 30 58 60 266 1 1 130 1 224 279 103 48 63 125 10 196 279 17 167 169 244 279 23 29 1 82 279 124 76 223 167 163 161 84 1 258 279 7 223 6 144 86 279 80 5 28 123 279 279 57 257 118 50 4 150 141 58 111 58 111 116 98 3 57 273 279 149 181 158 223 113 64 223 278 279 206 154 31 279 250 113 202 95 279 1 1 223 223 54 256 32 27 269 102 275 279 215 111 197 279 184 223 108 279 55 99 253 57 279 37 62 269 272 76 45 200 100 173 209 210 167 67 77 78 255 119 279 11 167 268 249 114 53 136 134 172 261 1 51 174 92 56 52 26 180 21 267 
c [Main] Lowest label SAT is set to 279.
c [Main] Kill higher label pid 280.
c [Main] Kill higher label pid 281.
c [Main] Kill higher label pid 282.
c [Main] Kill higher label pid 283.
c [Main] Kill higher label pid 284.
c [Label = 280] Encoding duration: 3524ms.
c [Label = 280] Number of clauses: 3077972.
c [Label = 280] Number of variables: 424464.
c [Signal] Signal interruption. Caught signal: SIGTERM (15).
c [Label = 282] Encoding duration: 3655ms.
c [Label = 282] Number of clauses: 3200215.
c [Label = 282] Number of variables: 458208.
c [Signal] Signal interruption. Caught signal: SIGTERM (15).
c [Label = 284] Encoding duration: 3704ms.
c [Label = 284] Number of clauses: 3224186.
c [Label = 284] Number of variables: 460576.
c [Signal] Signal interruption. Caught signal: SIGTERM (15).
c [Label = 281] Encoding duration: 3736ms.
c [Label = 281] Number of clauses: 3188229.
c [Label = 281] Number of variables: 457024.
c [Signal] Signal interruption. Caught signal: SIGTERM (15).
c [Label = 283] Encoding duration: 3672ms.
c [Label = 283] Number of clauses: 3212200.
c [Label = 283] Number of variables: 459392.
c [Signal] Signal interruption. Caught signal: SIGTERM (15).
c [Main] Child pid 284 - 1191059 terminated by signal 15.
c [Main] Child pid 280 - 1191538 terminated by signal 15.
c [Main] Child pid 281 - 1191073 terminated by signal 15.
c [Main] Child pid 282 - 1191061 terminated by signal 15.
c [Main] Child pid 283 - 1191060 terminated by signal 15.
c [Label = 271] Encoding duration: 3516ms.
c [Label = 271] Number of clauses: 2977462.
c [Label = 271] Number of variables: 413808.
c [Label = 271] Solving duration: 47656 ms.
s [Label = 271] SAT (w = 56).
Label assignment: 271 271 215 271 159 271 215 9 215 271 271 152 215 47 64 103 271 249 58 13 215 39 47 271 21 137 271 271 215 271 237 233 215 159 271 271 103 215 215 72 1 189 253 243 239 159 238 244 271 271 2 159 137 166 87 215 231 8 271 103 215 159 159 134 159 103 159 242 215 7 230 66 271 103 224 271 229 215 47 222 271 73 215 57 139 143 251 252 47 112 215 164 271 107 215 119 215 215 271 82 271 168 2 15 32 110 63 271 228 13 14 271 47 13 143 227 198 117 122 130 215 245 271 221 215 271 9 91 47 45 185 215 29 52 31 71 20 31 215 125 128 70 103 197 159 215 190 76 14 103 77 140 114 159 78 26 43 207 47 13 64 39 55 271 201 183 174 269 16 99 137 47 82 126 84 7 103 211 103 19 253 21 97 109 70 159 159 127 159 8 8 47 139 271 214 9 159 141 215 17 262 271 195 159 271 271 15 18 47 78 105 81 103 217 68 47 199 215 184 235 41 129 58 266 159 120 271 69 10 271 189 70 271 1 2 68 271 220 103 57 159 168 89 4 255 257 49 14 246 215 25 130 103 215 271 154 236 65 7 159 250 2 210 28 40 261 124 206 125 64 104 113 156 218 271 128 22 15 215 103 215 175 173 53 41 65 176 215 159 120 177 271 207 183 46 180 1 35 58 60 19 215 103 96 271 19 267 159 63 271 35 159 62 215 143 35 103 159 271 39 134 271 216 271 22 71 127 215 14 124 271 194 271 14 113 196 48 70 172 215 88 1 215 9 186 92 259 5 135 14 156 159 78 38 254 202 155 2 215 57 21 271 170 86 15 271 271 215 187 191 70 215 57 93 103 271 271 158 134 121 103 215 44 114 169 4 37 22 199 106 15 10 215 159 133 71 260 58 95 4 6 159 133 223 184 159 87 51 163 234 192 159 271 116 59 120 90 271 271 162 26 115 75 138 54 16 5 181 256 167 131 271 182 33 270 271 65 8 215 103 108 215 132 215 271 157 123 118 271 271 265 136 146 203 82 264 34 205 215 204 91 83 271 74 70 159 75 103 61 271 165 159 171 150 215 144 118 161 50 14 42 85 159 215 271 179 80 212 159 159 159 271 190 271 189 271 160 102 145 271 268 151 72 149 79 62 232 94 225 67 113 271 271 81 100 126 151 148 271 98 60 27 193 215 159 132 219 271 8 103 215 194 64 23 215 56 11 271 215 226 138 111 197 91 120 36 208 8 271 1 188 147 263 127 200 186 258 9 247 65 115 185 121 213 1 87 11 24 178 101 126 184 142 215 241 95 271 69 30 153 209 248 215 240 77 159 87 12 3 2 61 76 
c [Label = 272] Encoding duration: 3319ms.
c [Label = 272] Number of clauses: 2989448.
c [Label = 272] Number of variables: 414992.
c [Label = 272] Solving duration: 48359 ms.
s [Label = 272] SAT (w = 56).
Label assignment: 272 272 190 272 160 272 216 80 216 272 78 131 216 27 104 160 272 272 112 48 216 9 49 272 104 160 272 101 272 272 272 229 216 160 57 272 104 216 216 91 170 216 243 205 267 160 272 228 272 272 49 160 160 216 160 216 227 25 57 22 160 160 23 137 134 104 138 268 162 160 226 104 272 134 225 235 250 216 47 231 272 58 213 95 73 160 57 272 39 134 207 169 160 160 186 17 216 216 272 68 272 169 49 41 1 83 73 271 221 45 48 17 22 160 129 242 199 237 22 154 215 272 22 222 216 272 143 22 48 6 172 216 13 1 17 97 57 129 196 48 148 39 104 185 160 216 193 113 216 104 104 17 168 160 113 6 38 200 121 272 272 135 51 272 216 201 216 259 17 94 120 48 62 151 104 160 104 216 134 148 238 22 147 110 22 17 160 146 157 48 22 160 126 272 265 8 160 125 216 114 233 272 182 130 272 272 272 38 45 272 54 64 78 239 83 48 185 193 216 230 22 130 109 236 160 138 104 101 44 272 216 104 272 3 17 83 190 216 272 117 22 168 101 1 241 272 27 78 63 218 8 155 105 203 96 201 256 73 129 272 240 40 164 35 48 261 143 176 160 270 104 59 150 217 272 160 262 41 216 72 216 216 179 77 208 73 81 177 272 137 136 272 198 209 46 200 39 140 111 5 56 216 103 202 62 128 258 272 90 135 6 216 71 216 272 186 272 266 57 9 137 272 219 65 11 97 153 23 37 144 272 184 272 216 39 163 27 100 173 216 145 1 9 129 211 183 272 7 157 21 150 160 253 185 257 216 272 48 216 242 48 272 178 48 41 272 91 216 272 213 93 216 15 89 104 272 272 130 1 220 65 216 20 122 113 75 17 53 185 108 88 27 216 264 160 32 252 107 65 5 15 272 160 223 216 160 19 1 216 272 210 234 272 61 115 160 142 272 272 9 8 50 72 124 121 35 11 216 263 167 141 272 216 43 76 86 24 29 216 101 113 6 1 216 272 28 144 84 78 79 255 17 106 216 64 251 6 216 160 186 66 152 272 99 77 121 216 101 123 95 166 272 171 118 195 160 127 189 52 98 22 69 4 216 139 174 70 206 158 160 159 272 197 95 10 272 16 102 14 260 67 254 92 134 60 149 214 73 232 78 272 81 216 64 94 160 129 160 272 82 117 33 216 216 157 133 78 81 1 104 104 180 81 4 224 116 247 245 194 248 8 113 181 87 157 34 187 18 272 71 175 161 272 144 204 212 272 8 269 64 244 188 192 216 151 73 26 120 216 74 156 216 132 216 2 191 12 104 31 83 216 272 246 272 42 165 55 30 85 36 119 249 
c [Signal] Signal interruption. Caught signal: SIGTERM (15).
c [Main] Lowest label SAT is set to 271.
c [Main] Kill higher label pid 272.
c [Main] Kill higher label pid 273.
c [Main] Kill higher label pid 274.
c [Main] Kill higher label pid 275.
c [Main] Kill higher label pid 276.
c [Main] Kill higher label pid 277.
c [Main] Kill higher label pid 278.
c [Label = 276] Encoding duration: 3461ms.
c [Label = 276] Number of clauses: 3037390.
c [Label = 276] Number of variables: 419728.
c [Signal] Signal interruption. Caught signal: SIGTERM (15).
c [Label = 275] Encoding duration: 3397ms.
c [Label = 275] Number of clauses: 3025404.
c [Label = 275] Number of variables: 418544.
c [Signal] Signal interruption. Caught signal: SIGTERM (15).
c [Label = 273] Encoding duration: 3485ms.
c [Label = 273] Number of clauses: 3001433.
c [Label = 273] Number of variables: 416176.
c [Signal] Signal interruption. Caught signal: SIGTERM (15).
c [Label = 274] Encoding duration: 3360ms.
c [Label = 274] Number of clauses: 3013419.
c [Label = 274] Number of variables: 417360.
c [Signal] Signal interruption. Caught signal: SIGTERM (15).
c [Label = 277] Encoding duration: 3675ms.
c [Label = 277] Number of clauses: 3049375.
c [Label = 277] Number of variables: 420912.
c [Signal] Signal interruption. Caught signal: SIGTERM (15).
c [Label = 278] Encoding duration: 3553ms.
c [Label = 278] Number of clauses: 3061361.
c [Label = 278] Number of variables: 422096.
c [Signal] Signal interruption. Caught signal: SIGTERM (15).
c [Main] Child pid 278 - 1191540 terminated by signal 15.
c [Main] Child pid 272 - 1191563 terminated by signal 15.
c [Main] Child pid 274 - 1191561 terminated by signal 15.
c [Main] Child pid 273 - 1191562 terminated by signal 15.
c [Main] Child pid 275 - 1191560 terminated by signal 15.
c [Main] Child pid 277 - 1191541 terminated by signal 15.
c [Main] Child pid 276 - 1191559 terminated by signal 15.
c [Label = 267] Encoding duration: 3286ms.
c [Label = 267] Number of clauses: 2929520.
c [Label = 267] Number of variables: 409072.
c [Label = 267] Solving duration: 46510 ms.
s [Label = 267] SAT (w = 56).
Label assignment: 267 267 211 215 120 267 211 61 211 244 267 131 211 64 90 40 267 267 105 7 211 99 49 267 71 155 267 267 96 267 267 246 211 99 245 267 155 161 211 65 99 211 267 241 243 68 267 267 251 250 43 155 155 211 155 211 254 15 267 43 211 155 99 155 127 155 155 267 211 155 221 99 267 155 260 267 242 211 26 213 267 75 211 147 87 155 233 262 35 48 203 204 43 155 211 18 129 211 267 69 267 204 44 64 155 8 74 267 236 34 18 67 15 150 114 219 99 230 43 68 211 267 15 218 211 267 199 40 18 201 200 194 14 148 2 155 1 114 211 7 121 18 155 199 130 211 211 57 186 74 71 18 164 127 148 5 124 211 116 155 20 42 46 28 99 176 211 267 2 180 117 43 61 152 155 130 43 211 155 160 240 15 26 106 25 18 127 131 70 7 15 43 13 267 267 5 155 13 211 19 229 267 183 140 267 267 267 21 267 72 79 61 239 217 61 91 170 211 202 227 97 131 108 238 138 132 267 90 40 267 211 74 267 2 18 67 211 211 267 58 43 168 14 115 226 266 33 96 111 183 5 133 108 211 104 159 235 11 139 267 237 47 163 83 18 225 123 173 146 20 99 115 6 214 267 119 17 37 211 110 211 211 174 74 209 255 265 172 267 142 179 256 210 187 12 179 33 155 103 58 69 191 82 211 267 190 248 267 74 154 223 211 99 211 267 28 259 261 267 60 112 126 212 4 6 120 7 98 29 5 247 117 267 211 30 5 32 96 171 24 88 1 99 143 193 61 267 267 149 18 136 130 17 211 117 211 71 31 211 205 15 267 175 15 63 253 153 211 71 207 85 124 155 74 147 267 267 140 92 123 4 211 39 119 165 1 94 16 170 107 61 11 176 267 127 5 257 101 4 1 43 267 155 216 202 99 57 113 211 267 158 228 267 114 59 146 155 120 267 60 5 134 10 125 80 9 118 206 234 167 185 267 208 155 95 267 5 7 211 14 57 196 113 211 263 27 137 155 267 155 267 18 151 184 61 252 23 211 91 190 84 267 267 77 74 116 128 141 45 267 162 267 1 117 211 157 155 197 51 81 99 70 14 189 145 171 10 62 102 93 144 267 168 147 18 267 18 180 66 267 267 267 63 155 70 99 198 38 224 267 22 267 203 61 192 130 155 155 267 61 57 18 211 186 84 130 41 267 188 74 74 181 71 126 220 59 109 267 73 231 173 54 166 100 135 12 187 76 249 78 169 156 267 232 178 208 267 173 71 61 115 195 117 211 86 58 64 5 211 84 152 177 122 182 267 211 53 63 222 89 211 264 99 258 15 164 56 52 3 50 36 55 
c [Main] Lowest label SAT is set to 267.
c [Main] Kill higher label pid 268.
c [Main] Kill higher label pid 269.
c [Main] Kill higher label pid 270.
c [Label = 268] Encoding duration: 3318ms.
c [Label = 268] Number of clauses: 2941506.
c [Label = 268] Number of variables: 410256.
c [Signal] Signal interruption. Caught signal: SIGTERM (15).
c [Label = 270] Encoding duration: 3431ms.
c [Label = 270] Number of clauses: 2965477.
c [Label = 270] Number of variables: 412624.
c [Signal] Signal interruption. Caught signal: SIGTERM (15).
c [Label = 269] Encoding duration: 3344ms.
c [Label = 269] Number of clauses: 2953491.
c [Label = 269] Number of variables: 411440.
c [Signal] Signal interruption. Caught signal: SIGTERM (15).
c [Main] Child pid 270 - 1191573 terminated by signal 15.
c [Main] Child pid 268 - 1191575 terminated by signal 15.
c [Main] Child pid 269 - 1191574 terminated by signal 15.
c [Label = 264] Encoding duration: 3261ms.
c [Label = 264] Number of clauses: 2893564.
c [Label = 264] Number of variables: 405520.
c [Label = 264] Solving duration: 68321 ms.
s [Label = 264] SAT (w = 56).
Label assignment: 264 264 208 264 152 264 177 96 208 256 264 152 182 96 61 29 235 240 112 5 180 87 49 236 208 155 238 264 85 264 232 264 208 152 249 264 31 40 183 74 71 38 264 38 264 152 264 227 264 264 45 152 181 195 154 208 250 40 239 55 156 152 264 152 39 152 152 264 96 159 222 95 264 208 264 218 231 152 96 221 264 96 194 40 96 152 246 234 40 40 152 198 29 121 181 40 10 208 252 10 264 208 56 68 43 40 96 264 233 117 40 264 152 118 144 152 203 247 39 103 208 264 152 215 208 264 147 24 40 208 171 208 66 133 17 264 21 129 208 5 130 152 29 208 152 40 208 79 40 96 93 35 168 25 78 16 34 208 82 152 61 40 97 157 98 75 205 264 18 90 244 40 72 141 152 152 40 208 141 94 264 160 27 100 29 40 25 124 66 117 152 148 66 86 254 69 137 66 208 3 11 229 184 13 264 264 208 1 264 96 115 67 96 13 11 96 201 208 180 230 85 152 106 264 152 118 264 61 39 245 208 96 264 1 40 68 24 73 264 57 197 163 10 113 263 243 40 85 113 216 69 119 105 152 102 166 264 96 152 264 264 44 183 85 40 248 152 188 5 57 96 113 146 207 264 130 1 40 208 38 208 193 169 84 198 91 264 138 264 152 152 264 208 208 40 208 152 136 111 57 10 208 10 208 76 94 264 264 96 152 226 208 70 81 258 214 264 220 264 82 110 122 153 26 34 4 152 96 39 152 264 120 264 208 152 123 208 95 170 152 107 1 87 152 175 225 264 264 5 152 152 152 1 204 241 38 212 39 208 15 152 264 172 54 60 264 141 149 262 208 96 208 14 96 208 255 259 2 134 208 26 96 139 116 15 1 21 25 202 125 8 12 208 264 37 64 264 104 26 1 261 264 208 264 173 96 65 109 208 253 165 217 264 114 59 117 142 264 264 145 8 115 150 128 82 1 1 174 257 162 206 264 208 152 83 264 40 5 36 152 51 158 135 208 237 5 140 22 96 152 264 20 108 200 64 264 209 208 96 208 58 251 264 63 96 208 99 10 57 264 158 223 189 132 208 167 126 59 69 101 85 10 152 208 152 171 23 208 96 96 152 264 190 208 152 264 32 96 208 264 264 264 74 196 208 92 208 77 219 264 127 264 152 125 90 30 143 151 264 64 57 19 9 208 96 208 28 264 176 96 96 208 96 122 224 57 152 260 62 228 182 52 161 95 5 33 208 1 264 70 191 2 264 131 187 208 211 67 264 179 115 208 7 210 96 88 208 6 192 89 264 186 152 178 264 208 53 61 213 96 199 152 80 242 41 164 185 50 42 46 47 48 
c [Main] Lowest label SAT is set to 264.
c [Main] Kill higher label pid 265.
c [Main] Kill higher label pid 266.
c [Label = 265] Encoding duration: 3252ms.
c [Label = 265] Number of clauses: 2905549.
c [Label = 265] Number of variables: 406704.
c [Signal] Signal interruption. Caught signal: SIGTERM (15).
c [Label = 266] Encoding duration: 3267ms.
c [Label = 266] Number of clauses: 2917535.
c [Label = 266] Number of variables: 407888.
c [Signal] Signal interruption. Caught signal: SIGTERM (15).
c [Main] Child pid 266 - 1191577 terminated by signal 15.
c [Main] Child pid 265 - 1191578 terminated by signal 15.
c [Label = 263] Encoding duration: 3218ms.
c [Label = 263] Number of clauses: 2881578.
c [Label = 263] Number of variables: 404336.
c [Label = 263] Solving duration: 159451 ms.
s [Label = 263] SAT (w = 56).
Label assignment: 151 139 184 42 173 55 95 198 253 207 207 70 100 52 144 37 3 62 219 151 95 207 83 14 1 230 39 8 95 23 39 151 38 207 207 214 1 158 65 131 65 57 59 1 180 263 151 4 125 229 263 203 1 100 116 125 103 64 121 57 207 1 95 179 72 263 142 1 263 151 9 77 207 1 68 151 151 248 77 99 151 193 125 65 208 57 70 95 207 263 207 12 7 207 18 94 8 151 39 125 133 12 151 68 9 263 1 74 107 263 151 227 263 207 178 10 263 170 1 223 15 151 263 59 250 9 115 1 156 263 60 5 263 251 263 263 242 228 86 263 207 151 207 3 94 18 11 124 151 212 57 59 83 255 124 145 186 75 40 72 176 37 174 57 45 1 207 4 263 47 6 63 73 151 163 263 207 206 263 263 69 1 23 263 1 206 263 12 181 32 60 136 263 36 95 62 190 181 1 249 263 147 207 77 246 112 130 263 13 123 116 159 207 90 61 79 95 123 60 201 258 263 139 215 207 243 9 8 201 222 16 1 154 199 151 263 207 48 7 84 31 83 13 145 252 224 244 207 97 147 151 263 263 263 213 102 1 171 115 80 247 157 3 79 151 180 1 95 207 8 263 257 263 57 113 29 263 151 263 207 56 263 41 216 263 171 64 207 135 241 108 27 119 263 167 124 141 151 263 14 146 150 133 221 263 263 4 95 1 175 1 101 95 57 172 153 111 151 204 80 67 69 239 24 263 124 207 231 1 263 207 117 57 263 121 5 263 261 28 129 160 35 192 115 156 207 169 162 64 113 207 95 263 81 117 59 46 207 12 197 263 151 85 263 68 82 194 169 78 120 263 105 164 34 151 80 207 66 68 51 263 12 263 207 177 196 198 259 116 168 173 207 110 135 207 54 1 151 136 151 263 95 1 106 88 13 60 127 119 26 156 114 149 207 238 256 151 166 207 155 5 161 138 263 263 217 207 151 19 263 202 95 263 69 207 207 263 263 95 69 183 211 62 220 4 263 72 1 128 165 7 210 254 92 187 263 96 169 263 132 209 44 263 207 263 263 263 185 263 207 207 80 8 13 130 263 151 172 245 57 63 13 93 109 187 4 49 123 1 71 189 1 11 53 89 113 207 43 207 19 67 7 148 151 207 137 120 141 21 128 233 8 22 218 67 57 263 143 113 61 263 156 118 263 242 1 191 179 123 30 1 131 4 69 17 126 50 20 64 25 61 260 262 1 232 100 140 120 11 1 6 152 7 234 75 57 3 207 4 122 182 58 263 207 263 33 68 5 87 5 113 88 188 237 2 98 240 95 226 74 205 207 91 200 225 76 104 1 134 195 236 235 
c [Main] Lowest label SAT is set to 263.
c [Label = 258] Encoding duration: 3370ms.
c [Label = 258] Number of clauses: 2821651.
c [Label = 258] Number of variables: 398416.
c [Label = 258] Solving duration: 88912 ms.
s [Label = 258] SAT (w = 56).
Label assignment: 258 215 90 258 202 58 202 67 202 258 90 129 166 5 90 34 258 231 99 14 146 202 34 224 102 146 258 67 146 258 202 258 167 90 202 176 138 236 202 67 90 14 258 21 258 34 246 258 258 258 34 11 83 166 202 258 229 164 258 26 202 258 34 164 34 144 123 258 146 4 206 100 146 90 258 258 233 202 18 217 230 90 2 150 199 40 234 90 202 34 21 182 46 111 187 6 1 202 258 63 253 202 43 38 146 161 62 131 258 202 19 202 202 148 146 2 200 258 34 47 75 106 202 119 177 258 141 34 19 2 202 89 146 115 146 146 48 34 184 14 127 258 202 87 249 202 108 123 14 87 90 6 155 34 110 10 169 10 157 149 179 258 90 147 86 58 192 258 14 113 202 4 66 258 121 210 1 159 90 152 256 146 258 109 34 6 11 202 85 14 192 54 198 258 202 84 34 3 146 146 258 258 1 128 146 258 13 34 151 232 34 27 90 216 2 34 202 220 123 227 146 146 99 224 202 10 258 34 41 258 258 254 258 2 6 82 202 90 60 58 34 158 29 114 258 183 17 90 179 258 27 90 97 146 99 168 258 60 191 258 257 42 187 34 34 181 139 83 146 164 60 114 49 156 258 127 11 34 156 90 90 186 92 45 34 258 67 16 146 1 123 258 172 113 202 195 9 258 98 58 57 137 258 202 258 146 258 258 80 116 2 242 79 202 258 125 258 223 258 190 164 258 8 77 34 169 258 172 37 139 193 194 258 202 34 197 34 100 170 114 90 1 196 143 202 92 245 237 146 132 166 189 11 180 258 4 95 34 202 202 162 258 173 202 22 135 90 163 98 11 103 146 146 81 133 252 118 58 258 3 101 69 34 113 146 2 178 146 202 243 34 25 61 202 28 120 258 90 66 1 11 146 76 209 258 104 91 114 202 238 201 214 258 114 33 10 124 258 258 44 126 96 250 190 157 11 169 258 258 165 193 258 188 202 146 83 258 11 202 2 55 1 240 202 179 205 202 123 258 90 116 3 105 202 59 258 136 188 68 202 203 222 258 202 72 133 258 208 35 90 175 258 171 156 73 142 135 90 3 132 258 90 202 146 258 170 15 108 88 65 131 134 107 146 162 219 211 90 77 241 226 228 71 258 78 67 248 66 221 146 1 108 10 140 225 12 122 213 258 32 58 30 24 75 58 218 4 108 258 131 90 3 67 139 212 56 202 247 67 239 93 53 185 204 123 145 202 235 90 57 117 64 258 202 183 153 255 74 258 140 112 202 202 90 90 90 2 160 174 187 244 251 207 202 258 31 23 70 7 130 179 94 146 179 20 155 154 51 39 36 50 52 
c [Main] Lowest label SAT is set to 258.
c [Main] Kill higher label pid 259.
c [Main] Kill higher label pid 260.
c [Main] Kill higher label pid 261.
c [Main] Kill higher label pid 262.
c [Label = 260] Encoding duration: 3404ms.
c [Label = 260] Number of clauses: 2845622.
c [Label = 260] Number of variables: 400784.
c [Signal] Signal interruption. Caught signal: SIGTERM (15).
c [Label = 259] Encoding duration: 3178ms.
c [Label = 259] Number of clauses: 2833636.
c [Label = 259] Number of variables: 399600.
c [Signal] Signal interruption. Caught signal: SIGTERM (15).
c [Label = 262] Encoding duration: 3362ms.
c [Label = 262] Number of clauses: 2869593.
c [Label = 262] Number of variables: 403152.
c [Signal] Signal interruption. Caught signal: SIGTERM (15).
c [Label = 261] Encoding duration: 3243ms.
c [Label = 261] Number of clauses: 2857607.
c [Label = 261] Number of variables: 401968.
c [Signal] Signal interruption. Caught signal: SIGTERM (15).
c [Main] Child pid 260 - 1191591 terminated by signal 15.
c [Main] Child pid 259 - 1191592 terminated by signal 15.
c [Main] Child pid 261 - 1191590 terminated by signal 15.
c [Main] Child pid 262 - 1191589 terminated by signal 15.
c [Label = 256] Encoding duration: 3277ms.
c [Label = 256] Number of clauses: 2797680.
c [Label = 256] Number of variables: 396048.
c [Label = 256] Solving duration: 158343 ms.
s [Label = 256] SAT (w = 56).
Label assignment: 95 251 142 256 78 2 197 200 200 107 88 200 160 256 256 256 88 219 89 253 143 146 7 224 135 144 225 67 200 140 197 132 181 57 255 1 144 105 32 71 3 1 70 143 200 88 256 232 199 200 3 71 88 160 51 220 214 256 99 32 126 256 2 254 3 87 199 250 250 2 180 93 114 130 143 108 1 73 256 142 237 2 200 236 191 7 256 144 64 200 179 200 256 110 200 1 127 144 254 73 88 200 6 5 211 71 125 96 227 203 1 6 209 1 106 3 144 5 13 94 200 197 256 68 200 144 256 31 2 200 157 1 256 85 256 144 256 252 82 60 183 256 200 256 186 200 102 66 244 103 144 3 162 32 66 32 28 2 1 144 200 144 88 161 177 78 159 120 256 153 256 1 200 256 88 256 27 192 242 207 200 88 144 104 32 197 256 256 68 64 200 57 200 256 172 200 77 1 256 60 3 144 144 144 134 133 256 77 9 192 1 144 144 210 1 17 200 54 129 256 1 69 102 256 114 1 256 88 1 152 141 231 109 1 2 86 70 186 256 167 1 165 1 144 256 194 247 88 234 200 32 74 102 74 103 208 57 200 200 2 200 30 186 7 256 6 256 200 4 241 58 101 84 148 256 10 6 1 149 52 248 144 63 68 1 73 113 200 186 184 256 256 174 136 29 144 60 240 89 28 68 67 58 200 239 246 140 144 200 83 32 144 215 200 116 144 123 112 256 144 249 124 34 256 72 256 76 200 10 256 128 144 1 144 111 88 256 92 15 144 96 32 1 129 172 88 256 10 147 200 16 168 193 150 144 256 183 3 200 168 57 64 177 195 7 256 88 200 65 8 70 200 98 1 198 156 69 88 122 144 60 200 5 121 243 84 154 1 175 1 32 25 3 200 1 256 229 87 58 71 24 2 144 151 123 89 20 79 173 238 169 118 130 256 33 1 81 137 200 206 37 91 1 1 56 1 221 253 11 167 200 124 144 164 61 200 50 3 181 162 21 200 122 200 256 204 255 226 80 88 115 8 97 166 256 90 161 127 2 196 223 216 256 18 68 2 4 88 158 88 182 200 157 144 190 44 96 176 256 200 3 58 189 200 130 200 14 145 218 4 144 256 66 235 1 256 201 144 71 256 12 256 69 228 39 100 57 93 223 198 155 128 256 144 202 1 212 205 256 256 200 47 19 72 256 138 61 117 61 245 59 144 1 256 222 45 256 1 119 233 256 22 139 217 256 38 256 57 144 256 62 103 230 200 127 171 26 200 75 144 101 157 1 23 42 35 1 41 181 1 256 126 40 185 213 1 48 131 43 53 36 88 170 187 49 163 55 256 256 46 178 188 
c [Main] Lowest label SAT is set to 256.
c [Main] Kill higher label pid 257.
c [Label = 257] Encoding duration: 3260ms.
c [Label = 257] Number of clauses: 2809665.
c [Label = 257] Number of variables: 397232.
c [Signal] Signal interruption. Caught signal: SIGTERM (15).
c [Main] Child pid 257 - 1191596 terminated by signal 15.
c [Label = 253] Encoding duration: 3255ms.
c [Label = 253] Number of clauses: 2761723.
c [Label = 253] Number of variables: 392496.
c [Label = 253] Solving duration: 234653 ms.
s [Label = 253] SAT (w = 56).
Label assignment: 253 102 156 135 1 57 195 141 141 224 1 1 160 196 132 253 1 253 253 165 197 8 33 101 197 85 103 141 196 84 250 49 202 141 197 208 197 34 85 65 253 197 247 223 1 2 1 141 15 136 17 1 1 192 164 1 148 197 192 253 79 101 85 65 78 196 69 104 2 65 29 251 253 114 253 253 196 2 197 50 133 1 154 85 1 1 146 197 141 32 141 197 114 76 83 60 3 197 92 71 6 159 17 141 248 252 121 253 207 2 30 5 4 65 3 241 66 166 66 253 83 85 19 9 2 83 142 66 1 211 253 79 253 92 8 217 6 197 130 1 9 140 197 126 137 2 1 62 81 253 197 9 191 83 67 136 70 101 106 176 15 252 2 151 99 196 140 253 245 139 1 66 195 66 143 178 193 193 114 48 3 1 59 250 125 235 82 84 81 2 1 253 127 237 187 197 12 201 79 197 253 141 183 141 253 138 82 1 253 253 51 86 194 181 140 253 184 9 128 130 1 229 253 1 135 16 85 253 36 29 197 133 91 5 65 253 1 253 134 216 58 158 196 73 111 221 7 253 110 253 114 252 252 2 252 205 53 141 65 253 1 35 197 253 37 180 85 175 70 197 187 61 1 181 62 17 1 4 194 107 197 178 9 29 253 200 253 162 170 80 197 135 123 197 197 197 141 122 248 244 3 4 1 97 193 219 76 59 253 246 228 59 197 215 108 153 197 1 230 8 85 17 214 85 1 253 138 190 1 253 197 80 68 59 141 28 197 238 5 152 144 88 120 70 195 56 21 168 61 253 79 195 29 38 84 206 1 43 78 197 29 141 73 253 5 239 115 3 42 213 253 71 141 77 197 62 234 23 123 85 231 18 58 199 85 188 45 68 253 140 253 41 80 171 141 197 117 253 176 242 84 196 85 220 253 81 20 87 2 121 192 26 135 123 4 197 3 140 22 169 249 85 163 127 218 240 72 141 67 192 98 71 197 137 2 6 253 197 2 149 31 210 121 11 184 9 141 1 233 3 9 182 179 78 185 63 157 197 253 132 95 96 139 194 9 253 155 1 253 3 177 1 204 253 80 27 253 109 197 253 58 73 163 78 140 225 161 226 93 253 141 251 253 55 198 253 243 132 105 9 150 10 141 124 71 222 141 174 102 253 25 138 64 58 170 77 232 124 139 193 186 40 141 253 90 141 227 141 253 75 253 71 253 13 112 4 100 94 128 131 145 14 129 95 74 47 132 72 253 197 236 39 253 24 130 189 147 197 138 113 60 173 253 119 253 167 82 253 9 85 69 73 139 140 116 89 44 85 209 253 118 253 203 9 141 172 52 202 212 46 54 224 
c [Main] Lowest label SAT is set to 253.
c [Main] Kill higher label pid 254.
c [Main] Kill higher label pid 255.
c [Label = 254] Encoding duration: 3310ms.
c [Label = 254] Number of clauses: 2773709.
c [Label = 254] Number of variables: 393680.
c [Signal] Signal interruption. Caught signal: SIGTERM (15).
c [Label = 255] Encoding duration: 3255ms.
c [Label = 255] Number of clauses: 2785694.
c [Label = 255] Number of variables: 394864.
c [Signal] Signal interruption. Caught signal: SIGTERM (15).
c [Main] Child pid 255 - 1191614 terminated by signal 15.
c [Main] Child pid 254 - 1191616 terminated by signal 15.
c [Label = 249] Encoding duration: 3880ms.
c [Label = 249] Number of clauses: 2713781.
c [Label = 249] Number of variables: 387760.
c [Label = 249] Solving duration: 713724 ms.
s [Label = 249] SAT (w = 56).
Label assignment: 236 81 81 191 66 249 71 1 72 91 249 193 78 137 10 193 1 39 206 1 75 193 249 193 9 217 1 57 137 1 205 249 72 3 218 31 57 201 1 58 224 83 131 81 142 170 81 224 158 155 137 249 174 137 168 89 103 2 91 137 178 81 14 249 2 81 60 1 118 193 104 249 81 193 249 249 51 73 249 47 193 4 137 1 189 198 106 179 249 25 57 110 137 248 175 188 249 249 1 208 232 102 138 23 225 3 124 231 36 123 72 2 137 243 44 25 193 81 115 126 57 20 249 249 136 1 249 137 59 58 109 4 9 46 34 210 187 50 2 122 193 249 81 75 185 152 137 45 246 137 193 3 137 136 1 57 249 1 161 137 1 199 160 1 224 2 63 107 100 111 1 20 249 81 69 52 181 2 137 249 152 249 65 249 193 185 125 193 249 122 13 249 152 211 4 152 196 2 15 167 92 183 10 57 193 71 84 193 1 66 41 249 193 118 205 137 190 58 2 3 137 60 249 137 67 249 1 67 58 85 81 249 212 193 68 19 81 249 193 249 193 1 180 92 134 249 143 249 249 69 59 171 193 249 193 222 149 156 193 17 157 81 86 192 249 247 81 193 249 137 137 60 193 1 65 193 159 138 2 1 2 1 137 195 193 137 71 58 249 193 214 1 81 249 248 205 241 59 249 249 237 117 140 68 115 193 137 12 249 137 137 5 197 6 112 182 193 173 223 176 249 68 32 116 193 81 11 62 249 83 61 99 1 59 165 149 96 137 193 2 150 29 193 245 57 202 26 57 1 249 249 193 154 162 92 98 242 81 72 58 249 2 81 139 137 94 249 249 249 220 137 1 64 244 193 40 249 238 90 59 233 140 137 194 35 59 193 127 249 28 216 137 249 8 137 2 4 249 249 105 7 1 177 193 186 240 193 43 249 193 70 2 81 49 168 249 151 66 137 104 30 38 2 66 229 239 249 10 249 2 153 227 137 33 249 1 146 249 1 145 166 1 101 127 135 1 137 137 249 132 249 1 249 249 234 120 144 1 137 249 81 1 2 249 1 1 37 193 193 2 1 1 230 1 59 149 141 226 113 249 16 219 57 58 213 235 54 133 87 184 1 122 1 1 82 22 53 108 137 168 55 207 10 193 1 249 249 249 193 193 147 137 81 249 56 193 97 193 68 215 249 249 96 129 70 139 79 2 77 249 128 2 69 68 24 172 137 1 4 1 18 163 95 88 164 249 1 193 114 203 21 200 137 148 2 137 42 27 69 221 48 116 92 193 249 193 204 76 1 119 74 66 1 124 228 4 249 66 144 1 193 2 1 130 121 80 168 209 93 137 169 193 
c [Main] Lowest label SAT is set to 249.
c [Main] Kill higher label pid 250.
c [Main] Kill higher label pid 251.
c [Main] Kill higher label pid 252.
c [Label = 251] Encoding duration: 3240ms.
c [Label = 251] Number of clauses: 2737752.
c [Label = 251] Number of variables: 390128.
c [Signal] Signal interruption. Caught signal: SIGTERM (15).
c [Label = 250] Encoding duration: 3279ms.
c [Label = 250] Number of clauses: 2725767.
c [Label = 250] Number of variables: 388944.
c [Signal] Signal interruption. Caught signal: SIGTERM (15).
c [Label = 252] Encoding duration: 3256ms.
c [Label = 252] Number of clauses: 2749738.
c [Label = 252] Number of variables: 391312.
c [Signal] Signal interruption. Caught signal: SIGTERM (15).
c [Main] Child pid 252 - 1191618 terminated by signal 15.
c [Main] Child pid 250 - 1191620 terminated by signal 15.
c [Main] Child pid 251 - 1191619 terminated by signal 15.
c [Label = 243] Encoding duration: 3043ms.
c [Label = 243] Number of clauses: 2641868.
c [Label = 243] Number of variables: 380656.
c [Signal] Signal interruption. Caught signal: SIGTERM (15).
c [Label = 241] Encoding duration: 2958ms.
c [Label = 241] Number of clauses: 2617897.
c [Label = 241] Number of variables: 378288.
c [Signal] Signal interruption. Caught signal: SIGTERM (15).
c [Label = 246] Encoding duration: 2982ms.
c [Label = 246] Number of clauses: 2677825.
c [Label = 246] Number of variables: 384208.
c [Signal] Signal interruption. Caught signal: SIGTERM (15).
c [Label = 247] Encoding duration: 2944ms.
c [Label = 247] Number of clauses: 2689810.
c [Label = 247] Number of variables: 385392.
c [Signal] Signal interruption. Caught signal: SIGTERM (15).
c [Label = 245] Encoding duration: 3000ms.
c [Label = 245] Number of clauses: 2665839.
c [Label = 245] Number of variables: 383024.
c [Signal] Signal interruption. Caught signal: SIGTERM (15).
c [Label = 248] Encoding duration: 3857ms.
c [Label = 248] Number of clauses: 2701796.
c [Label = 248] Number of variables: 386576.
c [Signal] Signal interruption. Caught signal: SIGTERM (15).
c [Label = 244] Encoding duration: 2949ms.
c [Label = 244] Number of clauses: 2653854.
c [Label = 244] Number of variables: 381840.
c [Signal] Signal interruption. Caught signal: SIGTERM (15).
c [Main] Lim pid ends with result: 254.
c [Main] All children have completed.
r [Main] 
r [Main] Final results: 
r [Main] Lowest label SAT:  	249.
r [Main] Highest label UNSAT:	-.
r [Main] Total real time: 1812682 ms.
r [Main] Total memory consumed: 8895.6 MB.
r [Main] 
c [Label = 242] Encoding duration: 2928ms.
c [Label = 242] Number of clauses: 2629883.
c [Label = 242] Number of variables: 379472.
c [Signal] Signal interruption. Caught signal: SIGTERM (15).
