c [Version] Minimize Makespan Labeling Encoder version 1.0.0.
c [Param] LB is predefined as 69.
c [Param] UB is predefined as 342.
c [Param] Memory limit is set to 30000.
c [Param] Real time limit is set to 1800.
c [Param] Worker count is set to 8.
c [Main] Search strategy: Iterating from upper bound.
c [Main] Search order: 342 341 340 339 338 337 336 335 334 333 332 331 330 329 328 327 326 325 324 323 322 321 320 319 318 317 316 315 314 313 312 311 310 309 308 307 306 305 304 303 302 301 300 299 298 297 296 295 294 293 292 291 290 289 288 287 286 285 284 283 282 281 280 279 278 277 276 275 274 273 272 271 270 269 268 267 266 265 264 263 262 261 260 259 258 257 256 255 254 253 252 251 250 249 248 247 246 245 244 243 242 241 240 239 238 237 236 235 234 233 232 231 230 229 228 227 226 225 224 223 222 221 220 219 218 217 216 215 214 213 212 211 210 209 208 207 206 205 204 203 202 201 200 199 198 197 196 195 194 193 192 191 190 189 188 187 186 185 184 183 182 181 180 179 178 177 176 175 174 173 172 171 170 169 168 167 166 165 164 163 162 161 160 159 158 157 156 155 154 153 152 151 150 149 148 147 146 145 144 143 142 141 140 139 138 137 136 135 134 133 132 131 130 129 128 127 126 125 124 123 122 121 120 119 118 117 116 115 114 113 112 111 110 109 108 107 106 105 104 103 102 101 100 99 98 97 96 95 94 93 92 91 90 89 88 87 86 85 84 83 82 81 80 79 78 77 76 75 74 73 72 71 70 69.
c [Main] Encoding and solving for graph: W-685_bus.mtx.rnd.
c [Label = 337] Encoding duration: 3506ms.
c [Label = 337] Number of clauses: 2882161.
c [Label = 337] Number of variables: 593895.
c [Label = 337] Solving duration: 10792 ms.
s [Label = 337] UNSAT (w = 68).
c [Label = 338] Encoding duration: 3577ms.
c [Label = 338] Number of clauses: 2890716.
c [Label = 338] Number of variables: 595265.
c [Label = 338] Solving duration: 10702 ms.
s [Label = 338] UNSAT (w = 68).
c [Main] Highest label UNSAT is set to 337
c [Main] Kill lower label pid 335.
c [Main] Kill lower label pid 336.
c [Label = 335] Encoding duration: 3502ms.
c [Label = 335] Number of clauses: 2865052.
c [Label = 335] Number of variables: 591155.
c [Label = 335] Solving duration: 11113 ms.
s [Label = 335] UNSAT (w = 68).
c [Signal] Signal interruption. Caught signal: SIGTERM (15).
c [Label = 336] Encoding duration: 3528ms.
c [Label = 336] Number of clauses: 2873607.
c [Label = 336] Number of variables: 592525.
c [Label = 336] Solving duration: 11104 ms.
s [Label = 336] UNSAT (w = 68).
c [Signal] Signal interruption. Caught signal: SIGTERM (15).
c [Main] Highest label UNSAT is set to 338
c [Main] Kill lower label pid 335.
c [Main] Kill lower label pid 336.
c [Main] Child pid 335 - 1194310 terminated by signal 15.
c [Main] Child pid 336 - 1194309 terminated by signal 15.
c [Label = 339] Encoding duration: 3581ms.
c [Label = 339] Number of clauses: 2899270.
c [Label = 339] Number of variables: 596635.
c [Label = 339] Solving duration: 10879 ms.
s [Label = 339] UNSAT (w = 68).
c [Main] Highest label UNSAT is set to 339
c [Label = 340] Encoding duration: 3496ms.
c [Label = 340] Number of clauses: 2903294.
c [Label = 340] Number of variables: 598005.
c [Label = 340] Solving duration: 11080 ms.
s [Label = 340] UNSAT (w = 68).
c [Main] Highest label UNSAT is set to 340
c [Label = 342] Encoding duration: 3734ms.
c [Label = 342] Number of clauses: 3058773.
c [Label = 342] Number of variables: 645270.
c [Label = 342] Solving duration: 256364 ms.
s [Label = 342] SAT (w = 68).
Label assignment: 163 197 18 23 17 21 16 22 165 18 73 17 318 16 21 23 18 197 293 86 128 14 14 155 21 22 20 95 142 86 10 20 18 307 22 86 6 18 86 16 22 306 17 19 156 16 29 23 17 19 259 18 18 93 275 165 159 30 323 243 187 86 121 130 16 22 240 118 92 138 222 83 91 17 16 17 1 30 23 11 86 84 21 98 204 117 174 17 84 232 308 14 22 3 272 79 14 17 95 21 157 16 19 213 21 16 84 14 84 312 204 193 311 203 89 326 172 17 23 196 202 84 25 155 197 87 14 14 195 86 83 15 127 1 23 136 303 20 70 86 291 298 87 48 86 231 342 28 14 18 144 22 155 325 83 190 22 10 27 153 99 340 21 196 17 1 20 86 18 86 267 92 262 86 187 22 108 80 86 31 12 14 22 14 16 155 30 207 189 154 71 252 256 50 18 342 289 98 320 20 16 191 195 192 227 20 284 301 342 342 342 275 188 93 261 226 19 256 342 129 19 188 249 95 14 155 196 22 16 20 261 272 17 22 204 342 47 86 21 233 159 136 94 130 272 166 43 69 18 14 17 86 87 278 342 253 49 221 342 196 191 21 260 81 168 155 91 97 281 163 16 317 17 20 86 92 35 84 30 84 22 210 113 149 85 250 274 296 45 248 342 214 23 16 191 16 191 86 22 220 342 279 17 231 286 15 188 16 226 92 40 52 95 101 151 192 158 14 287 22 17 89 124 215 95 193 85 197 23 44 92 192 89 254 188 14 342 19 16 125 89 36 33 161 324 314 17 37 310 236 244 239 34 20 19 196 88 258 252 261 184 218 342 22 182 264 118 264 86 329 342 338 14 84 21 217 23 192 255 92 204 15 5 19 275 261 56 331 172 71 42 27 88 90 315 249 20 194 266 1 23 313 116 93 19 15 201 92 82 21 17 93 341 86 4 219 226 309 17 245 190 211 188 342 87 195 24 193 150 14 17 92 316 131 26 16 230 336 148 16 103 16 277 139 22 16 342 16 84 267 230 18 305 20 330 23 109 242 275 198 76 89 146 333 297 230 342 110 241 17 274 267 143 206 16 300 187 91 22 299 22 22 84 224 41 92 88 247 92 223 188 270 86 322 23 267 18 100 276 170 85 321 334 267 140 173 275 104 261 107 89 112 260 208 16 328 69 162 267 77 265 85 235 58 74 339 249 272 188 54 342 19 92 17 17 342 84 82 17 39 23 225 295 267 179 14 294 288 57 275 160 256 62 337 275 59 178 187 51 155 89 267 200 229 20 63 292 269 72 335 319 332 16 177 209 251 86 61 64 111 272 164 134 342 285 106 86 257 199 212 271 114 238 14 97 263 87 60 38 16 53 176 304 228 183 180 290 204 22 342 129 92 115 262 231 196 237 96 105 87 55 302 267 123 9 90 175 169 283 102 97 32 342 18 30 89 268 135 181 120 342 342 122 66 78 230 133 7 119 67 282 138 152 46 230 327 141 68 185 126 75 258 264 342 145 246 132 171 216 65 205 280 238 147 342 13 167 137 8 273 27 234 2 27 186 
c [Main] Lowest label SAT is set to 342.
c [Label = 341] Encoding duration: 3698ms.
c [Label = 341] Number of clauses: 3050218.
c [Label = 341] Number of variables: 643900.
c [Label = 341] Solving duration: 284539 ms.
s [Label = 341] SAT (w = 68).
Label assignment: 6 243 49 73 56 53 49 49 123 49 62 49 204 55 55 137 341 48 58 193 208 38 53 89 71 80 42 124 192 164 54 40 233 126 58 177 126 191 55 137 13 6 317 49 44 140 29 138 41 83 268 55 92 75 124 272 188 123 49 56 150 57 10 161 65 97 58 37 166 273 341 331 142 49 138 330 69 64 56 58 323 54 55 137 122 54 49 63 53 230 259 326 157 125 260 312 341 149 218 123 123 1 185 167 125 49 314 59 55 35 52 69 124 183 159 56 47 57 49 126 43 39 33 188 305 78 333 300 49 126 259 55 154 54 57 254 76 21 205 180 61 48 55 70 113 53 102 56 49 297 69 49 205 68 315 125 137 322 14 54 238 124 137 261 152 35 139 126 137 121 229 127 56 38 191 59 304 341 117 55 193 332 58 12 57 125 151 57 55 42 241 248 173 49 88 131 225 125 319 234 135 123 24 125 33 313 1 191 184 94 205 191 193 194 27 55 52 193 244 52 124 55 55 193 54 136 122 2 124 138 121 204 137 49 131 1 126 126 49 198 235 136 185 260 206 341 93 137 341 339 49 110 55 187 74 227 316 3 55 165 206 212 187 85 36 123 153 341 341 341 53 325 57 58 109 132 123 209 143 197 7 307 262 132 249 101 98 204 96 126 1 54 311 181 186 55 231 57 147 208 55 57 125 232 149 49 5 60 135 127 237 123 170 55 262 273 168 267 97 49 55 236 103 20 218 341 274 139 92 16 46 277 124 211 127 52 205 123 55 120 124 205 56 246 55 245 90 158 125 55 191 54 250 257 59 192 223 258 84 205 55 264 123 55 186 199 190 204 54 107 25 54 55 126 105 55 18 205 117 117 72 321 255 310 99 55 49 189 196 14 140 55 137 177 239 66 126 116 1 69 11 204 55 145 118 169 341 91 131 15 50 126 275 183 276 171 194 81 299 55 123 191 119 124 56 163 55 30 148 57 55 240 55 1 252 55 55 201 136 55 31 123 216 230 79 127 6 123 123 272 253 327 228 308 298 55 205 125 278 137 115 123 303 23 140 53 176 125 266 4 341 133 28 137 112 56 58 121 67 150 309 58 263 178 213 199 251 256 193 272 214 203 125 77 129 55 106 306 262 196 72 9 1 54 341 202 128 34 246 341 320 20 262 189 108 183 137 257 117 55 206 256 55 55 51 55 256 273 123 341 125 55 160 130 52 194 58 217 100 123 60 206 55 195 341 59 55 221 341 23 273 200 123 329 267 56 165 211 190 32 87 165 192 207 45 211 111 271 141 124 124 279 242 205 134 193 58 55 264 58 55 182 273 55 318 337 193 341 125 22 193 166 124 55 196 125 24 99 4 147 280 340 283 247 155 240 292 324 200 133 126 222 123 224 82 253 124 263 175 189 56 124 336 31 114 126 95 220 265 54 259 219 281 226 219 55 123 146 210 55 138 341 58 201 156 144 54 127 162 19 59 335 174 338 215 341 179 334 282 8 302 172 86 301 218 104 294 17 270 26 261 212 284 285 293 295 291 290 328 288 296 287 289 286 269 
c [Main] Lowest label SAT is set to 341.
c [Signal] Signal interruption. Caught signal: SIGTERM (15).
c [Main] All children have completed.
r [Main] 
r [Main] Final results: 
r [Main] Lowest label SAT:  	341.
r [Main] Highest label UNSAT:	340.
r [Main] Total real time: 289001 ms.
r [Main] Total memory consumed: 8187.8 MB.
r [Main] 
