c [Version] Minimize Makespan Labeling Encoder version 1.0.0.
c [Param] LB is predefined as 181.
c [Param] UB is predefined as 638.
c [Param] Memory limit is set to 30000.
c [Param] Real time limit is set to 1800.
c [Param] Worker count is set to 8.
c [Main] Search strategy: Iterating from upper bound.
c [Main] Search order: 638 637 636 635 634 633 632 631 630 629 628 627 626 625 624 623 622 621 620 619 618 617 616 615 614 613 612 611 610 609 608 607 606 605 604 603 602 601 600 599 598 597 596 595 594 593 592 591 590 589 588 587 586 585 584 583 582 581 580 579 578 577 576 575 574 573 572 571 570 569 568 567 566 565 564 563 562 561 560 559 558 557 556 555 554 553 552 551 550 549 548 547 546 545 544 543 542 541 540 539 538 537 536 535 534 533 532 531 530 529 528 527 526 525 524 523 522 521 520 519 518 517 516 515 514 513 512 511 510 509 508 507 506 505 504 503 502 501 500 499 498 497 496 495 494 493 492 491 490 489 488 487 486 485 484 483 482 481 480 479 478 477 476 475 474 473 472 471 470 469 468 467 466 465 464 463 462 461 460 459 458 457 456 455 454 453 452 451 450 449 448 447 446 445 444 443 442 441 440 439 438 437 436 435 434 433 432 431 430 429 428 427 426 425 424 423 422 421 420 419 418 417 416 415 414 413 412 411 410 409 408 407 406 405 404 403 402 401 400 399 398 397 396 395 394 393 392 391 390 389 388 387 386 385 384 383 382 381 380 379 378 377 376 375 374 373 372 371 370 369 368 367 366 365 364 363 362 361 360 359 358 357 356 355 354 353 352 351 350 349 348 347 346 345 344 343 342 341 340 339 338 337 336 335 334 333 332 331 330 329 328 327 326 325 324 323 322 321 320 319 318 317 316 315 314 313 312 311 310 309 308 307 306 305 304 303 302 301 300 299 298 297 296 295 294 293 292 291 290 289 288 287 286 285 284 283 282 281 280 279 278 277 276 275 274 273 272 271 270 269 268 267 266 265 264 263 262 261 260 259 258 257 256 255 254 253 252 251 250 249 248 247 246 245 244 243 242 241 240 239 238 237 236 235 234 233 232 231 230 229 228 227 226 225 224 223 222 221 220 219 218 217 216 215 214 213 212 211 210 209 208 207 206 205 204 203 202 201 200 199 198 197 196 195 194 193 192 191 190 189 188 187 186 185 184 183 182 181.
c [Main] Encoding and solving for graph: O-impcol_d.mtx.rnd.
c [Label = 635] Encoding duration: 6677ms.
c [Label = 635] Number of clauses: 4637982.
c [Label = 635] Number of variables: 740150.
c [Label = 635] Solving duration: 352901 ms.
s [Label = 635] SAT (w = 180).
Label assignment: 587 267 67 192 257 148 88 219 583 529 550 226 345 225 540 568 351 547 178 147 273 260 190 213 79 549 515 85 622 331 42 77 429 561 289 411 610 271 615 585 344 543 330 151 173 339 580 518 617 618 265 335 546 217 65 233 83 362 545 563 7 572 370 270 222 75 519 60 61 93 23 208 236 269 544 264 43 41 240 341 237 348 74 442 573 142 634 329 259 68 455 175 522 586 590 255 359 48 542 63 4 241 510 19 84 51 581 62 541 570 538 589 72 551 163 177 204 532 78 354 199 624 443 630 160 612 76 438 44 508 347 57 579 55 437 20 588 554 70 251 536 367 145 625 582 555 507 156 80 157 609 25 557 9 428 172 200 422 420 394 64 416 31 183 155 530 337 632 453 179 249 150 539 272 261 56 350 149 390 229 531 247 22 552 576 414 597 250 513 33 439 15 69 153 397 593 234 584 73 220 263 619 365 385 59 39 3 600 338 94 231 82 591 526 511 81 12 346 27 595 21 205 608 413 16 327 90 332 17 361 569 601 50 627 525 340 239 592 89 514 512 517 383 159 52 559 174 537 343 202 400 424 171 534 562 165 388 423 26 626 207 53 152 509 10 560 523 578 602 604 35 224 275 598 24 623 252 186 262 201 109 95 38 45 334 374 244 211 412 228 333 223 254 49 182 553 235 398 2 146 238 189 248 548 245 227 527 516 194 606 441 180 232 614 29 594 14 605 629 30 415 364 405 565 564 407 528 381 167 209 613 336 246 621 144 40 184 571 566 28 401 266 36 611 426 599 216 230 66 37 170 87 18 253 556 419 215 8 628 218 206 5 242 535 342 34 221 210 620 158 141 631 396 520 58 86 575 258 6 366 11 577 408 430 521 13 268 169 567 432 54 616 450 195 633 451 425 1 71 386 203 607 32 409 379 324 380 635 444 143 603 417 524 154 325 533 446 47 406 212 596 328 574 46 427 
c [Label = 637] Encoding duration: 6727ms.
c [Label = 637] Number of clauses: 4654301.
c [Label = 637] Number of variables: 742010.
c [Signal] Signal interruption. Caught signal: SIGTERM (15).
c [Label = 636] Encoding duration: 6785ms.
c [Label = 636] Number of clauses: 4646142.
c [Label = 636] Number of variables: 741080.
c [Signal] Signal interruption. Caught signal: SIGTERM (15).
c [Main] Lowest label SAT is set to 635.
c [Main] Kill higher label pid 636.
c [Main] Kill higher label pid 637.
c [Main] Kill higher label pid 638.
c [Label = 638] Encoding duration: 6819ms.
c [Label = 638] Number of clauses: 4662461.
c [Label = 638] Number of variables: 742940.
c [Signal] Signal interruption. Caught signal: SIGTERM (15).
c [Main] Child pid 638 - 1146883 terminated by signal 15.
c [Main] Child pid 637 - 1146884 terminated by signal 15.
c [Main] Child pid 636 - 1146885 terminated by signal 15.
c [Label = 632] Encoding duration: 6718ms.
c [Label = 632] Number of clauses: 4613504.
c [Label = 632] Number of variables: 737360.
c [Label = 632] Solving duration: 365574 ms.
s [Label = 632] SAT (w = 180).
Label assignment: 428 314 534 201 595 447 621 191 546 416 582 309 136 198 378 408 79 250 157 622 525 181 252 58 473 95 335 431 35 256 521 448 380 536 209 363 411 1 631 381 259 159 98 194 83 505 397 44 34 599 234 442 336 327 444 596 217 346 312 63 16 340 101 243 110 617 51 503 556 152 564 228 263 57 165 177 436 569 385 351 216 371 520 426 452 559 375 257 219 627 553 344 70 555 13 212 628 517 549 533 11 355 72 93 592 190 568 393 264 8 619 550 616 529 342 545 55 524 71 566 403 572 12 613 174 518 453 483 561 69 328 587 361 612 410 350 579 47 584 384 246 435 22 288 560 522 576 158 366 128 23 6 620 535 591 32 85 15 220 29 509 64 434 539 135 76 180 615 332 272 248 323 567 20 239 623 73 543 123 593 360 173 422 124 630 551 605 348 364 358 39 215 202 84 581 66 230 267 54 514 28 41 324 376 334 443 608 578 197 184 7 308 598 42 279 625 9 231 86 211 449 192 25 59 420 611 49 262 88 357 338 502 516 274 46 557 614 601 580 523 24 37 451 541 414 38 182 260 333 249 352 205 148 50 232 606 45 14 5 532 398 399 187 583 2 626 331 526 618 3 527 175 105 36 52 609 207 571 204 597 565 590 540 354 226 116 292 62 373 245 368 195 227 554 144 603 224 115 528 145 87 225 26 154 337 196 359 389 632 542 27 547 241 382 210 586 396 318 223 548 33 558 610 570 235 395 367 412 562 193 400 178 247 607 155 402 265 347 78 343 372 89 10 563 67 214 356 138 491 229 60 99 401 236 4 31 142 574 460 531 629 604 199 530 271 176 208 552 439 383 575 573 242 446 594 588 40 266 141 218 68 119 299 254 589 430 43 275 213 21 440 345 424 577 538 433 585 438 171 19 240 17 90 392 222 600 339 349 179 253 374 405 624 61 427 472 65 519 91 30 544 537 18 437 515 
c [Main] Lowest label SAT is set to 632.
c [Main] Kill higher label pid 633.
c [Main] Kill higher label pid 634.
c [Label = 634] Encoding duration: 6829ms.
c [Label = 634] Number of clauses: 4629823.
c [Label = 634] Number of variables: 739220.
c [Signal] Signal interruption. Caught signal: SIGTERM (15).
c [Label = 633] Encoding duration: 6679ms.
c [Label = 633] Number of clauses: 4621663.
c [Label = 633] Number of variables: 738290.
c [Signal] Signal interruption. Caught signal: SIGTERM (15).
c [Main] Child pid 634 - 1146887 terminated by signal 15.
c [Main] Child pid 633 - 1146888 terminated by signal 15.
c [Label = 631] Encoding duration: 6641ms.
c [Label = 631] Number of clauses: 4605344.
c [Label = 631] Number of variables: 736430.
c [Label = 631] Solving duration: 495844 ms.
s [Label = 631] SAT (w = 180).
Label assignment: 419 147 620 394 421 466 86 585 376 336 423 315 516 599 408 396 362 44 327 223 149 330 148 550 91 27 575 265 225 360 15 64 400 583 600 211 382 25 608 418 341 449 16 95 222 524 328 536 256 103 84 529 238 329 154 610 446 249 598 627 19 407 270 254 428 87 371 181 182 416 542 21 199 168 445 573 155 614 549 158 412 586 248 74 320 588 426 363 535 593 487 220 548 543 244 442 224 385 339 515 621 59 457 26 591 97 386 55 37 333 346 546 624 556 48 479 393 403 615 604 381 23 247 209 531 576 545 331 185 509 374 232 528 613 622 519 541 609 3 6 601 441 13 335 251 582 261 559 173 534 1 602 343 438 58 317 116 383 33 229 184 518 41 62 517 547 444 7 603 552 409 49 340 82 375 562 358 605 40 577 2 132 186 514 367 594 404 67 205 175 350 606 435 568 523 574 71 47 522 527 28 151 81 4 43 12 595 454 217 157 592 436 237 258 387 114 564 368 53 46 476 432 611 596 213 83 448 272 89 45 424 88 174 579 415 525 226 230 348 314 263 378 54 430 427 434 555 554 553 234 338 36 216 563 625 79 202 246 239 537 243 422 139 558 31 345 401 342 236 607 212 597 30 631 560 616 443 228 65 240 179 210 252 334 14 50 388 557 32 257 520 66 429 323 511 561 11 146 69 206 526 451 75 447 287 580 399 390 630 178 193 612 413 618 203 241 440 63 623 544 195 245 29 197 512 56 410 51 253 377 626 540 370 22 61 406 160 450 170 9 57 17 219 208 584 629 351 355 92 18 572 521 425 145 569 42 566 628 379 398 204 231 570 551 162 70 587 420 532 10 578 617 5 255 183 349 439 68 39 242 110 135 159 395 347 414 391 356 259 221 161 171 571 218 262 337 581 163 397 24 565 34 133 402 619 235 353 60 172 513 405 52 590 196 266 384 437 76 20 589 392 200 473 567 307 
c [Main] Lowest label SAT is set to 631.
c [Label = 630] Encoding duration: 6961ms.
c [Label = 630] Number of clauses: 4597185.
c [Label = 630] Number of variables: 735500.
c [Label = 630] Solving duration: 717978 ms.
s [Label = 630] SAT (w = 180).
Label assignment: 38 593 287 40 113 178 29 567 191 447 245 200 142 620 202 539 270 61 95 384 340 543 112 560 197 180 433 336 66 628 58 176 209 401 602 235 626 266 54 39 553 526 630 152 22 301 575 529 608 86 156 565 352 208 463 311 449 342 606 556 409 203 146 271 242 78 379 80 15 160 441 43 622 350 559 590 618 435 552 550 561 231 324 48 177 583 52 564 357 239 358 145 369 549 226 554 398 75 276 443 417 41 517 586 413 4 132 24 603 261 333 382 578 531 428 387 279 327 251 386 587 23 616 72 580 420 544 249 421 439 555 85 610 265 341 46 392 283 33 430 498 241 425 83 56 222 415 520 371 515 321 227 438 453 427 591 579 169 434 233 545 159 244 345 532 256 360 574 535 332 73 562 370 268 13 300 163 450 600 359 533 68 194 162 3 389 14 59 53 364 558 10 12 151 395 259 47 546 210 354 267 429 64 237 157 442 445 25 383 182 592 65 26 230 334 346 419 186 18 2 480 598 30 223 410 537 525 71 11 329 581 528 343 377 264 278 617 418 31 272 573 225 337 149 541 247 551 349 596 624 171 50 566 367 60 396 330 623 331 431 612 257 155 399 416 368 154 28 557 437 376 605 595 585 189 263 393 619 32 423 335 408 181 164 45 17 205 584 234 339 627 252 523 35 522 216 37 153 91 548 224 9 44 542 88 594 201 20 402 355 629 614 424 534 391 49 215 7 607 414 269 273 221 51 63 229 195 604 347 599 213 258 260 27 506 250 84 582 232 42 236 314 412 625 569 422 214 254 547 81 563 69 238 5 373 57 576 609 366 353 16 248 521 295 510 597 1 538 166 21 568 246 378 516 133 82 570 70 8 76 527 615 572 444 362 240 253 103 588 611 77 74 451 400 34 394 403 79 144 196 589 6 621 211 67 228 19 62 179 519 220 322 262 601 243 338 530 571 613 577 55 325 511 513 122 
c [Main] Lowest label SAT is set to 630.
c [Label = 626] Encoding duration: 7016ms.
c [Label = 626] Number of clauses: 4564547.
c [Label = 626] Number of variables: 731780.
c [Label = 626] Solving duration: 832472 ms.
s [Label = 626] SAT (w = 180).
Label assignment: 190 545 58 211 75 121 409 546 435 89 532 249 528 582 558 597 519 566 96 360 595 244 385 259 307 578 224 214 404 281 54 506 5 553 587 358 576 395 604 186 441 413 43 273 133 583 114 52 580 131 608 210 541 241 141 445 201 605 274 405 392 568 263 586 544 86 77 87 84 296 65 376 251 454 425 507 55 27 548 229 626 559 80 428 535 349 207 315 37 24 451 73 499 603 593 335 350 433 551 62 622 266 168 60 44 368 68 154 574 577 610 444 191 346 169 363 347 525 480 377 99 189 19 619 539 438 76 137 391 203 320 14 607 410 515 181 512 447 198 206 57 384 195 243 42 452 159 538 254 569 529 45 295 66 364 123 606 531 594 588 165 450 237 205 540 621 382 375 25 279 238 79 38 381 542 64 579 228 166 155 338 448 439 386 72 69 4 239 600 513 503 341 598 292 423 613 352 305 536 53 414 508 277 223 602 71 41 357 162 533 592 213 7 573 493 260 31 432 47 408 182 403 34 460 187 560 317 258 61 601 196 176 81 103 563 482 411 534 183 468 336 581 40 172 13 501 550 369 584 474 262 1 380 250 570 83 194 625 8 442 161 226 511 618 585 30 555 70 21 611 199 197 356 416 564 231 612 332 561 401 140 160 12 339 246 11 572 240 200 248 293 412 267 215 312 591 225 323 39 462 562 209 549 398 245 575 547 599 355 26 18 331 51 32 466 20 589 242 609 10 537 430 3 33 379 221 554 220 256 427 2 571 543 188 456 217 362 552 490 340 222 415 371 596 334 617 192 523 78 396 282 348 216 342 620 36 330 9 106 82 421 23 351 557 272 372 208 153 63 354 567 22 623 359 85 212 128 46 152 420 17 615 327 29 49 218 28 253 366 418 97 247 278 367 565 48 431 100 389 16 257 614 59 6 314 590 264 265 344 179 616 393 453 255 15 472 436 67 624 252 50 556 227 171 163 
c [Main] Lowest label SAT is set to 626.
c [Main] Kill higher label pid 627.
c [Main] Kill higher label pid 628.
c [Main] Kill higher label pid 629.
c [Label = 627] Encoding duration: 6858ms.
c [Label = 627] Number of clauses: 4572706.
c [Label = 627] Number of variables: 732710.
c [Signal] Signal interruption. Caught signal: SIGTERM (15).
c [Label = 628] Encoding duration: 6890ms.
c [Label = 628] Number of clauses: 4580866.
c [Label = 628] Number of variables: 733640.
c [Signal] Signal interruption. Caught signal: SIGTERM (15).
c [Label = 629] Encoding duration: 6987ms.
c [Label = 629] Number of clauses: 4589025.
c [Label = 629] Number of variables: 734570.
c [Signal] Signal interruption. Caught signal: SIGTERM (15).
c [Main] Child pid 629 - 1147394 terminated by signal 15.
c [Main] Child pid 628 - 1147395 terminated by signal 15.
c [Main] Child pid 627 - 1147396 terminated by signal 15.
c [Label = 625] Encoding duration: 6958ms.
c [Label = 625] Number of clauses: 4556387.
c [Label = 625] Number of variables: 730850.
c [Label = 625] Solving duration: 1202795 ms.
s [Label = 625] SAT (w = 180).
Label assignment: 440 555 29 420 540 170 496 79 137 80 321 6 211 23 436 19 51 528 176 244 568 401 618 410 404 419 241 34 605 577 339 395 414 431 16 261 90 60 589 396 202 514 13 526 57 374 48 351 87 558 556 326 541 10 365 387 322 2 319 224 239 53 72 604 173 390 533 608 537 67 430 585 534 136 201 544 359 411 550 527 265 394 543 217 178 251 599 340 580 20 373 163 160 47 27 208 616 354 85 367 441 615 358 194 369 366 164 392 428 187 179 413 600 190 511 612 65 377 348 237 196 598 191 607 510 357 235 86 209 210 114 557 63 330 7 269 380 155 579 412 575 64 427 578 32 242 274 516 350 573 416 270 574 328 451 174 89 204 425 26 542 151 393 444 530 15 356 560 316 538 539 520 82 523 206 318 554 219 432 346 31 569 36 343 218 195 586 405 324 35 221 584 11 515 397 154 559 529 323 329 66 268 250 257 417 353 378 222 42 320 552 372 78 146 169 22 445 153 193 448 272 622 52 315 335 518 355 582 531 40 56 521 603 38 197 342 614 49 524 14 200 183 44 458 207 70 545 147 55 449 115 17 75 576 624 252 363 45 260 333 37 254 519 334 442 140 423 143 609 434 553 389 61 226 264 590 399 69 386 447 546 243 535 166 611 437 58 402 255 570 565 230 338 517 225 572 588 562 422 73 94 429 327 214 606 33 438 50 617 623 4 68 28 288 141 54 248 592 246 376 403 375 621 77 236 258 424 227 100 625 30 135 157 596 216 232 532 256 9 587 259 116 213 247 337 433 192 172 398 564 325 313 245 525 336 46 503 3 186 267 619 25 24 349 549 5 41 331 581 513 76 594 595 536 597 512 317 21 253 74 344 593 561 62 185 228 8 128 547 212 385 602 332 620 132 83 382 388 108 249 347 571 563 415 548 583 613 591 1 551 435 59 171 371 12 112 314 384 610 400 81 88 271 364 601 
c [Main] Lowest label SAT is set to 625.
c [Label = 623] Encoding duration: 6648ms.
c [Label = 623] Number of clauses: 4540068.
c [Label = 623] Number of variables: 728990.
c [Label = 623] Solving duration: 1174013 ms.
s [Label = 623] SAT (w = 180).
Label assignment: 431 272 54 336 511 373 384 267 32 170 515 260 58 226 588 245 50 64 268 138 144 232 573 230 210 589 171 581 516 40 540 568 587 520 224 33 252 6 39 428 407 348 366 339 143 517 55 543 355 541 157 575 582 270 506 440 594 165 237 377 43 593 375 66 249 492 324 421 435 374 442 52 56 378 481 491 546 443 532 369 5 206 429 434 513 139 73 140 178 49 469 340 325 441 239 213 183 576 166 527 591 78 331 67 72 350 25 404 574 343 159 559 578 346 175 141 372 534 181 332 322 427 387 164 602 450 416 42 46 204 71 590 147 580 13 536 459 156 595 596 38 390 592 250 392 577 335 584 311 222 606 452 361 508 61 338 79 363 12 437 451 238 229 184 562 221 357 182 567 150 234 195 169 383 585 448 231 180 328 535 243 351 34 525 412 550 447 571 188 44 391 76 22 509 521 236 51 137 362 537 385 337 82 15 583 418 545 7 399 360 579 570 411 269 167 200 524 57 75 617 246 197 601 438 8 382 423 611 70 145 142 439 420 30 342 463 381 19 563 522 414 266 603 605 620 262 607 45 223 10 271 561 196 330 4 154 432 258 612 549 327 198 359 552 572 168 553 31 36 18 185 228 186 401 367 205 208 218 600 379 544 370 530 265 59 341 247 417 14 23 556 623 615 194 422 586 69 256 604 233 542 216 389 345 264 235 514 255 148 551 394 308 618 565 29 380 560 47 202 548 512 538 614 403 201 17 554 190 329 219 27 151 217 406 132 193 523 619 81 77 11 344 26 192 24 9 334 263 419 62 212 498 199 547 251 566 225 613 41 436 426 610 161 529 598 152 349 257 20 149 526 203 599 569 424 187 539 1 402 555 528 80 35 621 90 191 564 254 354 415 597 83 368 289 115 2 533 558 333 608 510 63 68 622 60 609 261 37 323 153 616 398 53 347 21 519 518 557 65 214 397 356 371 531 425 
c [Main] Lowest label SAT is set to 623.
c [Main] Kill higher label pid 624.
c [Label = 624] Encoding duration: 6791ms.
c [Label = 624] Number of clauses: 4548228.
c [Label = 624] Number of variables: 729920.
c [Signal] Signal interruption. Caught signal: SIGTERM (15).
c [Main] Child pid 624 - 1147417 terminated by signal 15.
c [Label = 617] Encoding duration: 6593ms.
c [Label = 617] Number of clauses: 4491111.
c [Label = 617] Number of variables: 723410.
c [Signal] Signal interruption. Caught signal: SIGTERM (15).
c [Label = 616] Encoding duration: 6329ms.
c [Label = 616] Number of clauses: 4482952.
c [Label = 616] Number of variables: 722480.
c [Signal] Signal interruption. Caught signal: SIGTERM (15).
c [Label = 621] Encoding duration: 6266ms.
c [Label = 621] Number of clauses: 4523749.
c [Label = 621] Number of variables: 727130.
c [Signal] Signal interruption. Caught signal: SIGTERM (15).
c [Label = 618] Encoding duration: 6172ms.
c [Label = 618] Number of clauses: 4499271.
c [Label = 618] Number of variables: 724340.
c [Signal] Signal interruption. Caught signal: SIGTERM (15).
c [Label = 620] Encoding duration: 6284ms.
c [Label = 620] Number of clauses: 4515590.
c [Label = 620] Number of variables: 726200.
c [Signal] Signal interruption. Caught signal: SIGTERM (15).
c [Label = 622] Encoding duration: 7577ms.
c [Label = 622] Number of clauses: 4531909.
c [Label = 622] Number of variables: 728060.
c [Signal] Signal interruption. Caught signal: SIGTERM (15).
c [Main] Lim pid ends with result: 254.
c [Main] All children have completed.
r [Main] 
r [Main] Final results: 
r [Main] Lowest label SAT:  	623.
r [Main] Highest label UNSAT:	-.
r [Main] Total real time: 1813750 ms.
r [Main] Total memory consumed: 12328 MB.
r [Main] 
c [Label = 619] Encoding duration: 6281ms.
c [Label = 619] Number of clauses: 4507430.
c [Label = 619] Number of variables: 725270.
c [Signal] Signal interruption. Caught signal: SIGTERM (15).
c [Label = 615] Encoding duration: 6372ms.
c [Label = 615] Number of clauses: 4474792.
c [Label = 615] Number of variables: 721550.
c [Signal] Signal interruption. Caught signal: SIGTERM (15).
