c [Version] Minimize Makespan Labeling Encoder version 1.0.0.
c [Param] Target value is set to 204.
c [Param] LB is predefined as 205.
c [Param] UB is predefined as 1028.
c [Param] Target value is set to Antibandwidth.
c [Param] Vertices mode is set to Has hole.
c [Param] Result verification is ON.
c [Param] Memory limit is set to 45000.
c [Param] Real time limit is set to 1800.
c [Param] Worker count is set to 8.
c [Param] Max CNF size is set to 10.
c [Main] Search strategy: Iterating from upper bound.
c [Main] Search order: 1028 1027 1026 1025 1024 1023 1022 1021 1020 1019 1018 1017 1016 1015 1014 1013 1012 1011 1010 1009 1008 1007 1006 1005 1004 1003 1002 1001 1000 999 998 997 996 995 994 993 992 991 990 989 988 987 986 985 984 983 982 981 980 979 978 977 976 975 974 973 972 971 970 969 968 967 966 965 964 963 962 961 960 959 958 957 956 955 954 953 952 951 950 949 948 947 946 945 944 943 942 941 940 939 938 937 936 935 934 933 932 931 930 929 928 927 926 925 924 923 922 921 920 919 918 917 916 915 914 913 912 911 910 909 908 907 906 905 904 903 902 901 900 899 898 897 896 895 894 893 892 891 890 889 888 887 886 885 884 883 882 881 880 879 878 877 876 875 874 873 872 871 870 869 868 867 866 865 864 863 862 861 860 859 858 857 856 855 854 853 852 851 850 849 848 847 846 845 844 843 842 841 840 839 838 837 836 835 834 833 832 831 830 829 828 827 826 825 824 823 822 821 820 819 818 817 816 815 814 813 812 811 810 809 808 807 806 805 804 803 802 801 800 799 798 797 796 795 794 793 792 791 790 789 788 787 786 785 784 783 782 781 780 779 778 777 776 775 774 773 772 771 770 769 768 767 766 765 764 763 762 761 760 759 758 757 756 755 754 753 752 751 750 749 748 747 746 745 744 743 742 741 740 739 738 737 736 735 734 733 732 731 730 729 728 727 726 725 724 723 722 721 720 719 718 717 716 715 714 713 712 711 710 709 708 707 706 705 704 703 702 701 700 699 698 697 696 695 694 693 692 691 690 689 688 687 686 685 684 683 682 681 680 679 678 677 676 675 674 673 672 671 670 669 668 667 666 665 664 663 662 661 660 659 658 657 656 655 654 653 652 651 650 649 648 647 646 645 644 643 642 641 640 639 638 637 636 635 634 633 632 631 630 629 628 627 626 625 624 623 622 621 620 619 618 617 616 615 614 613 612 611 610 609 608 607 606 605 604 603 602 601 600 599 598 597 596 595 594 593 592 591 590 589 588 587 586 585 584 583 582 581 580 579 578 577 576 575 574 573 572 571 570 569 568 567 566 565 564 563 562 561 560 559 558 557 556 555 554 553 552 551 550 549 548 547 546 545 544 543 542 541 540 539 538 537 536 535 534 533 532 531 530 529 528 527 526 525 524 523 522 521 520 519 518 517 516 515 514 513 512 511 510 509 508 507 506 505 504 503 502 501 500 499 498 497 496 495 494 493 492 491 490 489 488 487 486 485 484 483 482 481 480 479 478 477 476 475 474 473 472 471 470 469 468 467 466 465 464 463 462 461 460 459 458 457 456 455 454 453 452 451 450 449 448 447 446 445 444 443 442 441 440 439 438 437 436 435 434 433 432 431 430 429 428 427 426 425 424 423 422 421 420 419 418 417 416 415 414 413 412 411 410 409 408 407 406 405 404 403 402 401 400 399 398 397 396 395 394 393 392 391 390 389 388 387 386 385 384 383 382 381 380 379 378 377 376 375 374 373 372 371 370 369 368 367 366 365 364 363 362 361 360 359 358 357 356 355 354 353 352 351 350 349 348 347 346 345 344 343 342 341 340 339 338 337 336 335 334 333 332 331 330 329 328 327 326 325 324 323 322 321 320 319 318 317 316 315 314 313 312 311 310 309 308 307 306 305 304 303 302 301 300 299 298 297 296 295 294 293 292 291 290 289 288 287 286 285 284 283 282 281 280 279 278 277 276 275 274 273 272 271 270 269 268 267 266 265 264 263 262 261 260 259 258 257 256 255 254 253 252 251 250 249 248 247 246 245 244 243 242 241 240 239 238 237 236 235 234 233 232 231 230 229 228 227 226 225 224 223 222 221 220 219 218 217 216 215 214 213 212 211 210 209 208 207 206 205.
c [Main] Encoding and solving for graph: W-685_bus.mtx.rnd.
c [Label = 1028] Minimize Makespan Labeling problem (W-685_bus.mtx.rnd):
c [Label = 1027] Minimize Makespan Labeling problem (W-685_bus.mtx.rnd):
c [Label = 1026] Minimize Makespan Labeling problem (W-685_bus.mtx.rnd):
c [Label = 1025] Minimize Makespan Labeling problem (W-685_bus.mtx.rnd):
c [Label = 1024] Minimize Makespan Labeling problem (W-685_bus.mtx.rnd):
c [Label = 1023] Minimize Makespan Labeling problem (W-685_bus.mtx.rnd):
c [Label = 1022] Minimize Makespan Labeling problem (W-685_bus.mtx.rnd):
c [Label = 1021] Minimize Makespan Labeling problem (W-685_bus.mtx.rnd):
c [Label = 1024] Encoding starts with target value = 204:
c [Label = 1024] Encoding duration: 15274ms.
c [Label = 1024] Number of clauses: 9219422.
c [Label = 1024] Number of variables: 1952400.
c [Label = 1024] Solving duration: 809 ms.
s [Label = 1024] SAT (w = 204).
c [Label = 1024] Label assignment: 817 613 613 1 817 1 409 409 205 409 613 1 613 1 613 817 409 409 613 205 613 1 409 613 1 613 613 205 613 205 613 205 409 613 409 205 205 205 1 613 409 409 1 817 205 613 205 409 409 205 613 205 205 409 409 409 205 205 1 613 205 409 817 409 205 817 409 817 205 1024 1 1 205 205 409 613 1024 409 1 1 613 1 613 817 409 205 409 613 205 205 205 205 1 1 409 409 409 409 613 205 409 205 409 613 205 409 409 205 205 409 205 613 1 205 409 205 1 409 817 409 817 409 409 409 205 613 409 409 409 205 205 205 409 1 1 205 205 205 817 205 409 817 1 205 1 205 1 1 409 817 1 205 409 817 409 613 1 205 205 409 1 409 613 409 205 1024 205 613 205 205 205 409 409 409 409 205 409 1 1 1 205 1 613 1 409 205 613 205 409 409 409 613 613 205 1 409 205 205 1 409 1 409 409 613 205 1 1 613 613 409 205 1 613 205 205 1 205 409 205 1 205 205 1 817 1 409 205 409 205 409 613 613 205 205 205 613 205 1 205 205 1 409 613 409 205 409 205 817 613 409 205 205 409 817 1 205 613 1 1 205 205 205 1 205 205 409 1 1 613 613 409 205 1 205 1 409 1 205 613 1 1 1 409 205 409 1 409 613 1 409 205 205 1 205 205 205 205 409 205 613 205 1 1 1 205 205 205 205 409 1 205 409 409 409 205 1 409 205 409 205 205 1 1 205 613 409 1 205 205 409 409 1 205 205 409 1 613 205 205 205 1 613 205 409 1 409 205 1 205 205 205 205 205 205 205 205 1 613 205 205 409 409 205 205 409 1 409 409 1 409 1 409 1 1 205 1 409 409 205 1 409 1 613 205 205 1 205 409 409 1 205 205 1 205 1 1 205 205 409 205 205 205 205 205 205 1 409 205 205 409 205 1 205 205 409 205 1 1 1 1 1 1 205 1 613 205 1 409 409 1 205 205 1 1 1 205 409 409 1 205 205 1 1 1 1 205 205 1 1 1 205 205 1 1 205 1 1 205 1 205 205 1 1 613 1 205 205 205 205 1 1 205 409 409 1 1 1 1 1 409 205 205 1 1 205 1 1 1 1 1 1 613 205 205 1 205 205 1 1 1 205 1 409 1 1 205 205 409 205 1 1 205 205 205 1 409 409 205 1 205 205 1 1 205 409 1 1 1 409 1 205 205 1 1 1 1 1 205 205 205 1 1 205 205 205 205 1 1 205 1 1 1 205 1 205 205 1 205 1 1 1 205 1 1 1 205 1 1 205 1 205 205 1 205 1 1 1 205 1 1 1 409 409 1 1 1 1 1 1 205 1 1 1 1 1 1 1 205 205 1 1 1 1 1 1 1 1 1 1 1 1 1 1 1 205 205 1 1 205 1 1 1 1 1 1 1 205 1 1 1 205 1 1 1 205 205 1 1 1 1 1 1 1 205 1 1 1 205 1 205 205 1 1 1 1 1 205 1 1 1 1 1 1 1 1 1 1 1 1 205 1 1 1 1 1 1 1 1 1 1 1 1 1 1 1 
c [Label = 1021] Encoding starts with target value = 204:
c [Label = 1021] Encoding duration: 15346ms.
c [Label = 1021] Number of clauses: 9193761.
c [Label = 1021] Number of variables: 1948290.
c [Label = 1021] Solving duration: 786 ms.
s [Label = 1021] SAT (w = 204).
c [Label = 1021] Label assignment: 613 409 409 1021 613 1021 205 205 1 205 409 1021 409 1021 409 613 205 205 409 1 409 1021 205 409 1021 409 205 1 409 1 409 1 205 409 205 1 1 1 1021 409 205 205 1021 409 1 409 1 205 205 1 409 1 1 205 205 613 1 1 1021 409 1 205 613 205 1 613 205 613 1 817 1021 1021 1 1 205 409 817 205 1021 1021 409 1021 409 613 205 1 205 409 1 1 1 1 1021 1021 205 205 205 205 409 1 205 1 205 409 1 205 205 1 1 205 1 409 1021 1 205 1 1021 205 613 205 613 205 205 205 1 409 205 205 205 1 1 1 205 1021 1021 1 1 1 613 1 205 613 1021 1 1021 1 1021 1021 205 613 1021 1 205 205 205 409 1021 1 1 205 1021 205 409 205 1 817 1 409 1 1 1 205 205 409 205 1 205 1021 1021 1021 1 1021 409 1021 205 1 409 1 205 205 205 205 409 1 1021 205 1 1 1021 205 1021 205 205 409 1 1021 1021 409 409 205 1 1021 409 1 1 1021 1 205 1 1021 1 1 1021 613 1021 205 1 205 1 205 409 205 1 1 1 409 1 1021 1 1 1021 409 409 205 1 205 1 613 205 205 1 1 205 613 1021 1 409 1021 1021 1 1 1 1021 1 1 205 1021 1021 409 409 205 1 1021 1 1021 205 1021 1 409 1021 1021 1021 205 1 205 1021 205 409 1021 205 1 1 1021 1 1 1 1 205 1 409 1 1021 1021 1021 1 1 1 1 205 1021 1 205 205 205 1 1021 205 1 205 1 1 1021 1021 1 409 205 1021 1 1 205 205 1021 1 1 205 1021 409 1 1 1 1021 409 1 205 1021 205 1 1021 1 1 1 1 1 1 1 1 1021 205 1 1 205 205 1 1 205 1021 205 205 1021 205 1021 205 1021 1021 1 1021 205 205 1 1021 205 1021 409 1 1 1021 1 205 205 1021 1 1 1021 1 1021 1021 1 1 205 1 1 1 1 1 1 1021 205 1 1 205 1 1021 1 1 205 1 1021 1021 1021 1021 1021 1021 1 1021 409 1 1021 205 205 1021 1 1 1021 1021 1021 1 205 205 1021 1 1 1021 1021 1021 1021 1 1 1021 1021 1021 1 1 1021 1021 1 1021 1021 1 1021 1 1 1021 1021 409 1021 1 1 1 1 1021 1021 1 205 205 1021 1021 1021 1021 1021 205 1 1 1021 1021 1 1021 1021 1021 1021 1021 1021 409 1 1 1021 1 1 1021 1021 1021 1 1021 205 1021 1021 1 1 205 1 1021 1021 1 1 1 1021 205 205 1 1021 1 1 1021 1021 1 205 1021 1021 1021 205 1021 1 1 1021 1021 1021 1021 1021 1 1 1 1021 1021 1 1 1 1 1021 1021 1 1021 1021 1021 1 1021 1 1 1021 1 1021 1021 1021 1 1021 1021 1021 1 1021 1021 1 1021 1 1 1021 1 1021 1021 1021 1 1021 1021 1021 205 205 1021 1021 1021 1021 1021 1021 1 1021 1021 1021 1021 1021 1021 1021 1 1 1021 1021 1021 1021 1021 1021 1021 1021 1021 1021 1021 1021 1021 1021 1021 1 1 1021 1021 1 1021 1021 1021 1021 1021 1021 1021 1 1021 1021 1021 1 1021 1021 1021 1 1 1021 1021 1021 1021 1021 1021 1021 1 1021 1021 1021 1 1021 1 1 1021 1021 1021 1021 1021 1 1021 1021 1021 1021 1021 1021 1021 1021 1021 1021 1021 1021 1 1021 1021 1021 1021 1021 1021 1021 1021 1021 1021 1021 1021 1021 1021 1021 
c [Label = 1023] Encoding starts with target value = 204:
c [Label = 1023] Encoding duration: 15296ms.
c [Label = 1023] Number of clauses: 9210868.
c [Label = 1023] Number of variables: 1951030.
c [Label = 1023] Solving duration: 816 ms.
s [Label = 1023] SAT (w = 204).
c [Label = 1023] Label assignment: 817 613 613 1 817 1 409 409 205 409 613 1 613 1 613 817 409 409 613 205 613 1 409 613 1 613 613 205 613 205 613 205 409 613 409 205 205 205 1 613 409 409 1 817 205 613 205 409 409 205 613 205 205 409 409 409 205 205 1 613 205 409 817 409 205 817 409 817 205 1023 1 1 205 205 409 613 1023 409 1 1 613 1 613 817 409 205 409 613 205 205 205 205 1 1 409 409 409 409 613 205 409 205 409 613 205 409 409 205 205 409 205 613 1 205 409 205 1 409 817 409 817 409 409 409 205 613 409 409 409 205 205 205 409 1 1 205 205 205 817 205 409 817 1 205 1 205 1 1 409 817 1 205 409 817 409 613 1 205 205 409 1 409 613 409 205 1023 205 613 205 205 205 409 409 409 409 205 409 1 1 1 205 1 613 1 409 205 613 205 409 409 409 613 613 205 1 409 205 205 1 409 1 409 409 613 205 1 1 613 613 409 205 1 613 205 205 1 205 409 205 1 205 205 1 817 1 409 205 409 205 409 613 613 205 205 205 613 205 1 205 205 1 409 613 409 205 409 205 817 613 409 205 205 409 817 1 205 613 1 1 205 205 205 1 205 205 409 1 1 613 613 409 205 1 205 1 409 1 205 613 1 1 1 409 205 409 1 409 613 1 409 205 205 1 205 205 205 205 409 205 613 205 1 1 1 205 205 205 205 409 1 205 409 409 409 205 1 409 205 409 205 205 1 1 205 613 409 1 205 205 409 409 1 205 205 409 1 613 205 205 205 1 613 205 409 1 409 205 1 205 205 205 205 205 205 205 205 1 613 205 205 409 409 205 205 409 1 409 409 1 409 1 409 1 1 205 1 409 409 205 1 409 1 613 205 205 1 205 409 409 1 205 205 1 205 1 1 205 205 409 205 205 205 205 205 205 1 409 205 205 409 205 1 205 205 409 205 1 1 1 1 1 1 205 1 613 205 1 409 409 1 205 205 1 1 1 205 409 409 1 205 205 1 1 1 1 205 205 1 1 1 205 205 1 1 205 1 1 205 1 205 205 1 1 613 1 205 205 205 205 1 1 205 409 409 1 1 1 1 1 409 205 205 1 1 205 1 1 1 1 1 1 613 205 205 1 205 205 1 1 1 205 1 409 1 1 205 205 409 205 1 1 205 205 205 1 409 409 205 1 205 205 1 1 205 409 1 1 1 409 1 205 205 1 1 1 1 1 205 205 205 1 1 205 205 205 205 1 1 205 1 1 1 205 1 205 205 1 205 1 1 1 205 1 1 1 205 1 1 205 1 205 205 1 205 1 1 1 205 1 1 1 409 409 1 1 1 1 1 1 205 1 1 1 1 1 1 1 205 205 1 1 1 1 1 1 1 1 1 1 1 1 1 1 1 205 205 1 1 205 1 1 1 1 1 1 1 205 1 1 1 205 1 1 1 205 205 1 1 1 1 1 1 1 205 1 1 1 205 1 205 205 1 1 1 1 1 205 1 1 1 1 1 1 1 1 1 1 1 1 205 1 1 1 1 1 1 1 1 1 1 1 1 1 1 1 
c [Label = 1028] Encoding starts with target value = 204:
c [Label = 1028] Encoding duration: 15314ms.
c [Label = 1028] Number of clauses: 9253636.
c [Label = 1028] Number of variables: 1957880.
c [Label = 1028] Solving duration: 809 ms.
s [Label = 1028] SAT (w = 204).
c [Label = 1028] Label assignment: 817 613 613 1 817 1 409 409 205 409 613 1 613 1 613 817 409 409 613 205 613 1 409 613 1 613 613 205 613 205 613 205 409 613 409 205 205 205 1 613 409 409 1 817 205 613 205 409 409 205 613 205 205 409 409 409 205 205 1 613 205 409 817 409 205 817 409 817 205 1028 1 1 205 205 409 613 1028 409 1 1 613 1 613 817 409 205 409 613 205 205 205 205 1 1 409 409 409 409 613 205 409 205 409 613 205 409 409 205 205 409 205 613 1 205 409 205 1 409 817 409 817 409 409 409 205 613 409 409 409 205 205 205 409 1 1 205 205 205 817 205 409 817 1 205 1 205 1 1 409 817 1 205 409 817 409 613 1 205 205 409 1 409 613 409 205 1028 205 613 205 205 205 409 409 409 409 205 409 1 1 1 205 1 613 1 409 205 613 205 409 409 409 613 613 205 1 409 205 205 1 409 1 409 409 613 205 1 1 613 613 409 205 1 613 205 205 1 205 409 205 1 205 205 1 817 1 409 205 409 205 409 613 613 205 205 205 613 205 1 205 205 1 409 613 409 205 409 205 817 613 409 205 205 409 817 1 205 613 1 1 205 205 205 1 205 205 409 1 1 613 613 409 205 1 205 1 409 1 205 613 1 1 1 409 205 409 1 409 613 1 409 205 205 1 205 205 205 205 409 205 613 205 1 1 1 205 205 205 205 409 1 205 409 409 409 205 1 409 205 409 205 205 1 1 205 613 409 1 205 205 409 409 1 205 205 409 1 613 205 205 205 1 613 205 409 1 409 205 1 205 205 205 205 205 205 205 205 1 613 205 205 409 409 205 205 409 1 409 409 1 409 1 409 1 1 205 1 409 409 205 1 409 1 613 205 205 1 205 409 409 1 205 205 1 205 1 1 205 205 409 205 205 205 205 205 205 1 409 205 205 409 205 1 205 205 409 205 1 1 1 1 1 1 205 1 613 205 1 409 409 1 205 205 1 1 1 205 409 409 1 205 205 1 1 1 1 205 205 1 1 1 205 205 1 1 205 1 1 205 1 205 205 1 1 613 1 205 205 205 205 1 1 205 409 409 1 1 1 1 1 409 205 205 1 1 205 1 1 1 1 1 1 613 205 205 1 205 205 1 1 1 205 1 409 1 1 205 205 409 205 1 1 205 205 205 1 409 409 205 1 205 205 1 1 205 409 1 1 1 409 1 205 205 1 1 1 1 1 205 205 205 1 1 205 205 205 205 1 1 205 1 1 1 205 1 205 205 1 205 1 1 1 205 1 1 1 205 1 1 205 1 205 205 1 205 1 1 1 205 1 1 1 409 409 1 1 1 1 1 1 205 1 1 1 1 1 1 1 205 205 1 1 1 1 1 1 1 1 1 1 1 1 1 1 1 205 205 1 1 205 1 1 1 1 1 1 1 205 1 1 1 205 1 1 1 205 205 1 1 1 1 1 1 1 205 1 1 1 205 1 205 205 1 1 1 1 1 205 1 1 1 1 1 1 1 1 1 1 1 1 205 1 1 1 1 1 1 1 1 1 1 1 1 1 1 1 
c [Label = 1027] Encoding starts with target value = 204:
c [Label = 1027] Encoding duration: 15308ms.
c [Label = 1027] Number of clauses: 9245082.
c [Label = 1027] Number of variables: 1956510.
c [Label = 1027] Solving duration: 807 ms.
s [Label = 1027] SAT (w = 204).
c [Label = 1027] Label assignment: 817 613 613 1 817 1 409 409 205 409 613 1 613 1 613 817 409 409 613 205 613 1 409 613 1 613 613 205 613 205 613 205 409 613 409 205 205 205 1 613 409 409 1 817 205 613 205 409 409 205 613 205 205 409 409 409 205 205 1 613 205 409 817 409 205 817 409 817 205 1027 1 1 205 205 409 613 1027 409 1 1 613 1 613 817 409 205 409 613 205 205 205 205 1 1 409 409 409 409 613 205 409 205 409 613 205 409 409 205 205 409 205 613 1 205 409 205 1 409 817 409 817 409 409 409 205 613 409 409 409 205 205 205 409 1 1 205 205 205 817 205 409 817 1 205 1 205 1 1 409 817 1 205 409 817 409 613 1 205 205 409 1 409 613 409 205 1027 205 613 205 205 205 409 409 409 409 205 409 1 1 1 205 1 613 1 409 205 613 205 409 409 409 613 613 205 1 409 205 205 1 409 1 409 409 613 205 1 1 613 613 409 205 1 613 205 205 1 205 409 205 1 205 205 1 817 1 409 205 409 205 409 613 613 205 205 205 613 205 1 205 205 1 409 613 409 205 409 205 817 613 409 205 205 409 817 1 205 613 1 1 205 205 205 1 205 205 409 1 1 613 613 409 205 1 205 1 409 1 205 613 1 1 1 409 205 409 1 409 613 1 409 205 205 1 205 205 205 205 409 205 613 205 1 1 1 205 205 205 205 409 1 205 409 409 409 205 1 409 205 409 205 205 1 1 205 613 409 1 205 205 409 409 1 205 205 409 1 613 205 205 205 1 613 205 409 1 409 205 1 205 205 205 205 205 205 205 205 1 613 205 205 409 409 205 205 409 1 409 409 1 409 1 409 1 1 205 1 409 409 205 1 409 1 613 205 205 1 205 409 409 1 205 205 1 205 1 1 205 205 409 205 205 205 205 205 205 1 409 205 205 409 205 1 205 205 409 205 1 1 1 1 1 1 205 1 613 205 1 409 409 1 205 205 1 1 1 205 409 409 1 205 205 1 1 1 1 205 205 1 1 1 205 205 1 1 205 1 1 205 1 205 205 1 1 613 1 205 205 205 205 1 1 205 409 409 1 1 1 1 1 409 205 205 1 1 205 1 1 1 1 1 1 613 205 205 1 205 205 1 1 1 205 1 409 1 1 205 205 409 205 1 1 205 205 205 1 409 409 205 1 205 205 1 1 205 409 1 1 1 409 1 205 205 1 1 1 1 1 205 205 205 1 1 205 205 205 205 1 1 205 1 1 1 205 1 205 205 1 205 1 1 1 205 1 1 1 205 1 1 205 1 205 205 1 205 1 1 1 205 1 1 1 409 409 1 1 1 1 1 1 205 1 1 1 1 1 1 1 205 205 1 1 1 1 1 1 1 1 1 1 1 1 1 1 1 205 205 1 1 205 1 1 1 1 1 1 1 205 1 1 1 205 1 1 1 205 205 1 1 1 1 1 1 1 205 1 1 1 205 1 205 205 1 1 1 1 1 205 1 1 1 1 1 1 1 1 1 1 1 1 205 1 1 1 1 1 1 1 1 1 1 1 1 1 1 1 
c [Label = 1025] Encoding starts with target value = 204:
c [Label = 1025] Encoding duration: 15402ms.
c [Label = 1025] Number of clauses: 9227975.
c [Label = 1025] Number of variables: 1953770.
c [Label = 1025] Solving duration: 810 ms.
s [Label = 1025] SAT (w = 204).
c [Label = 1025] Label assignment: 817 613 613 1 817 1 409 409 205 409 613 1 613 1 613 817 409 409 613 205 613 1 409 613 1 613 613 205 613 205 613 205 409 613 409 205 205 205 1 613 409 409 1 817 205 613 205 409 409 205 613 205 205 409 409 409 205 205 1 613 205 409 817 409 205 817 409 817 205 1025 1 1 205 205 409 613 1025 409 1 1 613 1 613 817 409 205 409 613 205 205 205 205 1 1 409 409 409 409 613 205 409 205 409 613 205 409 409 205 205 409 205 613 1 205 409 205 1 409 817 409 817 409 409 409 205 613 409 409 409 205 205 205 409 1 1 205 205 205 817 205 409 817 1 205 1 205 1 1 409 817 1 205 409 817 409 613 1 205 205 409 1 409 613 409 205 1025 205 613 205 205 205 409 409 409 409 205 409 1 1 1 205 1 613 1 409 205 613 205 409 409 409 613 613 205 1 409 205 205 1 409 1 409 409 613 205 1 1 613 613 409 205 1 613 205 205 1 205 409 205 1 205 205 1 817 1 409 205 409 205 409 613 613 205 205 205 613 205 1 205 205 1 409 613 409 205 409 205 817 613 409 205 205 409 817 1 205 613 1 1 205 205 205 1 205 205 409 1 1 613 613 409 205 1 205 1 409 1 205 613 1 1 1 409 205 409 1 409 613 1 409 205 205 1 205 205 205 205 409 205 613 205 1 1 1 205 205 205 205 409 1 205 409 409 409 205 1 409 205 409 205 205 1 1 205 613 409 1 205 205 409 409 1 205 205 409 1 613 205 205 205 1 613 205 409 1 409 205 1 205 205 205 205 205 205 205 205 1 613 205 205 409 409 205 205 409 1 409 409 1 409 1 409 1 1 205 1 409 409 205 1 409 1 613 205 205 1 205 409 409 1 205 205 1 205 1 1 205 205 409 205 205 205 205 205 205 1 409 205 205 409 205 1 205 205 409 205 1 1 1 1 1 1 205 1 613 205 1 409 409 1 205 205 1 1 1 205 409 409 1 205 205 1 1 1 1 205 205 1 1 1 205 205 1 1 205 1 1 205 1 205 205 1 1 613 1 205 205 205 205 1 1 205 409 409 1 1 1 1 1 409 205 205 1 1 205 1 1 1 1 1 1 613 205 205 1 205 205 1 1 1 205 1 409 1 1 205 205 409 205 1 1 205 205 205 1 409 409 205 1 205 205 1 1 205 409 1 1 1 409 1 205 205 1 1 1 1 1 205 205 205 1 1 205 205 205 205 1 1 205 1 1 1 205 1 205 205 1 205 1 1 1 205 1 1 1 205 1 1 205 1 205 205 1 205 1 1 1 205 1 1 1 409 409 1 1 1 1 1 1 205 1 1 1 1 1 1 1 205 205 1 1 1 1 1 1 1 1 1 1 1 1 1 1 1 205 205 1 1 205 1 1 1 1 1 1 1 205 1 1 1 205 1 1 1 205 205 1 1 1 1 1 1 1 205 1 1 1 205 1 205 205 1 1 1 1 1 205 1 1 1 1 1 1 1 1 1 1 1 1 205 1 1 1 1 1 1 1 1 1 1 1 1 1 1 1 
c [Label = 1022] Encoding starts with target value = 204:
c [Label = 1022] Encoding duration: 15320ms.
c [Label = 1022] Number of clauses: 9202315.
c [Label = 1022] Number of variables: 1949660.
c [Label = 1022] Solving duration: 846 ms.
s [Label = 1022] SAT (w = 204).
c [Label = 1022] Label assignment: 817 613 613 1 817 1 409 409 205 409 613 1 613 1 613 817 409 409 613 205 613 1 409 613 1 613 613 205 613 205 613 205 409 613 409 205 205 205 1 613 409 409 1 817 205 613 205 409 409 205 613 205 205 409 409 409 205 205 1 613 205 409 817 409 205 817 409 817 205 1022 1 1 205 205 409 613 1021 409 1 1 613 1 613 817 409 205 409 613 205 205 205 205 1 1 409 409 409 409 613 205 409 205 409 613 205 409 409 205 205 409 205 613 1 205 409 205 1 409 817 409 817 409 409 409 205 613 409 409 409 205 205 205 409 1 1 205 205 205 817 205 409 817 1 205 1 205 1 1 409 817 1 205 409 817 409 613 1 205 205 409 1 409 613 409 205 1021 205 613 205 205 205 409 409 409 409 205 409 1 1 1 205 1 613 1 409 205 613 205 409 409 409 613 613 205 1 409 205 205 1 409 1 409 409 613 205 1 1 613 613 409 205 1 613 205 205 1 205 409 205 1 205 205 1 817 1 409 205 409 205 409 613 613 205 205 205 613 205 1 205 205 1 409 613 409 205 409 205 817 613 409 205 205 409 817 1 205 613 1 1 205 205 205 1 205 205 409 1 1 613 613 409 205 1 205 1 409 1 205 613 1 1 1 409 205 409 1 409 613 1 409 205 205 1 205 205 205 205 409 205 613 205 1 1 1 205 205 205 205 409 1 205 409 409 409 205 1 409 205 409 205 205 1 1 205 613 409 1 205 205 409 409 1 205 205 409 1 613 205 205 205 1 613 205 409 1 409 205 1 205 205 205 205 205 205 205 205 1 613 205 205 409 409 205 205 409 1 409 409 1 409 1 409 1 1 205 1 409 409 205 1 409 1 613 205 205 1 205 409 409 1 205 205 1 205 1 1 205 205 409 205 205 205 205 205 205 1 409 205 205 409 205 1 205 205 409 205 1 1 1 1 1 1 205 1 613 205 1 409 409 1 205 205 1 1 1 205 409 409 1 205 205 1 1 1 1 205 205 1 1 1 205 205 1 1 205 1 1 205 1 205 205 1 1 613 1 205 205 205 205 1 1 205 409 409 1 1 1 1 1 409 205 205 1 1 205 1 1 1 1 1 1 613 205 205 1 205 205 1 1 1 205 1 409 1 1 205 205 409 205 1 1 205 205 205 1 409 409 205 1 205 205 1 1 205 409 1 1 1 409 1 205 205 1 1 1 1 1 205 205 205 1 1 205 205 205 205 1 1 205 1 1 1 205 1 205 205 1 205 1 1 1 205 1 1 1 205 1 1 205 1 205 205 1 205 1 1 1 205 1 1 1 409 409 1 1 1 1 1 1 205 1 1 1 1 1 1 1 205 205 1 1 1 1 1 1 1 1 1 1 1 1 1 1 1 205 205 1 1 205 1 1 1 1 1 1 1 205 1 1 1 205 1 1 1 205 205 1 1 1 1 1 1 1 205 1 1 1 205 1 205 205 1 1 1 1 1 205 1 1 1 1 1 1 1 1 1 1 1 1 205 1 1 1 1 1 1 1 1 1 1 1 1 1 1 1 
c [Label = 1026] Encoding starts with target value = 204:
c [Label = 1026] Encoding duration: 15535ms.
c [Label = 1026] Number of clauses: 9236529.
c [Label = 1026] Number of variables: 1955140.
c [Label = 1026] Solving duration: 810 ms.
s [Label = 1026] SAT (w = 204).
c [Label = 1026] Label assignment: 817 613 613 1 817 1 409 409 205 409 613 1 613 1 613 817 409 409 613 205 613 1 409 613 1 613 613 205 613 205 613 205 409 613 409 205 205 205 1 613 409 409 1 817 205 613 205 409 409 205 613 205 205 409 409 409 205 205 1 613 205 409 817 409 205 817 409 817 205 1026 1 1 205 205 409 613 1026 409 1 1 613 1 613 817 409 205 409 613 205 205 205 205 1 1 409 409 409 409 613 205 409 205 409 613 205 409 409 205 205 409 205 613 1 205 409 205 1 409 817 409 817 409 409 409 205 613 409 409 409 205 205 205 409 1 1 205 205 205 817 205 409 817 1 205 1 205 1 1 409 817 1 205 409 817 409 613 1 205 205 409 1 409 613 409 205 1026 205 613 205 205 205 409 409 409 409 205 409 1 1 1 205 1 613 1 409 205 613 205 409 409 409 613 613 205 1 409 205 205 1 409 1 409 409 613 205 1 1 613 613 409 205 1 613 205 205 1 205 409 205 1 205 205 1 817 1 409 205 409 205 409 613 613 205 205 205 613 205 1 205 205 1 409 613 409 205 409 205 817 613 409 205 205 409 817 1 205 613 1 1 205 205 205 1 205 205 409 1 1 613 613 409 205 1 205 1 409 1 205 613 1 1 1 409 205 409 1 409 613 1 409 205 205 1 205 205 205 205 409 205 613 205 1 1 1 205 205 205 205 409 1 205 409 409 409 205 1 409 205 409 205 205 1 1 205 613 409 1 205 205 409 409 1 205 205 409 1 613 205 205 205 1 613 205 409 1 409 205 1 205 205 205 205 205 205 205 205 1 613 205 205 409 409 205 205 409 1 409 409 1 409 1 409 1 1 205 1 409 409 205 1 409 1 613 205 205 1 205 409 409 1 205 205 1 205 1 1 205 205 409 205 205 205 205 205 205 1 409 205 205 409 205 1 205 205 409 205 1 1 1 1 1 1 205 1 613 205 1 409 409 1 205 205 1 1 1 205 409 409 1 205 205 1 1 1 1 205 205 1 1 1 205 205 1 1 205 1 1 205 1 205 205 1 1 613 1 205 205 205 205 1 1 205 409 409 1 1 1 1 1 409 205 205 1 1 205 1 1 1 1 1 1 613 205 205 1 205 205 1 1 1 205 1 409 1 1 205 205 409 205 1 1 205 205 205 1 409 409 205 1 205 205 1 1 205 409 1 1 1 409 1 205 205 1 1 1 1 1 205 205 205 1 1 205 205 205 205 1 1 205 1 1 1 205 1 205 205 1 205 1 1 1 205 1 1 1 205 1 1 205 1 205 205 1 205 1 1 1 205 1 1 1 409 409 1 1 1 1 1 1 205 1 1 1 1 1 1 1 205 205 1 1 1 1 1 1 1 1 1 1 1 1 1 1 1 205 205 1 1 205 1 1 1 1 1 1 1 205 1 1 1 205 1 1 1 205 205 1 1 1 1 1 1 1 205 1 1 1 205 1 205 205 1 1 1 1 1 205 1 1 1 1 1 1 1 1 1 1 1 1 205 1 1 1 1 1 1 1 1 1 1 1 1 1 1 1 
c [Main] Lowest label SAT is set to 1024.
c [Main] Kill higher label pid 1025.
c [Main] Kill higher label pid 1026.
c [Main] Kill higher label pid 1027.
c [Main] Kill higher label pid 1028.
c [Label = 1020] Minimize Makespan Labeling problem (W-685_bus.mtx.rnd):
c [Main] Lowest label SAT is set to 1021.
c [Main] Kill higher label pid 1022.
c [Main] Kill higher label pid 1023.
c [Main] Kill higher label pid 1025.
c [Main] Kill higher label pid 1026.
c [Main] Kill higher label pid 1027.
c [Main] Kill higher label pid 1028.
c [Label = 1019] Minimize Makespan Labeling problem (W-685_bus.mtx.rnd):
c [Main] Kill higher label pid 1025.
c [Main] Kill higher label pid 1026.
c [Main] Kill higher label pid 1027.
c [Main] Kill higher label pid 1028.
c [Label = 1018] Minimize Makespan Labeling problem (W-685_bus.mtx.rnd):
c [Label = 1017] Minimize Makespan Labeling problem (W-685_bus.mtx.rnd):
c [Main] Kill higher label pid 1026.
c [Label = 1015] Minimize Makespan Labeling problem (W-685_bus.mtx.rnd):
c [Label = 1016] Minimize Makespan Labeling problem (W-685_bus.mtx.rnd):
c [Main] Kill higher label pid 1026.
c [Label = 1014] Minimize Makespan Labeling problem (W-685_bus.mtx.rnd):
c [Label = 1013] Minimize Makespan Labeling problem (W-685_bus.mtx.rnd):
c [Label = 1020] Encoding starts with target value = 204:
c [Label = 1020] Encoding duration: 13620ms.
c [Label = 1020] Number of clauses: 8767358.
c [Label = 1020] Number of variables: 1809235.
c [Label = 1020] Solving duration: 30911 ms.
s [Label = 1020] UNSAT (w = 204).
c [Label = 1017] Encoding starts with target value = 204:
c [Label = 1017] Encoding duration: 13556ms.
c [Label = 1017] Number of clauses: 8746228.
c [Label = 1017] Number of variables: 1805125.
c [Label = 1017] Solving duration: 30827 ms.
s [Label = 1017] UNSAT (w = 204).
c [Label = 1016] Encoding starts with target value = 204:
c [Label = 1016] Encoding duration: 13617ms.
c [Label = 1016] Number of clauses: 8737675.
c [Label = 1016] Number of variables: 1803755.
c [Label = 1016] Solving duration: 30847 ms.
s [Label = 1016] UNSAT (w = 204).
c [Label = 1013] Encoding starts with target value = 204:
c [Label = 1013] Encoding duration: 13713ms.
c [Label = 1013] Number of clauses: 8712014.
c [Label = 1013] Number of variables: 1799645.
c [Label = 1013] Solving duration: 30725 ms.
s [Label = 1013] UNSAT (w = 204).
c [Label = 1014] Encoding starts with target value = 204:
c [Label = 1014] Encoding duration: 13663ms.
c [Label = 1014] Number of clauses: 8720568.
c [Label = 1014] Number of variables: 1801015.
c [Label = 1014] Solving duration: 30817 ms.
s [Label = 1014] UNSAT (w = 204).
c [Label = 1019] Encoding starts with target value = 204:
c [Label = 1019] Encoding duration: 13994ms.
c [Label = 1019] Number of clauses: 8763335.
c [Label = 1019] Number of variables: 1807865.
c [Label = 1019] Solving duration: 30691 ms.
s [Label = 1019] UNSAT (w = 204).
c [Label = 1015] Encoding starts with target value = 204:
c [Label = 1015] Encoding duration: 13894ms.
c [Label = 1015] Number of clauses: 8729121.
c [Label = 1015] Number of variables: 1802385.
c [Label = 1015] Solving duration: 30782 ms.
s [Label = 1015] UNSAT (w = 204).
c [Label = 1018] Encoding starts with target value = 204:
c [Label = 1018] Encoding duration: 13705ms.
c [Label = 1018] Number of clauses: 8754782.
c [Label = 1018] Number of variables: 1806495.
c [Label = 1018] Solving duration: 30951 ms.
s [Label = 1018] UNSAT (w = 204).
c [Main] Highest label UNSAT is set to 1020
c [Main] Kill lower label pid 1013.
c [Main] Kill lower label pid 1014.
c [Main] Kill lower label pid 1015.
c [Main] Kill lower label pid 1016.
c [Main] Kill lower label pid 1017.
c [Main] Kill lower label pid 1018.
c [Main] Kill lower label pid 1019.
c [Main] Kill lower label pid 1013.
c [Main] Kill lower label pid 1014.
c [Main] Kill lower label pid 1015.
c [Main] Kill lower label pid 1016.
c [Main] Kill lower label pid 1013.
c [Main] Kill lower label pid 1014.
c [Main] Kill lower label pid 1015.
c [Main] Kill lower label pid 1014.
c [Main] Kill lower label pid 1015.
c [Main] Kill lower label pid 1018.
c [Signal] Signal interruption. Caught signal: SIGTERM (15).
c [Main] All children have completed.
r [Main] 
r [Main] Final results: 
r [Main] Lowest label SAT:  	1021.
r [Main] Highest label UNSAT:	1020.
r [Main] Total real time: 67795 ms.
r [Main] Total memory consumed: 26162.8 MB.
r [Main] 
