c [Version] Minimize Makespan Labeling Encoder version 1.0.0.
c [Param] LB is predefined as 68.
c [Param] UB is predefined as 333.
c [Param] Memory limit is set to 30000.
c [Param] Real time limit is set to 1800.
c [Param] Max CNF size is set to 10.
c [Main] Search strategy: Incremental from upper bound.
c [Main] Encoding and solving for graph: P-can__445.mtx.rnd.
c [Incremental] Minimize Makespan Labeling Antibandwidth problem (P-can__445.mtx.rnd):
c [Incremental] Encoding starts with target value = 67:
c [Incremental] Encoding duration: 2534ms.
c [Incremental] Number of clauses: 2911625.
c [Incremental] Number of variables: 397570.
c [Incremental] Solving for max label = 333:
c [Incremental] Solving duration: 215827 ms.
s [Incremental] SAT (label = 333).
Label assignment: 168 113 266 333 124 91 47 117 72 20 245 135 171 130 226 289 328 281 137 333 204 216 87 131 274 332 101 268 10 219 266 127 333 46 266 261 316 310 100 104 162 225 292 88 193 136 333 135 40 184 240 98 68 133 29 275 156 285 183 253 53 194 157 162 154 7 97 5 246 31 69 222 298 32 266 320 199 26 135 282 293 199 333 112 160 96 144 333 121 186 3 95 105 36 323 38 306 212 35 254 333 37 137 333 52 130 102 214 266 30 247 13 2 68 86 1 1 242 21 192 312 191 235 138 195 154 73 311 54 248 33 205 68 237 277 126 61 291 136 325 1 137 302 70 196 1 1 110 109 266 266 321 234 208 199 333 175 280 178 268 270 51 199 333 173 48 1 257 161 14 132 83 15 333 178 333 44 315 106 1 39 114 197 232 150 56 182 317 34 65 128 203 138 333 1 43 286 307 264 333 74 16 115 262 215 132 120 202 74 199 276 141 236 213 82 15 70 45 329 1 188 75 23 4 303 229 229 301 92 259 228 78 243 111 211 267 231 227 1 273 166 134 84 327 145 2 89 42 152 239 255 99 55 148 233 313 150 22 166 70 122 288 331 66 185 297 68 179 131 223 221 81 266 1 278 256 1 265 266 266 236 18 28 294 265 153 333 1 209 258 123 322 41 149 50 230 1 333 1 143 70 147 11 266 333 260 163 14 58 155 244 59 79 158 80 238 305 314 272 71 226 187 217 19 284 85 1 251 241 206 290 1 333 221 12 309 333 261 170 68 201 180 283 17 1 177 279 266 333 150 207 265 1 27 62 169 82 174 143 99 6 198 3 319 269 165 2 103 125 119 250 118 108 326 318 71 163 151 71 152 199 1 138 142 249 141 107 190 76 83 70 77 2 93 200 252 116 287 164 2 296 324 94 139 167 308 3 295 72 25 189 220 176 3 146 129 333 1 24 300 224 330 57 60 67 181 68 263 210 4 64 49 8 271 63 172 140 218 1 9 299 333 304 90 159 
c [Incremental] Max used label: 333.
c [Incremental] Label 333 is removed from searching.
c [Incremental] Solving for max label = 332:
c [Incremental] Solving duration: 29592 ms.
s [Incremental] SAT (label = 332).
Label assignment: 169 113 265 332 122 91 47 117 68 4 245 135 184 130 264 289 298 281 137 326 204 216 85 129 274 332 99 265 10 235 228 127 332 46 265 261 331 266 105 108 161 225 292 101 203 136 332 135 205 332 242 98 102 132 22 275 331 306 183 1 53 194 164 173 150 7 97 5 246 31 69 219 302 32 265 128 197 26 169 282 293 197 332 77 160 89 144 124 199 186 3 95 323 36 323 1 297 212 43 232 332 40 137 332 52 134 104 215 265 264 247 39 2 68 81 1 1 264 21 68 312 191 240 138 195 154 73 311 54 241 68 209 68 237 277 332 61 291 136 325 1 137 302 86 193 1 1 110 109 265 265 321 234 208 198 324 197 280 178 285 270 51 196 332 138 48 310 252 162 33 126 101 15 332 178 331 44 309 106 1 42 114 192 230 151 56 182 316 35 65 112 236 138 332 1 41 286 307 263 332 74 17 115 268 152 119 167 237 76 198 276 146 238 213 82 13 70 45 317 1 125 73 23 4 303 229 258 301 92 250 227 94 243 111 211 267 235 235 1 273 169 133 83 327 158 2 81 60 168 284 248 100 55 156 236 313 151 1 175 70 120 302 330 66 185 295 68 179 129 239 221 80 265 1 303 253 1 265 262 135 233 20 37 302 272 147 332 34 210 257 123 315 38 149 50 224 1 300 1 202 70 171 11 1 144 259 163 12 58 152 255 55 78 168 79 244 305 314 303 71 226 201 218 14 304 87 236 231 251 206 290 1 329 217 28 288 322 29 170 68 223 180 283 30 1 188 279 265 332 151 207 256 18 9 62 166 332 174 138 107 6 198 19 318 269 177 24 103 121 222 246 118 88 319 308 71 157 153 71 154 332 1 141 142 249 143 71 190 71 84 70 75 2 96 200 254 116 287 165 2 187 320 93 139 176 278 3 294 72 25 189 214 138 16 145 131 148 1 27 303 155 328 57 63 67 181 68 260 1 4 64 49 6 271 59 172 140 220 1 8 299 296 304 90 159 
c [Incremental] Max used label: 332.
c [Incremental] Label 332 is removed from searching.
c [Incremental] Solving for max label = 331:
c [Incremental] Solving duration: 610 ms.
s [Incremental] SAT (label = 331).
Label assignment: 169 113 264 331 124 91 47 117 68 4 245 135 184 130 264 289 298 281 137 326 204 216 85 129 274 331 99 264 10 235 228 125 331 46 264 261 331 266 105 108 161 225 292 101 203 136 331 135 205 331 242 98 102 132 22 275 331 306 183 1 53 194 164 173 150 7 97 5 246 31 69 219 302 32 264 128 197 26 169 282 293 197 331 77 160 89 144 123 198 186 3 95 323 36 323 1 297 212 43 232 331 40 137 331 52 134 104 215 264 264 247 39 2 68 81 1 1 264 21 68 312 191 240 138 195 154 73 311 54 241 68 209 68 237 277 331 61 291 136 325 1 137 302 86 193 1 1 110 109 264 264 321 234 208 197 324 197 280 178 285 270 51 196 122 138 48 310 252 162 33 126 101 15 331 178 331 44 309 106 1 42 114 192 230 151 56 182 316 35 65 112 236 138 331 1 41 286 307 263 331 74 17 115 268 152 119 167 237 76 197 276 146 238 213 82 13 70 45 317 1 131 73 23 4 303 229 258 301 92 250 227 94 243 111 211 265 235 235 1 273 169 133 83 327 158 2 81 60 168 284 248 100 55 156 236 313 151 1 175 70 120 302 330 66 185 295 68 179 127 239 221 80 264 1 303 253 1 267 262 135 233 20 37 302 272 147 331 34 210 257 199 315 38 149 50 224 1 300 1 202 70 171 11 1 144 259 163 12 58 152 255 55 78 168 79 244 305 314 303 71 226 201 218 14 304 87 236 231 251 206 290 1 329 217 28 288 322 29 170 68 223 180 283 30 1 188 279 264 331 151 207 256 18 9 62 166 331 174 138 107 6 197 19 318 269 177 24 103 121 222 246 118 88 319 308 71 157 153 71 154 331 1 141 142 249 143 71 190 71 84 70 75 2 96 200 254 116 287 165 2 187 320 93 139 176 278 3 294 72 25 189 214 138 16 145 130 148 1 27 303 155 328 57 63 67 181 68 260 1 4 64 49 6 271 59 172 140 220 1 8 299 296 304 90 159 
c [Incremental] Max used label: 331.
c [Incremental] Label 331 is removed from searching.
c [Incremental] Solving for max label = 330:
c [Incremental] Solving duration: 31674 ms.
s [Incremental] SAT (label = 330).
Label assignment: 169 113 261 330 122 91 47 108 68 4 245 135 184 127 257 289 298 270 137 326 204 216 85 330 274 327 99 262 10 235 228 127 330 46 261 261 299 266 105 165 161 225 292 119 203 136 330 135 205 317 242 98 102 132 22 275 329 306 181 32 53 188 164 172 150 7 97 5 246 31 69 219 302 35 258 179 194 26 169 281 293 190 330 77 160 89 144 124 199 186 3 95 323 36 323 1 287 212 43 232 330 30 137 138 52 130 134 215 262 243 247 39 2 68 81 1 1 232 21 68 318 191 240 138 195 154 73 311 54 241 68 209 68 237 277 330 61 291 136 325 1 137 302 86 195 1 1 110 121 263 263 327 234 208 196 324 98 280 177 285 271 51 193 115 138 48 310 252 162 33 129 101 15 330 178 328 44 309 106 1 42 114 192 230 151 56 182 328 30 65 116 236 329 330 1 41 286 307 263 330 74 17 112 268 152 123 167 237 76 196 276 146 231 213 82 13 70 45 321 1 131 73 23 4 303 229 259 301 92 249 227 94 267 111 211 265 235 261 1 128 169 133 83 327 158 2 81 60 168 269 248 100 55 156 256 328 151 1 175 70 120 302 330 66 185 295 68 193 126 239 221 80 263 1 303 253 1 264 262 135 233 20 37 330 272 147 330 34 210 257 197 315 40 149 50 224 1 300 1 202 70 139 11 1 144 259 163 12 62 152 255 57 78 187 79 244 305 314 308 104 226 201 218 14 312 87 238 231 251 206 290 1 329 217 28 288 322 29 170 68 223 171 283 30 1 176 279 263 330 151 207 256 18 9 42 166 330 174 138 107 6 194 19 313 273 198 38 103 125 222 260 117 88 319 316 71 157 153 71 154 330 1 141 142 254 143 71 183 71 84 70 75 2 96 200 250 118 284 165 3 190 320 93 139 173 278 24 294 72 25 189 214 138 16 145 109 148 1 27 330 155 328 59 63 67 180 68 262 1 4 64 49 6 282 58 195 140 220 1 8 297 296 304 90 159 
c [Incremental] Max used label: 330.
c [Incremental] Label 330 is removed from searching.
c [Incremental] Solving for max label = 329:
c [Incremental] Solving duration: 54516 ms.
s [Incremental] SAT (label = 329).
Label assignment: 172 329 262 328 68 91 48 55 114 4 254 135 174 68 262 287 191 270 25 315 244 206 329 195 274 2 95 262 261 194 251 107 329 1 261 222 299 319 318 165 156 214 301 120 1 175 329 169 206 295 247 96 118 170 224 275 329 286 1 49 133 1 262 84 151 16 119 21 255 24 69 205 154 32 262 161 128 8 51 281 293 128 30 77 158 26 154 195 199 122 12 75 329 31 246 38 305 221 46 223 329 22 177 127 329 68 152 141 262 243 245 329 2 68 81 209 201 232 1 329 323 201 240 149 185 153 68 300 40 249 97 250 105 213 277 329 62 307 1 309 43 183 322 11 195 1 37 108 68 265 262 298 212 208 102 329 94 272 187 304 271 65 1 121 138 54 236 262 157 33 184 126 3 195 329 329 128 316 111 160 35 70 198 211 137 56 45 312 27 64 106 200 317 329 207 196 284 326 263 113 70 20 129 268 210 195 171 219 83 188 320 147 231 234 127 13 88 139 191 1 132 39 12 41 303 13 262 297 73 259 227 127 266 98 217 268 262 195 29 104 327 130 82 100 145 257 165 1 329 269 242 76 248 144 260 329 1 44 179 252 123 329 124 66 329 294 70 159 195 239 220 329 261 1 306 215 1 264 253 186 230 9 3 329 276 168 101 193 201 262 189 310 195 131 50 227 47 302 237 256 110 164 60 3 148 235 143 68 99 125 313 112 202 53 58 229 288 314 267 181 225 203 204 2 308 86 241 15 251 290 282 1 128 218 1 325 246 52 146 68 135 155 301 17 14 178 289 262 1 137 109 258 18 7 116 163 329 195 139 100 216 140 78 166 278 142 61 10 329 115 226 117 136 329 329 80 93 90 324 19 329 1 173 134 291 150 71 167 72 70 92 85 1 6 197 228 36 273 329 42 59 283 89 222 162 279 23 296 87 1 190 237 138 233 135 34 182 57 1 193 238 292 5 74 67 166 68 262 4 101 63 103 192 311 28 180 176 254 1 135 285 321 280 79 146 
c [Incremental] Max used label: 329.
c [Incremental] Label 329 is removed from searching.
c [Incremental] Solving for max label = 328:
c [Incremental] Solving duration: 197589 ms.
s [Incremental] SAT (label = 328).
Label assignment: 328 1 261 7 284 110 65 150 133 10 216 165 183 76 112 155 204 223 170 305 209 328 328 194 328 33 194 262 233 166 261 30 19 68 215 261 297 194 328 94 328 214 281 90 1 296 317 142 238 167 238 75 121 147 151 274 196 327 78 52 116 80 224 328 154 21 124 43 68 4 118 261 186 23 306 72 123 1 40 328 283 22 28 49 177 68 163 184 201 327 7 82 293 1 1 32 228 260 84 258 328 27 276 328 113 68 100 140 322 229 261 101 13 72 8 210 201 228 1 182 287 92 227 192 102 328 70 272 115 246 99 223 93 223 279 252 68 193 5 328 45 151 257 110 307 125 174 289 243 11 50 328 246 206 86 324 161 304 149 264 270 61 16 64 154 131 266 1 172 24 153 87 14 235 207 298 44 313 68 328 169 315 160 135 146 103 68 142 5 67 316 200 10 239 210 217 321 309 47 328 79 1 312 238 261 195 168 251 88 189 1 139 205 206 5 302 231 180 145 326 268 129 63 77 328 253 46 314 68 214 247 98 232 68 259 1 261 157 18 62 328 107 51 91 179 68 127 1 328 220 20 127 212 1 261 291 3 37 171 261 271 301 286 128 292 245 74 175 190 242 225 261 236 12 282 109 1 265 249 280 261 60 25 300 277 144 328 188 237 241 132 275 199 35 87 178 41 75 38 208 142 2 56 1 328 248 285 59 1 120 230 111 206 17 187 203 311 36 267 156 213 295 254 87 318 139 244 294 250 253 328 139 173 222 34 1 162 55 328 68 135 328 273 8 26 299 29 310 194 185 323 72 31 194 97 328 105 158 136 308 148 143 184 138 278 141 172 106 104 108 261 176 126 288 119 96 1 15 219 72 117 6 149 48 218 164 85 159 69 81 9 95 42 73 197 234 114 255 328 70 269 226 105 320 136 57 89 328 105 1 198 328 156 221 137 256 319 72 1 191 263 328 122 66 58 154 54 240 1 71 39 211 53 134 261 303 152 325 1 83 202 181 1 130 290 
c [Incremental] Max used label: 328.
c [Incremental] Label 328 is removed from searching.
c [Incremental] Solving for max label = 327:
c [Incremental] Solving duration: 754 ms.
s [Incremental] SAT (label = 327).
Label assignment: 327 1 260 7 284 110 65 134 104 10 216 165 183 76 112 155 204 223 170 305 209 327 327 193 327 33 193 261 233 166 260 30 19 68 215 260 297 193 327 94 327 214 281 90 1 296 317 142 238 167 238 75 121 147 151 274 196 327 78 52 116 80 224 327 154 21 124 43 68 4 118 260 186 23 306 72 123 1 40 171 283 22 28 49 177 68 163 184 201 327 7 82 293 1 1 32 228 260 84 258 327 27 276 327 113 68 100 140 322 229 260 101 13 72 8 210 199 228 1 182 287 92 227 192 102 327 70 272 115 246 99 223 93 223 279 252 68 194 5 327 45 151 257 110 307 125 174 289 243 11 50 327 246 206 86 324 161 304 149 264 270 61 16 64 154 131 266 1 172 24 153 87 14 235 207 298 44 313 68 327 169 315 160 135 146 103 68 142 5 67 316 200 10 239 210 217 321 309 47 327 79 1 312 238 262 194 168 251 88 189 1 139 205 206 5 302 231 180 145 326 268 129 63 77 327 253 46 314 68 214 247 98 232 68 259 1 260 157 18 62 327 107 51 91 179 68 126 1 327 220 20 126 212 1 260 291 3 41 171 260 271 301 286 128 292 245 74 175 190 242 225 260 236 12 282 109 1 265 249 280 260 59 25 300 277 144 327 188 237 241 132 275 195 35 87 178 37 75 38 208 142 2 55 1 327 248 285 56 1 120 230 111 206 17 187 203 311 36 267 156 213 295 254 87 318 139 244 294 250 253 327 139 173 222 34 1 162 57 327 68 135 327 273 8 26 299 29 310 193 185 323 72 31 193 97 327 105 158 136 308 148 143 184 138 278 141 172 106 104 108 260 176 127 288 119 96 1 15 219 72 117 6 149 48 218 164 85 159 69 81 9 95 42 73 197 234 114 255 327 70 269 226 105 320 136 60 89 327 105 1 198 327 152 221 137 256 319 72 1 191 263 327 122 66 58 154 54 240 1 71 39 211 53 133 260 303 150 325 1 83 202 181 1 130 290 
c [Incremental] Max used label: 327.
c [Incremental] Label 327 is removed from searching.
c [Incremental] Solving for max label = 326:
c [Incremental] Solving duration: 27492 ms.
s [Incremental] SAT (label = 326).
Label assignment: 326 1 219 7 284 110 65 150 113 15 216 165 195 76 112 155 204 223 170 305 209 324 326 325 326 33 154 261 233 166 243 30 16 68 215 259 297 173 264 130 325 214 281 90 1 296 317 142 238 167 238 75 121 147 151 274 201 312 78 52 116 80 224 326 154 21 124 43 68 4 118 255 186 23 306 72 123 1 40 307 283 22 28 49 177 68 163 185 201 326 7 82 293 1 1 32 228 258 84 258 314 25 276 151 122 68 100 140 322 229 259 101 13 72 8 210 201 27 1 182 287 85 194 190 102 324 70 272 115 226 99 223 92 221 279 252 72 253 5 311 45 151 257 110 326 123 174 289 243 11 50 324 193 206 86 324 198 304 149 263 270 63 26 64 160 131 266 1 179 24 153 87 14 235 207 298 44 313 68 325 169 315 227 135 146 81 68 142 5 67 316 184 10 239 210 217 321 309 47 313 79 1 312 238 183 191 168 244 88 189 1 139 205 206 5 302 231 180 145 326 268 129 59 77 326 253 46 267 68 220 246 98 232 68 259 1 259 157 18 60 325 93 51 91 5 104 125 1 326 262 1 124 212 1 258 291 3 37 171 247 271 301 286 128 292 245 74 175 190 242 225 259 236 12 282 109 1 265 249 280 223 57 10 300 277 171 326 188 237 241 132 275 199 35 68 178 41 75 38 208 142 2 56 1 326 248 285 58 1 120 230 111 206 17 187 203 311 36 260 156 213 295 254 87 318 139 244 294 114 253 326 139 181 222 34 1 162 55 326 68 135 326 273 8 20 299 29 310 192 185 323 72 31 192 97 315 105 158 136 308 148 143 177 137 278 141 172 106 107 108 257 200 126 288 134 96 1 19 251 72 117 6 144 48 218 164 83 159 69 81 9 95 42 73 196 234 114 255 326 70 269 240 105 320 136 61 89 326 105 1 198 326 152 211 139 256 319 94 1 191 323 326 119 66 62 138 54 250 1 71 39 197 53 133 258 303 176 325 1 103 202 161 1 127 290 
c [Incremental] Max used label: 326.
c [Incremental] Label 326 is removed from searching.
c [Incremental] Solving for max label = 325:
c [Incremental] Solving duration: 28365 ms.
s [Incremental] SAT (label = 325).
Label assignment: 325 1 219 16 284 110 65 148 113 15 216 165 195 76 112 155 204 223 170 305 209 324 322 308 325 33 154 261 233 166 251 30 325 68 215 258 297 173 264 130 325 214 281 90 1 296 317 142 238 167 238 75 119 147 151 274 201 312 78 52 116 80 224 323 154 21 124 43 68 4 118 254 186 23 306 72 123 1 40 307 283 22 28 49 177 68 163 325 201 325 7 77 293 1 1 32 228 258 63 240 311 25 276 150 122 68 100 140 257 229 258 101 13 72 8 210 201 27 1 182 287 85 194 190 102 324 70 272 115 226 99 258 79 221 279 180 72 253 5 310 45 184 257 110 320 123 174 289 247 237 50 324 193 206 82 324 198 304 149 262 270 61 26 64 160 131 266 1 179 24 153 87 14 235 207 298 44 313 68 325 169 315 152 135 146 81 68 142 5 67 316 184 325 239 210 217 321 309 47 325 79 1 312 238 183 191 168 244 88 189 39 139 205 206 5 302 231 180 145 325 268 129 60 115 324 253 46 267 68 220 246 98 232 68 258 1 258 157 11 59 325 93 51 91 5 104 122 1 325 263 1 124 212 1 258 291 3 37 171 256 271 301 286 128 292 245 74 175 190 242 225 256 236 12 282 109 1 265 249 280 223 57 10 300 277 171 325 188 237 241 132 275 199 35 68 178 41 75 38 202 142 2 56 1 325 248 285 55 1 120 230 97 206 17 187 203 316 36 260 18 213 295 254 86 318 139 227 294 114 259 321 139 181 222 34 190 162 55 325 68 137 325 273 8 20 299 29 180 189 185 324 72 31 191 95 315 105 158 136 314 197 143 177 138 278 141 172 103 107 108 257 200 126 288 134 96 1 19 252 72 113 6 159 48 218 164 83 161 69 92 9 89 42 73 192 234 125 255 325 106 269 243 105 1 136 58 121 325 111 1 198 325 156 211 139 257 319 106 1 191 323 325 117 66 62 144 54 250 1 71 84 196 53 133 13 303 185 325 1 94 208 176 1 127 290 
c [Incremental] Max used label: 325.
c [Incremental] Label 325 is removed from searching.
c [Incremental] Solving for max label = 324:
c [Incremental] Solving duration: 52489 ms.
s [Incremental] SAT (label = 324).
Label assignment: 5 1 219 30 6 69 65 148 113 228 68 149 159 125 103 150 202 25 152 324 34 324 324 148 1 49 176 261 5 181 251 58 11 74 222 218 298 183 257 123 324 214 281 175 1 268 296 199 243 138 235 97 170 147 1 264 172 4 112 44 171 115 190 317 162 203 105 1 68 257 118 42 186 2 292 69 290 204 36 324 283 23 257 4 136 68 163 7 133 324 43 1 324 257 289 35 228 240 41 237 306 53 269 322 90 68 70 245 259 178 215 122 2 96 19 169 201 50 324 121 137 109 194 149 102 313 71 70 131 253 134 233 79 210 279 192 72 89 319 324 106 166 253 71 324 81 153 1 227 216 87 324 191 100 307 310 190 304 137 324 272 61 297 64 168 202 266 45 188 67 145 101 21 157 187 302 299 324 13 324 169 318 149 209 145 81 68 173 1 63 274 242 166 224 220 215 321 211 57 324 69 84 282 239 16 164 52 238 136 157 17 139 144 2 257 324 213 184 324 69 267 128 76 99 323 256 244 276 126 188 246 114 217 120 249 1 254 62 12 59 245 305 56 324 3 86 104 38 324 263 24 142 232 2 33 257 1 15 165 250 271 301 286 231 291 208 101 160 158 324 234 248 236 2 1 116 1 324 190 46 244 75 39 324 1 154 320 314 230 241 132 275 199 22 124 2 257 110 51 324 177 66 68 27 316 251 280 10 324 122 221 85 206 247 190 207 294 2 103 32 9 295 252 95 311 167 244 257 92 258 324 136 184 229 18 195 151 37 300 284 287 285 273 28 47 288 322 159 177 185 262 40 31 71 83 312 90 69 137 308 197 323 146 1 270 260 157 79 117 189 257 196 156 324 123 82 141 179 8 77 88 29 111 54 135 2 94 155 278 93 48 69 226 73 182 205 127 257 324 98 20 223 257 2 140 129 99 2 119 193 134 315 161 190 139 14 265 107 212 174 293 309 225 60 130 257 2 255 26 80 108 198 55 200 78 303 180 324 1 91 142 184 2 143 277 
c [Incremental] Max used label: 324.
c [Incremental] Label 324 is removed from searching.
c [Incremental] Solving for max label = 323:
c [Incremental] Solving duration: 310747 ms.
s [Incremental] SAT (label = 323).
Label assignment: 1 11 323 5 233 86 257 145 163 17 215 156 1 323 103 108 271 262 183 102 319 57 173 192 181 69 194 323 296 127 87 111 256 301 166 7 231 205 139 175 18 24 168 218 118 190 27 128 281 72 29 202 165 5 64 39 188 323 147 232 146 230 167 323 255 5 2 207 213 149 76 9 21 310 318 265 34 3 256 96 222 43 120 295 153 309 154 172 199 297 323 131 4 1 72 180 276 76 270 5 168 267 50 26 110 217 299 25 46 70 72 49 227 117 41 186 163 4 146 323 63 1 138 216 113 175 51 236 179 304 256 134 157 155 122 247 99 189 256 322 210 201 256 70 323 82 52 84 323 106 5 143 303 189 23 203 71 66 282 170 77 294 248 159 176 226 313 1 22 65 193 229 75 178 280 137 323 2 197 59 189 206 264 129 289 98 220 133 144 284 323 323 201 251 323 78 162 97 11 20 95 272 298 277 323 189 187 68 146 317 45 243 15 323 14 259 70 279 288 74 55 230 132 268 44 89 256 3 323 214 62 323 223 68 7 10 307 285 323 323 300 266 32 208 235 48 70 99 13 195 1 222 150 234 81 68 239 256 135 112 105 40 287 88 286 131 244 189 114 19 269 73 90 221 47 1 85 4 254 53 323 9 68 81 256 323 158 12 252 275 92 261 80 323 68 323 256 246 292 323 126 164 101 31 174 2 225 3 1 315 212 323 323 148 237 35 256 3 79 42 61 164 2 127 323 107 67 278 72 119 323 161 241 185 38 183 125 204 321 306 130 228 189 127 238 54 149 105 140 258 115 230 256 155 116 60 256 72 169 204 323 30 1 142 274 16 184 160 136 121 1 135 91 283 99 8 198 177 249 196 256 314 302 320 151 290 191 136 305 6 323 323 240 253 33 4 152 163 94 291 3 273 100 293 104 260 109 256 171 155 312 209 124 211 256 250 36 316 311 161 323 308 245 93 56 137 263 69 28 141 200 219 2 123 323 256 182 323 1 37 58 224 83 323 242 
c [Incremental] Max used label: 323.
c [Incremental] Label 323 is removed from searching.
c [Incremental] Solving for max label = 322:
c [Incremental] Solving duration: 38388 ms.
s [Incremental] SAT (label = 322).
Label assignment: 1 11 322 5 233 86 257 145 177 25 215 156 1 319 103 108 271 262 183 102 319 66 173 192 181 69 194 317 296 127 87 111 255 301 166 7 231 205 139 175 18 24 168 218 121 190 27 128 281 72 30 202 165 5 64 39 173 71 147 232 146 230 167 314 255 5 2 207 213 149 76 9 21 310 318 265 34 3 255 96 222 43 118 295 153 309 154 172 199 297 322 134 4 1 72 180 276 76 270 5 8 267 50 26 110 213 299 1 46 70 322 49 227 117 41 185 130 4 146 322 67 1 138 216 113 175 54 236 179 304 252 134 157 155 100 247 160 187 255 322 210 201 255 70 319 82 52 84 317 122 5 143 303 180 23 203 71 63 282 170 77 294 248 159 176 226 313 1 22 65 193 229 75 178 280 137 322 2 197 59 183 206 264 129 289 98 220 133 144 284 322 322 201 251 322 78 162 97 11 20 91 272 298 277 322 180 185 1 146 317 45 243 15 322 14 259 70 279 288 74 55 230 132 268 44 89 247 3 322 214 62 316 223 68 7 10 307 285 318 317 300 266 32 208 235 48 70 99 13 195 1 222 150 234 81 68 239 255 135 112 83 40 287 88 286 131 244 182 114 19 269 73 90 221 47 1 85 4 254 51 322 9 68 81 252 320 158 12 252 275 92 261 80 321 68 322 255 246 292 322 126 164 101 33 174 2 225 3 1 315 212 322 322 148 237 35 250 3 79 42 61 188 2 127 322 107 53 278 72 119 321 152 241 185 37 183 125 204 17 306 134 228 188 127 238 57 149 105 140 258 115 219 249 155 116 60 250 72 169 204 317 31 188 142 274 16 163 121 136 120 1 189 93 283 99 8 198 186 253 196 250 314 302 320 151 290 191 136 305 6 322 322 240 256 28 4 150 135 94 291 3 273 95 293 104 260 109 255 171 155 312 209 124 211 255 250 36 322 311 161 322 308 245 106 56 137 263 69 29 141 200 217 2 123 322 250 184 322 1 38 58 224 84 322 242 
c [Incremental] Max used label: 322.
c [Incremental] Label 322 is removed from searching.
c [Incremental] Solving for max label = 321:
c [Incremental] Solving duration: 639 ms.
s [Incremental] SAT (label = 321).
Label assignment: 1 11 321 5 233 86 257 145 177 25 215 156 1 319 103 108 271 262 183 102 319 66 173 192 181 69 194 317 296 127 87 111 254 301 166 7 231 205 139 175 18 24 168 218 120 190 27 128 281 72 30 202 165 5 64 39 173 71 147 232 146 230 167 314 254 5 2 207 213 149 76 9 21 310 318 265 34 3 254 96 222 43 118 295 153 309 154 172 199 297 320 134 3 1 72 180 276 76 270 5 8 267 50 26 110 213 299 1 46 70 321 49 227 117 41 185 130 4 146 321 67 1 138 216 113 175 53 236 179 304 252 134 157 155 100 247 160 187 254 321 210 201 254 70 319 82 52 84 317 122 5 143 303 180 23 203 71 63 282 170 77 294 248 159 176 255 313 1 22 65 193 229 75 178 280 137 321 2 197 59 183 206 264 129 289 98 220 133 144 284 321 321 201 251 321 78 162 97 11 20 91 272 298 277 321 180 185 1 146 317 45 243 17 321 14 259 70 279 288 74 55 230 132 268 44 89 247 3 321 214 62 316 223 68 7 10 307 285 318 317 300 266 32 208 235 48 70 99 13 195 1 225 150 234 81 68 239 254 135 112 137 40 287 88 286 131 244 182 114 19 269 73 90 221 47 1 85 2 254 51 321 9 68 81 252 320 158 12 252 275 92 261 80 321 68 321 254 246 292 321 126 164 101 33 174 2 228 3 1 315 212 321 321 148 237 35 250 3 79 42 61 188 2 127 321 107 54 278 72 119 321 152 241 185 37 183 125 204 16 306 134 226 187 127 238 57 149 105 140 258 115 219 249 155 116 60 250 72 169 204 317 31 188 142 274 15 163 121 136 120 1 189 93 283 99 8 198 186 253 196 250 312 302 320 151 290 191 136 305 6 321 321 240 256 28 4 150 135 94 291 3 273 95 293 104 260 109 254 171 155 70 209 124 211 254 250 36 321 311 161 321 308 245 106 56 137 263 69 29 141 200 217 2 123 321 250 184 321 1 38 58 224 83 321 242 
c [Incremental] Max used label: 321.
c [Incremental] Label 321 is removed from searching.
c [Incremental] Solving for max label = 320:
c [Incremental] Solving duration: 39363 ms.
s [Incremental] SAT (label = 320).
Label assignment: 1 11 320 5 233 86 257 201 177 34 215 156 1 319 103 108 276 258 183 102 319 66 169 192 181 69 194 320 296 127 87 111 253 301 166 7 231 205 139 175 18 24 168 218 202 190 27 128 262 72 30 202 141 5 64 39 171 71 147 232 146 227 187 314 253 5 2 207 213 149 76 9 21 310 318 263 1 3 213 106 222 43 118 295 153 286 154 172 195 297 317 134 4 1 72 180 268 76 270 5 1 265 50 26 110 213 299 1 46 70 320 49 225 117 41 185 130 4 146 320 67 1 138 216 113 175 54 236 179 304 252 132 157 155 100 247 160 119 253 320 210 200 253 70 319 82 52 84 317 104 5 143 303 180 23 203 71 63 282 170 77 134 248 159 173 226 313 1 22 65 193 229 320 178 280 137 320 2 197 59 183 206 264 129 289 98 220 133 144 271 320 320 199 251 320 94 162 97 11 20 91 272 298 277 320 179 185 1 146 317 45 243 15 320 14 259 70 279 288 74 55 230 132 267 44 89 247 3 320 214 62 316 223 68 7 10 307 285 318 317 300 260 32 208 235 48 70 99 5 266 1 222 163 234 74 79 239 253 135 112 75 40 287 88 284 131 241 186 114 19 269 207 90 221 47 1 83 4 253 51 320 9 96 81 252 320 140 7 252 275 92 261 80 320 68 320 253 244 292 320 126 164 68 33 174 2 219 3 12 315 212 320 320 148 237 35 119 3 74 42 61 122 2 127 283 107 53 278 72 119 305 152 241 182 37 183 125 209 17 306 134 228 135 127 238 57 149 105 140 240 115 219 249 155 116 60 253 72 169 204 317 31 188 142 274 16 167 121 148 186 13 189 191 281 101 8 198 176 253 196 246 308 302 320 151 290 191 136 312 29 320 320 236 256 25 4 150 158 93 291 3 273 95 293 120 255 109 253 165 145 309 73 124 211 253 250 36 320 311 161 320 294 245 192 56 137 254 78 28 140 200 217 6 123 320 250 184 320 1 38 58 224 85 320 242 
c [Incremental] Max used label: 320.
c [Incremental] Label 320 is removed from searching.
c [Incremental] Solving for max label = 319:
c [Incremental] Solving duration: 61293 ms.
s [Incremental] SAT (label = 319).
Label assignment: 1 11 304 27 252 70 257 194 177 34 215 156 1 319 118 108 276 258 183 102 319 66 158 203 69 69 195 319 296 127 87 111 251 319 166 7 231 135 139 187 1 147 76 218 242 185 80 59 261 72 24 202 141 5 64 39 185 71 147 224 146 227 188 319 252 3 2 207 213 140 4 90 152 310 318 263 1 3 213 106 222 43 132 295 138 286 145 185 193 297 311 126 4 1 72 185 268 76 270 5 30 265 50 26 110 252 299 4 46 70 306 54 212 319 41 181 130 4 146 319 49 31 125 216 113 175 2 236 179 304 252 120 162 155 38 252 154 105 252 319 210 200 250 70 319 82 58 84 319 104 53 158 303 180 23 203 71 63 282 56 71 170 252 159 173 226 313 1 135 52 196 229 318 178 280 137 25 2 202 60 183 201 264 129 289 98 220 133 144 271 319 319 199 248 185 94 77 97 11 20 4 272 298 277 312 179 319 1 148 317 1 239 22 315 17 259 70 279 288 81 50 205 134 267 44 68 252 3 319 214 62 314 223 68 14 16 293 285 318 317 300 260 50 206 232 45 91 9 5 266 1 227 163 233 74 79 255 252 119 68 36 40 287 96 284 131 241 177 168 28 269 252 95 221 47 1 89 4 252 65 319 8 99 84 252 319 167 6 252 275 92 262 78 316 75 317 245 243 296 319 123 164 136 35 186 2 219 13 12 292 240 319 319 151 225 33 107 3 73 42 67 101 145 124 283 107 55 278 72 238 302 141 237 185 37 182 135 209 21 307 116 228 69 128 226 61 149 109 165 235 115 208 247 160 114 57 244 72 169 204 174 93 189 142 274 19 161 122 150 176 32 192 190 281 117 4 198 183 252 197 252 308 291 319 151 290 191 121 305 10 319 319 225 256 135 4 150 137 85 296 319 273 202 309 100 253 112 252 1 153 301 86 103 211 234 249 51 319 319 157 319 294 246 171 252 143 254 83 29 172 18 217 15 118 319 250 184 319 1 2 48 229 88 319 230 
c [Incremental] Max used label: 319.
c [Incremental] Label 319 is removed from searching.
c [Incremental] Solving for max label = 318:
c [Incremental] Solving duration: 523441 ms.
s [Incremental] SAT (label = 318).
Label assignment: 1 47 266 9 226 41 255 197 249 41 213 3 303 180 318 68 258 318 135 81 251 72 203 177 231 82 192 312 270 202 93 69 249 294 94 156 27 187 235 49 1 37 150 218 248 129 14 36 318 2 1 302 137 318 65 1 248 318 114 214 2 201 135 290 229 108 6 163 246 251 318 52 166 304 273 102 42 77 204 108 104 1 111 318 318 278 318 162 291 265 223 280 23 160 68 152 249 1 308 89 22 262 318 33 70 276 224 2 9 120 307 44 105 318 1 251 131 259 1 301 144 57 193 251 85 154 83 90 139 264 29 115 1 242 14 247 128 249 69 314 91 188 237 70 318 6 173 3 318 110 56 121 292 190 34 318 184 58 145 21 251 133 48 184 161 251 247 32 185 31 240 84 312 138 318 1 12 3 269 64 177 263 254 59 174 106 220 159 293 243 287 137 189 206 142 130 136 96 61 26 286 88 288 200 318 213 305 137 318 304 9 251 311 318 202 279 101 149 296 216 123 198 241 256 1 281 1 138 171 227 40 119 149 18 148 63 233 285 318 67 306 260 1 167 197 2 75 318 13 239 43 39 150 221 234 68 217 181 132 78 60 1 318 97 318 134 318 176 131 233 268 215 108 107 209 15 157 117 219 182 297 175 124 16 73 282 133 17 207 249 50 261 183 313 126 309 38 87 118 318 20 165 109 14 237 2 211 318 1 272 222 318 317 151 199 172 95 169 295 9 32 179 35 116 277 68 3 252 55 253 228 236 134 158 1 170 155 191 141 289 74 30 1 125 300 62 80 244 147 237 76 168 275 238 68 24 245 1 11 267 315 6 208 86 232 1 139 70 216 113 54 194 112 299 68 178 210 170 212 135 79 230 284 274 144 10 249 100 242 28 304 175 122 70 186 169 250 5 98 271 146 195 257 92 4 225 103 108 25 283 318 45 125 153 196 237 46 298 7 166 8 318 205 66 318 232 304 51 175 140 19 149 127 53 316 251 145 305 71 164 143 187 318 310 99 
c [Incremental] Max used label: 318.
c [Incremental] Label 318 is removed from searching.
c [Incremental] Solving for max label = 317:
c [Incremental] Solving duration: 156456 ms.
s [Incremental] SAT (label = 317).
Label assignment: 129 34 168 92 260 1 53 202 153 317 250 317 317 198 229 315 261 162 250 71 317 68 214 250 226 149 2 32 310 105 314 317 228 192 40 250 235 196 207 219 123 63 132 223 272 227 113 2 205 234 308 68 36 26 65 161 1 251 127 114 183 225 21 37 222 68 183 68 236 317 268 51 116 304 49 84 101 69 250 86 131 303 148 110 317 300 317 1 58 278 230 2 1 144 280 2 317 29 317 1 1 286 56 95 220 317 167 109 295 45 274 71 96 317 7 184 1 54 1 216 91 72 169 106 159 154 1 138 244 5 215 1 121 57 245 70 180 147 42 316 237 75 183 7 317 179 317 2 1 19 183 118 250 317 125 1 151 126 317 190 242 131 317 130 138 317 224 25 122 68 209 6 317 116 314 182 317 152 178 3 20 267 257 28 299 317 221 170 317 206 238 116 185 135 183 135 102 133 68 142 212 44 293 1 220 140 4 70 1 41 197 247 317 317 89 215 1 1 288 157 298 193 199 270 176 269 289 124 198 211 25 317 224 1 17 68 258 291 11 52 317 24 67 1 80 317 187 317 182 256 85 128 281 317 250 98 283 76 135 264 31 172 290 150 312 134 71 189 18 285 240 259 296 103 250 74 71 59 305 81 83 199 160 156 47 30 112 148 35 205 200 301 212 277 165 279 287 297 55 14 163 61 317 294 317 68 231 27 166 284 203 146 1 79 194 273 68 110 317 90 64 66 33 155 317 82 181 239 1 250 188 262 139 134 275 175 276 115 204 4 23 177 68 157 38 60 246 68 104 186 22 88 12 43 108 307 107 135 4 255 201 116 137 77 217 117 202 1 218 9 39 233 241 302 306 174 204 78 213 15 208 1 252 311 141 313 13 136 205 1 317 171 119 3 111 16 145 1 48 8 73 1 263 46 71 253 254 100 191 265 249 173 94 153 248 243 143 62 164 115 309 317 250 158 93 232 87 50 282 99 183 1 120 160 317 210 130 10 292 135 97 195 271 266 131 
c [Incremental] Max used label: 317.
c [Incremental] Label 317 is removed from searching.
c [Incremental] Solving for max label = 316:
c [Signal] Signal interruption. Caught signal: SIGTERM (15).
c [Main] Lim pid ends with result: 254.
r [Main] 
r [Main] Final results: 
r [Main] Total real time: 1806907 ms.
r [Main] Total memory consumed: 1611.5 MB.
r [Main] 
