c [Version] Minimize Makespan Labeling Encoder version 1.0.0.
c [Param] LB is predefined as 85.
c [Param] UB is predefined as 444.
c [Param] Memory limit is set to 30000.
c [Param] Real time limit is set to 1800.
c [Param] Max CNF size is set to 10.
c [Main] Search strategy: Incremental from upper bound.
c [Main] Encoding and solving for graph: T-dwt__592.mtx.rnd.
c [Incremental] Minimize Makespan Labeling Antibandwidth problem (T-dwt__592.mtx.rnd):
c [Incremental] Encoding starts with target value = 84:
c [Incremental] Encoding duration: 5069ms.
c [Incremental] Number of clauses: 5363681.
c [Incremental] Number of variables: 745624.
c [Incremental] Solving for max label = 444:
c [Incremental] Solving duration: 844085 ms.
s [Incremental] SAT (label = 444).
Label assignment: 214 184 195 223 341 210 124 281 129 444 340 178 315 7 246 1 331 205 272 108 99 97 74 183 319 121 228 243 119 276 216 51 124 219 108 290 444 3 83 270 155 44 31 70 310 176 142 65 444 444 376 21 290 360 276 30 165 105 252 4 287 178 298 72 111 444 241 218 45 85 71 88 444 289 444 166 353 110 180 263 268 269 394 251 321 128 152 250 15 347 1 147 196 336 118 286 131 262 34 225 204 146 444 192 168 398 201 295 311 75 116 350 27 48 360 2 172 444 172 136 12 169 360 1 444 1 262 256 114 117 150 60 126 249 360 125 231 262 109 363 179 206 433 202 85 29 240 337 169 6 1 1 360 408 10 188 86 181 179 167 439 384 296 382 3 225 314 63 444 227 294 64 20 204 230 115 388 299 206 222 409 136 3 67 326 285 49 276 215 334 136 59 329 213 120 205 183 139 301 435 95 220 137 288 438 9 303 177 122 189 346 199 444 79 57 5 271 260 444 1 444 355 258 104 344 73 444 336 333 321 444 212 307 76 286 444 121 78 274 360 1 5 130 193 444 419 12 410 120 257 198 390 426 182 6 164 151 247 286 284 422 444 113 330 332 112 96 6 425 360 169 248 2 13 235 192 325 40 424 393 273 3 254 343 289 434 162 1 373 14 56 221 444 106 52 1 191 88 88 94 53 200 428 35 81 224 441 316 431 186 106 358 407 307 175 117 362 365 427 85 69 304 278 193 444 399 217 101 100 401 1 323 145 297 360 368 134 437 100 377 405 62 360 117 306 300 212 444 159 128 357 318 192 11 141 26 371 4 378 18 339 190 99 403 19 234 203 138 239 335 16 308 242 369 383 143 377 209 444 140 348 38 205 292 444 5 82 391 89 211 233 1 226 92 85 54 444 267 1 361 77 119 423 395 159 148 349 238 358 197 312 432 212 187 367 351 421 313 360 95 61 282 444 320 107 360 443 132 7 418 360 364 39 302 375 346 430 360 291 374 359 372 28 328 157 420 85 444 440 213 280 386 354 24 149 444 377 411 102 161 293 153 208 93 380 278 144 22 32 414 370 276 68 387 207 317 230 158 379 127 25 41 309 305 123 417 135 170 154 103 295 404 345 275 84 255 366 395 311 7 324 356 276 36 413 229 276 318 173 1 336 344 189 381 261 296 444 172 47 171 277 400 37 402 283 253 185 444 276 216 416 236 436 46 174 333 98 232 444 183 1 322 325 80 50 396 262 264 442 420 352 194 265 397 91 327 406 266 245 8 244 160 415 252 163 259 133 338 4 33 237 87 96 389 66 17 279 23 285 392 58 412 429 3 43 90 385 42 55 342 205 156 
c [Incremental] Max used label: 444.
c [Incremental] Label 444 is removed from searching.
c [Incremental] Solving for max label = 443:
c [Incremental] Solving duration: 1282 ms.
s [Incremental] SAT (label = 443).
Label assignment: 214 184 195 223 341 210 124 281 129 443 340 178 315 7 246 1 331 205 269 108 99 97 74 183 319 121 228 243 119 276 216 51 124 219 443 290 443 3 83 270 155 44 31 70 310 176 142 65 443 443 376 21 290 353 272 30 165 105 252 4 287 178 298 72 111 443 241 218 45 85 71 88 443 289 443 166 352 110 180 263 268 269 394 251 321 131 152 250 15 347 1 147 196 336 118 286 112 262 34 225 204 146 443 190 168 398 201 295 311 75 116 350 27 48 359 2 172 443 172 136 12 169 359 1 443 1 262 256 114 117 150 60 126 249 359 125 231 262 109 363 179 206 433 202 85 29 240 337 169 6 1 1 359 408 10 188 86 181 179 167 439 384 296 382 3 225 314 63 443 227 294 64 20 204 230 115 388 299 206 222 409 136 3 67 326 285 49 274 215 334 136 59 329 213 120 205 183 139 301 435 95 220 137 288 438 9 303 177 122 189 345 199 443 79 57 5 271 260 168 1 443 355 258 104 344 73 443 336 333 321 443 212 307 76 286 443 120 78 274 359 1 5 130 193 443 419 12 410 359 257 198 390 426 182 6 164 151 247 286 284 422 443 113 330 332 443 96 6 425 359 169 248 2 13 235 192 325 40 424 393 273 3 254 343 289 434 162 1 373 14 56 221 443 106 52 1 191 88 88 94 53 200 428 35 81 224 441 316 431 186 106 358 407 307 175 117 362 365 427 85 69 304 278 193 443 399 217 101 100 401 1 323 145 297 359 368 134 437 100 377 405 62 359 117 306 300 212 443 159 128 357 318 359 11 141 26 371 4 378 18 339 190 99 403 19 234 203 138 239 335 16 308 242 369 383 143 377 209 107 140 348 38 205 292 443 5 82 391 89 211 233 1 226 92 85 54 443 267 1 361 77 119 423 395 159 148 349 238 358 197 312 432 215 187 367 351 421 313 358 95 61 282 443 320 107 358 443 132 7 418 359 364 39 302 375 346 430 360 291 374 359 372 28 328 443 420 85 443 440 213 280 386 354 24 149 443 377 411 102 161 293 153 208 93 380 278 144 22 32 414 370 275 68 387 207 317 230 158 379 127 25 41 309 305 123 417 135 170 154 103 295 404 275 275 84 255 366 395 311 7 324 356 276 36 413 229 275 318 173 1 336 344 189 381 261 296 443 172 47 171 277 400 37 402 283 253 185 443 275 216 416 236 436 46 174 333 98 232 157 183 1 322 325 80 50 396 262 264 442 420 275 194 265 397 91 327 406 266 245 8 244 160 415 252 163 259 133 338 4 33 237 87 96 389 66 17 279 23 285 392 58 412 429 3 43 90 385 42 55 342 191 156 
c [Incremental] Max used label: 443.
c [Incremental] Label 443 is removed from searching.
c [Incremental] Solving for max label = 442:
c [Incremental] Solving duration: 43079 ms.
s [Incremental] SAT (label = 442).
Label assignment: 214 184 195 223 341 210 124 281 129 192 442 178 315 7 246 1 331 205 22 108 99 97 74 183 319 121 226 243 105 271 216 51 122 38 108 290 442 3 83 336 155 44 28 70 310 176 142 65 441 442 376 21 290 358 276 34 165 105 252 4 287 178 298 73 111 442 241 218 45 117 71 88 440 274 50 166 353 110 180 268 257 440 401 251 299 128 152 250 1 344 1 147 196 31 118 286 131 262 442 225 204 146 358 190 168 398 202 295 311 75 116 356 27 48 191 29 172 336 172 136 12 169 345 30 439 1 262 256 114 119 150 60 126 249 360 125 340 262 109 363 20 206 433 202 85 221 333 252 169 6 1 1 360 406 256 194 86 181 179 43 40 384 296 382 3 225 314 63 429 219 294 64 20 190 230 115 388 299 206 228 409 136 3 67 324 308 49 10 215 334 136 59 329 213 106 205 187 139 301 239 101 220 137 288 438 9 305 177 121 189 337 199 439 79 57 5 10 442 252 1 358 355 258 107 342 69 434 335 263 321 254 211 305 76 286 442 106 78 272 358 4 16 130 193 442 418 12 408 15 234 198 390 440 182 6 164 151 247 293 284 422 274 112 326 332 442 96 6 425 324 201 246 442 13 235 318 441 292 349 393 273 3 442 343 274 442 153 1 373 14 56 222 440 106 52 1 181 88 88 94 53 200 428 35 81 224 267 316 431 186 106 442 407 304 175 117 362 364 22 85 72 300 280 193 442 399 22 102 100 403 1 323 145 297 350 368 134 437 92 377 405 62 358 113 306 283 212 428 159 128 357 317 252 11 141 26 371 4 378 1 343 197 106 410 282 236 189 138 264 442 16 307 242 392 375 143 377 203 13 140 358 221 190 18 438 5 82 391 89 207 231 4 226 442 85 54 442 276 1 361 77 120 436 396 159 148 358 238 356 185 310 442 212 181 367 358 421 313 347 95 61 253 432 320 98 427 37 132 275 365 348 379 39 302 358 346 430 426 291 374 359 372 25 328 157 419 85 442 435 213 285 386 354 24 149 270 377 411 91 155 289 158 208 93 380 278 144 22 249 414 370 265 68 387 209 303 229 154 379 127 22 41 309 306 123 417 135 252 171 87 295 404 339 266 84 255 369 395 312 20 160 356 188 4 413 227 237 352 173 1 336 358 181 381 2 296 442 172 47 170 277 400 36 402 260 259 167 156 424 217 416 233 442 46 174 330 103 232 336 190 1 322 325 80 358 394 442 442 442 420 252 194 269 397 104 327 383 266 261 8 245 161 415 244 163 276 133 338 4 32 240 104 96 385 66 17 423 23 279 389 58 412 350 19 33 90 366 42 55 351 162 248 
c [Incremental] Max used label: 442.
c [Incremental] Label 442 is removed from searching.
c [Incremental] Solving for max label = 441:
c [Incremental] Solving duration: 1264 ms.
s [Incremental] SAT (label = 441).
Label assignment: 214 184 195 223 341 210 124 281 129 192 441 178 315 7 246 1 331 205 21 108 99 97 74 183 319 121 226 243 105 271 216 51 122 38 108 290 441 3 83 336 155 44 28 70 310 176 142 65 441 441 376 21 290 357 276 34 165 105 252 4 287 178 298 73 111 441 241 218 45 117 71 88 440 273 50 166 353 110 180 268 257 440 401 251 299 128 152 250 1 344 1 147 196 31 118 286 131 262 441 225 204 146 357 190 168 398 202 295 311 75 116 356 27 48 191 29 172 336 172 136 12 169 345 30 439 1 262 256 114 119 150 60 126 249 360 125 340 262 109 363 20 206 433 202 85 221 333 252 169 6 1 1 360 406 256 194 86 181 179 43 40 384 296 382 3 225 314 63 429 219 294 64 20 189 230 115 388 299 206 228 409 136 3 67 324 308 49 10 215 334 136 59 329 213 105 205 187 139 301 239 101 220 137 288 438 9 305 177 121 189 337 199 439 79 57 5 10 441 252 1 357 355 258 107 342 69 434 335 263 321 254 211 305 76 286 441 105 78 272 357 4 16 130 193 441 418 12 408 15 234 198 390 440 182 6 164 151 247 293 284 422 273 112 326 332 441 96 6 425 324 201 246 441 13 235 318 441 292 349 393 273 3 441 343 273 441 153 1 373 14 56 222 440 106 52 1 181 88 88 94 53 200 428 35 81 224 267 316 431 186 106 441 407 304 175 117 362 364 22 85 72 300 280 190 441 399 22 102 100 403 1 323 145 297 350 368 134 437 92 377 405 62 357 113 306 283 212 428 159 128 357 317 252 11 141 26 371 4 378 1 343 197 105 410 282 236 189 138 264 441 16 307 242 392 375 143 377 203 13 140 358 221 189 18 438 5 82 391 89 207 231 4 226 441 85 54 441 276 1 361 77 120 436 396 159 148 357 238 356 185 310 274 212 181 367 357 421 313 347 95 61 253 432 320 98 427 37 132 275 365 348 379 39 302 357 346 430 426 291 374 359 372 25 328 157 419 85 441 435 213 285 386 354 24 149 270 377 411 91 155 289 158 208 93 380 278 144 22 249 414 370 265 68 387 209 303 229 154 379 127 21 41 309 306 123 417 135 252 171 87 295 404 339 266 84 255 369 395 312 20 160 356 188 4 413 227 237 352 173 1 336 357 181 381 2 296 441 172 47 170 277 400 36 402 260 259 167 156 424 217 416 233 441 46 174 330 103 232 336 189 1 322 325 80 357 394 441 441 441 420 252 194 269 397 104 327 383 266 261 8 245 161 415 244 163 276 133 338 4 32 240 104 96 385 66 17 423 23 279 389 58 412 350 19 33 90 366 42 55 351 162 248 
c [Incremental] Max used label: 441.
c [Incremental] Label 441 is removed from searching.
c [Incremental] Solving for max label = 440:
c [Incremental] Solving duration: 1177 ms.
s [Incremental] SAT (label = 440).
Label assignment: 214 184 195 223 341 210 124 281 129 192 440 178 315 7 246 1 331 205 20 108 99 97 74 183 319 121 226 243 104 271 216 51 122 38 108 290 440 3 83 336 155 44 28 70 310 176 142 65 440 440 376 20 290 356 276 34 165 104 252 4 287 178 298 73 111 440 241 218 45 117 71 88 440 272 50 166 353 110 180 268 257 440 401 251 299 128 152 250 1 344 1 147 196 31 118 286 131 262 440 225 204 146 356 190 168 398 202 295 311 75 116 356 27 48 191 29 172 336 172 136 12 169 345 30 439 1 262 256 114 119 150 60 126 249 360 125 340 262 109 363 20 206 433 202 85 221 333 252 169 6 1 1 358 406 256 194 86 181 179 43 40 384 296 382 3 225 314 63 429 219 294 64 20 188 230 115 388 299 206 228 409 136 3 67 324 308 49 10 215 334 136 59 329 213 101 205 187 139 301 239 101 220 137 288 438 9 305 177 121 188 337 199 439 79 57 5 10 440 252 1 356 355 258 107 342 69 434 335 263 321 254 211 305 76 286 440 104 78 272 356 4 16 130 193 440 418 12 408 15 234 198 390 440 182 6 164 151 247 293 284 422 272 112 326 332 440 96 6 425 324 201 246 440 13 235 318 440 292 349 393 272 3 440 343 272 440 153 1 373 14 56 222 440 106 52 1 181 88 88 94 53 200 428 35 81 224 267 316 431 186 106 440 407 304 175 117 362 364 22 85 72 300 280 189 440 399 22 102 100 403 1 323 145 297 350 368 134 437 92 377 405 62 356 113 306 283 212 428 159 128 356 317 252 11 141 26 371 4 378 1 343 197 104 410 282 236 188 138 264 440 16 307 242 392 375 143 377 203 13 140 357 221 188 18 438 5 82 391 89 207 231 4 226 440 85 54 440 274 1 361 77 120 436 396 159 148 356 238 356 185 310 273 212 181 367 356 421 313 347 95 61 253 432 320 98 427 37 132 275 365 348 379 39 302 356 346 430 426 291 374 359 372 25 328 157 419 85 440 435 213 285 386 354 24 149 270 377 411 91 155 289 158 208 93 380 278 144 21 249 414 370 265 68 387 209 303 229 154 379 127 20 41 309 306 123 417 135 252 171 87 295 404 339 266 84 255 369 395 312 20 160 356 191 4 413 227 237 352 173 1 336 356 181 381 2 296 440 172 47 170 277 400 36 402 260 259 167 156 424 217 416 233 440 46 174 330 103 232 336 188 1 322 325 80 356 394 440 440 440 420 252 194 269 397 104 327 383 266 261 8 245 161 415 244 163 276 133 338 4 32 240 105 96 385 66 17 423 23 279 389 58 412 350 19 33 90 366 42 55 351 162 248 
c [Incremental] Max used label: 440.
c [Incremental] Label 440 is removed from searching.
c [Incremental] Solving for max label = 439:
c [Incremental] Solving duration: 40678 ms.
s [Incremental] SAT (label = 439).
Label assignment: 214 184 195 223 341 210 434 281 129 436 436 347 315 7 246 1 331 205 22 108 99 97 74 183 319 121 226 243 102 271 216 51 122 38 108 290 439 3 83 336 155 44 28 70 310 176 142 65 429 427 376 8 290 360 260 34 165 103 252 4 287 178 298 73 111 438 241 218 45 117 71 88 439 256 50 166 353 110 183 273 257 434 401 262 299 128 152 250 1 344 1 167 196 31 118 286 131 262 192 225 204 146 350 190 168 398 202 295 311 75 116 349 23 48 355 29 172 336 172 136 12 169 345 30 439 1 262 256 114 119 150 60 126 266 351 125 340 262 109 363 6 206 433 202 85 221 333 252 169 6 1 1 360 406 256 194 86 181 179 43 40 384 296 382 3 225 314 63 439 219 294 64 20 186 230 115 388 299 206 228 409 136 3 67 324 308 49 10 215 334 136 59 329 213 88 205 187 139 301 239 101 220 137 288 438 9 305 177 121 187 337 199 439 79 57 5 10 439 252 1 354 340 258 107 342 69 434 335 263 321 254 211 305 76 286 439 88 78 270 352 4 15 130 193 183 418 12 408 27 234 198 390 439 169 6 164 151 247 293 284 422 276 112 326 332 432 96 6 425 324 201 246 439 13 235 318 422 292 349 393 271 3 137 358 270 433 153 1 373 14 56 222 439 106 52 1 181 88 88 94 53 200 428 35 81 224 256 316 431 186 106 439 407 304 175 117 362 364 22 85 72 300 280 180 439 399 22 102 100 403 1 323 145 297 350 368 134 437 92 377 405 62 355 113 306 283 212 428 159 128 355 317 252 11 141 26 371 4 378 1 343 197 106 410 282 236 186 138 261 438 16 307 242 392 375 143 377 203 13 140 359 221 172 18 438 5 82 391 89 207 231 4 226 438 85 54 439 274 1 361 77 120 436 396 159 148 357 238 354 185 310 95 212 179 367 343 421 313 347 95 61 278 432 320 264 427 37 132 94 365 348 379 39 302 354 346 430 426 291 374 356 372 25 328 157 419 85 439 435 213 285 386 354 24 149 263 377 411 91 154 289 158 208 93 380 272 144 22 249 414 370 269 68 387 209 303 229 147 379 124 4 41 309 306 123 417 135 252 171 87 295 404 339 265 84 255 369 395 312 20 160 355 188 4 413 227 237 352 173 1 336 355 182 381 2 296 439 172 47 163 277 400 36 402 260 253 127 156 424 217 416 233 439 46 174 330 105 232 336 190 1 322 325 80 354 394 439 439 439 420 251 191 268 397 189 327 383 275 259 8 245 161 415 248 170 267 133 338 4 32 240 104 98 385 66 17 423 21 279 389 58 412 350 19 33 90 366 42 55 351 162 244 
c [Incremental] Max used label: 439.
c [Incremental] Label 439 is removed from searching.
c [Incremental] Solving for max label = 438:
c [Incremental] Solving duration: 1134 ms.
s [Incremental] SAT (label = 438).
Label assignment: 214 184 195 223 341 210 434 281 129 436 436 347 315 7 246 1 331 205 22 108 99 97 74 183 319 121 226 243 102 271 216 51 122 38 108 290 438 3 83 336 155 44 28 70 310 176 142 65 429 427 376 8 290 360 260 34 165 102 252 4 287 178 298 73 111 438 241 218 45 117 71 88 438 256 50 166 353 110 183 273 257 434 401 262 299 128 152 250 1 344 1 167 196 31 118 286 131 262 192 225 204 146 350 190 168 398 202 295 311 75 116 349 23 48 354 29 172 336 172 136 12 169 345 30 438 1 262 256 114 119 150 60 126 266 351 125 340 262 109 363 6 206 433 202 85 221 333 252 169 6 1 1 360 406 256 194 86 181 179 43 40 384 296 382 3 225 314 63 438 219 294 64 20 186 230 115 388 299 206 228 409 136 3 67 324 308 49 10 215 334 136 59 329 213 88 205 186 139 301 239 101 220 137 288 438 9 305 177 121 186 355 199 438 79 57 5 10 438 252 1 354 340 258 107 342 69 434 335 263 321 254 211 305 76 286 438 88 78 270 352 4 15 130 193 183 418 12 408 27 234 198 390 438 169 6 164 151 247 293 284 422 276 112 326 332 432 96 6 425 324 201 246 438 13 235 318 422 292 349 393 270 3 137 358 270 433 153 1 373 14 56 222 438 105 52 1 181 88 88 94 53 200 428 35 81 224 256 316 431 186 106 438 407 304 175 117 362 364 22 85 72 300 280 180 438 399 21 102 100 403 1 323 145 297 350 368 134 437 92 377 405 62 354 113 306 283 212 428 159 128 354 317 252 11 141 26 371 4 378 1 343 197 106 410 282 236 186 138 261 438 16 307 242 392 375 143 377 203 13 140 359 221 172 18 438 5 82 391 89 207 231 4 187 438 85 54 438 274 1 361 77 120 436 396 159 148 357 238 354 185 310 95 212 179 367 339 421 313 347 95 61 278 432 320 264 427 37 132 94 365 348 379 39 302 354 346 430 426 291 374 356 372 25 328 157 419 85 438 435 213 285 386 354 24 149 263 377 411 91 154 289 158 208 93 380 272 144 22 249 414 370 269 68 387 209 303 229 147 379 124 4 41 309 306 123 417 135 252 171 87 295 404 338 265 84 255 369 395 312 20 160 354 188 4 413 227 237 352 173 1 336 354 182 381 2 296 438 172 47 163 277 400 36 402 260 253 127 156 424 217 416 233 438 46 174 330 103 232 336 190 1 322 325 80 354 394 438 438 438 420 251 191 268 397 189 327 383 275 259 8 245 161 415 248 170 267 133 337 4 32 240 104 98 385 66 17 423 21 279 389 58 412 350 19 33 90 366 42 55 351 162 244 
c [Incremental] Max used label: 438.
c [Incremental] Label 438 is removed from searching.
c [Incremental] Solving for max label = 437:
c [Incremental] Solving duration: 1410 ms.
s [Incremental] SAT (label = 437).
Label assignment: 214 184 195 223 270 210 434 281 129 436 436 347 315 7 246 1 331 205 22 108 99 97 74 183 319 121 226 243 99 271 216 51 122 38 108 290 437 3 83 336 155 44 28 70 310 176 142 65 429 427 376 8 290 360 260 34 165 99 252 4 287 178 298 73 111 437 241 218 45 117 71 88 437 256 50 166 353 110 183 273 257 434 401 262 299 128 152 250 1 344 1 167 196 31 118 286 131 262 192 225 204 146 350 190 168 398 202 295 311 75 115 349 23 48 353 29 172 336 172 136 12 169 345 19 437 1 262 256 114 116 150 60 126 266 351 125 340 262 109 363 6 206 433 202 85 221 333 252 169 6 1 1 360 406 256 194 86 181 179 43 40 384 296 382 3 225 314 63 437 187 294 64 20 183 230 103 388 299 206 228 409 136 3 67 324 308 49 10 215 334 136 59 329 213 88 205 183 139 301 239 101 220 137 288 354 9 305 177 120 183 337 199 437 79 57 25 10 437 252 1 353 340 258 107 342 69 434 335 263 321 254 211 305 76 286 437 88 78 267 352 4 15 130 193 183 418 12 408 30 234 198 390 437 169 6 164 151 247 293 284 422 276 112 326 332 432 96 6 425 324 201 246 437 13 235 318 422 292 349 393 267 3 137 358 267 433 153 1 373 14 56 222 437 105 52 1 181 88 88 94 53 200 428 35 81 224 256 316 431 183 106 437 407 304 175 117 362 364 22 85 72 300 280 180 437 399 21 99 100 403 1 323 145 297 350 368 134 437 92 377 405 62 353 113 306 283 212 428 159 128 353 317 252 11 141 26 371 4 378 1 343 197 106 410 282 236 183 138 261 437 16 307 242 392 375 143 377 203 13 140 359 219 172 18 437 5 82 391 89 207 231 4 186 437 85 54 437 274 1 361 77 119 436 396 159 148 357 238 353 185 310 95 212 179 367 341 421 313 347 95 61 278 432 320 264 427 37 132 94 365 348 379 39 302 353 346 430 424 291 374 356 372 27 328 157 419 85 437 435 213 285 386 353 24 149 263 377 411 91 154 289 158 208 93 380 272 144 22 249 414 370 269 68 387 209 303 229 147 379 124 4 41 309 306 123 417 135 252 171 87 295 404 339 265 84 255 369 395 312 20 160 353 188 4 413 227 237 352 173 1 336 353 182 381 2 296 437 172 47 163 277 400 36 402 260 253 127 156 423 217 416 233 437 46 174 330 102 232 336 190 1 322 325 80 353 394 437 426 437 420 251 191 268 397 189 327 383 275 259 8 245 161 415 248 170 267 133 338 4 32 240 104 98 385 66 15 355 21 279 389 58 412 350 17 33 90 366 42 55 351 162 244 
c [Incremental] Max used label: 437.
c [Incremental] Label 437 is removed from searching.
c [Incremental] Solving for max label = 436:
c [Incremental] Solving duration: 57875 ms.
s [Incremental] SAT (label = 436).
Label assignment: 214 184 195 223 341 210 434 281 129 436 436 347 315 7 246 1 331 205 22 108 99 97 74 183 319 121 226 243 87 271 216 51 122 38 108 290 435 3 83 336 155 42 28 70 310 176 142 65 429 427 376 8 290 358 260 44 165 93 252 4 287 178 298 73 111 435 241 218 45 117 71 88 436 256 50 166 345 110 183 275 257 434 401 262 299 104 152 250 1 352 1 167 196 31 118 286 127 262 182 225 204 146 350 192 168 398 202 295 311 75 116 349 23 48 352 32 172 336 172 136 12 169 342 30 423 1 262 256 114 119 150 60 126 270 351 125 340 269 109 363 6 209 433 202 85 221 333 252 169 3 1 1 360 406 256 194 86 181 179 43 40 384 296 382 3 225 314 63 436 219 294 64 20 182 230 115 388 299 206 228 409 136 3 67 324 308 49 10 215 334 136 59 329 213 88 205 179 139 301 239 101 220 137 288 431 1 305 170 131 177 356 199 426 79 57 5 10 435 252 1 349 340 258 107 342 69 434 335 263 321 254 211 305 76 286 430 88 78 261 352 4 15 130 193 183 418 9 408 27 234 198 390 436 169 6 164 151 247 293 284 422 274 112 326 332 432 96 6 425 324 201 246 430 13 235 318 422 292 349 393 265 3 137 353 268 433 153 1 373 8 56 222 434 106 52 1 181 88 88 94 53 200 428 35 81 224 256 316 431 174 106 435 407 304 175 117 362 364 22 85 72 300 280 180 436 399 22 90 100 403 1 323 145 297 350 368 134 432 92 377 405 62 350 113 306 283 212 428 159 128 352 317 252 11 141 26 371 4 378 1 343 197 106 410 282 236 175 138 261 435 16 307 242 392 375 143 377 203 13 140 359 221 172 18 436 5 82 391 89 207 231 4 226 436 85 54 436 274 1 361 77 120 436 396 159 148 357 238 351 185 310 95 212 179 367 343 421 313 346 95 61 278 432 320 264 427 37 132 94 365 348 379 39 302 352 346 430 426 291 374 354 372 25 328 157 419 85 436 436 213 285 386 349 21 149 263 377 411 91 154 289 158 208 86 380 272 144 22 249 414 370 266 68 387 186 303 229 147 379 124 4 41 309 306 102 417 135 252 188 87 295 404 339 265 84 255 369 395 312 20 160 337 187 4 413 227 237 344 173 1 336 340 182 381 2 296 436 172 47 163 277 400 36 402 279 253 123 156 424 217 416 233 431 46 174 330 105 232 336 190 17 322 325 80 346 394 436 427 436 420 251 191 265 397 189 327 383 273 259 14 245 161 415 248 171 267 133 338 4 33 240 103 98 385 66 6 355 24 276 389 58 412 350 19 34 90 366 29 55 351 162 244 
c [Incremental] Max used label: 436.
c [Incremental] Label 436 is removed from searching.
c [Incremental] Solving for max label = 435:
c [Incremental] Solving duration: 18603 ms.
s [Incremental] SAT (label = 435).
Label assignment: 214 184 195 223 341 210 434 281 129 435 433 347 315 7 246 1 331 205 8 108 99 97 74 183 319 121 201 243 87 271 216 40 122 38 153 290 435 3 83 336 155 42 28 70 310 176 142 65 429 427 376 8 290 358 260 44 163 93 252 4 287 178 298 73 111 435 241 218 45 113 71 88 435 256 50 166 345 110 183 275 257 434 401 262 299 104 152 250 2 431 1 167 196 31 118 286 127 262 182 225 204 146 350 192 168 398 202 295 311 75 116 349 23 47 352 32 172 336 172 136 12 169 342 28 423 1 262 256 114 119 150 60 126 270 351 125 340 269 109 363 6 209 433 202 85 221 333 253 169 3 1 1 360 406 256 194 86 181 179 43 30 384 296 382 3 225 314 63 95 219 294 64 20 182 230 115 388 299 206 228 409 136 3 67 324 308 49 10 215 334 136 59 329 213 88 205 179 139 301 239 101 220 137 288 431 1 305 170 131 177 356 199 426 79 57 5 10 435 252 1 349 340 258 107 342 48 434 335 263 321 254 211 305 76 286 430 88 78 261 346 4 15 130 193 183 418 9 408 27 234 198 390 431 171 6 164 151 247 293 284 422 274 112 326 332 432 96 6 425 324 197 246 430 13 235 318 427 292 349 393 265 3 165 353 267 433 140 1 373 8 56 222 434 100 51 1 181 88 88 94 53 200 428 35 81 224 256 316 431 174 106 435 407 304 176 117 362 364 18 85 72 300 280 180 435 399 15 89 100 403 1 323 145 297 349 368 134 352 92 377 405 62 350 113 306 283 212 428 159 128 350 317 248 148 141 26 371 4 378 1 343 185 92 410 282 236 175 138 261 435 16 307 242 392 375 143 377 203 69 140 359 221 172 3 433 4 82 391 92 207 231 4 226 435 85 54 431 274 1 361 77 120 427 396 159 148 357 238 351 189 310 95 188 178 367 343 421 313 346 22 61 278 432 320 264 427 37 132 268 365 348 379 39 302 351 346 430 426 291 374 354 372 25 328 157 419 85 229 337 213 285 386 350 11 149 262 377 411 91 154 289 158 208 86 380 272 144 21 249 414 370 266 68 387 186 303 229 147 379 124 4 41 309 306 102 417 135 252 187 87 295 404 339 265 84 255 369 395 312 19 160 337 184 4 413 435 227 350 173 1 336 340 182 381 1 296 435 172 52 237 277 400 36 402 279 253 123 156 424 217 416 233 434 46 174 330 105 232 332 190 17 322 325 80 349 394 431 427 434 420 251 191 265 397 103 327 383 273 259 14 245 161 415 248 171 267 133 338 2 33 240 93 98 385 66 4 355 24 276 389 58 412 348 3 34 90 366 29 55 344 162 244 
c [Incremental] Max used label: 435.
c [Incremental] Label 435 is removed from searching.
c [Incremental] Solving for max label = 434:
c [Incremental] Solving duration: 1114 ms.
s [Incremental] SAT (label = 434).
Label assignment: 214 184 195 223 341 210 434 281 129 434 433 347 315 7 246 1 331 205 8 108 99 97 74 183 319 121 201 243 87 271 216 40 122 38 153 290 434 3 83 336 155 42 28 70 310 176 142 65 429 427 376 8 290 358 260 44 163 93 252 4 287 178 298 73 111 434 241 218 45 113 71 88 434 256 50 166 345 110 183 275 257 434 401 262 299 104 152 250 2 431 1 167 196 31 118 286 127 262 182 225 204 146 350 192 168 398 202 295 311 75 116 349 23 47 352 32 172 336 172 136 12 169 342 28 423 1 262 256 114 119 150 60 126 270 350 125 340 269 109 363 6 209 433 202 85 221 333 253 169 3 1 1 360 406 256 194 86 181 179 43 30 384 296 382 3 225 314 63 95 219 294 64 20 182 230 115 388 299 206 228 409 136 3 67 324 308 49 10 215 334 136 59 329 213 88 205 179 139 301 239 101 220 137 288 431 1 305 170 131 177 356 199 426 79 57 5 10 434 252 1 349 340 258 107 342 48 434 335 263 321 254 211 305 76 286 430 88 78 261 346 4 15 130 193 182 418 9 408 27 234 198 390 431 171 6 164 151 247 293 284 422 274 112 326 332 432 96 6 425 324 197 246 430 13 235 318 427 292 349 393 265 3 165 353 266 433 140 1 373 8 56 222 434 100 51 1 181 88 88 94 53 200 428 35 81 224 256 316 431 174 106 434 407 304 176 117 362 364 18 85 72 300 280 180 434 399 15 89 100 403 1 323 145 297 349 368 134 351 92 377 405 62 350 113 306 283 212 428 159 128 350 317 248 148 141 26 371 4 378 1 343 185 92 410 282 236 175 138 264 434 16 307 242 392 375 143 377 203 69 140 359 221 172 3 433 4 82 391 92 207 231 4 226 434 85 54 431 274 1 361 77 120 427 396 159 148 357 238 350 189 310 95 188 178 367 343 421 313 346 22 61 278 432 320 268 427 37 132 267 365 348 379 39 302 350 346 430 426 291 374 354 372 25 328 157 419 85 229 337 213 285 386 350 11 149 262 377 411 91 154 289 158 208 86 380 272 144 21 249 414 370 266 68 387 186 303 229 147 379 124 4 41 309 306 102 417 135 252 187 87 295 404 339 265 84 255 369 395 312 19 160 337 183 4 413 434 227 350 173 1 336 340 182 381 1 296 434 172 52 237 277 400 36 402 279 253 123 156 424 217 416 233 434 46 174 330 105 232 332 190 17 322 325 80 349 394 431 427 434 420 251 191 265 397 103 327 383 273 259 14 245 161 415 248 171 266 133 338 2 33 240 93 98 385 66 4 355 24 276 389 58 412 348 3 34 90 366 29 55 344 162 244 
c [Incremental] Max used label: 434.
c [Incremental] Label 434 is removed from searching.
c [Incremental] Solving for max label = 433:
c [Incremental] Solving duration: 92410 ms.
s [Incremental] SAT (label = 433).
Label assignment: 134 184 185 223 341 210 93 281 94 433 433 357 305 34 246 262 331 205 8 123 99 95 74 183 277 118 213 243 10 279 216 240 117 33 153 271 182 43 83 263 335 11 40 70 307 206 198 65 429 116 376 38 290 364 349 44 163 374 167 4 286 178 10 73 89 180 242 221 45 1 62 89 181 265 50 214 345 181 213 52 178 424 401 315 299 104 152 238 3 101 42 167 8 4 14 75 49 262 182 234 204 137 350 211 252 398 202 299 311 68 108 349 3 47 349 292 93 321 265 136 12 433 363 115 433 87 262 97 114 119 151 1 126 270 265 125 340 265 141 349 6 182 433 208 85 212 250 253 169 3 1 1 360 404 256 194 113 433 187 17 6 384 296 382 3 223 162 64 433 219 294 15 20 182 200 291 388 298 265 228 409 95 94 67 320 28 426 10 132 334 71 59 326 303 4 210 148 130 272 239 110 181 140 120 431 1 302 170 312 181 356 209 179 79 55 93 4 189 179 1 352 340 258 107 342 7 251 322 265 336 263 197 301 76 287 430 181 78 267 346 5 15 218 225 217 4 14 407 27 263 199 390 431 181 4 164 145 247 293 289 421 274 112 318 235 432 102 6 425 314 267 246 430 13 193 220 423 285 349 410 268 284 165 349 267 433 91 9 372 7 57 222 433 106 48 1 3 181 90 88 53 192 428 94 81 156 256 349 431 183 293 94 252 304 176 121 418 399 18 93 21 36 280 231 358 397 22 8 100 403 1 323 336 94 146 368 128 352 89 377 420 63 350 124 306 283 195 138 154 111 86 317 248 39 139 30 371 4 369 433 95 191 92 373 278 236 178 109 259 433 16 309 167 385 375 143 377 207 69 160 359 215 97 3 251 4 82 391 433 203 232 4 226 9 179 32 431 276 9 405 77 10 416 408 157 187 349 244 351 190 308 103 188 173 367 339 433 313 346 275 19 260 432 319 315 427 51 131 265 365 344 378 25 302 351 346 433 347 97 396 354 362 56 433 95 406 147 252 353 178 183 386 168 8 149 257 380 411 98 155 37 166 201 86 366 316 144 35 433 414 371 266 66 387 213 329 432 150 383 109 96 241 324 306 127 417 72 249 171 336 297 405 338 330 84 300 392 395 324 41 159 99 135 265 413 422 175 348 174 1 419 273 182 381 1 282 261 181 11 237 310 393 29 402 158 254 181 105 433 224 370 233 265 46 174 332 269 177 333 186 26 328 325 80 349 394 172 431 430 252 142 196 265 400 133 327 383 255 264 23 245 161 415 238 230 92 122 337 2 31 229 433 129 361 61 295 355 433 288 389 58 412 349 54 24 90 379 8 60 343 227 421 
c [Incremental] Max used label: 433.
c [Incremental] Label 433 is removed from searching.
c [Incremental] Solving for max label = 432:
c [Incremental] Solving duration: 1242 ms.
s [Incremental] SAT (label = 432).
Label assignment: 134 184 185 223 341 210 93 281 94 432 432 357 305 34 246 262 331 205 8 123 99 95 74 183 277 118 213 243 10 279 216 240 117 33 153 271 182 43 83 263 335 11 40 70 307 206 198 65 429 116 376 38 290 364 348 44 163 374 167 4 286 178 10 73 89 180 242 221 45 1 62 89 180 265 50 214 345 181 213 52 178 424 401 315 299 104 152 238 3 101 42 167 8 4 14 75 49 262 182 234 204 137 350 211 252 398 202 299 311 68 108 348 3 47 348 292 93 321 264 136 12 432 363 115 432 87 262 96 114 119 151 1 126 270 264 125 340 264 141 348 6 182 432 208 85 212 250 253 169 3 1 1 360 404 256 194 113 432 187 17 6 384 296 382 3 223 162 64 432 219 294 15 20 182 200 291 388 298 264 228 409 95 94 67 320 28 426 10 132 334 71 59 326 303 4 210 148 130 272 239 110 180 140 120 431 1 302 170 312 181 356 209 179 79 55 93 4 189 179 1 352 340 258 107 342 7 251 322 264 336 263 197 301 76 287 430 180 78 267 346 5 15 218 225 217 4 14 407 27 263 199 390 431 181 4 164 145 247 293 289 421 274 112 318 235 432 102 6 425 314 267 246 430 12 193 220 423 285 348 410 268 284 165 348 267 432 91 9 372 7 57 222 432 106 48 1 3 180 90 88 53 192 428 94 81 156 256 348 431 183 293 94 252 304 176 121 418 399 18 93 21 36 280 231 358 397 22 8 100 403 1 323 336 94 146 368 128 349 89 377 420 63 350 124 306 283 195 138 154 111 86 317 248 39 139 30 371 4 369 432 95 191 98 373 278 236 178 109 259 432 16 309 167 385 375 143 377 207 69 160 359 215 96 13 251 4 82 391 432 203 232 4 226 9 179 32 431 276 9 405 77 10 416 408 157 187 348 244 351 190 308 103 188 173 367 339 432 313 346 275 19 260 432 319 315 427 51 131 264 365 344 378 25 302 351 346 432 347 96 396 354 362 56 432 95 406 147 252 353 178 183 386 168 8 149 257 380 411 97 155 37 166 201 86 366 316 144 35 432 414 371 266 66 387 213 329 432 150 383 109 96 241 324 306 127 417 72 249 171 336 297 405 338 330 84 300 392 395 324 41 159 99 135 264 413 422 175 348 174 1 419 273 182 381 1 282 261 180 11 237 310 393 29 402 158 254 181 105 432 224 370 233 264 46 174 332 269 177 333 186 26 328 325 80 348 394 172 431 430 252 142 196 265 400 133 327 383 255 264 23 245 161 415 238 230 92 122 337 2 31 229 432 129 361 61 295 355 432 288 389 58 412 348 54 24 90 379 8 60 343 227 421 
c [Incremental] Max used label: 432.
c [Incremental] Label 432 is removed from searching.
c [Incremental] Solving for max label = 431:
c [Incremental] Solving duration: 1395 ms.
s [Incremental] SAT (label = 431).
Label assignment: 134 184 185 223 341 210 93 281 94 431 431 357 305 34 246 262 331 205 8 123 102 95 74 189 277 118 213 243 10 279 216 240 117 33 153 271 182 43 83 263 335 11 40 70 307 206 198 65 429 116 376 38 290 364 347 44 163 368 167 4 286 178 10 73 89 180 242 221 45 1 62 89 179 265 50 214 345 181 213 52 178 424 401 315 299 104 152 238 3 97 42 167 8 4 14 75 59 262 182 234 204 137 348 211 252 398 202 299 311 68 108 347 3 47 347 292 93 321 263 136 12 431 363 115 431 87 262 95 114 119 151 1 126 272 263 125 340 263 141 347 6 182 431 208 85 212 250 253 169 3 1 1 360 404 256 194 113 431 431 13 6 384 296 382 3 223 162 64 431 219 294 15 20 182 200 291 388 298 263 228 409 95 94 67 320 28 426 10 132 334 71 57 326 303 4 210 148 130 274 239 110 179 140 120 431 1 302 170 312 181 349 209 179 79 49 93 3 189 179 1 352 340 258 107 342 7 251 322 263 336 263 197 301 76 287 430 179 78 267 346 5 15 218 225 217 4 14 407 27 263 199 390 431 181 4 164 145 247 293 289 421 275 112 318 235 431 101 6 425 314 267 246 430 11 193 220 423 285 347 410 268 284 165 347 267 431 91 9 372 7 55 222 359 106 48 17 3 179 90 87 53 192 428 94 81 156 255 347 431 183 293 94 252 304 176 121 418 399 18 96 21 36 280 231 358 397 22 8 100 403 1 323 336 94 146 367 128 350 88 377 420 63 394 124 306 283 195 138 154 111 86 317 248 39 139 30 374 4 369 431 95 191 92 373 278 236 178 109 259 431 16 309 167 385 375 142 377 207 69 160 347 215 95 3 251 3 82 391 431 203 232 4 226 9 179 32 431 276 9 405 77 10 416 408 157 187 347 244 351 190 308 103 188 172 353 339 431 313 346 254 19 269 431 319 315 427 51 131 263 365 344 378 25 302 351 346 431 347 95 396 356 362 56 431 95 406 147 252 354 178 177 386 168 8 149 257 380 411 98 155 37 166 201 86 366 316 144 35 431 414 371 266 66 387 213 329 431 150 383 109 95 241 324 306 127 417 72 249 171 336 297 405 338 330 84 300 392 395 324 41 159 99 135 263 413 422 175 226 174 1 419 273 182 381 1 282 310 179 11 237 310 393 29 402 158 261 181 105 431 224 370 233 263 46 173 332 270 431 333 186 26 328 325 80 347 394 171 431 430 252 143 196 264 400 133 327 383 260 263 23 245 161 415 238 230 92 122 337 2 31 229 431 129 361 61 295 355 431 288 389 58 412 347 54 24 89 379 8 60 343 227 421 
c [Incremental] Max used label: 431.
c [Incremental] Label 431 is removed from searching.
c [Incremental] Solving for max label = 430:
c [Incremental] Solving duration: 36135 ms.
s [Incremental] SAT (label = 430).
Label assignment: 129 184 185 223 341 6 93 333 94 344 5 358 309 34 176 262 331 205 8 428 99 95 96 227 1 29 225 153 10 279 7 240 117 33 155 271 235 170 336 263 335 277 206 70 332 206 198 65 429 116 376 184 296 364 83 44 163 374 162 430 286 91 10 1 279 180 242 208 45 12 62 426 181 265 50 142 73 181 211 52 6 424 401 315 299 102 152 262 13 101 58 173 8 201 14 75 61 221 177 229 204 137 350 11 78 407 202 295 311 68 122 359 3 47 341 322 93 252 93 131 12 2 363 115 357 87 262 97 139 119 151 1 126 262 429 127 424 37 141 349 48 196 429 91 17 212 250 301 276 3 278 1 356 404 339 191 113 429 174 17 6 384 296 412 260 239 67 205 425 226 294 15 21 182 171 291 398 298 2 157 403 111 94 188 288 28 360 200 132 430 10 151 326 224 4 210 148 134 18 289 125 270 140 120 425 251 302 336 308 268 373 209 195 79 55 90 172 178 179 35 352 340 258 107 342 7 251 158 91 164 263 2 300 76 20 430 181 167 267 346 265 430 218 235 256 4 26 372 27 23 191 390 11 181 186 314 145 247 293 283 421 272 112 273 235 217 114 22 346 262 266 246 430 2 193 220 423 285 339 410 57 288 165 347 274 178 94 1 382 7 2 222 354 108 310 233 3 181 188 88 54 194 428 94 81 156 256 6 423 183 321 87 254 24 264 135 418 399 53 93 1 37 69 207 353 416 216 2 100 417 110 324 346 94 146 368 124 344 147 409 420 63 345 1 306 275 189 138 328 2 143 318 248 39 154 161 371 91 369 421 91 285 103 373 19 236 178 109 259 244 16 25 59 385 375 429 377 219 64 87 346 42 97 197 251 4 82 391 169 203 238 4 231 2 179 32 430 7 9 408 346 10 397 419 262 187 350 241 351 104 309 89 214 4 367 430 430 323 317 261 31 280 430 319 297 427 338 178 257 342 344 378 86 303 361 1 427 430 96 396 348 362 72 430 95 417 166 252 423 178 150 386 168 1 149 257 406 411 98 121 49 46 5 130 366 304 144 215 429 388 371 430 56 387 211 175 430 121 380 2 95 229 325 43 127 414 51 249 84 335 296 405 430 316 106 1 392 395 328 41 159 99 136 265 415 168 178 312 6 77 420 94 199 381 1 282 228 253 287 213 320 393 118 402 71 190 181 92 430 232 370 234 94 36 3 330 269 430 334 188 40 329 313 153 349 394 172 346 430 250 421 237 265 413 133 292 383 281 105 38 245 160 420 243 230 85 128 337 290 30 192 307 123 365 66 284 355 91 327 389 80 379 349 74 305 101 400 255 60 343 336 422 
c [Incremental] Max used label: 430.
c [Incremental] Label 430 is removed from searching.
c [Incremental] Solving for max label = 429:
c [Incremental] Solving duration: 1343 ms.
s [Incremental] SAT (label = 429).
Label assignment: 129 184 185 223 341 6 93 333 94 344 5 358 309 34 176 262 331 205 8 428 99 95 96 227 1 29 225 153 10 279 7 240 117 33 155 271 235 170 336 263 335 277 206 70 332 206 198 65 429 116 376 184 296 364 83 44 163 374 162 429 286 91 10 1 279 180 242 208 45 12 62 426 181 265 50 142 73 181 211 52 6 424 401 315 299 102 152 261 13 101 58 173 8 201 14 75 61 221 177 229 204 137 350 11 78 407 202 295 311 68 122 359 3 47 341 322 93 252 93 131 12 2 363 115 357 87 262 97 139 119 151 1 126 264 429 127 424 37 141 349 48 196 429 91 17 212 250 301 276 3 278 1 356 404 339 191 113 429 174 17 6 384 296 412 260 239 67 205 425 226 294 15 21 182 171 291 398 298 2 157 403 111 94 188 288 28 360 200 132 429 9 151 326 224 4 210 148 134 18 289 125 270 140 120 425 251 302 336 308 268 373 209 195 79 55 90 172 176 179 35 352 340 258 107 342 7 251 158 91 164 263 2 300 76 20 429 181 167 267 345 265 429 218 235 256 4 26 372 27 23 191 390 11 181 186 314 145 247 293 283 421 272 112 273 235 217 114 22 345 261 266 246 429 2 193 220 423 285 339 410 57 288 165 347 274 178 93 1 382 7 2 222 354 108 310 233 3 181 188 88 54 194 428 94 81 156 256 6 423 183 321 87 254 24 262 135 418 399 53 93 1 37 69 207 353 416 216 2 100 417 110 324 344 94 146 368 124 344 147 409 420 63 345 1 306 275 189 138 328 2 143 318 248 39 154 161 371 91 369 421 91 285 103 373 19 236 178 109 259 244 16 25 59 385 375 429 377 219 64 87 345 42 97 197 251 4 82 391 169 203 238 4 231 2 179 32 429 7 9 408 345 10 397 419 261 187 346 241 351 104 309 89 214 4 367 429 429 323 317 261 31 280 429 319 297 427 338 177 257 342 344 378 86 303 361 1 427 429 96 396 348 362 72 429 95 417 166 252 423 178 150 386 168 1 149 257 406 411 98 121 49 46 5 130 366 304 144 215 429 388 371 429 56 387 211 175 429 121 380 2 95 229 325 43 127 414 51 249 84 335 296 405 429 316 106 1 392 395 328 41 159 99 136 265 415 168 177 312 6 77 420 92 199 381 1 282 228 253 287 213 320 393 118 402 71 190 181 92 429 232 370 234 93 36 3 330 269 429 334 188 40 329 313 153 349 394 172 345 429 250 421 237 265 413 133 292 383 281 105 38 245 160 420 243 230 85 128 337 290 30 192 307 123 365 66 284 355 91 327 389 80 379 349 74 305 101 400 255 60 343 336 422 
c [Incremental] Max used label: 429.
c [Incremental] Label 429 is removed from searching.
c [Incremental] Solving for max label = 428:
c [Incremental] Solving duration: 1218 ms.
s [Incremental] SAT (label = 428).
Label assignment: 129 184 185 223 341 6 93 333 94 344 5 358 309 34 176 262 331 205 8 428 99 95 96 227 1 29 225 153 10 279 7 240 117 33 155 271 235 170 336 263 335 277 206 70 332 206 198 65 428 116 376 184 296 364 83 44 163 374 162 428 286 91 10 1 279 180 242 208 45 9 62 426 177 265 50 142 73 181 211 52 6 424 401 315 299 102 152 260 13 101 58 173 8 201 14 75 61 221 177 229 204 137 350 11 78 407 202 295 311 68 122 359 3 47 341 322 93 252 93 131 12 2 363 115 357 87 262 93 139 119 151 1 126 264 428 127 424 37 141 349 48 196 428 91 17 212 250 301 276 3 278 1 356 404 339 191 113 428 174 17 6 384 296 412 260 239 67 205 425 226 294 15 21 182 171 291 398 298 2 157 403 111 94 188 288 28 360 200 132 428 8 151 326 224 4 210 148 134 18 289 125 270 140 120 425 251 302 336 308 268 373 209 195 79 55 90 172 176 179 35 352 340 258 107 342 7 251 158 91 164 263 2 300 76 20 428 177 167 267 344 261 428 218 235 256 4 26 372 27 23 191 390 11 181 186 314 145 247 293 283 421 272 112 273 235 217 114 22 344 260 266 246 428 2 193 220 423 285 339 410 57 288 165 347 274 178 92 1 382 7 2 222 354 108 310 233 3 177 188 88 54 194 428 94 81 156 256 6 423 183 321 87 254 24 262 135 418 399 53 93 1 37 69 207 353 416 216 2 100 417 110 324 344 94 146 368 124 344 147 409 420 63 342 1 306 275 189 138 328 2 143 318 248 39 154 161 371 91 369 421 91 285 103 373 19 236 178 109 259 244 16 25 59 385 375 428 377 219 64 87 344 42 93 197 251 4 82 391 169 203 238 4 231 2 179 32 428 7 9 408 344 10 397 419 260 187 346 241 351 104 309 89 214 4 367 428 428 323 317 260 31 280 428 319 297 427 338 176 257 342 344 378 86 303 361 1 427 428 93 396 348 362 72 428 95 417 166 252 423 178 150 386 168 1 149 257 406 411 98 121 49 46 5 130 366 304 144 215 428 388 371 428 56 387 211 175 428 121 380 2 93 229 325 43 127 414 51 249 84 335 296 405 428 316 106 1 392 395 328 41 159 99 136 261 415 168 176 312 6 77 420 92 199 381 1 282 228 253 287 213 320 393 118 402 71 190 181 92 428 232 370 234 92 36 3 330 269 428 334 188 40 329 313 153 349 394 172 344 428 250 421 237 265 413 133 292 383 281 105 38 245 160 420 243 230 85 128 337 290 30 192 307 123 365 66 284 355 91 327 389 80 379 345 74 305 97 400 255 60 343 336 422 
c [Incremental] Max used label: 428.
c [Incremental] Label 428 is removed from searching.
c [Incremental] Solving for max label = 427:
c [Incremental] Solving duration: 41623 ms.
s [Incremental] SAT (label = 427).
Label assignment: 129 195 185 223 341 6 93 333 94 92 5 343 309 34 176 262 331 205 8 426 99 95 96 227 1 29 225 156 397 279 7 240 117 33 155 271 235 170 336 263 335 277 206 70 332 206 198 65 426 116 376 184 296 364 7 44 163 374 162 424 286 91 10 1 279 180 242 208 45 12 62 426 181 265 50 142 73 181 211 80 6 424 401 315 299 102 152 262 13 101 58 173 8 201 14 75 61 221 177 229 204 150 350 11 78 407 202 295 311 68 122 359 12 35 91 322 93 252 93 131 27 2 363 115 357 87 262 97 139 119 151 1 126 262 426 127 424 37 141 420 48 196 427 91 17 212 250 301 276 9 278 1 356 404 339 191 113 410 174 17 6 384 296 412 260 239 67 205 426 226 294 15 21 182 171 291 398 298 2 157 403 111 94 188 288 28 360 200 132 92 6 151 326 224 4 210 148 134 18 289 125 270 140 120 425 251 302 336 308 268 373 209 195 79 55 90 7 173 179 1 352 340 258 107 342 1 251 158 167 164 263 2 300 76 20 411 181 136 267 343 265 343 218 235 259 4 26 372 47 23 191 390 11 181 186 314 145 247 293 283 421 272 112 273 235 217 114 22 346 259 266 246 423 2 193 220 423 285 339 410 57 288 165 347 274 178 90 3 358 1 2 222 354 108 310 233 3 181 188 427 52 194 426 94 81 147 256 6 423 183 321 87 254 24 264 135 418 399 56 427 1 36 69 207 353 416 216 2 108 417 110 324 339 94 146 368 124 427 86 409 420 63 340 1 306 275 189 138 328 2 159 318 248 46 154 161 371 91 369 421 91 285 103 373 19 236 178 109 259 244 16 25 59 385 367 424 377 219 64 87 343 39 97 197 251 10 82 391 175 203 238 4 231 2 179 32 427 7 4 408 340 10 392 419 262 187 375 241 351 104 309 89 214 172 382 427 424 323 317 259 31 280 427 319 297 427 338 178 261 342 343 378 94 303 361 1 427 422 96 396 348 362 72 425 95 417 166 252 423 178 143 386 168 341 149 257 406 400 98 121 49 53 5 130 366 304 144 215 425 8 371 426 54 387 211 176 426 121 380 2 95 229 325 43 127 414 51 249 84 335 296 405 425 316 106 1 379 395 328 41 137 99 133 265 415 168 175 312 6 77 420 88 199 388 1 282 228 253 287 213 320 393 118 402 71 190 181 85 423 232 370 234 91 42 3 330 269 134 334 188 40 329 313 153 349 394 169 343 427 250 421 237 265 413 133 292 383 281 105 38 245 160 422 243 230 1 128 337 290 30 192 307 123 345 66 284 355 336 327 389 83 381 365 74 305 100 424 255 60 427 336 344 
c [Incremental] Max used label: 427.
c [Incremental] Label 427 is removed from searching.
c [Incremental] Solving for max label = 426:
c [Incremental] Solving duration: 41487 ms.
s [Incremental] SAT (label = 426).
Label assignment: 132 190 185 223 341 6 93 333 89 92 1 339 309 34 176 257 331 205 8 426 99 95 96 227 1 29 225 154 397 256 7 240 117 33 155 271 235 170 336 263 335 277 206 70 332 222 198 65 426 116 376 184 296 364 7 57 163 374 162 357 286 91 5 1 279 180 242 189 48 1 62 426 181 254 58 133 73 170 211 84 1 424 401 315 299 127 152 262 13 101 81 173 2 201 82 83 61 221 177 229 179 150 350 11 78 420 202 295 311 68 96 351 12 35 258 322 85 252 85 131 36 2 363 115 342 161 262 85 129 94 151 19 139 261 426 127 424 37 141 415 179 196 426 91 25 212 250 301 276 9 278 1 356 404 339 191 113 407 171 17 6 384 297 412 260 248 67 205 426 226 294 15 18 182 77 291 398 298 1 157 403 111 87 188 288 28 360 192 141 92 6 151 326 424 1 210 142 134 43 289 124 270 140 271 425 251 302 336 312 268 373 208 195 79 80 86 171 173 1 149 352 340 184 104 342 426 242 158 85 166 263 2 300 76 16 416 170 136 267 341 265 359 230 235 86 8 26 372 47 23 204 390 10 340 186 290 164 234 293 283 421 272 112 256 218 215 114 20 346 259 269 246 423 1 211 217 423 285 253 410 55 288 165 347 266 178 90 3 358 1 2 220 354 108 308 248 31 169 188 425 52 197 426 89 75 147 255 426 423 183 321 85 256 24 258 135 413 399 56 105 426 50 69 207 353 416 213 1 106 417 110 336 342 86 146 368 118 275 3 409 420 63 340 1 306 288 193 138 328 2 159 318 248 46 164 145 371 98 369 421 91 280 102 373 22 236 172 120 228 239 21 45 59 385 367 424 377 219 64 87 339 39 86 194 247 1 41 391 174 200 249 4 231 2 179 30 425 7 4 408 340 2 392 419 262 148 375 238 355 103 310 87 214 87 382 424 174 334 332 255 32 287 426 319 303 421 338 178 3 342 337 378 97 314 361 1 426 422 85 396 345 362 123 426 89 417 172 252 423 173 143 386 168 342 125 255 406 400 115 121 49 53 5 130 366 304 144 224 425 2 371 426 54 387 211 176 426 121 380 2 86 232 325 44 126 414 51 245 72 329 296 405 336 316 107 1 379 395 327 11 137 99 95 274 411 167 175 156 1 88 420 88 199 388 27 282 241 169 233 203 320 393 119 402 74 191 170 89 5 216 370 209 91 42 14 330 1 425 336 187 38 324 317 153 349 394 169 175 424 250 336 237 264 418 95 284 383 273 109 40 244 160 422 243 230 1 128 337 292 3 191 307 122 344 66 281 348 313 323 389 71 381 365 88 305 100 343 258 60 275 426 338 
c [Incremental] Max used label: 426.
c [Incremental] Label 426 is removed from searching.
c [Incremental] Solving for max label = 425:
c [Incremental] Solving duration: 1454 ms.
s [Incremental] SAT (label = 425).
Label assignment: 132 190 185 223 341 6 93 333 89 92 1 339 309 34 176 257 331 205 8 425 99 95 96 227 1 29 225 154 397 256 7 240 117 33 155 271 235 170 336 263 335 277 206 70 332 222 198 65 425 116 376 184 296 364 7 57 163 374 162 357 286 91 5 1 279 180 242 189 48 1 62 425 181 254 58 133 73 170 211 84 1 424 401 315 299 127 152 261 13 101 81 173 2 201 82 83 61 221 177 229 179 150 350 11 78 420 202 295 311 68 96 351 12 35 257 322 85 252 85 131 36 2 363 115 341 161 262 85 129 94 151 19 139 258 425 127 424 37 141 415 179 196 425 91 25 212 250 301 276 9 278 1 356 404 339 191 113 407 171 17 6 384 297 412 260 248 67 205 425 226 294 15 18 182 77 291 398 298 1 157 403 111 87 188 288 28 360 192 141 92 6 151 326 424 1 210 142 134 43 289 124 270 140 271 425 251 302 336 312 268 373 208 195 79 80 86 171 173 1 149 352 340 184 104 341 425 242 158 85 166 263 2 300 76 16 416 170 136 267 341 265 359 230 235 86 8 26 372 47 23 204 390 10 340 186 290 164 234 293 283 421 272 112 256 218 215 114 20 346 259 269 246 423 1 211 217 423 285 253 410 55 288 165 347 266 178 90 3 358 1 2 220 354 108 308 248 31 169 188 425 52 197 425 89 75 147 255 425 423 183 321 85 256 24 258 135 413 399 56 105 425 50 69 207 353 416 213 1 106 417 110 336 341 86 146 368 118 275 3 409 420 63 340 1 306 288 193 138 328 2 159 318 248 46 164 145 371 98 369 421 91 280 102 373 22 236 172 120 228 239 21 45 59 385 367 424 377 219 64 87 339 39 86 194 247 1 41 391 173 200 249 4 231 2 179 30 425 7 4 408 340 2 392 419 262 148 375 238 355 103 310 87 214 87 382 424 173 334 332 255 32 287 425 319 303 421 338 177 3 341 337 378 97 314 361 1 425 422 85 396 342 362 123 425 89 345 172 252 423 173 143 386 168 341 125 255 406 400 115 121 49 53 5 130 366 304 144 224 425 2 371 425 54 387 211 176 425 121 380 2 86 232 325 44 126 414 51 245 72 329 296 405 336 316 107 1 379 395 327 11 137 99 95 274 411 167 175 156 1 88 420 88 199 388 27 282 241 169 233 203 320 393 119 402 74 191 170 89 5 216 370 209 91 42 14 330 1 425 336 187 38 324 317 153 349 394 169 174 424 250 336 237 264 418 95 284 383 273 109 40 244 160 422 243 230 1 128 337 292 3 191 307 122 344 66 281 348 313 323 389 71 381 365 88 305 100 343 257 60 275 425 338 
c [Incremental] Max used label: 425.
c [Incremental] Label 425 is removed from searching.
c [Incremental] Solving for max label = 424:
c [Signal] Signal interruption. Caught signal: SIGTERM (15).
c [Main] Lim pid ends with result: 254.
r [Main] 
r [Main] Final results: 
r [Main] Total real time: 1806677 ms.
r [Main] Total memory consumed: 1862.8 MB.
r [Main] 
