c [Version] Minimize Makespan Labeling Encoder version 1.0.0.
c [Param] LB is predefined as 166.
c [Param] UB is predefined as 496.
c [Param] Memory limit is set to 30000.
c [Param] Real time limit is set to 1800.
c [Param] Max CNF size is set to 10.
c [Main] Search strategy: Incremental from upper bound.
c [Main] Encoding and solving for graph: U-662_bus.mtx.rnd.
c [Incremental] Minimize Makespan Labeling Antibandwidth problem (U-662_bus.mtx.rnd):
c [Incremental] Encoding starts with target value = 165:
c [Incremental] Encoding duration: 3925ms.
c [Incremental] Number of clauses: 3737469.
c [Incremental] Number of variables: 906572.
c [Incremental] Solving for max label = 496:
c [Incremental] Solving duration: 342229 ms.
s [Incremental] SAT (label = 496).
Label assignment: 496 120 97 428 228 495 78 92 1 496 166 212 161 161 432 23 390 70 166 193 162 146 429 44 496 496 225 4 496 269 58 378 496 218 1 25 495 1 35 26 394 162 123 373 412 154 385 13 162 161 496 496 435 169 128 160 166 231 161 495 26 496 44 165 139 166 223 495 11 221 118 23 466 436 278 27 219 414 230 3 83 252 356 408 496 496 104 147 76 496 300 229 495 166 296 350 281 257 282 291 166 491 11 496 217 454 1 1 199 162 13 161 161 125 403 360 496 41 406 427 13 227 480 168 357 208 61 496 10 51 457 450 368 161 456 127 495 478 359 331 22 299 430 81 302 409 1 264 249 121 106 465 496 126 458 136 495 93 365 7 12 153 31 61 496 244 331 108 213 215 316 84 162 496 455 310 1 330 496 162 496 417 325 90 495 98 448 495 214 314 2 372 88 496 240 367 369 15 238 341 496 422 336 343 150 191 158 154 178 159 496 2 157 209 331 335 57 17 496 144 20 196 430 70 363 345 460 434 116 358 166 495 495 182 202 171 371 184 121 190 471 304 197 311 26 145 29 140 141 495 277 21 13 413 496 1 189 13 34 73 48 496 81 138 1 59 134 99 472 163 206 424 423 106 176 364 94 496 40 222 18 459 464 130 21 331 200 154 158 484 45 32 198 211 37 255 31 71 487 496 294 496 46 129 117 110 486 253 362 89 331 293 243 495 374 495 119 95 447 328 44 496 354 115 419 259 361 5 164 496 496 69 166 258 496 283 161 63 445 496 469 495 203 239 113 256 20 431 137 102 109 192 52 338 292 331 248 319 461 496 398 142 393 155 388 4 488 201 111 407 91 133 32 100 5 331 443 199 420 101 331 495 463 179 425 496 340 10 82 33 346 496 49 220 453 216 87 353 270 387 334 74 308 246 5 245 1 331 496 280 330 411 124 468 389 330 326 161 75 331 232 382 317 376 322 66 112 272 297 370 375 160 496 383 496 108 266 392 286 77 496 242 178 54 114 210 377 122 172 329 470 148 331 50 185 107 331 156 279 401 1 131 55 152 275 496 494 151 496 60 1 496 105 330 103 496 132 149 4 72 410 289 438 47 439 1 143 496 276 85 347 183 496 250 82 135 271 170 400 96 28 1 451 331 321 233 446 324 19 260 355 170 1 442 267 366 493 421 452 254 342 496 98 26 331 331 339 165 205 94 490 80 21 475 86 79 284 305 241 318 309 315 426 181 18 337 391 53 298 474 384 492 402 313 290 320 331 349 251 476 307 352 16 344 404 15 441 473 386 42 496 56 396 177 62 180 236 467 380 188 67 65 174 449 477 395 173 187 418 437 186 13 479 287 8 237 331 489 273 274 195 247 348 303 295 167 43 485 285 496 444 226 262 261 39 419 483 265 333 379 331 9 204 37 207 415 323 312 440 213 397 327 332 68 301 405 306 263 238 6 381 24 496 399 268 234 433 416 14 462 64 175 36 481 235 351 482 194 288 224 38 30 
c [Incremental] Max used label: 496.
c [Incremental] Label 496 is removed from searching.
c [Incremental] Solving for max label = 495:
c [Incremental] Solving duration: 341 ms.
s [Incremental] UNSAT (label = 495).
c [Signal] Signal interruption. Caught signal: SIGTERM (15).
c [Main] Work pid ends with result: 0.
r [Main] 
r [Main] Final results: 
r [Main] Total real time: 346624 ms.
r [Main] Total memory consumed: 1626.6 MB.
r [Main] 
