c [Version] Minimize Makespan Labeling Encoder version 1.0.0.
c [Param] LB is predefined as 103.
c [Param] UB is predefined as 513.
c [Param] Memory limit is set to 30000.
c [Param] Real time limit is set to 1800.
c [Param] Max CNF size is set to 10.
c [Main] Search strategy: Incremental from upper bound.
c [Main] Encoding and solving for graph: W-685_bus.mtx.rnd.
c [Incremental] Minimize Makespan Labeling Antibandwidth problem (W-685_bus.mtx.rnd):
c [Incremental] Encoding starts with target value = 102:
c [Incremental] Encoding duration: 4896ms.
c [Incremental] Number of clauses: 4994335.
c [Incremental] Number of variables: 1012201.
c [Incremental] Solving for max label = 513:
c [Incremental] Solving duration: 387675 ms.
s [Incremental] SAT (label = 513).
Label assignment: 256 295 8 1 1 100 409 247 329 1 513 1 513 1 1 1 208 369 364 513 512 418 1 231 1 1 284 459 129 513 409 300 1 174 1 152 467 492 513 408 510 250 99 409 465 284 255 230 1 398 363 485 478 483 480 499 513 142 1 1 145 204 462 481 408 1 162 512 479 513 252 477 513 1 155 513 144 137 437 306 409 513 143 513 513 146 1 20 305 513 378 48 434 93 16 101 26 409 151 405 414 1 513 81 341 513 368 61 265 11 446 411 120 513 453 117 513 1 130 273 389 1 339 411 456 1 470 328 340 419 513 455 182 33 1 204 108 161 411 513 411 44 309 1 118 156 153 112 357 259 131 383 513 282 502 513 346 1 300 141 473 513 347 150 385 309 1 1 472 116 312 314 232 85 148 159 342 123 67 250 413 255 198 74 124 513 402 336 79 74 70 24 80 193 192 178 215 454 442 275 1 269 376 309 1 1 426 513 207 488 513 411 393 431 513 343 1 257 1 66 432 128 414 223 361 411 1 358 487 1 513 510 513 411 513 207 448 445 472 1 272 172 456 513 35 496 319 513 495 394 147 464 513 309 403 393 282 458 338 513 494 39 1 186 166 415 337 392 207 449 218 58 466 416 388 513 412 175 31 360 493 317 56 513 83 38 7 510 55 54 109 16 138 51 201 57 181 84 217 1 1 154 443 17 513 1 36 469 258 420 513 511 105 321 359 370 32 324 476 219 375 281 394 326 133 306 381 497 1 1 83 374 512 450 267 71 1 1 1 513 423 513 226 409 149 513 62 237 430 50 1 268 1 513 164 64 42 513 241 411 471 227 169 333 503 367 508 411 296 313 489 1 451 160 34 482 501 510 163 424 186 474 205 207 352 180 387 411 513 168 19 472 354 377 304 102 75 184 158 3 179 429 228 345 202 1 513 197 23 216 15 447 185 111 356 191 327 373 498 165 309 484 18 444 22 380 1 390 401 104 21 511 254 41 382 513 205 507 397 439 513 189 211 253 49 391 64 421 457 256 307 511 400 353 224 59 239 433 199 410 103 10 440 506 1 63 78 404 233 355 105 249 132 309 299 29 194 122 384 365 1 298 244 242 438 110 60 362 90 27 89 279 14 427 97 86 441 407 220 203 236 38 500 43 106 297 146 106 235 509 225 371 138 200 65 261 4 39 214 468 323 349 283 291 1 463 406 411 171 303 206 315 196 460 134 335 505 170 513 74 1 248 139 11 173 379 140 263 73 69 221 422 74 210 475 290 204 222 344 88 114 79 366 436 135 96 310 6 157 325 332 80 331 278 98 188 53 25 46 82 240 504 177 399 187 113 47 84 417 95 183 293 87 292 37 52 289 212 407 318 395 234 30 288 108 287 9 377 452 491 136 301 396 350 1 119 5 126 386 270 316 428 238 245 490 28 322 302 2 334 311 125 308 280 276 127 351 107 167 348 317 260 320 72 312 246 229 425 435 274 209 513 271 92 286 3 172 91 213 94 7 76 68 195 45 285 190 294 115 251 461 176 372 77 330 264 40 121 243 13 262 12 266 486 277 
c [Incremental] Max used label: 513.
c [Incremental] Label 513 is removed from searching.
c [Incremental] Solving for max label = 512:
c [Incremental] Solving duration: 2202 ms.
s [Incremental] SAT (label = 512).
Label assignment: 256 295 8 1 1 100 409 247 329 1 512 1 512 1 1 1 208 369 364 512 512 418 1 231 1 1 284 459 129 512 409 300 1 174 1 152 467 492 512 408 510 250 99 409 465 284 255 230 1 398 363 485 478 483 480 499 512 142 1 1 145 204 462 481 408 1 162 512 479 512 252 477 512 1 155 512 144 137 437 306 409 512 143 512 512 146 1 20 305 512 378 48 434 93 16 101 26 409 151 405 414 1 512 30 341 502 368 61 265 11 446 410 120 512 453 117 207 1 130 273 389 1 339 410 456 1 470 328 340 419 512 455 182 33 1 204 108 161 410 488 411 44 308 1 118 156 153 112 357 259 131 383 512 282 458 512 346 1 300 141 473 512 347 150 385 308 1 1 472 116 312 314 232 96 148 159 342 123 67 250 413 255 198 74 124 512 402 336 79 74 70 24 80 193 192 178 213 454 442 275 1 269 376 308 1 1 426 512 205 81 512 410 393 431 512 343 1 257 1 66 432 128 414 223 361 410 1 358 487 1 512 510 512 410 512 206 448 445 472 1 272 172 456 512 35 496 319 512 495 394 147 464 512 309 403 393 282 85 338 512 494 39 1 186 166 415 337 392 205 449 218 58 466 416 388 512 412 175 31 360 493 317 56 512 83 38 7 510 55 54 109 16 138 51 201 57 181 84 217 1 1 154 443 17 512 1 36 469 258 420 512 511 105 321 359 370 32 324 476 219 375 281 394 326 133 306 381 497 1 1 83 374 512 450 267 71 1 1 1 512 423 512 226 409 149 512 62 237 430 50 1 268 1 512 164 64 42 512 241 410 471 227 169 333 503 367 508 410 296 313 489 1 451 160 34 482 501 510 163 424 186 474 205 205 352 180 387 410 512 168 19 472 354 377 304 102 75 184 158 2 179 429 228 345 202 1 512 197 23 216 15 447 185 110 356 191 327 373 498 165 309 484 18 444 22 380 1 390 401 104 21 511 254 41 382 512 205 507 397 439 512 189 211 253 49 391 64 421 457 239 307 511 400 353 224 59 215 433 199 410 103 10 440 506 1 63 78 404 233 355 104 249 132 308 299 29 194 122 384 365 1 298 244 242 438 110 60 362 90 27 89 279 111 427 97 86 441 407 220 203 236 38 500 43 106 297 146 106 235 509 225 371 138 200 65 261 4 39 214 468 323 349 283 291 1 463 406 410 171 303 206 315 196 460 134 335 505 170 512 74 1 248 139 11 173 379 140 263 73 69 221 422 14 210 475 290 204 222 344 88 114 79 366 436 135 29 310 6 157 325 332 80 331 278 98 188 53 25 46 82 240 504 177 399 187 113 47 84 417 95 183 293 87 292 37 52 289 234 407 318 395 234 30 288 108 287 9 377 452 491 136 301 396 350 1 119 5 126 386 270 316 428 238 245 490 28 322 302 2 334 311 125 308 280 276 127 351 107 167 348 317 260 320 72 312 246 229 425 435 274 209 132 271 92 286 3 172 91 212 94 7 76 68 195 45 285 190 294 115 251 461 176 372 77 330 264 40 121 243 13 262 12 266 486 277 
c [Incremental] Max used label: 512.
c [Incremental] Label 512 is removed from searching.
c [Incremental] Solving for max label = 511:
c [Incremental] Solving duration: 2118 ms.
s [Incremental] SAT (label = 511).
Label assignment: 256 295 8 1 1 100 409 247 329 1 511 1 309 1 1 1 208 369 364 511 511 418 1 231 1 1 284 459 129 511 409 300 1 174 1 152 467 492 511 408 510 250 99 409 465 284 255 230 1 398 363 485 478 483 480 499 511 142 1 1 145 204 462 481 408 1 162 511 479 511 252 477 511 1 155 511 1 137 437 306 409 511 143 511 511 146 1 20 305 410 378 48 434 93 16 101 26 409 151 405 414 1 511 81 341 511 368 61 265 11 446 409 120 511 453 117 511 1 130 273 389 1 339 409 456 1 470 328 340 419 511 455 182 33 1 204 108 161 409 511 409 44 309 1 118 156 153 112 357 259 131 383 511 282 502 511 346 1 300 141 473 511 347 150 385 309 1 1 472 116 312 314 232 85 148 159 342 123 67 250 413 255 198 74 124 511 402 336 79 74 70 24 80 193 192 178 215 454 442 275 1 269 376 307 1 1 426 511 207 488 511 409 393 431 511 343 1 257 1 66 432 128 414 223 361 411 1 358 487 1 511 510 511 409 511 205 448 445 472 1 272 172 456 511 35 496 319 511 495 394 147 464 511 309 403 393 282 458 338 511 494 39 1 186 166 415 337 392 205 449 218 58 466 416 388 511 412 175 31 360 493 317 56 511 83 38 7 510 55 54 109 16 138 51 201 57 181 84 217 1 1 154 443 17 511 1 36 469 258 420 511 511 105 321 359 370 32 324 476 219 375 281 394 326 133 307 381 497 1 1 83 374 511 450 267 71 205 1 1 511 423 511 226 409 149 511 62 237 430 308 1 268 1 511 164 64 42 511 241 409 471 227 169 333 503 367 508 409 296 313 489 1 451 160 34 482 501 510 163 424 186 474 205 207 352 180 387 409 511 168 19 472 354 377 304 102 75 184 158 1 179 429 228 345 202 1 511 197 23 216 15 447 185 111 356 191 327 373 498 165 309 484 18 444 22 380 1 390 401 104 21 511 254 511 382 511 205 507 397 439 511 189 211 253 49 391 64 421 457 256 307 511 400 353 224 59 239 433 199 409 1 10 440 506 1 63 78 404 233 355 103 249 132 307 299 29 194 122 384 365 1 298 244 242 438 110 60 362 90 27 89 279 14 427 97 86 441 407 220 203 236 38 500 43 106 297 144 106 235 509 225 371 138 200 65 261 4 39 214 468 323 349 283 291 1 463 406 103 171 303 206 315 196 460 134 335 505 170 50 74 1 248 139 11 173 379 140 263 73 41 221 422 69 210 475 290 204 222 344 88 114 79 366 436 135 96 310 6 157 325 332 80 331 278 98 188 53 25 46 82 240 504 177 399 187 113 47 84 417 95 183 293 87 292 37 52 289 212 407 318 395 234 30 288 108 287 9 377 452 491 136 301 396 350 1 119 5 126 386 270 316 428 238 245 490 28 322 302 2 334 311 125 307 280 276 127 351 107 167 348 317 260 320 72 312 246 229 425 435 274 209 511 271 92 286 3 172 91 213 94 7 76 68 195 45 285 190 294 115 251 461 176 372 77 330 264 40 121 243 13 262 12 266 486 277 
c [Incremental] Max used label: 511.
c [Incremental] Label 511 is removed from searching.
c [Incremental] Solving for max label = 510:
c [Incremental] Solving duration: 864 ms.
s [Incremental] UNSAT (label = 510).
c [Signal] Signal interruption. Caught signal: SIGTERM (15).
c [Main] Work pid ends with result: 0.
r [Main] 
r [Main] Final results: 
r [Main] Total real time: 398056 ms.
r [Main] Total memory consumed: 1988.5 MB.
r [Main] 
